4963 0.500381944444
0 90 
292 433344 
306 39 
310 564 
312 127 
317 363 
319 637 
322 146 
327 200 
327 1248 
329 128 
331 227 
332 99 
333 45 
335 34 
337 1267 
338 190 
338 70 
338 126 
339 12 
340 171 
340 313 
341 107 
341 2313 
342 11 
342 170 
344 18 
345 80 
346 1648 
346 33 
348 12 
348 176 
348 404 
349 116 
351 154 
351 114 
351 126 
352 220 
354 313 
354 251 
355 136 
356 36 
356 36 
357 1108 
358 57 
359 427 
360 141 
361 74 
362 253 
364 80 
365 267 
365 94 
366 37 
366 63 
370 40 
371 115 
371 1715 
372 165 
373 46 
373 11688 
376 98 
376 15 
378 235 
379 32 
380 19 
380 40 
382 1433 
383 30 
383 251 
384 114 
384 211 
386 13 
386 13 
387 15 
387 103 
388 35 
388 44 
389 18 
390 164 
390 55 
391 285 
396 226 
396 17 
398 191 
403 37 
404 96 
404 78 
406 60 
407 54 
409 55 
412 17 
412 92 
414 35 
416 50 
416 124 
417 69 
418 38 
418 9 
419 91 
419 52 
421 12 
424 99 
426 179 
431 244 
431 1190 
432 187 
434 73 
436 120 
438 78 
439 153 
440 16 
441 9 
441 10 
443 20 
445 227 
449 39 
449 79 
449 277 
452 62 
452 53 
452 77 
453 228 
454 246 
454 33 
455 11 
457 118 
458 88 
459 53 
459 191 
461 95 
461 144 
462 44 
463 164 
465 83 
466 143 
467 44 
467 89 
468 38 
470 157 
471 37 
472 99 
474 12 
475 16 
476 236 
480 122 
482 87 
482 729 
482 14 
483 118 
487 91 
488 109 
488 304 
489 1266 
495 380 
499 102 
500 63 
503 366 
503 1 
506 7 
506 365 
511 4843 
520 1124 
520 556 
521 89 
523 285 
524 584 
525 360 
525 50 
525 1399 
527 40 
531 192 
531 25 
532 238 
532 2955 
533 6 
534 182 
535 70 
536 27 
537 21 
539 63 
540 172 
542 22 
543 1 
544 62 
547 4 
549 26 
550 45 
551 248 
551 24 
555 245 
557 42 
563 2692 
563 53 
565 53 
569 1494 
569 199 
573 86 
576 97 
580 269 
582 96 
583 194 
589 4170 
591 31 
591 133 
594 37 
595 25 
596 414 
597 47 
605 592 
606 112 
606 285 
606 69 
608 42 
613 30 
614 6 
616 1733 
617 728 
617 14 
617 381 
620 46 
622 1010 
628 88 
630 98 
632 139 
637 56 
640 123 
646 30 
646 801 
656 38 
656 917 
656 80 
657 190 
657 116 
661 6 
665 115 
666 186 
667 728 
670 14 
674 144 
678 121 
678 93 
680 11 
683 27 
684 29 
685 171 
687 80 
687 19 
691 12 
694 42 
701 156 
703 18 
704 38 
704 13 
705 402 
708 70 
718 504 
718 1698 
718 51 
718 6 
719 155 
723 151 
723 741 
723 440 
726 57 
734 60 
735 6 
736 173 
741 71 
742 8 
743 97 
747 332 
747 760 
748 113 
748 52 
748 254 
750 64 
755 190 
759 55 
761 42 
761 165 
763 26 
765 576 
766 128 
768 50 
769 67 
774 39 
781 22 
781 211 
786 81 
787 310 
788 133 
792 16 
795 19 
796 4 
809 19 
809 67 
810 442 
813 71 
813 129 
814 13 
818 61 
821 58 
822 6 
824 151 
824 485 
825 504 
825 238 
825 148 
827 175 
832 17 
835 122 
837 129 
843 83 
847 39 
852 30 
858 87 
859 275 
859 27 
860 10 
861 335 
865 62 
869 90 
871 21 
874 323 
876 1563 
878 108 
885 141 
885 45 
888 174 
888 665 
895 35 
897 1669 
897 135 
898 229 
899 20 
902 19 
902 35 
903 37 
904 78 
906 52 
908 32 
910 71 
910 131 
921 30 
923 22 
924 152 
927 222 
931 9 
931 45 
934 109 
934 7 
937 12 
939 35 
946 32 
950 139 
953 259 
954 7 
959 63 
967 78 
970 12 
971 867 
973 122 
976 188 
981 49 
981 95 
983 45 
984 24 
988 380 
995 7 
1001 170 
1014 38 
1014 307 
1017 3 
1019 804 
1021 243 
1021 302 
1022 17 
1024 174 
1027 110 
1028 19 
1029 119 
1030 22 
1034 17 
1036 14185 
1039 60 
1039 55 
1042 57 
1046 4 
1049 102 
1053 21 
1054 7 
1060 77 
1061 185 
1064 59 
1064 64 
1066 44 
1073 18 
1079 376 
1080 581 
1083 46 
1089 10 
1090 8 
1092 114 
1096 25 
1100 126 
1104 55 
1104 238 
1105 713 
1105 60 
1107 185 
1111 180 
1112 30 
1117 11 
1118 17 
1120 1124 
1122 116 
1123 46 
1123 0 
1125 75 
1128 77 
1133 102 
1138 33 
1141 23 
1143 49 
1144 13 
1147 36 
1151 7 
1152 72 
1154 397 
1155 145 
1155 98 
1157 99 
1161 245 
1162 244 
1172 594 
1173 9 
1176 129 
1180 20 
1185 86 
1185 46 
1188 29 
1195 10 
1195 18 
1199 32 
1202 191 
1212 1057 
1215 88 
1226 81 
1232 178 
1235 507 
1240 22 
1244 192 
1244 93 
1246 12 
1246 227 
1246 53 
1248 52 
1259 74 
1260 369 
1265 106 
1267 193 
1273 41 
1279 18 
1282 18 
1282 297 
1282 262 
1283 81 
1292 2562 
1303 44 
1309 4 
1309 931 
1310 24 
1312 7 
1325 48 
1328 17 
1333 86 
1336 83 
1338 61 
1338 49 
1338 10 
1347 380 
1348 6 
1348 35 
1352 328 
1356 21 
1357 43 
1358 988 
1373 101 
1373 405 
1374 24 
1374 675 
1382 27 
1399 49 
1401 241 
1402 73 
1410 46 
1412 25 
1418 146 
1421 107 
1423 30 
1424 16 
1436 103 
1446 75 
1450 36 
1453 133 
1455 252 
1456 16 
1463 292 
1465 258 
1468 789 
1476 9 
1478 10 
1480 94 
1484 214 
1487 26 
1494 26 
1494 78 
1496 46 
1497 118 
1498 59 
1498 330 
1499 42 
1502 37 
1502 7 
1508 66 
1513 98 
1514 25 
1514 6 
1524 8 
1525 185 
1528 59 
1528 31 
1530 452 
1532 289 
1535 24 
1542 56 
1544 292 
1545 25 
1552 30 
1555 195 
1556 10 
1569 162 
1571 196 
1578 55 
1579 170 
1579 227 
1581 422 
1586 37 
1587 45 
1591 92 
1592 139 
1593 216 
1597 246 
1598 78 
1608 66 
1610 128 
1610 21 
1612 163 
1623 162 
1628 64 
1649 12 
1649 34 
1657 5 
1658 4 
1662 35 
1664 169 
1665 174 
1672 142 
1676 48 
1679 311 
1682 38 
1685 8 
1691 3 
1693 75 
1695 32 
1696 89 
1698 24 
1702 34 
1704 20 
1706 98 
1706 23 
1709 487 
1709 87 
1709 135 
1709 560 
1710 21 
1711 17 
1712 63 
1718 20 
1720 20 
1728 190 
1729 91 
1730 126 
1730 162 
1732 22 
1733 59 
1741 11 
1745 71 
1746 5 
1755 32 
1762 73 
1764 15 
1770 4 
1778 55 
1782 62 
1794 117 
1795 92 
1799 171 
1804 11 
1804 10 
1811 54 
1813 21 
1819 34 
1819 35 
1841 56 
1845 20 
1857 15 
1867 63 
1878 97 
1885 356 
1885 128 
1888 11 
1889 48 
1895 108 
1896 723 
1904 16 
1906 23 
1908 9 
1912 60 
1913 13 
1915 69 
1921 24 
1925 81 
1926 264 
1930 25 
1933 178 
1935 14 
1936 3245 
1937 1184 
1939 13 
1941 852 
1941 34 
1946 36 
1956 42 
1969 106 
1969 22 
1977 295 
1981 9 
1986 1642 
1991 17 
1993 16 
2002 93 
2007 138 
2008 75 
2024 28 
2028 43 
2029 85 
2030 3843 
2037 45 
2038 9 
2041 81 
2041 119 
2043 9 
2044 23 
2045 726 
2048 31 
2050 570 
2052 131 
2053 81 
2066 7 
2066 1268 
2067 3 
2067 136 
2069 45 
2070 7 
2071 365 
2077 6 
2077 25 
2080 638 
2086 372 
2091 141 
2094 33 
2095 50 
2100 17 
2102 1 
2108 50 
2110 45 
2114 142 
2121 55 
2123 104 
2126 184 
2139 358 
2140 280 
2149 5 
2155 38 
2163 940 
2163 152 
2169 630 
2171 47 
2173 7 
2177 26 
2182 58 
2189 283 
2190 71 
2194 316 
2198 79 
2204 167 
2207 262 
2212 42 
2225 61 
2234 3 
2239 100 
2241 1626 
2242 29 
2243 346 
2244 459 
2245 72 
2261 23 
2262 4 
2263 185 
2266 1022 
2271 186 
2271 58 
2279 36 
2280 118 
2282 33 
2283 44 
2298 13 
2304 457 
2307 14 
2320 7 
2322 23 
2323 277 
2341 40 
2343 18 
2356 22 
2358 173 
2362 226 
2368 143 
2369 166 
2369 151 
2376 90 
2382 13 
2383 35 
2389 22 
2391 15 
2397 32 
2401 1065 
2403 32 
2410 35 
2411 30 
2414 126 
2415 47 
2425 29 
2425 58 
2426 8 
2428 54 
2431 173 
2432 18 
2437 50 
2441 151 
2444 16 
2446 38 
2469 33 
2482 42 
2507 14 
2511 51 
2513 18 
2513 173 
2524 6 
2532 62 
2536 601 
2545 87 
2550 1 
2553 10 
2557 35 
2567 66 
2577 30 
2577 9 
2578 78 
2580 201 
2582 16 
2583 409 
2586 167 
2588 159 
2596 20 
2599 83 
2603 11 
2612 23 
2615 14 
2620 146 
2622 123 
2643 94 
2644 13 
2648 35 
2654 281 
2666 65 
2668 288 
2671 51 
2671 140 
2672 29 
2675 73 
2676 55 
2683 78 
2684 161 
2686 61 
2687 21 
2687 67 
2689 7 
2691 136 
2695 55 
2700 72 
2708 36 
2709 82 
2711 3 
2711 144 
2712 27 
2713 67 
2714 9 
2718 52 
2729 1096 
2731 44 
2733 42 
2737 7 
2751 9 
2753 31 
2755 120 
2758 48 
2762 28 
2764 97 
2769 134 
2769 15 
2770 83 
2772 7 
2774 52 
2777 175 
2777 6 
2790 34 
2791 44 
2797 35 
2804 22 
2816 61 
2823 42 
2824 58 
2834 51 
2835 160 
2838 13 
2846 253 
2848 171 
2850 12 
2851 102 
2851 269 
2855 23 
2860 10 
2862 172 
2864 52 
2890 27 
2903 170 
2913 23 
2932 34 
2938 103 
2938 9 
2948 141 
2955 160 
2956 51 
2958 123 
2960 31 
2972 428 
2977 56 
2979 260 
2980 15 
2984 14 
2994 146 
2998 8 
3001 17 
3013 3 
3015 69 
3020 72 
3020 21 
3032 103 
3033 26 
3042 144 
3046 17 
3056 16 
3063 232 
3064 145 
3067 111 
3095 331 
3097 76 
3102 118 
3104 40 
3104 114 
3109 38 
3110 5 
3114 92 
3116 92 
3132 72 
3132 150 
3138 156 
3144 74 
3148 302 
3161 198 
3163 156 
3169 273 
3172 218 
3174 66 
3175 6 
3178 88 
3195 70 
3214 39 
3220 31 
3220 141 
3231 102 
3247 58 
3271 25 
3272 124 
3273 330 
3278 441 
3283 2 
3287 20 
3290 85 
3294 24 
3299 119 
3303 61 
3307 76 
3314 61 
3314 25 
3316 41 
3323 13 
3324 894 
3331 67 
3336 24 
3338 25 
3356 21 
3356 19 
3365 18 
3371 33 
3380 51 
3382 21 
3386 56 
3391 33 
3393 189 
3394 57 
3397 344 
3399 10 
3400 146 
3407 75 
3409 9 
3410 51 
3417 22 
3421 56 
3427 376 
3429 31 
3429 28 
3434 70 
3437 39 
3438 17 
3440 34 
3459 39 
3464 33 
3464 332 
3465 67 
3474 10 
3483 105 
3502 58 
3512 59 
3513 21 
3521 19 
3523 54 
3531 322 
3542 15 
3549 32 
3549 28 
3552 282 
3554 67 
3554 55 
3555 46 
3575 382 
3580 105 
3580 97 
3593 58 
3598 81 
3618 11 
3626 23 
3635 11 
3636 33 
3644 7 
3645 32 
3656 17 
3658 987 
3663 19 
3666 21 
3678 362 
3681 213 
3683 207 
3683 8 
3691 31 
3694 415 
3704 25 
3706 156 
3710 578 
3716 23 
3721 316 
3734 57 
3746 78 
3750 325 
3751 199 
3754 7 
3764 85 
3765 9 
3770 79 
3771 32 
3776 15 
3779 25 
3786 21 
3808 40 
3811 392 
3811 55 
3811 49 
3816 391 
3819 51 
3827 117 
3832 166 
3844 15 
3854 12 
3861 9 
3862 68 
3881 149 
3884 52 
3890 377 
3904 226 
3916 47 
3923 125 
3936 3 
3938 17 
3942 7 
3945 34 
3949 26 
3957 14 
3962 21 
3972 7 
3978 36 
3993 22 
3996 9 
4004 139 
4005 6 
4013 212 
4014 32 
4016 33 
4017 229 
4026 138 
4030 9 
4041 391 
4049 18 
4051 35 
4053 78 
4057 4 
4064 46 
4069 156 
4069 120 
4077 7 
4078 544 
4090 21 
4093 2546 
4101 20 
4103 76 
4106 21 
4108 132 
4116 150 
4124 32 
4125 70 
4163 298 
4166 42 
4177 58 
4186 95 
4194 81 
4195 101 
4200 63 
4201 80 
4214 63 
4216 66 
4221 1 
4221 44 
4222 11 
4225 1 
4243 34 
4244 149 
4250 6 
4258 26 
4272 34 
4279 9 
4289 54 
4290 39 
4290 48 
4292 31 
4297 104 
4299 39 
4308 43 
4312 18 
4323 112 
4325 4 
4328 2864 
4331 138 
4341 122 
4345 4 
4347 13 
4348 36 
4352 387 
4360 43 
4361 36 
4371 46 
4379 166 
4381 3 
4391 57 
4395 37 
4395 610 
4425 577 
4427 32 
4438 62 
4445 66 
4457 69 
4465 63 
4466 69 
4486 28 
4492 37 
4521 53 
4531 96 
4537 28 
4542 7 
4548 71 
4554 167 
4555 41 
4564 36 
4567 94 
4581 9 
4589 9 
4593 14 
4599 58 
4606 156 
4608 46 
4629 19 
4634 68 
4648 189 
4657 21 
4667 15 
4669 219 
4673 55 
4673 33 
4675 76 
4698 29 
4709 148 
4716 106 
4721 14 
4725 78687 
4726 13 
4729 15 
4745 153 
4767 92 
4768 47 
4777 266 
4782 5 
4787 47 
4789 276 
4793 37 
4793 71 
4796 94 
4798 6 
4801 31 
4803 50 
4804 71 
4805 214 
4811 10 
4811 258 
4811 521 
4813 86 
4815 49 
4816 76 
4816 17 
4817 10 
4827 15 
4827 182 
4833 28 
4834 55 
4835 33 
4835 78 
4837 30 
4841 34 
4849 23 
4850 63 
4851 5 
4856 1029 
4857 358 
4859 64 
4860 19 
4873 8 
4880 45 
4882 16 
4891 613 
4892 44 
4893 41 
4909 21 
4919 44 
4920 17 
4926 32 
4945 649 
4945 4 
4947 307 
4948 47 
4953 20 
4957 35 
4958 21 
4963 1158 
4964 11 
4970 21 
4972 15 
4983 7 
4983 181 
4995 51 
4998 356 
4998 81 
4999 141 
5000 88 
5004 26 
5009 17 
5019 46 
5021 7 
5027 28 
5027 193 
5032 60 
5034 25 
5040 147 
5047 72 
5049 5 
5052 81 
5059 68 
5062 210 
5063 99 
5064 19 
5071 246 
5085 74 
5092 13 
5094 35 
5099 1145 
5104 31 
5105 30 
5113 7 
5116 105 
5127 35 
5129 33 
5138 21 
5153 39 
5161 94 
5174 122 
5189 152 
5193 62 
5199 49 
5200 347 
5206 488 
5207 15 
5217 53 
5218 45 
5227 1 
5227 49 
5230 52 
5232 37 
5233 112 
5234 46 
5236 28 
5239 59 
5240 167 
5242 66 
5253 37 
5253 139 
5268 423 
5282 45 
5283 155 
5283 284 
5286 105 
5297 1 
5306 599 
5307 5 
5310 132 
5312 2 
5316 188 
5322 73 
5342 391 
5343 126 
5344 7 
5347 20 
5357 46 
5362 77 
5363 30 
5364 18 
5364 26 
5365 732 
5367 60 
5368 11 
5369 148 
5373 93 
5379 14 
5379 581 
5380 13 
5382 3 
5390 12 
5390 35 
5394 20 
5396 36 
5399 100 
5443 116 
5449 20 
5450 160 
5450 71 
5457 25 
5463 447 
5465 58 
5473 111 
5477 8 
5487 81 
5490 6 
5509 57 
5511 306 
5515 30 
5525 12 
5530 100 
5537 12 
5539 59 
5541 26 
5545 169 
5551 142 
5555 152 
5557 225 
5561 211 
5561 6 
5564 28 
5568 50 
5571 59 
5583 638 
5593 813 
5601 43 
5612 57 
5615 23 
5626 46 
5631 18 
5632 32 
5633 84 
5640 70 
5648 25 
5656 2191 
5656 1 
5658 139 
5659 16 
5668 75 
5669 90 
5672 26 
5674 52 
5686 194 
5687 47 
5694 19 
5695 592 
5699 35 
5720 7 
5721 33 
5725 514 
5737 71 
5743 427 
5747 151 
5748 370 
5751 170 
5754 40 
5756 22 
5764 20 
5788 20 
5794 6 
5803 42 
5822 15 
5826 16 
5831 751 
5832 17 
5858 354 
5859 3 
5866 410 
5869 20 
5875 133 
5881 41 
5885 5 
5885 104 
5899 89 
5901 182 
5940 11 
5964 13 
5985 15 
5988 211 
5994 9 
5995 145 
6009 5 
6017 413 
6022 158 
6033 14 
6036 8 
6044 19 
6050 21 
6054 58 
6060 9 
6062 20 
6074 9 
6078 57 
6082 38 
6083 8 
6084 9 
6087 122 
6095 23 
6102 12 
6106 25 
6114 10 
6117 42 
6117 49 
6118 48 
6122 7 
6125 10 
6126 99 
6128 202 
6129 253 
6132 47 
6138 55 
6145 100 
6166 49 
6194 84 
6195 292 
6196 34 
6209 37 
6216 578 
6218 447 
6227 12 
6235 18 
6238 63 
6246 33 
6249 264 
6249 855 
6250 41 
6252 7 
6255 37 
6263 211 
6265 2 
6281 1020 
6300 518 
6310 66 
6317 84 
6320 358 
6333 21 
6347 14 
6373 124 
6380 45 
6383 147 
6400 130 
6403 3 
6409 7 
6412 12 
6423 13 
6431 3 
6433 256 
6448 19 
6462 72 
6467 34 
6490 56 
6492 17 
6497 69 
6501 172 
6503 357 
6503 2 
6508 59 
6513 5 
6535 17 
6541 34 
6598 7 
6616 72 
6624 5 
6633 39 
6635 72 
6641 26 
6658 46 
6662 24 
6667 36 
6678 37 
6684 91 
6690 13 
6691 287 
6699 4 
6708 9 
6743 10 
6751 13 
6765 98 
6780 59 
6788 213 
6790 11 
6795 27 
6802 460 
6812 11 
6828 6 
6853 14 
6868 35 
6874 41 
6881 37 
6882 32 
6889 79 
6905 16 
6915 283 
6927 25 
6929 12 
6935 16 
6942 19 
6942 31 
6946 165 
6946 528 
6948 68 
6956 5 
6960 42 
6963 502 
6967 23 
7006 58 
7008 588 
7027 42 
7027 167 
7029 81 
7033 16 
7035 87 
7036 107 
7038 42 
7039 10 
7051 16 
7054 11 
7065 211 
7071 17 
7071 4 
7083 38 
7097 130 
7099 68 
7123 17 
7134 74 
7136 75 
7139 35 
7140 46 
7148 3 
7206 105 
7218 58 
7230 81 
7240 43 
7240 32 
7242 9 
7248 23 
7265 73 
7276 82 
7293 4 
7307 39 
7334 7 
7354 74 
7371 34 
7372 4 
7374 31 
7387 7 
7394 126 
7399 29 
7429 52 
7435 363 
7449 16 
7464 49 
7473 58 
7475 104 
7479 0 
7489 13 
7496 27 
7507 209 
7511 25 
7517 121 
7530 45 
7531 218 
7546 29 
7553 91 
7554 22 
7557 36 
7558 18 
7561 84 
7587 31 
7589 38 
7630 34 
7641 45 
7646 52 
7647 1105 
7656 22 
7669 33 
7684 47 
7690 219 
7697 106 
7697 10 
7702 245 
7712 84 
7761 46 
7766 24 
7767 59 
7772 9 
7838 17 
7851 12 
7866 31 
7888 35 
7902 39 
7909 16 
7915 32 
7920 13 
7957 109 
7960 19 
7984 44 
7991 79 
8000 41 
8038 650 
8057 334 
8057 13 
8059 1 
8062 21 
8075 869 
8157 19 
8162 445 
8163 8 
8191 23 
8210 29 
8219 56 
8221 10 
8231 36 
8246 30 
8257 36 
8259 209 
8266 92 
8275 41 
8279 117 
8286 27 
8308 155 
8312 80 
8315 77 
8318 276 
8322 19 
8327 162 
8333 563 
8342 129 
8344 26 
8347 37 
8351 26 
8359 626 
8391 82 
8401 61 
8413 2 
8423 6 
8430 9723 
8444 18 
8462 13 
8466 29 
8467 35 
8470 39 
8484 105 
8485 18 
8500 23 
8502 5 
8515 232 
8525 93 
8547 22 
8557 61 
8557 35 
8570 88 
8601 171 
8603 4 
8611 25 
8617 11 
8620 13 
8621 99 
8638 83 
8659 71 
8676 104 
8677 20 
8680 46 
8696 94 
8713 58 
8723 171 
8729 16 
8732 25 
8749 17 
8760 103 
8762 30 
8769 71 
8810 45 
8828 12 
8830 22 
8861 60 
8867 0 
8872 26 
8880 26 
8919 8 
8935 65 
8936 53 
8958 53 
8961 31 
8968 102 
8997 226 
9019 50 
9037 221 
9046 2 
9050 63 
9054 27 
9065 4 
9068 57 
9071 22 
9072 28 
9072 23 
9080 21 
9085 495 
9097 5 
9112 55 
9138 194 
9163 22 
9169 176 
9169 27 
9185 30 
9219 6 
9226 134 
9245 12 
9246 102 
9246 224 
9246 64 
9268 45 
9272 197 
9287 64 
9326 17 
9334 38 
9341 77 
9350 88 
9353 324 
9383 21 
9389 14 
9412 51 
9421 78 
9439 149 
9440 147 
9443 5 
9452 32 
9480 130 
9513 12 
9531 114 
9535 82 
9555 124 
9572 269 
9623 37 
9677 13 
9685 19 
9700 40 
9722 8 
9775 10 
9796 31 
9800 38 
9820 155 
9822 375 
9823 23 
9836 8 
9842 13 
9857 112 
9866 31 
9893 4 
9899 254 
9946 4 
9948 11 
9956 45 
9957 22 
9998 15 
10029 6 
10033 83 
10036 3 
10039 32 
10052 17 
10065 12 
10091 38 
10100 1 
10103 9 
10126 7 
10130 30 
10149 18 
10175 22 
10184 261 
10188 3 
10190 11 
10205 13 
10222 28 
10222 3 
10255 24 
10257 39 
10270 75 
10291 157 
10308 7 
10314 291 
10321 229 
10331 11 
10336 20 
10353 39 
10374 109 
10392 22 
10414 6 
10420 99 
10421 23 
10445 16 
10450 51 
10461 1018 
10465 80 
10483 67 
10537 14 
10615 17 
10617 5 
10625 20 
10664 60 
10695 30 
10744 254 
10745 26 
10745 20 
10750 59 
10771 5 
10785 94 
10791 14 
10827 164 
10859 24 
10862 14 
10900 25 
10903 5 
10914 103 
10920 75 
10924 11 
10941 35 
10952 4 
10965 37 
10989 9 
10998 22 
11013 14 
11029 35 
11063 96 
11070 8 
11088 1 
11094 31 
11097 220851 
11102 10 
11106 18 
11107 13 
11114 525 
11117 149 
11117 184 
11117 514 
11133 105 
11133 385 
11140 220 
11141 7051 
11149 52 
11157 22 
11163 39 
11169 1249 
11173 179 
11183 198 
11191 155 
11197 31 
11202 25 
11205 277 
11205 21 
11212 157 
11215 24 
11227 631 
11227 23 
11235 90 
11240 112 
11242 100 
11245 554 
11272 69 
11279 18 
11280 212 
11291 157 
11298 15 
11303 13 
11315 335 
11325 35 
11326 175 
11330 14 
11332 168 
11336 121 
11342 147 
11348 196 
11353 112 
11360 66 
11361 40 
11367 59 
11371 111 
11381 151 
11381 188 
11387 67 
11389 17515 
11395 136 
11395 49 
11396 83 
11404 355 
11407 41 
11441 77 
11442 481 
11446 41 
11446 15 
11450 193 
11459 253 
11469 25 
11471 8 
11473 10 
11479 36 
11487 100 
11488 14 
11493 130 
11501 105 
11502 16 
11504 59 
11511 22 
11514 32 
11522 147 
11525 34 
11533 88 
11544 197 
11552 7 
11553 9 
11559 98 
11575 68 
11597 23 
11614 35 
11615 84 
11619 69 
11620 43 
11620 11 
11629 24 
11634 13 
11644 102 
11660 33 
11665 15 
11685 11 
11714 87 
11714 35 
11721 139 
11736 20 
11740 143 
11741 21 
11744 82 
11744 45 
11750 22 
11755 28 
11766 127 
11768 15 
11777 135 
11779 51 
11782 27 
11790 5 
11799 141 
11800 156 
11806 82 
11817 1212 
11830 24 
11834 59 
11835 17 
11845 628 
11846 23 
11884 27 
11891 14 
11903 125 
11910 388 
11913 54 
11916 41 
11917 18 
11919 53 
11928 162 
11947 18 
11953 29 
11986 8 
11989 6 
12010 54 
12010 26 
12021 6 
12045 464 
12049 33 
12057 42 
12076 71 
12081 7 
12087 6 
12098 1097 
12101 424 
12127 8 
12131 7 
12140 5 
12142 6 
12154 11 
12162 13 
12164 99 
12180 70 
12204 1 
12225 78 
12235 167 
12266 30 
12295 70 
12321 18 
12334 86 
12343 226 
12375 213 
12376 127 
12376 673 
12403 171 
12405 10 
12409 242 
12430 26 
12436 86 
12445 1213 
12445 681 
12454 83 
12474 13 
12488 139 
12499 1376 
12509 609 
12525 16 
12537 6 
12543 28 
12544 330 
12545 144 
12545 14 
12557 138 
12647 98 
12649 33 
12650 59 
12660 31 
12675 14 
12683 140 
12692 28 
12693 108 
12715 111 
12721 37 
12749 50 
12752 157 
12777 6 
12789 7 
12797 36 
12811 171 
12817 14113 
12820 60 
12826 15 
12828 41 
12837 7 
12837 781 
12838 98 
12846 144 
12855 138 
12858 266 
12872 25 
12876 717 
12880 13 
12884 15 
12900 11 
12901 8 
12903 104 
12903 70 
12904 82 
12917 11 
12927 588 
12933 51 
12949 69 
12949 14 
12962 19 
12967 60 
12976 23 
12981 318 
12984 7 
12984 22 
13034 23 
13043 83 
13047 10 
13060 15 
13074 147 
13088 9 
13088 14 
13095 51 
13127 9 
13130 66 
13137 26 
13141 52 
13147 72 
13162 44 
13177 12 
13178 6 
13182 251 
13183 2 
13204 62 
13209 40 
13225 173 
13243 36 
13244 614 
13250 148 
13251 81 
13257 10 
13259 93 
13262 31 
13276 1959 
13326 113 
13332 129 
13339 148 
13345 217 
13347 37 
13361 472 
13384 52 
13415 20 
13420 2 
13439 19 
13457 92 
13461 157 
13473 70 
13475 102 
13490 102 
13495 23 
13503 15 
13511 46 
13532 62 
13566 74 
13570 18 
13581 52 
13583 26 
13606 162 
13611 32 
13648 23 
13649 40 
13679 4 
13688 35 
13716 13 
13727 6 
13736 6 
13740 47 
13772 2160 
13782 314 
13785 479465 
13796 137 
13797 72 
13797 2820 
13799 114 
13805 44 
13806 37 
13809 119 
13810 43 
13813 197 
13813 76 
13814 175 
13814 123 
13815 153 
13816 17 
13818 13 
13821 155 
13822 28 
13824 0 
13824 40 
13824 91 
13827 176 
13828 99 
13829 129 
13829 4 
13829 84 
13830 249 
13831 18 
13832 40 
13832 78 
13833 64 
13833 10 
13835 134 
13836 43 
13838 22 
13840 71 
13840 126 
13844 61 
13846 117 
13847 75 
13849 82 
13850 179 
13850 75 
13851 122 
13852 344 
13852 9 
13855 117 
13855 20 
13855 29 
13858 3113 
13858 506 
13858 4 
13858 266 
13858 10 
13859 41 
13859 160 
13860 39 
13860 38 
13862 15 
13863 264 
13863 20 
13865 20 
13865 33 
13865 177 
13866 15 
13868 1347 
13869 98 
13871 194 
13872 72 
13873 97 
13874 165 
13874 67 
13876 363 
13876 92 
13876 263 
13876 139 
13878 29 
13878 31 
13878 11 
13878 31 
13879 115 
13880 29 
13882 198 
13883 89 
13883 432 
13884 281 
13886 45 
13886 23 
13887 117 
13887 187 
13889 127 
13890 67 
13891 153 
13892 122 
13894 188 
13895 14 
13896 36 
13896 223 
13898 31 
13898 27 
13899 85 
13900 66 
13903 347 
13904 132 
13904 31 
13905 1001 
13906 89 
13907 152 
13908 58 
13908 98 
13910 88 
13910 26 
13911 65 
13911 102 
13911 52 
13912 10 
13913 483 
13913 112 
13913 222 
13915 96 
13917 93 
13917 13 
13917 84 
13917 19 
13917 54 
13921 52 
13923 290 
13924 113 
13925 15 
13927 20 
13929 80 
13930 96 
13934 156 
13936 47 
13936 120 
13936 121 
13937 72 
13937 49 
13938 95 
13942 556 
13947 88 
13952 43 
13954 358 
13954 80 
13956 143 
13957 174 
13957 13 
13960 73 
13961 241 
13962 94 
13967 27 
13968 30 
13969 234 
13970 75 
13973 202 
13979 19 
13979 67 
13979 12 
13981 130 
13987 57 
13988 47 
13989 396 
13989 324 
13992 290 
13993 63 
13996 15 
13997 25 
13997 27 
13999 35 
14001 80 
14003 262 
14005 219 
14006 156 
14006 116 
14008 72 
14008 14 
14010 30 
14010 132 
14011 66 
14012 141 
14014 88 
14015 412 
14015 163 
14016 39 
14017 17 
14018 166 
14018 134 
14019 235 
14019 135 
14020 182 
14020 142 
14022 263 
14023 154 
14025 50 
14027 343 
14028 83 
14029 44 
14030 53 
14034 40 
14037 208 
14038 165 
14039 1007 
14044 328 
14045 31 
14048 179 
14048 42 
14051 109 
14051 29 
14053 348 
14053 137 
14054 36 
14054 34 
14057 157 
14058 77 
14059 153 
14059 14 
14059 39 
14060 38 
14061 158 
14066 375 
14066 34 
14067 41 
14070 59 
14070 131 
14070 86 
14071 78 
14071 243 
14073 60 
14074 65 
14076 28 
14080 46 
14081 158 
14083 26 
14085 44 
14086 612 
14090 10 
14091 224 
14095 105 
14098 30 
14099 4 
14101 32 
14102 10 
14103 18 
14104 154 
14104 15 
14107 135 
14108 55 
14113 92 
14113 17 
14115 276 
14117 41 
14119 61 
14119 252 
14124 12 
14127 259 
14130 13 
14130 30 
14131 273 
14135 116 
14138 112 
14138 60 
14139 255 
14140 529 
14142 52 
14142 274 
14143 72 
14145 249 
14146 9720 
14147 42 
14148 159 
14148 56 
14150 103 
14151 55 
14151 20 
14153 239 
14157 3 
14160 72 
14160 39 
14162 169 
14163 28 
14165 128 
14166 204 
14167 114 
14172 47 
14172 185 
14178 24 
14181 17 
14181 60 
14183 218 
14184 7 
14184 118 
14189 120 
14191 46 
14193 28 
14194 157 
14195 74 
14197 10 
14200 40 
14201 13 
14210 227 
14212 50 
14215 78 
14218 85 
14221 21 
14224 130 
14226 31 
14226 1768 
14230 249 
14231 134 
14232 225 
14239 34 
14239 67 
14239 349 
14240 33 
14246 67 
14247 46 
14250 22 
14253 55 
14254 123 
14254 36 
14260 624 
14262 99 
14267 76 
14276 102 
14277 51 
14278 373 
14279 28 
14280 53 
14281 18 
14283 134 
14283 15 
14285 5 
14285 45 
14287 9 
14288 40 
14289 528 
14291 89 
14294 92 
14296 15 
14297 94 
14298 192 
14298 99 
14299 2 
14314 7 
14315 265 
14319 34 
14323 109 
14323 35 
14327 42 
14331 370 
14333 61 
14334 153 
14336 115 
14337 39 
14349 15 
14352 29 
14355 43 
14357 7 
14357 17 
14361 16 
14363 5 
14363 153 
14367 24 
14368 31 
14368 573 
14372 30 
14375 4 
14377 19 
14378 67 
14383 20 
14387 45 
14387 30 
14387 53 
14392 497 
14393 46 
14395 17 
14403 97 
14408 5 
14409 135 
14409 52 
14411 11 
14414 26 
14416 23 
14422 120 
14430 72 
14436 8 
14438 133 
14443 533 
14444 11 
14445 45 
14447 105 
14449 94 
14450 6 
14453 15 
14458 320 
14461 92 
14462 31 
14465 172 
14470 154 
14470 2 
14475 44 
14489 24 
14491 228 
14492 17 
14493 31 
14495 172 
14498 54 
14500 749 
14500 118 
14503 13 
14503 72 
14504 54 
14506 59 
14507 10 
14510 99 
14518 18 
14518 22 
14519 54 
14524 34 
14524 29 
14526 45 
14530 132 
14531 6 
14532 19 
14533 117 
14535 2 
14535 244 
14538 58 
14544 25 
14546 129 
14546 155 
14550 39 
14550 9 
14551 247 
14556 76 
14561 63 
14561 22 
14567 122 
14567 44 
14571 134 
14571 9 
14575 255 
14576 17 
14588 11 
14588 36 
14589 333 
14593 176 
14602 1 
14606 80 
14619 21 
14628 672 
14632 45 
14635 33 
14644 20 
14650 17 
14651 83 
14664 90 
14674 36 
14680 180 
14680 6 
14681 103 
14681 34 
14685 17 
14687 32 
14690 147 
14700 65 
14700 65 
14707 29 
14707 29 
14709 53 
14709 160 
14709 160 
14709 53 
14712 55 
14712 55 
14713 106 
14713 106 
14715 439 
14715 439 
14732 18 
14732 18 
14735 66 
14735 66 
14737 14 
14737 14 
14740 8 
14740 8 
14741 8 
14741 8 
14746 105 
14747 170 
14751 40 
14754 50 
14764 11 
14778 34 
14785 126 
14789 34 
14790 38 
14796 94 
14797 66 
14800 88 
14807 930 
14807 103 
14814 16 
14822 111 
14830 122 
14839 21 
14846 55 
14848 3 
14848 311 
14850 8 
14852 573 
14854 27 
14855 22 
14862 43 
14864 36 
14865 2717 
14865 65 
14868 42 
14870 82 
14872 106 
14873 43 
14886 68 
14886 9 
14902 10 
14902 24 
14902 45 
14903 12 
14906 20 
14909 170 
14912 31 
14913 54 
14917 39 
14926 40 
14928 24 
14931 981 
14934 8 
14935 30 
14935 2 
14936 75 
14948 19 
14950 18 
14958 49 
14959 28 
14960 21 
14974 35 
14982 394 
14989 25 
14989 16 
15003 41 
15017 376 
15020 53 
15021 12 
15026 24 
15031 98 
15040 71 
15042 128 
15050 206 
15053 233 
15064 53 
15066 117 
15070 21 
15079 813 
15082 5033 
15091 42 
15099 28 
15101 64 
15103 37 
15104 107 
15110 444 
15115 70 
15117 33 
15117 95 
15120 80 
15122 64 
15126 41 
15136 66 
15137 58 
15137 322 
15155 122 
15157 6 
15159 41 
15159 242 
15165 1 
15176 111 
15189 5 
15197 7 
15205 362 
15206 82 
15217 65 
15218 74 
15221 147 
15221 17 
15224 42 
15224 38 
15225 64 
15225 24 
15240 49 
15241 27 
15242 28 
15245 70 
15252 156 
15257 180 
15258 21 
15268 203 
15271 88 
15272 25 
15273 175 
15280 87 
15280 24 
15282 72 
15284 83 
15289 20 
15301 39 
15304 213 
15317 29 
15321 36 
15326 52 
15327 67 
15328 54 
15332 15 
15333 311 
15340 468 
15343 75 
15345 38 
15346 3900 
15363 41 
15367 24 
15371 386 
15375 8 
15383 35 
15388 30 
15401 64 
15414 18 
15416 13 
15416 109 
15435 60 
15437 61 
15443 102 
15449 7 
15452 10 
15472 74 
15476 38 
15482 19 
15495 60 
15502 251 
15506 461 
15507 40 
15509 156 
15510 18 
15518 41 
15519 43 
15522 25 
15529 57 
15530 5 
15533 1 
15547 47 
15564 13 
15564 9 
15571 3 
15589 17 
15622 8 
15630 193 
15634 435 
15638 118 
15645 2 
15650 22 
15655 48 
15659 39 
15665 94 
15678 46 
15683 27 
15703 52 
15706 12 
15706 10 
15707 220 
15713 4 
15717 17 
15720 96 
15722 15 
15727 18 
15747 75 
15748 68 
15750 151 
15755 21 
15759 53 
15760 159 
15763 16 
15776 38 
15787 71 
15804 15 
15808 584 
15811 41 
15817 34 
15819 11 
15827 15 
15849 150 
15850 126 
15871 1 
15872 26 
15878 120 
15885 69 
15887 108 
15889 31 
15902 43 
15919 31 
15934 50 
15935 160 
15947 48 
15956 11 
15967 7 
15969 219 
15974 51 
15975 15 
15977 106 
15983 83 
15986 3 
15987 18 
15987 3 
15990 33 
15992 42 
16011 31 
16021 166 
16022 31 
16064 34 
16068 25 
16071 12 
16074 278 
16086 8 
16090 33 
16095 10 
16100 31 
16100 152 
16102 90 
16110 0 
16110 150 
16111 139 
16118 373 
16125 136 
16127 130 
16138 1424 
16140 5 
16141 39 
16158 15 
16171 10 
16174 83 
16181 115 
16191 92 
16195 34 
16207 15 
16211 40 
16212 12 
16213 126 
16215 53 
16216 112 
16218 82 
16218 16 
16225 10 
16227 48 
16243 69 
16246 89 
16246 10 
16248 126 
16251 30 
16273 13 
16276 179 
16277 125 
16292 61 
16301 22 
16325 38 
16329 36 
16338 16 
16351 29 
16361 193 
16370 237 
16372 38 
16376 42 
16376 9 
16377 105 
16378 22 
16380 243 
16382 35 
16387 33 
16391 165 
16405 5 
16424 41 
16424 24 
16427 133 
16435 27 
16437 155 
16439 193 
16439 85 
16441 40 
16452 18 
16458 220 
16472 42 
16480 142 
16492 76 
16498 11 
16510 113 
16523 69 
16542 39 
16545 15 
16553 6 
16553 43 
16562 26 
16580 7 
16589 2 
16589 22 
16591 21 
16592 38 
16601 14 
16603 62 
16605 37692 
16617 26 
16617 40 
16618 198 
16623 37 
16625 85 
16630 661 
16632 89 
16643 14 
16646 16 
16646 22 
16658 16 
16659 124 
16659 74 
16673 276 
16680 63 
16683 261 
16684 1 
16687 73 
16690 82 
16720 10 
16723 35 
16736 72 
16743 16 
16748 19 
16755 6966 
16763 262 
16777 525 
16793 125 
16800 125 
16800 340 
16821 162 
16825 75 
16842 43 
16844 6 
16853 77 
16859 33 
16861 32 
16861 7 
16875 4 
16878 44 
16884 75 
16897 102 
16900 6 
16903 28 
16906 154 
16922 22 
16929 12 
16948 49 
16949 28 
16957 167 
16965 3 
16968 210 
16969 22 
16989 13 
16998 39 
17004 32 
17008 52 
17010 49 
17018 290 
17039 10 
17049 35 
17056 16 
17056 26 
17068 22 
17076 46 
17079 7 
17084 45 
17086 306 
17091 0 
17094 495 
17103 9 
17106 34 
17116 4 
17120 14 
17134 4 
17142 21 
17146 74 
17147 129 
17158 36 
17159 215 
17174 11 
17175 5 
17194 22 
17202 550 
17213 38 
17228 97 
17230 43 
17240 12 
17249 43 
17252 42 
17265 12 
17268 101 
17281 346 
17281 15 
17282 39 
17302 30 
17311 15 
17317 42 
17321 118 
17329 4 
17340 16 
17351 91 
17354 61 
17358 386 
17368 16 
17382 84 
17394 54 
17406 1 
17420 42 
17426 26 
17446 20 
17477 80 
17484 6 
17502 124 
17505 17 
17515 126 
17516 10 
17516 91 
17526 16 
17534 2 
17538 6 
17562 10 
17591 49 
17594 3475 
17607 107 
17614 19 
17617 102 
17638 762 
17639 1 
17642 413 
17648 45 
17649 6 
17654 40 
17655 46 
17660 46 
17667 6 
17672 135 
17676 164 
17683 13 
17686 1202 
17697 28 
17701 47 
17729 23 
17738 26 
17741 24 
17744 30 
17753 41 
17756 3 
17769 31 
17782 35 
17785 19 
17800 5 
17802 50 
17803 61 
17808 33 
17809 135 
17824 47 
17833 5 
17842 581 
17847 119 
17853 5 
17873 80 
17903 97 
17907 8 
17907 143 
17913 33 
17917 7 
17921 3 
17935 21 
17937 137 
17942 4 
17945 87 
17947 83 
17966 85 
17972 86 
17980 120 
17981 236 
17986 106 
18004 13 
18013 44 
18026 28 
18042 32 
18073 19 
18080 11 
18094 16 
18106 109 
18110 83 
18111 68 
18115 15 
18130 7 
18147 51 
18159 28 
18161 64 
18162 15 
18167 63 
18177 10 
18179 6 
18184 3 
18191 16 
18202 3 
18218 6 
18226 3 
18238 50 
18252 24 
18258 76 
18275 73 
18285 68 
18287 66 
18310 4 
18329 360 
18330 228 
18332 50 
18356 35 
18360 174 
18373 5 
18384 115 
18386 7 
18390 37 
18393 27 
18394 21 
18397 21 
18428 16 
18430 79 
18436 35 
18463 25 
18469 16 
18493 80 
18503 1 
18505 132 
18512 54 
18512 98 
18521 39 
18523 14 
18542 255 
18550 1 
18551 128 
18555 35 
18557 26 
18563 17 
18574 48 
18578 1888 
18581 83 
18582 130 
18589 46 
18593 19 
18611 21 
18623 29 
18644 19 
18647 47 
18663 58 
18664 103 
18674 46 
18683 7 
18684 6 
18686 1012 
18687 25 
18691 99 
18693 90 
18694 15 
18714 2 
18727 77 
18734 20 
18737 126 
18739 45 
18747 84 
18761 23 
18785 13 
18794 41 
18800 27 
18828 3 
18849 13 
18859 76 
18861 17 
18881 62 
18896 56 
18900 13 
18918 126 
18934 4 
18943 191 
18954 39 
18959 37 
18959 57 
18980 22 
18998 79 
19023 126 
19026 27 
19042 151 
19054 71 
19059 7 
19071 23 
19085 213 
19086 26 
19093 7 
19111 20 
19142 42 
19146 9 
19162 9 
19176 19 
19194 1 
19198 23 
19206 29 
19211 15 
19232 210 
19249 143 
19249 5 
19254 6 
19259 74 
19274 126 
19278 388 
19294 7 
19298 25 
19305 117 
19306 108 
19324 102 
19341 69 
19344 8 
19361 158 
19386 72 
19389 42 
19411 224 
19418 7 
19425 60 
19429 8 
19431 31 
19443 7 
19458 182 
19484 139 
19498 26 
19509 1 
19519 27 
19536 39 
19542 5 
19548 209 
19580 19 
19584 23 
19591 17 
19594 18 
19602 75 
19610 55 
19625 651 
19659 4 
19665 33 
19669 33 
19671 46 
19671 12 
19690 167 
19704 83 
19712 27 
19730 89 
19743 33 
19762 588 
19768 286 
19771 70 
19789 61 
19789 45 
19790 40 
19814 99 
19836 4 
19852 34 
19859 132 
19873 2152 
19876 253 
19887 13 
19889 1423 
19892 49 
19905 10 
19931 11 
19940 144 
19965 175 
19974 20 
19990 51 
20005 113 
20026 219 
20039 127 
20045 22 
20083 10 
20194 80 
20195 16 
20225 3382 
20240 7 
20248 36 
20257 66 
20270 15 
20281 6 
20282 232 
20287 39 
20291 9 
20319 70 
20330 37 
20342 24 
20345 28 
20358 19 
20362 72 
20366 4 
20372 13 
20384 24 
20395 17 
20417 50 
20437 17 
20444 29 
20453 85 
20468 7 
20473 2863 
20479 115 
20483 109 
20484 0 
20485 117 
20493 26 
20495 34 
20514 151 
20520 7 
20563 66 
20576 4 
20579 992 
20582 40 
20600 4 
20605 1 
20646 10 
20686 41 
20689 31 
20705 47 
20719 71 
20729 49 
20737 68 
20744 66 
20748 9 
20760 69 
20784 565 
20787 1 
20794 206 
20796 93 
20825 27 
20827 23 
20846 87 
20859 84 
20864 21 
20865 37 
20878 20 
20910 98 
20956 78 
20962 83 
20982 47 
20997 70 
21002 50 
21004 344 
21015 147 
21021 21 
21023 86 
21060 27 
21066 71 
21077 30 
21091 89 
21105 7 
21151 251 
21153 10 
21164 169 
21176 34 
21186 18 
21204 89 
21231 393 
21236 43 
21242 9 
21256 133 
21271 2487 
21277 1676 
21279 10 
21307 829 
21327 27 
21337 66 
21348 26 
21370 112 
21385 1403 
21403 137 
21407 85 
21423 531 
21427 33 
21436 28 
21455 109 
21456 290 
21458 5 
21522 28 
21531 8 
21538 8 
21577 63 
21578 42 
21582 204 
21590 36 
21593 79 
21618 41 
21626 66 
21663 12 
21663 85 
21665 725 
21718 192 
21718 25 
21734 109 
21748 57 
21749 20 
21752 5 
21758 87 
21764 6 
21783 34 
21787 291 
21789 120 
21810 191 
21844 119 
21892 244 
21896 28 
21896 104 
21900 46 
21907 85 
21908 14 
22004 10 
22005 30 
22009 14 
22021 8 
22046 27 
22046 1461 
22053 52 
22117 4 
22122 9 
22136 48 
22151 5 
22178 14 
22190 5 
22196 31 
22236 13 
22264 195 
22267 10 
22285 35 
22308 378 
22325 47 
22359 888 
22361 17 
22365 15 
22395 13 
22413 12 
22455 20 
22457 64 
22487 69 
22489 17 
22498 189 
22507 95 
22542 22 
22552 16 
22572 16 
22619 14 
22632 20 
22635 217 
22645 79 
22646 124 
22656 60 
22688 26 
22691 17 
22695 19 
22709 18 
22729 28 
22754 6 
22760 8 
22770 54 
22793 54 
22807 52 
22846 171 
22876 83 
22877 19 
22878 77 
22888 64 
22894 42 
22911 17 
22937 10 
22972 145 
22983 15 
22988 541 
23010 36 
23046 555 
23053 1400 
23056 136 
23130 61 
23131 28 
23137 51 
23168 13 
23172 124 
23176 238 
23216 218 
23222 59 
23229 225 
23232 3 
23256 151 
23276 84 
23301 34 
23341 149 
23351 26 
23365 130 
23369 20 
23383 87 
23441 7 
23464 1 
23542 8 
23565 9 
23579 53 
23579 110 
23579 4 
23587 117 
23591 44 
23603 284 
23609 40 
23616 28 
23617 173 
23669 23 
23671 37 
23673 2 
23695 152 
23697 16 
23699 25 
23800 326 
23805 16 
23809 28 
23846 51 
23855 18 
23856 57 
23879 362 
23914 269 
23924 0 
23930 100 
23964 16 
23986 2 
24014 13 
24040 45 
24040 49 
24044 22 
24089 72 
24108 178 
24126 59 
24136 11 
24152 18 
24171 3 
24172 3 
24184 20 
24192 17 
24201 46 
24220 34 
24230 109 
24233 153 
24255 195 
24265 793 
24281 9 
24290 13 
24322 534 
24382 7 
24382 14 
24385 25 
24388 459 
24413 4 
24424 153 
24442 12 
24446 45 
24474 28 
24489 10 
24495 42 
24519 17 
24529 9 
24553 398 
24568 56 
24577 62 
24630 62 
24675 33 
24678 28 
24749 1153 
24764 59 
24795 5 
24864 8 
24895 17 
24921 194 
24923 87 
24951 17 
24992 86 
24996 12 
25011 35 
25027 169 
25046 12 
25075 8 
25102 7 
25102 195 
25106 664 
25106 86 
25151 5 
25161 107 
25169 7 
25175 137 
25279 146 
25328 41 
25347 3 
25365 39 
25367 93 
25404 83 
25431 10 
25497 40 
25512 0 
25590 8 
25591 3 
25613 32 
25636 2 
25677 48 
25696 6 
25707 1042 
25722 1409 
25731 1089 
25764 101 
25765 8 
25800 21 
25809 76 
25841 239 
25852 70 
25855 74 
25871 17 
25894 130 
25904 2 
25913 9 
25958 137 
25978 135 
25997 21 
26005 203 
26011 9 
26022 106 
26066 69 
26077 56 
26098 24 
26106 925 
26134 20 
26141 361 
26169 206 
26177 0 
26204 142 
26246 25 
26266 327 
26274 67 
26280 20 
26294 1 
26401 16 
26433 627 
26442 8 
26449 25 
26468 21 
26499 35 
26513 24 
26546 7 
26564 51 
26573 9 
26614 276 
26620 130 
26662 72 
26667 11 
26717 10 
26795 10 
26802 34 
26870 185 
26887 67 
26910 309 
26911 47 
26917 26 
26934 27 
26941 0 
26946 705 
26959 34 
26971 67 
26985 58 
26995 1 
27062 33 
27075 11 
27091 198 
27142 216 
27160 221 
27166 13 
27184 50 
27225 22 
27281 289 
27300 5 
27302 120 
27333 4 
27357 225 
27376 11 
27411 442 
27454 30 
27459 140 
27469 67 
27500 188 
27504 91 
27514 171 
27584 42 
27655 38 
27679 52 
27721 52 
27722 127 
27745 221 
27827 104 
27854 33 
27907 40 
27927 49 
27938 128 
28063 282 
28087 47 
28130 26 
28162 21 
28197 42 
28246 29 
28268 24 
28284 9 
28318 52 
28321 1240 
28338 48 
28353 15 
28358 54 
28382 126 
28422 61 
28440 30 
28443 2286 
28467 176 
28482 183 
28513 25 
28516 3 
28521 1 
28551 12 
28633 11 
28678 38 
28699 90 
28805 2 
28848 2 
28857 268 
28923 25 
28923 25 
28951 18 
28978 66 
29035 9 
29057 979 
29111 152 
29123 4 
29128 39 
29146 109 
29164 82 
29203 16 
29205 166 
29210 245 
29299 5 
29314 37 
29342 9 
29356 668 
29439 41 
29454 6 
29492 268 
29519 113 
29521 11 
29522 169 
29528 29 
29553 7 
29572 201 
29616 45 
29617 80 
29632 59 
29665 15 
29712 391 
29745 4 
29750 50 
29750 19 
29762 89 
29791 116 
29797 683 
29809 44 
29864 40 
29884 41 
29888 629 
29942 378 
29964 131 
29977 22 
29993 71 
29997 61 
30003 31 
30009 104 
30058 19 
30066 71 
30076 65 
30112 34 
30138 211 
30163 29 
30225 138 
30235 118 
30251 13 
30263 228 
30270 94 
30298 18 
30332 8 
30332 98 
30362 19 
30377 6 
30418 38 
30426 4 
30432 45 
30523 68 
30546 148 
30629 1 
30650 128 
30659 40 
30668 23 
30676 18 
30683 54 
30722 1701 
30727 20 
30772 21 
30776 64 
30804 51 
30821 12 
30841 102 
30850 185 
30856 17 
30899 35 
30912 122 
30946 11 
30953 29 
30962 76 
30968 56 
30979 230 
30982 23 
31004 21 
31026 450 
31055 35 
31069 9 
31082 107 
31106 365 
31178 309 
31190 122 
31223 5 
31236 107 
31260 32 
31271 163 
31409 12 
31421 55 
31492 19 
31510 4 
31545 65 
31554 2 
31588 39 
31589 41 
31593 629 
31737 372 
31757 1157 
31759 27 
31805 91 
31836 44 
31841 27 
31850 7 
31880 47 
31893 1 
31899 19 
31946 142 
31953 73 
31961 2036 
32004 35 
32058 25 
32082 626 
32086 339 
32100 138 
32167 196 
32176 320 
32183 18 
32201 19 
32260 3 
32272 18 
32336 67 
32364 33 
32398 165 
32417 237 
32432 21 
32437 46 
32520 82 
32544 35 
32553 51 
32568 70 
32602 13 
32706 6 
32777 14 
32808 10 
32859 224 
32922 40 
32957 13 
32973 15 
33112 3 
33147 24 
33161 14 
33185 1 
33206 5 
33279 34 
33280 2 
33338 10 
33351 40 
33358 4 
33380 73 
33385 46 
33407 30 
33452 1 
33495 16 
33504 185 
33568 19 
33681 308 
33740 26 
33768 79 
33788 91 
33791 3 
33856 12 
33881 9976 
33887 176 
33909 6 
33912 1384 
33922 58 
33935 4 
33944 11 
33952 28 
34005 126 
34014 72 
34031 118 
34050 833 
34058 356 
34098 27 
34172 27 
34177 106 
34227 157 
34236 2 
34293 35 
34332 10 
34351 41 
34368 165 
34387 29 
34405 19 
34426 24 
34432 15 
34550 148 
34555 4 
34582 68 
34628 62 
34638 23 
34648 18 
34693 43 
34726 36 
34735 44 
34746 2 
34749 58 
34804 11 
34832 396 
34933 17 
34982 8 
34985 170 
35012 57 
35057 6 
35113 3 
35158 12 
35195 1 
35209 29 
35214 43 
35418 256 
35527 15 
35543 107 
35553 189 
35558 33 
35582 10012 
35676 131 
35676 10 
35727 5 
35730 1650 
35755 172 
35792 184 
35842 17 
35843 33 
35863 5 
36138 40 
36164 53 
36182 165 
36206 73 
36247 62 
36309 17 
36317 4 
36365 26 
36431 85 
36443 998 
36498 26 
36507 24 
36516 70 
36562 3 
36577 25 
36692 1437 
36730 12 
36745 192 
36756 13 
36759 13 
36779 462 
36812 9 
36855 35 
36875 14 
36876 42 
36883 228 
36893 53 
37025 97 
37140 154 
37141 14 
37148 34 
37157 20 
37193 2 
37236 10 
37243 40 
37306 746 
37313 16 
37351 14 
37355 19 
37372 6 
37381 229 
37483 8 
37513 17 
37518 2713 
37580 34 
37590 28 
37639 5 
37642 10 
37695 51 
37706 409 
37713 77 
37744 8 
37745 15 
37828 32 
37865 128 
37880 15 
37931 260 
37947 3 
37950 293 
38017 1454 
38032 2498 
38064 182 
38126 10 
38138 56 
38152 8 
38170 111 
38305 3275 
38323 15 
38344 2 
38437 121 
38442 387 
38477 177 
38482 62 
38531 77 
38545 9 
38560 171 
38560 88 
38588 30 
38589 17 
38592 19 
38599 3 
38645 18 
38666 9 
38671 264 
38711 4 
38749 144 
38802 114 
38819 25 
38838 2 
38839 82 
38851 3 
38876 46 
38882 37 
38955 56 
39003 13 
39043 43 
39049 146 
39099 5 
39133 47 
39149 32 
39151 11 
39154 1907 
39212 1348 
39225 28 
39249 20 
39332 284 
39376 44 
39380 34 
39402 8 
39415 161 
39435 32 
39456 673 
39477 377 
39538 23 
39557 198 
39559 104 
39585 98 
39601 47 
39611 6 
39656 8 
39698 12 
39708 935 
39713 368 
39726 17 
39733 86 
39819 712 
39831 25 
39836 1094 
39898 25 
39980 2 
40051 206 
40067 10 
40158 711 
40170 17 
40190 17 
40289 265 
40382 168 
40393 9 
40433 672 
40439 65 
40497 16 
40511 94 
40614 45 
40614 38 
40648 15 
40695 9 
40778 9 
40794 10 
40818 31 
40865 323 
40892 18 
40919 93 
40932 12 
41033 1164 
41046 69 
41080 59 
41246 450 
41352 48 
41409 12 
41442 40 
41490 3 
41581 15 
41627 27 
41639 75 
41650 37 
41681 35 
41696 68 
41718 14 
41725 34 
41795 3 
41881 118 
41921 1 
41955 4 
41977 8 
41987 206 
42015 140 
42025 403 
42073 63 
42110 16 
42199 24 
42240 0 
42243 54 
42388 10 
42403 239 
42409 37 
42480 275 
42489 21 
42499 81 
42508 118 
42574 21 
42724 4 
42754 114 
42792 2 
42793 11 
42816 17 
42828 12 
42832 128 
42899 110 
42901 238 
42932 219 
42943 24 
42993 75 
43038 2111 
43048 163 
43136 0 
43158 2 
43169 12 
43172 2667 
43203 1215 
43212 52 
43213 41 
43221 19 
43246 80 
43278 10 
43283 671 
43315 122 
43322 281 
43335 250 
43341 23 
43365 48 
43449 412 
43475 30 
43496 79 
43604 14 
43643 2022 
43856 41 
43885 20 
43891 645 
43908 68 
43922 8 
43950 30 
43954 7 
43957 13 
43961 302 
44004 1158 
44006 131 
44019 53 
44056 266 
44118 4 
44130 1311 
44157 51 
44232 108 
44246 260 
44260 454 
44295 1 
44382 155 
44432 453 
44503 18 
44532 19 
44533 254 
44540 47 
44541 30 
44609 31 
44611 104 
44710 80 
44722 30 
44730 30 
44858 31 
44859 5 
44950 47 
44955 157 
44959 99 
44965 50 
44982 40 
45035 308 
45076 106 
45122 68 
45187 20 
45212 159 
45232 27 
45378 14 
45439 6 
45459 532 
45461 61 
45543 109 
45551 30 
45645 47 
45645 47 
45762 63 
45770 173 
45820 3110 
45824 28 
45876 40 
45882 235 
45937 1 
45981 5145 
45981 50 
46010 7 
46072 39 
46077 403 
46133 41 
46169 36 
46186 2090 
46232 72 
46243 354 
46294 44 
46380 15 
46445 145 
46523 47 
46533 18 
46537 23 
46542 3 
46787 31 
46804 571 
46905 143 
47186 55 
47253 21 
47282 2 
47313 61 
47335 60 
47347 21 
47378 38 
47433 49 
47453 4286 
47537 94 
47549 20 
47555 31 
47605 1324 
47633 1 
47653 38 
47691 69 
47749 29 
47767 396 
47788 26 
47823 484 
47858 356 
47904 1 
47946 205 
47963 40 
48047 54 
48066 557 
48246 89 
48258 23 
48265 35 
48273 58 
48293 21 
48307 16 
48392 13 
48457 568 
48602 5 
48611 15 
48694 851 
48715 12 
48719 1 
48839 7 
48870 3 
48917 117 
49001 22 
49036 208 
49107 22 
49177 8 
49230 27 
49346 42 
49348 92 
49421 37 
49504 61 
49566 124 
49584 289 
49715 17 
49787 38 
49856 85 
49874 8 
49880 12 
49903 24 
49925 66 
49941 109 
49966 539 
50060 134 
50108 21 
50129 27 
50253 8 
50281 10 
50392 1 
50407 211 
50450 2 
50540 52 
50682 1 
50686 16 
50719 32 
50835 1089 
50842 44 
50860 426 
51038 54 
51069 26 
51143 68 
51160 49 
51290 4 
51466 11 
51495 103 
51511 171 
51585 69 
51586 10 
51607 8 
51733 135 
51737 8 
51810 6 
51958 12 
51972 41 
52005 1251 
52016 26 
52059 5 
52064 15 
52078 30 
52154 33 
52208 11 
52219 6 
52260 33 
52265 38 
52317 1 
52372 4 
52488 40 
52570 331 
52591 1039 
52818 839 
52911 33 
52914 23 
52918 96 
52947 54 
52984 986 
52994 201 
53008 138 
53056 83 
53059 18 
53068 59 
53189 1035 
53231 10 
53232 0 
53252 18896 
53270 396 
53350 9 
53352 2320 
53490 54 
53541 58 
53560 26 
53568 89 
53626 58 
53701 175 
53779 344 
53787 85 
53807 766 
53811 0 
53868 46 
53884 66 
53979 72 
53980 70 
53983 1429 
54005 427 
54060 462 
54100 12 
54171 323 
54203 3 
54217 37 
54306 16 
54426 23 
54446 50 
54536 1 
54623 4 
54698 16 
54721 1588 
54726 8 
55110 13 
55114 56 
55264 31 
55265 77 
55267 14 
55340 20 
55371 76 
55470 31 
55500 1 
55500 142 
55572 88 
55593 84 
55620 86 
55715 26 
55940 308 
56004 15 
56008 9 
56211 90 
56346 9 
56490 29 
56815 144 
56874 97 
56886 0 
56961 9 
56999 2 
57011 38 
57091 8 
57116 237 
57163 226 
57166 13 
57309 7 
57383 195 
57467 43 
57471 121 
57563 190 
57632 359 
57685 621 
57768 16754 
57821 26 
57825 15 
57866 283 
57879 167 
57915 168 
57955 117 
57955 31 
57963 30 
58014 213 
58031 21 
58035 52 
58050 7 
58051 16 
58060 30 
58140 88 
58236 41 
58322 42 
58356 38 
58373 11 
58403 31 
58433 323 
58440 93 
58454 94 
58497 196 
58640 5 
58723 60 
58739 194 
58773 35 
58849 1145 
59207 22 
59208 100 
59327 48 
59380 17 
59383 192 
59545 145 
59695 376 
59771 2 
59856 360 
60000 36 
60145 53 
60174 6 
60240 32 
60291 46 
60377 62 
60472 52 
60525 66 
60541 35 
60572 137 
60588 182 
60724 181 
60740 203 
60843 141 
61036 13 
61342 111 
61429 94 
61546 637 
61551 4904 
61621 198 
61625 23 
61639 288 
61689 17 
61739 54 
61802 999 
61820 81 
61995 286 
62004 91 
62030 65 
62315 38 
62416 129 
63208 240 
63622 22 
63786 36 
63878 358 
64119 3 
64698 434 
64711 101 
64884 4 
64908 381 
64930 45 
65080 60 
65220 317 
65299 16 
65526 74 
65608 16 
65917 36 
65978 2328 
65998 2024 
66031 77 
66043 98 
66073 2211 
66088 666 
66154 416 
66186 21 
66570 8 
66615 22 
66768 34 
67041 13 
67340 4 
67369 18 
67595 7 
67856 136 
67865 34 
68007 79 
68111 37 
68165 7 
68347 9 
68918 58 
69113 104 
69661 125 
69794 2 
70052 60 
70523 6 
70619 21 
70752 39 
71689 53 
71790 25 
71919 362 
71976 30 
72128 180 
72173 77 
72327 77 
73867 416 
73877 259 
73892 58 
74181 9 
74800 37 
74904 53 
75888 57 
76498 47 
76550 19 
77093 58 
77541 411 
77644 30 
77864 62 
78417 8 
79115 240 
79785 18 
80155 104 
80299 19 
80341 67 
80929 23 
81191 3244 
81209 213 
82417 275 
82636 0 
83564 4 
83916 132 
84560 39 
84965 66 
85743 134 
85964 15 
86478 70 
86496 16 
86732 45 
86894 13 
87124 161 
87400 6 
89182 111 
89259 36 
89551 14 
89565 177 
90194 58 
90194 58 
91601 434 
91804 64 
92190 107 
92242 12 
92456 358 
92760 114 
93919 2 
94194 11 
94553 68 
94728 218 
94820 4 
94892 3 
95342 79 
95416 440 
95957 23 
96227 409 
96351 87 
96586 139 
98699 1029 
98829 2 
98845 80 
98917 30 
99046 256 
99759 86 
100241 224 
100249 32 
101245 155 
101268 94 
101355 24 
101651 4699 
101954 269 
102253 6 
102289 57 
102453 16 
102830 9 
104337 31 
104371 123 
104379 5 
104562 3 
105758 169 
106929 0 
106938 197 
107046 148 
107164 49 
107370 5243 
108540 7 
109019 703 
109198 7 
109940 1264 
110129 675 
110859 24 
111015 75 
111195 14 
111346 125 
111351 61 
111471 31 
111502 426 
112244 19 
112733 20 
113011 4 
113378 45 
113804 17 
114268 114 
114459 261 
115021 44 
115045 5 
115868 91 
115920 53 
116257 423 
116903 41 
117341 193 
117509 40 
118422 656 
118457 72 
119346 8 
119729 51 
120465 12 
120465 12 
120484 18 
120484 18 
121944 197 
123108 3 
124241 411 
125130 33 
125196 20 
125853 54 
127193 25 
128050 130 
128255 269 
128372 38 
128920 18 
131072 78 
131414 63 
131505 122 
131731 139 
132257 0 
132304 2 
132895 13 
133181 142 
134676 43 
136926 9 
137380 16717 
137849 163 
137946 51 
138607 12 
140741 65 
141597 53 
141758 2 
141790 111 
143259 72 
143460 7 
144865 32 
145400 64 
145459 41 
145625 5 
145835 9 
146739 86 
147316 332 
147343 44 
149734 54 
152850 34 
153741 5 
154250 47 
154481 13 
155924 2 
156412 28 
158137 47 
158380 333 
158693 388 
159189 3 
159573 91 
159942 0 
161851 19 
162543 47 
164511 78 
164786 57 
165234 48 
165572 117 
165766 0 
167618 11 
167870 50 
168195 53 
172409 137 
172899 103 
172990 90 
174676 431 
177770 2 
178333 88 
178883 12 
180842 80 
181145 5 
182521 63 
182670 27 
187102 13986 
187133 43 
190473 3 
192668 134 
193222 39 
193789 105 
195245 12 
196490 604 
197484 49 
201945 8 
201966 50 
203277 27 
205389 99 
209565 59 
210070 60 
210262 35 
213892 600 
216741 239 
219355 218 
219482 45 
222698 1136 
223030 949 
227989 28 
228553 1 
231421 153 
232226 114 
232231 11 
238311 3 
238312 43 
240208 84 
242162 2 
242227 118 
242248 2 
242312 189 
242334 495 
242339 179 
242357 205 
242358 69 
242410 27 
242417 12 
242433 52 
242451 140 
242839 52 
247365 203 
249569 181 
249686 3 
250272 173 
252864 10 
254144 33 
256280 124 
256378 6 
256396 51 
256537 89 
257772 5922 
258610 103 
261509 5 
261771 186 
261799 10 
268863 309 
269727 377 
270964 77 
271447 131 
271569 74 
271941 19 
272721 62 
273526 50 
275599 22 
280126 78 
283634 17 
283902 382 
284090 54 
284484 177 
285666 130 
286566 329 
287034 195 
290272 65 
290573 6 
291887 126 
295197 103 
305241 24 
305263 462 
305328 551 
305590 408 
308885 6 
309592 91 
309838 15 
312273 9 
338044 123 
345590 12 
346034 15 
358369 1139 
359798 761 
360968 75 
361011 27 
362002 20 
362945 5 
363573 79 
364402 19 
364449 1351 
369342 57 
386030 285 
390247 20 
396772 24 
401725 3 
402824 3 
404989 86 
431606 163 
432155 22 
450742 40 
460106 23 
465583 36 
472863 19 
476539 104 
484169 5 
496467 28 
496710 11 
514672 47 
517865 135 
531234 29 
539673 6 
541599 11 
544468 21 
569649 78 
574430 506 
577787 667 
579910 1082 
581245 31 
582003 8 
585504 15 
585820 0 
598596 52 
598948 216 
