2060 5.85940972222
0 1997636 
15 410 
15 104 
16 62 
19 65 
20 110 
21 103 
21 348 
22 240 
24 83 
24 116 
27 546 
28 22 
29 112 
29 32 
29 252 
29 79 
32 22 
32 117 
32 154 
33 19 
33 161 
33 65 
33 51 
34 339 
35 69 
35 185 
35 474 
35 197 
35 111 
36 32 
36 145 
36 52 
36 112 
36 64 
37 68 
37 508 
37 68 
38 322 
39 302 
39 54 
40 51 
41 825 
42 288 
42 123 
43 190 
43 25 
43 62 
45 100 
45 106 
45 112 
45 23 
45 100 
45 235 
45 82 
45 86 
47 251 
47 10 
48 1677 
48 168 
48 42 
48 95 
48 185 
48 59 
48 192 
49 89 
49 322 
49 117 
50 28 
50 145 
52 219 
52 147 
52 205 
52 32 
53 73 
53 114 
53 168 
53 158 
54 139 
54 77 
55 53 
55 73 
55 30 
56 55 
56 84 
56 208 
56 250 
56 60 
57 70 
58 68 
58 84 
58 111 
58 125 
59 175 
59 57 
59 45 
59 135 
59 101 
59 20 
60 307 
62 121 
62 213 
62 30 
62 461 
62 119 
62 658 
63 32 
63 197 
63 250 
64 131 
64 23 
65 54 
65 38 
65 130 
65 221 
65 60 
66 88 
66 196 
66 73 
66 55 
66 368 
68 71 
68 100 
69 475 
69 252 
69 62 
69 431 
69 64 
70 287 
70 68 
70 311 
71 68 
71 218 
71 188 
71 45 
71 73 
71 61 
72 89 
72 2542 
72 104 
72 384 
73 32 
73 40 
74 9 
74 81 
75 196 
75 207 
75 49 
75 69 
75 113 
76 488 
77 22 
77 91 
78 28 
78 117 
78 176 
78 565 
78 52 
79 102 
79 46 
79 133 
80 109 
80 31 
80 112 
80 210 
82 146 
82 304 
82 44 
83 513 
83 52 
83 125 
83 127 
84 159 
84 146 
86 210 
86 106 
87 122 
87 112 
87 84 
88 95 
88 171 
89 45 
90 50 
91 94 
91 114 
91 697 
91 31 
92 152 
92 124 
92 105 
93 279 
93 98 
93 214 
93 487 
94 83 
95 421 
95 111 
95 7 
95 56 
95 25 
96 201 
96 36 
96 121 
97 128 
98 40 
100 156 
100 35 
100 32 
101 103 
101 197 
102 257 
103 210 
103 92 
103 275 
104 82 
104 40 
104 186 
104 170 
105 237 
106 62 
106 95 
106 214 
107 178 
108 15 
108 161 
108 163 
109 125 
109 75 
109 38 
109 88 
109 283 
110 212 
110 164 
110 158 
110 233 
110 161 
110 124 
111 29 
111 254 
111 302 
112 22 
112 171 
113 60 
113 597 
113 172 
113 134 
114 100 
114 103 
114 770 
114 405 
115 45 
115 8 
115 46 
115 38 
115 342 
116 240 
116 66 
116 42 
116 221 
116 30 
117 142 
117 380 
117 18372 
117 175 
118 37 
118 58 
118 282 
118 122 
119 247 
119 292 
120 550 
120 806 
121 145 
121 144 
122 135 
123 71 
123 12 
123 199 
124 2221 
124 209 
125 42 
125 262 
125 155 
125 117 
125 12 
127 176 
127 197 
128 95 
128 135 
128 5 
129 109 
129 86 
130 92 
130 214 
131 95 
132 138 
132 80 
132 179 
132 37 
132 361 
132 139 
133 30 
133 235 
133 50 
133 62 
133 48 
134 100 
134 73 
134 243 
134 14 
134 260 
136 119 
137 82 
137 114 
138 40 
138 91 
139 8302 
139 143 
139 143 
140 430 
140 154 
140 64 
141 184 
141 31 
141 40 
142 299 
143 47 
143 320 
143 101 
143 162 
144 248 
144 175 
145 154 
145 87 
146 15 
146 173 
146 360 
146 814 
148 67 
148 336 
149 215 
150 45 
150 97 
150 90 
151 182 
151 78 
152 188 
152 63 
152 24 
152 218 
152 230 
152 166 
152 607 
153 321 
153 118 
153 95 
155 135 
155 111 
156 38 
157 222 
157 62 
157 72 
159 26 
159 172 
160 167 
160 70 
160 34 
162 239 
162 45 
162 20 
162 75 
163 112 
163 505 
165 264 
165 97 
165 64 
165 150 
165 69 
165 88 
166 155 
168 77 
168 34 
168 69 
168 56 
169 26 
169 790 
169 1657 
170 195 
170 69 
170 125 
170 66 
171 160 
171 31 
172 45 
173 40 
173 24 
174 15 
174 124 
174 85 
174 233 
176 70 
176 24 
176 56 
179 75 
180 367 
181 54 
182 20 
182 271 
183 86 
183 79 
184 229 
184 164 
185 138 
186 267 
187 115 
187 44 
189 17 
189 150 
189 64 
191 219 
191 15 
192 96 
192 172 
192 260 
193 188 
193 150 
193 233 
194 26 
194 320 
196 64 
196 184 
196 127 
196 177 
198 26 
198 541 
198 80 
199 16 
199 4385 
199 131 
200 73 
201 248 
202 46 
203 91 
203 47 
205 82 
206 389 
206 475 
206 142 
206 193 
207 36 
207 50 
208 44 
208 62 
209 32 
209 61 
210 104 
212 153 
213 121 
214 67 
215 175 
215 52 
215 79 
216 181 
216 70 
217 9 
219 111 
220 88 
220 70 
222 131 
223 29 
224 75 
226 287 
227 243 
229 124 
229 73 
229 34 
230 108 
231 282 
231 388 
232 181 
232 417 
232 17 
234 63 
234 147 
234 160 
234 214 
235 188 
235 226 
236 42 
236 537 
236 34 
237 64 
237 450 
238 29 
239 30 
240 106 
242 197 
243 110 
243 180 
244 118 
245 20 
245 23 
245 109 
246 110 
246 19 
247 210 
247 187 
247 68 
247 40 
248 154 
248 35 
249 44 
249 36 
251 59 
251 43 
252 60 
253 10 
253 76 
253 68 
253 548 
255 264 
256 100 
256 88 
258 373 
258 231 
259 86 
259 52 
260 204 
260 84 
261 89 
262 63 
262 277 
264 65 
264 59 
264 53 
266 29187 
266 221 
267 99 
267 107 
269 206 
269 81 
271 296 
273 167 
273 47 
273 76 
275 51 
276 20 
277 132 
277 72 
277 56 
278 29 
278 6965 
279 695 
280 203 
281 236 
281 22 
281 47 
282 89 
282 57 
282 100 
282 315 
283 44 
284 278 
284 26 
284 38 
284 175 
286 107 
287 35 
290 59 
290 230 
290 106 
291 363 
291 114 
293 112 
295 73 
295 103 
295 53 
296 202 
296 152 
297 104 
298 66 
299 30 
300 92 
300 131 
301 72 
303 54 
304 180 
304 77 
305 56 
306 359 
306 58 
308 189 
308 61 
310 78 
311 282 
312 44 
313 34 
314 75 
314 20 
315 36 
316 52 
317 103 
317 86 
319 193 
319 79 
320 37 
321 162 
321 13 
323 31 
323 7 
328 45 
328 79 
329 353 
329 89 
330 148 
330 63 
330 68 
331 75 
332 153 
333 345 
334 12 
335 117 
336 64 
337 591 
338 61 
340 246 
341 94 
344 29 
344 93 
344 76 
346 80 
347 78 
351 202 
353 85 
353 22 
354 74 
355 78 
358 5 
358 70 
360 106 
361 252 
361 62 
363 773 
365 44 
365 10 
366 169 
368 379 
371 217 
373 51 
373 237 
374 38 
378 207 
378 185 
378 359 
380 61 
380 133 
380 58 
381 418 
382 95 
382 36 
383 93 
383 186 
384 194 
385 169 
387 36 
389 236 
390 94 
392 125 
393 53 
393 22 
393 271 
394 37 
395 254 
395 234 
396 221 
397 45 
397 93 
398 107 
400 907 
401 178 
402 102 
403 53 
405 49 
406 17417 
406 248 
407 130 
407 218 
408 39 
410 172 
412 31 
412 126 
412 51 
412 29 
412 91 
413 205 
415 109 
418 44 
419 84 
419 64 
420 41 
421 47 
423 88 
423 35 
424 28 
424 93 
425 27 
426 104 
426 125 
427 111 
430 153 
433 71 
434 139 
434 80 
435 61 
437 64 
437 122 
437 65 
438 110 
438 50 
440 81 
442 88 
445 85 
445 123 
447 88 
450 145 
450 21 
451 101 
451 190 
452 32 
453 20 
455 86 
457 104 
458 68 
459 105 
462 61 
463 48 
464 162 
466 379 
467 66 
468 209 
471 65 
471 115 
473 57 
475 126 
477 90 
477 103 
477 92 
479 335 
481 220 
483 100 
483 134 
484 272 
484 248 
486 10 
488 121 
490 82 
491 22 
494 100 
496 485 
496 47 
497 32 
497 129 
497 138 
500 71 
501 105 
505 59 
506 117 
507 43 
507 333 
508 165 
511 61 
515 78 
516 107 
518 116 
519 68 
524 61 
526 74 
529 69 
529 108 
529 94 
531 322 
534 47 
535 107 
536 179 
536 34 
538 40 
538 144 
538 54 
541 74 
544 388 
546 216 
546 307 
546 547 
548 187 
548 48 
550 56 
550 43 
550 671 
551 220 
553 425 
556 71 
558 57 
558 50 
559 16 
559 8 
559 279 
559 194 
564 87 
566 64 
573 125 
573 22 
574 48 
574 31 
576 34 
579 139 
581 93 
584 64 
584 20 
585 119 
588 26 
590 63 
590 113 
593 14 
594 25 
594 68 
597 239 
599 315 
599 25 
604 66 
604 97 
609 34 
611 32 
613 2686 
616 161 
621 154 
621 291 
624 52 
625 82 
625 70 
626 395 
627 394 
628 98 
632 94 
634 26 
636 395 
636 61 
638 223 
639 32 
642 88 
642 41 
643 651 
646 44 
647 90 
649 5 
650 147 
651 141 
654 62 
655 182 
659 323 
659 157 
661 52 
661 172 
662 47 
664 29 
668 23 
670 43 
671 35 
674 58 
675 639 
678 85 
681 97 
681 147 
682 333 
682 22 
684 50 
688 317 
689 19 
690 29 
690 367 
691 23 
696 115 
698 275 
698 106 
699 74 
699 77 
704 107 
706 143 
709 120 
712 15 
713 65 
714 45 
715 149 
718 58 
718 221 
720 3 
721 166 
721 153 
724 41 
724 111 
725 54 
727 135 
727 89 
731 281 
732 33 
732 865 
734 97 
739 13 
739 81 
741 81 
742 489 
744 301 
744 425 
745 101 
750 200 
753 70 
754 107 
756 39 
756 180 
761 14 
764 66 
764 128 
771 54 
771 127 
777 29 
777 135 
778 32 
783 174 
783 24 
788 350 
788 137 
788 128 
789 30 
792 89 
798 18 
799 50 
800 148 
800 62 
804 265 
805 197 
805 221 
806 98 
808 53 
810 15 
812 267 
813 148 
814 308 
822 386 
826 98 
828 55 
828 152 
828 23 
829 154 
830 123 
832 9 
833 357 
834 107 
840 14 
844 3 
844 99 
848 18 
853 43 
853 19 
856 22 
859 32 
861 28 
862 45 
869 183 
870 237 
871 936 
881 167 
881 19 
883 226 
885 888 
887 24 
887 153 
887 110 
887 100 
896 138 
897 75 
897 10 
898 49 
899 44 
903 243 
903 107 
905 110 
905 96 
907 30 
908 356 
908 77 
918 14 
919 61 
919 150 
921 69 
921 57 
922 36 
922 237 
926 56 
926 24 
934 72 
935 41 
935 20 
937 2020 
939 116 
944 12 
947 134 
949 64 
949 29 
950 244 
950 99 
952 8 
952 78 
954 144 
954 68 
955 271 
956 108 
964 38 
964 29 
967 66 
970 13 
971 104 
978 95 
979 7 
981 25 
981 56 
982 187 
982 3921 
984 195 
990 112 
997 309 
998 180 
998 63 
1001 47 
1005 70 
1005 65 
1009 26 
1009 28 
1012 144 
1013 116 
1016 40 
1017 17 
1017 43 
1027 253 
1029 1558 
1030 88 
1036 1267 
1038 38 
1046 7 
1048 6 
1050 98 
1051 121 
1060 71 
1061 41 
1061 156 
1065 80 
1072 20 
1072 36 
1082 127 
1087 143 
1090 83 
1094 64 
1098 1176 
1099 223 
1099 29 
1100 61 
1101 73 
1102 57 
1102 56 
1109 72 
1117 81 
1120 106 
1124 57 
1125 59 
1134 74 
1136 76 
1137 95 
1139 121 
1142 62 
1144 146 
1144 40 
1145 41 
1147 45 
1148 98 
1148 49 
1148 291 
1149 263 
1152 100 
1155 31 
1158 30 
1161 165 
1163 78 
1174 74 
1178 85 
1189 246 
1189 38 
1191 127 
1211 130 
1213 95 
1215 1 
1223 31 
1224 56 
1227 144 
1229 338 
1236 70 
1237 56 
1242 37 
1243 167 
1245 59 
1245 39 
1247 36 
1249 362 
1256 74 
1261 69 
1261 238 
1261 29 
1268 23 
1275 383 
1282 207 
1285 62 
1287 111 
1290 794 
1295 116 
1296 103 
1301 118 
1305 9 
1307 43 
1312 94 
1315 138 
1317 48 
1320 138 
1322 22 
1326 157 
1333 80 
1336 146 
1339 155 
1340 70 
1345 32 
1354 80 
1357 80 
1358 115 
1359 19 
1361 129 
1361 40 
1365 114 
1365 212 
1371 82 
1386 49 
1390 52 
1396 91 
1398 167 
1421 70 
1423 162 
1426 51 
1435 90 
1442 16 
1447 123 
1448 208 
1451 161 
1452 253 
1452 113 
1454 67 
1454 6 
1457 51 
1464 79 
1465 190 
1466 27 
1474 62 
1480 104 
1481 45 
1484 10 
1489 162 
1489 63 
1491 140 
1507 197 
1507 95 
1518 131 
1525 34 
1526 74 
1527 67 
1529 95 
1529 57 
1531 21 
1540 95 
1541 37 
1545 41 
1572 349 
1574 147 
1578 18 
1579 97 
1583 146 
1584 100 
1586 138 
1587 223 
1587 38 
1587 642 
1592 54 
1597 15 
1615 204 
1615 133 
1615 26 
1627 113 
1658 24 
1659 22 
1659 103 
1661 31 
1663 91 
1666 17 
1670 104 
1671 71 
1672 46 
1679 61 
1681 163 
1693 19 
1694 71 
1697 59 
1700 56 
1701 43 
1702 83 
1711 155 
1722 69 
1729 16 
1730 68 
1731 84 
1733 36 
1737 42 
1741 73 
1760 43 
1766 68 
1767 147 
1768 98 
1776 322 
1780 92 
1785 68 
1786 45 
1787 63 
1790 24 
1790 209 
1794 160 
1797 95 
1803 158 
1808 376 
1811 223 
1811 392 
1813 90 
1814 97 
1818 64 
1818 345 
1818 82 
1819 69 
1821 68 
1829 240 
1852 145 
1854 39 
1859 12 
1864 117 
1865 42 
1870 23 
1872 12 
1875 73 
1882 179 
1883 62 
1883 5 
1886 74 
1896 76 
1902 169 
1903 13 
1906 113 
1921 42 
1924 22 
1928 256 
1932 371 
1941 77 
1951 72 
1957 8 
1964 73 
1967 101 
1977 157 
1977 204 
1978 102 
1981 84 
1985 46 
1986 116 
1991 28 
1995 70 
1995 142 
1999 65 
2000 118 
2005 115 
2010 233 
2014 209 
2015 2 
2020 195 
2039 193 
2040 99 
2041 260 
2047 110 
2051 216 
2051 22 
2062 49 
2069 19 
2071 101 
2072 27 
2073 46 
2079 36 
2080 11 
2086 80 
2090 70 
2099 38 
2126 45 
2143 35 
2144 11 
2146 45 
2156 189 
2158 28 
2160 99 
2182 131 
2184 93 
2186 11 
2193 108 
2233 92 
2261 95 
2267 49 
2284 203 
2305 31 
2306 33 
2317 191 
2322 512 
2323 94 
2336 39 
2364 111 
2371 51 
2379 65 
2380 70 
2384 58 
2385 236 
2391 432 
2393 46 
2398 296 
2426 311 
2433 9 
2440 27 
2449 7 
2450 4 
2463 50 
2467 22 
2474 62 
2476 167 
2490 48 
2497 163 
2498 142 
2501 50 
2509 57 
2515 68 
2520 229 
2527 190 
2528 92 
2537 39 
2550 25 
2553 77 
2556 88 
2566 352 
2575 20 
2576 137 
2579 17 
2582 88 
2586 83 
2597 100 
2602 138 
2604 127 
2616 6962 
2617 195 
2653 31 
2655 88 
2659 120 
2668 1053 
2678 33 
2684 60 
2687 2159 
2701 6 
2705 165 
2713 51 
2720 68 
2721 213 
2732 134 
2736 144 
2738 50 
2746 40 
2750 57 
2754 107 
2755 124 
2758 113 
2772 21 
2781 67 
2782 293 
2782 195 
2805 66 
2812 207 
2812 26 
2814 86 
2824 18 
2846 71 
2857 16 
2861 79 
2869 71 
2873 64 
2878 137 
2880 138 
2892 63 
2918 83 
2937 107 
2946 85 
2947 37 
2954 432 
2960 47 
2961 41 
2970 71 
2974 100 
2989 59 
2996 95 
3025 50 
3028 20 
3035 43 
3035 14 
3039 93 
3046 66 
3047 46 
3052 94 
3072 70 
3126 41 
3130 104 
3136 15 
3160 158 
3175 47 
3179 41 
3190 194 
3194 241 
3214 2398 
3215 15 
3224 103 
3237 82 
3242 58 
3256 215 
3257 74 
3271 48 
3273 37 
3301 52 
3309 35 
3311 81 
3323 16 
3333 84 
3347 167 
3359 75 
3365 97 
3374 68 
3390 83 
3396 82 
3410 110 
3425 76 
3429 28 
3445 27 
3463 113 
3464 91 
3465 49 
3473 72 
3477 106 
3480 119 
3484 66 
3504 32 
3509 271 
3525 119 
3546 70 
3558 103 
3565 80 
3573 210 
3593 45 
3600 152 
3629 98 
3635 80 
3657 74 
3660 39 
3661 104 
3681 20 
3689 86 
3690 213 
3692 67 
3695 15 
3714 187 
3728 77 
3738 90 
3752 415 
3755 26 
3761 254 
3765 142 
3766 56 
3780 14 
3783 14 
3784 30 
3787 300 
3798 99 
3804 71 
3841 80 
3860 100 
3860 308 
3863 140 
3866 66 
3875 43 
3908 10 
3912 79 
3932 18 
3933 121 
3942 98 
3945 139 
3948 88 
3982 29 
3989 32 
3996 171 
4000 115 
4002 86 
4016 101 
4025 20 
4025 25 
4030 195 
4044 94 
4048 87 
4064 40 
4068 246 
4093 26 
4095 141 
4106 8 
4118 130 
4129 267 
4141 135 
4142 88 
4149 78 
4151 103 
4168 46 
4173 210 
4178 58 
4180 258 
4195 28 
4212 32 
4215 85 
4242 100 
4250 128 
4250 93 
4257 82 
4264 51 
4301 116 
4311 12 
4313 16 
4316 70 
4340 86 
4353 78 
4360 36 
4397 100 
4415 21 
4424 276 
4433 53 
4446 9 
4461 135 
4482 63 
4515 24 
4559 113 
4571 62 
4576 10 
4589 30 
4603 52 
4603 52 
4605 114 
4605 114 
4647 72 
4647 72 
4653 34 
4653 34 
4668 89 
4672 18 
4677 72 
4679 103 
4702 34 
4704 46 
4709 145 
4713 51 
4719 66 
4732 29 
4739 78 
4755 38 
4775 96 
4784 19 
4784 29 
4808 73 
4839 56 
4843 189 
4846 30 
4872 271 
4887 81 
4903 103 
4907 15 
4918 127 
4931 14 
4932 74 
4954 9 
4962 86 
4969 33 
4971 50 
4975 118 
4985 61 
4999 43 
5002 118 
5026 47 
5048 98 
5079 29 
5089 46 
5105 28 
5117 67 
5147 25 
5155 117 
5161 40 
5172 54 
5175 26 
5178 186 
5184 146 
5188 12 
5197 53 
5241 87 
5242 38 
5242 63 
5252 98 
5278 78 
5322 14 
5338 76 
5341 120 
5341 137 
5360 8 
5429 29 
5465 181 
5501 140 
5528 129 
5571 39 
5616 119 
5622 27 
5622 17 
5626 63 
5686 35 
5699 864 
5706 79 
5721 27 
5726 332 
5741 66 
5765 118 
5774 97 
5788 16 
5793 57 
5858 110 
5883 33 
5909 37 
5937 26 
5951 99 
5957 86 
5961 64 
5997 47 
6007 205 
6059 24 
6064 67 
6076 128 
6084 164 
6084 189 
6150 22 
6171 177 
6193 121 
6199 31 
6205 191 
6238 86 
6264 4 
6268 63 
6274 24 
6304 38 
6305 37 
6319 140 
6331 23 
6337 11 
6347 47 
6351 124 
6372 64 
6377 57 
6439 45 
6469 42 
6485 48 
6488 161 
6497 120 
6577 76 
6599 33 
6622 83 
6661 694 
6664 73 
6726 209 
6755 71 
6759 33 
6771 148 
6836 26 
6860 61 
6880 42 
6915 96 
6933 96 
6972 37 
6976 25 
6999 65 
7057 31 
7067 31 
7070 175 
7098 17 
7141 82 
7147 43 
7152 64 
7178 22 
7187 31 
7217 36 
7236 19 
7254 59 
7292 29 
7297 64 
7302 66 
7319 44 
7403 15 
7478 145 
7484 14 
7509 836 
7590 7 
7595 18 
7609 100 
7612 64 
7621 39 
7714 73 
7726 27 
7728 581 
7775 205 
7835 35 
7842 126 
7931 63 
7948 30 
7954 46 
8000 228 
8039 36 
8061 46 
8066 163 
8100 21 
8134 9 
8142 57 
8214 30 
8217 40 
8285 59 
8338 103 
8341 33 
8364 186 
8392 63 
8429 47 
8509 63 
8520 79 
8543 53 
8616 185 
8733 11 
8738 30 
8768 116 
8909 85 
8934 324 
8952 38 
8990 51 
9051 119 
9057 67 
9067 46 
9118 55 
9121 29 
9126 38 
9151 109 
9200 239 
9244 15 
9248 108 
9252 121 
9268 86 
9304 64 
9328 141 
9377 15 
9420 64 
9434 77 
9529 37 
9549 44 
9602 39 
9615 103 
9699 48 
9739 74 
9752 123 
9757 74 
9765 127 
9826 24 
9840 37 
9866 82 
9873 35 
9913 170 
9946 107 
10037 86 
10050 148 
10116 412 
10141 121 
10183 31 
10204 195 
10223 151 
10246 26 
10296 11 
10425 190 
10553 50 
10594 25 
10627 125 
10670 8 
10677 72 
10707 54 
10786 139 
10798 136 
10822 61 
10868 73 
10966 18 
10980 253 
10984 121 
10993 1031 
11022 145 
11032 49 
11059 174 
11123 57 
11212 109 
11224 33 
11243 684 
11252 99 
11260 85 
11304 22 
11334 18 
11350 59 
11433 23 
11471 165 
11669 142 
11932 64 
11960 40 
12025 325 
12205 25 
12370 34 
12420 178 
12560 31 
12660 5 
12692 89 
12724 19 
12796 17 
12822 26 
12841 22 
12891 48 
12916 58 
13028 25 
13208 55 
13461 150 
13503 203 
13506 63 
13547 57 
13612 155 
13638 82 
13963 36 
14094 29 
14159 76 
14197 455 
14203 47 
14226 336 
14288 77 
14292 155 
14305 61 
14359 52 
14406 162 
14430 226 
14430 188 
14431 215 
14456 77 
14465 47 
14489 54 
14495 77 
14557 55 
14565 26 
14586 139 
14606 144 
14652 72 
14686 50 
14694 1701 
14755 1308 
15103 28 
15207 9 
15365 154 
15679 548 
15760 176 
15791 3283 
15910 18 
15967 31 
16139 111 
16208 71 
16474 24 
16572 6 
16914 76 
17052 446 
17057 62 
17219 89 
17271 109 
17768 889 
17846 937 
17866 380 
18239 13 
18262 127 
18390 172 
18582 14 
18731 46 
18776 46 
18793 44 
18809 175 
18836 660 
18994 168 
19023 9 
19259 64 
19362 322 
19531 32 
19630 164 
19902 65 
20399 60 
20423 74 
20483 86 
20646 34 
20676 169 
20909 73 
20915 27 
20933 100 
21328 26 
21411 47 
22193 14 
22508 364 
22533 77 
23120 121 
23167 22 
23345 18 
23360 53 
23757 21385 
24116 97 
24244 81 
24440 44 
24638 65 
24669 656 
24728 72 
24902 381 
25002 1314 
25119 225 
25202 133 
25359 207 
25411 41 
26154 8 
26943 68 
26957 25 
27326 14 
27717 75 
27798 77 
27803 42 
28010 10 
28313 54 
28554 21 
28704 135 
29109 131 
29259 27 
29458 61 
29649 250 
30263 15 
30514 32 
31143 55 
31321 98 
32224 7 
32276 71 
32706 79 
32921 41 
33377 17 
34032 81 
34230 25 
35830 87 
35990 735 
36734 738 
36884 72 
37482 68 
37945 58 
38478 69 
38771 33 
42059 26 
43692 470 
45516 120 
47234 63 
47849 64 
49415 65 
50065 10 
50559 37 
50903 116 
52478 137 
54187 149 
58657 25 
59075 56 
59844 55 
61935 189 
62874 42 
65573 62 
66108 23 
67707 18 
71118 133 
72862 112 
74615 21 
75185 20 
77747 28 
78450 107 
79111 132 
79381 88 
79923 92 
80843 5 
80843 5 
83043 37 
83661 129 
88281 23 
90981 372 
91140 325 
92708 26 
93811 9 
107131 50 
107803 215 
108805 68 
108824 396 
110503 138 
110844 1655 
112241 14 
116687 88 
137844 20 
162167 51 
172173 0 
173725 331 
174290 0 
175698 28 
182165 8 
182484 174 
203075 279 
213014 387 
229607 238 
230326 35 
237143 17 
258928 179 
260780 14 
263264 105 
275511 923 
275886 2022 
276918 89 
276951 81 
291914 0 
295013 222 
310598 62 
324090 124 
345058 151 
396463 373 
419505 37 
497094 89 
517821 1103 
522314 54 
547168 30 
