2070 2.9141087963
0 339253 
13 143 
14 157 
17 57 
18 842 
18 87 
19 90 
19 290 
19 210 
19 29 
21 571 
24 730 
24 193 
28 104 
28 160 
30 76 
30 159 
31 92 
31 898 
32 196 
33 191 
33 18 
33 272 
34 125 
36 103 
37 238 
38 349 
38 139 
38 229 
38 184 
39 356 
39 743 
40 97 
42 72 
43 315 
44 101 
44 162 
45 363 
45 70 
45 53 
47 141 
49 127 
50 84 
51 95 
51 245 
51 1029 
51 44 
51 635 
52 115 
53 261 
53 78 
53 179 
55 292 
56 75 
56 24 
57 832 
57 112 
57 42 
58 94 
58 220 
59 342 
61 48 
62 104 
62 187 
63 66 
64 388 
65 93 
66 67 
67 206 
68 651 
69 142 
69 217 
70 144 
70 114 
71 335 
75 296 
76 120 
76 1441 
77 58 
83 148 
85 49 
85 288 
86 109 
88 404 
89 16 
89 397 
90 88 
90 67 
90 13 
90 115 
90 17 
90 547 
91 120 
91 137 
92 37 
93 63 
93 1066 
94 107 
95 153 
96 99 
98 227 
98 162 
100 162 
101 112 
101 228 
103 81 
103 131 
104 160 
108 51 
109 69 
110 1165 
111 31 
113 179 
114 102 
117 289 
119 217 
119 97 
121 121 
121 296 
124 310 
126 75 
127 352 
129 32 
129 42 
129 157 
131 217 
132 63 
133 134 
134 124 
135 33 
136 325 
137 55 
140 43 
144 1131 
144 79 
150 404 
151 67 
156 416 
156 241 
157 21 
159 160 
162 83 
163 541 
163 322 
163 761 
166 18 
166 913 
169 49 
169 296 
171 231 
172 221 
177 172 
178 124 
179 919 
182 64 
185 72 
186 90 
188 116 
190 247 
192 72 
196 12 
199 141 
199 30 
199 86 
201 96 
201 308 
202 172 
205 1005 
207 24 
208 152 
210 131 
212 32 
214 209 
214 198 
216 116 
225 611 
225 374 
226 75 
226 24 
227 14 
228 126 
229 62 
230 36 
231 17 
234 23 
235 92 
237 52 
242 12 
242 31 
243 46 
255 1257 
259 160 
260 565 
263 147 
265 47 
272 71 
278 455 
282 114 
292 47 
295 214 
295 115 
301 119 
306 184 
318 84 
319 60 
323 129 
334 593 
338 149 
339 65 
342 166 
344 83 
345 516 
348 921 
348 485 
352 153 
353 10 
355 1964 
355 37 
356 113 
357 116 
363 139 
377 119 
382 386 
390 149 
394 45 
395 674 
398 78 
406 119 
408 91 
414 216 
414 49 
416 266 
417 424 
417 136 
420 67 
420 304 
420 99 
428 241 
434 112 
434 66 
443 147 
447 447 
455 446 
495 125 
509 65 
515 60 
527 115 
531 156 
536 50 
546 1134 
547 21 
548 201 
550 58 
562 153 
570 180 
574 122 
575 488 
578 50 
586 158 
588 198 
590 289 
613 293 
615 22 
631 355 
632 1257 
632 18 
633 54 
654 780 
662 217 
670 5662 
684 117 
685 147 
697 170 
702 146 
711 5 
713 75 
731 125 
754 23 
756 109 
761 1149 
768 65 
768 47 
773 83 
788 182 
794 15 
813 71 
821 46 
841 69 
841 30 
843 50 
844 134 
865 66 
876 41 
901 221 
921 57 
947 9 
947 105 
949 61 
961 323 
967 709 
971 303 
975 190 
993 366 
997 171 
1002 209 
1005 187 
1023 96 
1026 302 
1034 271 
1036 70 
1037 90 
1037 237 
1047 98 
1049 410 
1052 93 
1077 325 
1101 63 
1102 612 
1106 118 
1111 34 
1112 127 
1170 62 
1170 130 
1184 206 
1185 26 
1194 96 
1196 104 
1198 21 
1207 355 
1213 103 
1227 180 
1236 152 
1236 14 
1274 144 
1278 491 
1286 47 
1289 104 
1297 73 
1302 48 
1307 121 
1311 45 
1321 74 
1326 63 
1334 56 
1343 374 
1370 68 
1380 67 
1388 161 
1397 18 
1422 94 
1423 62 
1430 69 
1430 200 
1478 143 
1486 52 
1528 182 
1530 209 
1538 60 
1544 9 
1605 570 
1613 88 
1613 88 
1635 132 
1635 132 
1637 1017 
1637 1017 
1703 16 
1709 131 
1709 824 
1719 221 
1731 57 
1754 121 
1758 57 
1761 5692 
1780 79 
1786 182 
1787 703 
1801 33 
1816 20 
1819 317 
1830 542 
1836 44 
1845 36 
1855 200 
1865 28 
1871 104 
1872 109 
1879 62 
1960 53 
1974 229 
2044 36 
2048 363 
2051 42 
2054 134 
2065 233 
2067 179 
2077 14 
2086 158 
2114 562 
2118 84 
2121 104 
2165 85 
2166 67 
2177 310 
2240 71 
2288 369 
2289 32 
2334 282 
2337 102 
2340 76 
2385 15 
2390 71 
2398 186 
2402 39 
2427 746 
2431 118 
2448 22 
2502 51 
2506 149 
2525 102 
2529 148 
2536 105 
2554 13 
2667 254 
2747 43 
2762 169 
2849 100 
2883 63 
2891 163 
2922 367203 
2936 137 
2940 699 
2945 412 
2953 317 
2954 785 
2955 304 
2956 215 
2961 178 
2969 20 
2970 63 
2970 84 
2976 20 
2984 314 
2984 263 
2990 65 
2994 11 
2997 175 
2998 322 
3001 384 
3002 117 
3006 79 
3011 256 
3012 750 
3013 50 
3016 445 
3018 407 
3035 428 
3036 21 
3041 172 
3045 16 
3048 733 
3053 35 
3073 43 
3075 345 
3087 193 
3093 282 
3095 73 
3101 263 
3106 16 
3107 79 
3107 59 
3109 14 
3109 209 
3121 126 
3127 224 
3136 17 
3141 38 
3145 15 
3165 245 
3170 1284 
3172 374 
3183 224 
3190 45 
3190 74 
3209 410 
3210 119 
3215 141 
3219 138 
3225 114 
3227 104 
3232 141 
3242 280 
3243 159 
3247 141 
3251 94 
3256 35 
3257 360 
3258 126 
3262 141 
3268 141 
3268 27 
3278 47 
3283 4 
3285 336 
3294 408 
3296 92 
3300 240 
3308 77 
3309 30 
3318 115 
3321 46 
3327 522 
3355 38 
3362 19 
3382 393 
3409 739 
3434 57 
3436 271 
3448 508 
3450 192 
3479 57 
3502 173 
3506 1242 
3521 35 
3528 969 
3548 17 
3559 35 
3589 41 
3597 625 
3599 34 
3628 131 
3630 80 
3636 837 
3680 1353 
3707 208 
3729 241 
3736 112 
3741 17 
3748 170 
3780 533 
3786 53 
3788 141 
3800 244 
3824 241 
3869 91 
3902 52 
3920 178 
3926 46 
3944 45 
3953 267 
3956 91 
3978 332 
3982 157 
4105 133 
4108 338 
4135 7 
4137 113 
4144 285 
4151 291 
4153 122 
4384 440 
4400 36 
4409 61 
4442 227 
4468 47 
4490 57 
4525 100 
4529 218 
4538 140 
4551 57 
4561 30 
4564 30 
4568 154 
4570 243 
4576 163 
4596 68 
4597 710 
4602 2540 
4636 31 
4680 36 
4721 110 
4732 44 
4756 179 
4785 30 
4840 32 
4990 31 
5077 63 
5218 11 
5248 20 
5301 296 
5415 1068 
5595 93 
5673 1066 
5701 46 
5773 60 
5780 191 
5807 99 
5821 430 
5849 503 
5940 75 
5959 338 
6049 138 
6092 61 
6159 58 
6246 114 
6285 136 
6343 55 
6371 92 
6478 28 
6502 77 
6580 43 
6594 126 
6602 505 
6668 240 
6820 75 
6915 74 
6960 7 
6999 26 
7164 97 
7318 231 
7344 159 
7493 22 
7628 23 
8069 194 
8096 10 
8143 137 
8172 58 
8420 9 
8507 156 
8538 82 
8549 61 
9013 17 
9020 46 
9021 196 
9024 70 
9025 284 
9026 795 
9028 875 
9028 82 
9028 1487 
9028 130 
9032 104 
9035 142 
9035 62 
9037 332 
9040 738 
9041 19 
9041 276 
9042 321 
9042 36 
9042 80 
9044 333 
9045 224 
9045 195 
9047 79 
9047 33 
9049 247 
9049 37 
9049 119 
9049 257 
9050 360 
9050 578 
9053 96 
9054 419 
9056 23489 
9057 307 
9058 56 
9059 51 
9063 138 
9063 117 
9063 284 
9065 773 
9065 203 
9066 70 
9067 82 
9068 28 
9069 589 
9070 415 
9070 130 
9070 139 
9070 47 
9072 209 
9072 161 
9073 281 
9074 1 
9075 164 
9077 209 
9078 531 
9078 366 
9078 181 
9081 344 
9082 123 
9083 319 
9083 727 
9084 28 
9087 127 
9088 126 
9089 317 
9090 236 
9091 99 
9091 599 
9092 275 
9092 39 
9092 395 
9093 31 
9094 202 
9098 622 
9105 751 
9106 30 
9106 123 
9106 185 
9107 170 
9111 598 
9111 67 
9114 58 
9114 65 
9115 96 
9115 462 
9116 32 
9118 206 
9122 335 
9124 171 
9126 43 
9127 91 
9127 91 
9128 22 
9130 335 
9134 927 
9136 166 
9139 32 
9141 98 
9142 108 
9142 126 
9145 300 
9146 258 
9147 209 
9148 91 
9148 37 
9150 59 
9151 158 
9153 229 
9153 749 
9155 270 
9156 173 
9157 154 
9157 265 
9162 252 
9164 224 
9165 118 
9167 332 
9168 61 
9168 934 
9169 42 
9170 381 
9171 58 
9173 25 
9173 712 
9173 17 
9174 387 
9179 101 
9180 262 
9183 152 
9184 268 
9184 149 
9186 63 
9186 175 
9188 20 
9194 214 
9194 4 
9195 194 
9197 82 
9198 172 
9200 96 
9201 127 
9202 205 
9207 42 
9208 74 
9211 235 
9212 128 
9214 522 
9220 60 
9221 54 
9224 86 
9227 603 
9228 861 
9229 101 
9234 230 
9240 111 
9242 111 
9246 73 
9249 206 
9250 681 
9255 171 
9257 103 
9258 66 
9258 106 
9259 687 
9263 336 
9271 27 
9276 191 
9277 88 
9277 67 
9278 170 
9278 185 
9279 172 
9281 128 
9282 422 
9283 151 
9283 228 
9289 206 
9290 138 
9292 227 
9295 78 
9301 178 
9302 122 
9313 233 
9318 389 
9319 85 
9320 60 
9329 1584 
9331 115 
9337 46 
9347 1002 
9348 577 
9348 1617 
9353 113 
9359 171 
9360 74 
9364 297 
9365 52 
9367 98 
9376 50 
9389 83 
9396 131 
9398 41 
9404 202 
9405 73 
9406 212 
9410 235 
9412 554 
9412 199 
9414 244 
9420 6 
9422 55 
9425 106 
9432 176 
9433 1147 
9434 399 
9435 587 
9436 161 
9437 97 
9441 247 
9449 76 
9452 1189 
9452 101 
9463 328 
9463 599 
9468 99 
9469 92 
9475 164 
9476 102 
9476 89 
9481 139 
9483 121 
9490 147 
9491 65 
9495 77 
9497 122 
9503 249 
9514 74 
9516 104 
9518 131 
9530 1724 
9534 92 
9534 193 
9540 34 
9542 16 
9544 259 
9546 151 
9551 70 
9551 59 
9564 389 
9570 250 
9576 11 
9578 111 
9600 257 
9603 414 
9608 481 
9609 309 
9623 209 
9633 261 
9635 179 
9635 47 
9639 499 
9654 293 
9654 45 
9662 40 
9664 505 
9673 71 
9687 929 
9690 439 
9696 43 
9698 86 
9700 83 
9705 161 
9712 218 
9718 118 
9722 159 
9724 209 
9726 80 
9732 31 
9739 138 
9763 147 
9767 65 
9768 244 
9768 891 
9770 153 
9770 225 
9775 54 
9792 25 
9800 29 
9802 52 
9820 556 
9825 56 
9828 616 
9829 146 
9832 71 
9842 67 
9849 107 
9851 241 
9860 311 
9872 678 
9874 179 
9889 97 
9894 215 
9901 105 
9909 286 
9913 73 
9915 138 
9933 136 
9942 272 
9950 923 
9952 675 
9959 144 
9961 33 
9964 174 
9973 226 
9985 77 
9994 498 
10006 263 
10014 152 
10018 355 
10020 195 
10020 416 
10047 137 
10061 319 
10069 163 
10076 108 
10079 161 
10079 109 
10082 74 
10088 286 
10095 398 
10110 335 
10113 233 
10131 95 
10132 54 
10141 4 
10155 477 
10167 20 
10169 49 
10178 135 
10179 21 
10181 246 
10186 126 
10206 48 
10234 203 
10243 37 
10250 21 
10265 66 
10288 415 
10292 25 
10292 385 
10295 72 
10296 17 
10311 137 
10313 299 
10317 79 
10321 98 
10333 415 
10393 78 
10400 146 
10415 177 
10421 50 
10425 193 
10427 79 
10435 1538 
10459 96 
10474 82 
10476 108 
10495 84 
10502 493 
10506 325 
10525 50 
10530 47 
10539 113 
10543 41 
10544 144 
10552 137 
10556 30 
10569 148 
10574 64 
10575 89 
10582 292 
10582 150 
10582 226 
10584 201 
10588 49 
10589 4404 
10596 166 
10617 21 
10625 121 
10626 27 
10635 96 
10656 905 
10668 111 
10673 500 
10678 10 
10684 22 
10688 62 
10694 175 
10722 288 
10723 66 
10732 32409 
10767 62 
10769 158 
10771 62 
10775 106 
10788 53 
10803 217 
10816 201 
10820 40 
10824 68 
10830 23 
10835 275 
10837 10 
10839 215 
10866 19 
10871 50 
10894 689 
10900 21 
10905 80 
10920 178 
10922 72 
10930 2080 
10960 57 
10964 45 
10972 131 
10978 15 
11005 16 
11022 14 
11038 52 
11046 138 
11086 114 
11095 48 
11124 379 
11132 163 
11141 36 
11209 85 
11220 157 
11246 172 
11250 23 
11258 122 
11290 32 
11315 16 
11318 165 
11319 130 
11322 710 
11338 38 
11351 130 
11353 12 
11362 190 
11372 114 
11376 78 
11382 82 
11387 62 
11537 65 
11545 35 
11573 44 
11609 526 
11611 200 
11618 127 
11624 40 
11647 761 
11653 86 
11662 26 
11702 276 
11706 151 
11735 20 
11745 128 
11746 221 
11799 1147 
11801 636 
11805 8 
11810 51 
11833 269 
11845 336 
11854 26 
11865 21 
11906 30 
11911 104 
11911 160 
11932 105 
11950 324 
11954 1748 
11970 227 
11972 276 
11986 184 
12065 98 
12096 64 
12104 131 
12116 96 
12119 92 
12125 74 
12169 231 
12174 109 
12174 17 
12263 30 
12267 226 
12290 66 
12298 119 
12301 27 
12328 313 
12330 31 
12331 82 
12340 33 
12378 78 
12379 8 
12457 880 
12475 4483 
12478 83 
12530 331 
12530 331 
12545 29 
12582 30 
12642 49 
12643 562 
12649 24 
12663 76 
12674 475 
12688 45 
12705 128 
12705 47 
12716 82 
12721 46 
12789 136 
12828 52 
12829 19 
12831 206 
12835 139 
12856 164 
12875 76 
12904 134 
12908 15 
12914 345 
12917 183 
12926 42 
12936 87 
12939 225 
12944 14 
12974 277 
12984 29 
12991 27 
13060 192 
13160 79 
13164 71 
13196 6 
13230 50 
13300 92 
13321 85 
13403 83 
13482 315 
13490 146 
13494 37 
13497 106 
13519 51 
13519 342 
13540 144 
13559 12 
13587 55 
13598 189 
13612 359 
13636 91 
13665 203 
13721 53 
13738 230 
13740 62 
13803 439 
13809 134 
13821 133 
13851 4 
13863 216 
13880 71 
13888 82 
13945 151 
13970 76 
14004 29 
14027 18 
14115 33 
14132 9 
14157 154 
14158 15 
14204 13 
14207 96 
14217 373 
14223 179 
14292 285 
14336 100 
14345 65 
14393 18 
14394 83 
14448 150 
14448 54 
14506 108 
14524 202 
14565 66 
14573 26 
14617 8 
14655 58 
14684 52 
14720 12 
14736 287 
14747 13 
14762 284 
14762 46 
14825 115 
14844 34 
14868 45 
14878 29 
14890 22 
14915 2 
14931 27 
14961 19 
15058 21 
15060 34 
15145 60 
15167 54 
15171 52 
15181 38 
15195 97 
15228 20 
15269 166 
15289 36 
15298 494 
15344 275 
15405 32 
15410 15 
15429 30 
15439 94 
15451 14 
15650 1045 
15685 60 
15692 46 
15766 39 
15782 176 
15857 54 
15879 276 
15922 94 
15962 195 
15972 73 
15997 59 
16005 47 
16040 68 
16045 107 
16092 38 
16151 72 
16181 40 
16183 22 
16241 4 
16257 291 
16273 102 
16312 122 
16349 109 
16409 31 
16490 79 
16518 278 
16521 201 
16523 97 
16566 49 
16635 21 
16637 95 
16645 352 
16699 346 
16719 10 
16803 3 
16828 34 
16830 582 
16843 145 
16899 30 
16943 112 
16964 21 
16988 132 
16993 117 
17019 35 
17048 29 
17055 18 
17084 115 
17134 541 
17162 192 
17187 724 
17207 209 
17261 16 
17318 587 
17405 108 
17444 149 
17495 106 
17567 142 
17623 33 
17805 917 
17862 842 
18037 452 
18099 32 
18147 76 
18191 10 
18216 29 
18235 52 
18341 72 
18454 48 
18480 16 
18522 22 
18625 9 
18784 19 
18812 78 
18830 41 
18833 61 
18918 157 
18968 345 
19024 50 
19042 291 
19083 46 
19203 179 
19267 46 
19396 9 
19412 37 
19430 37 
19494 122 
19497 78 
19524 51 
19542 27 
19661 1063 
19664 32 
19665 78 
19711 70 
19714 253 
19897 124 
19905 56 
19910 66 
19943 118 
19980 659 
20000 965 
20003 537 
20051 706 
20078 749 
20094 19 
20115 56 
20132 103 
20142 183 
20151 60 
20167 227 
20181 175 
20211 1018 
20224 2096 
20233 62 
20254 228 
20269 108 
20289 250 
20297 365 
20310 78 
20327 230 
20328 82 
20330 496 
20346 167 
20356 373 
20370 551 
20371 69 
20401 48 
20401 173 
20412 595 
20413 88 
20419 312 
20424 519 
20457 216 
20464 58 
20533 111 
20545 2589 
20628 27 
20683 140 
20685 34 
20703 187 
20728 107 
20729 48 
20749 298 
20766 294 
20841 334 
20886 43 
20931 2 
20932 261 
20942 58 
20942 15 
20957 63 
20970 88 
21004 62 
21013 151 
21031 162 
21050 123 
21061 519 
21067 74 
21086 65 
21095 19 
21105 74 
21127 36 
21325 217 
21389 140 
21477 7 
21579 94 
21637 467 
21666 573 
21763 149 
21767 34 
21788 23 
21895 27 
22064 188 
22081 93 
22084 55 
22102 37 
22189 44 
22198 196 
22273 130 
22288 97 
22349 33 
22412 227 
22442 152 
22560 1 
22582 50 
22684 298 
22783 227 
22785 11 
22842 225 
22925 66 
22935 3 
22953 45 
22981 481 
23002 203 
23010 82 
23023 371 
23155 355 
23173 5 
23199 894 
23222 137 
23261 80 
23313 956 
23316 258 
23345 1949 
23431 19667 
23461 543 
23469 77 
23497 190 
23504 429 
23515 37 
23549 151 
23566 90 
23571 95 
23574 532 
23587 186 
23589 195 
23616 1161 
23633 512 
23641 330 
23676 97 
23696 43 
23733 75 
23768 111 
23792 36 
23851 134 
23858 445 
23882 244 
23886 267 
23989 35 
24069 66 
24317 88 
24332 310 
24471 67 
24505 699 
24561 238 
24571 54 
24598 376 
24603 17 
24624 52 
24703 335 
24724 214 
24726 106 
24892 44 
24984 535 
25121 127 
25137 90 
25140 22 
25208 134 
25241 210 
25277 78 
25280 43 
25306 69 
25308 27 
25444 155 
25461 35 
25476 38 
25487 175 
25553 4 
25556 129 
25577 47 
25584 133 
25628 277 
25660 28 
25774 77 
25779 2 
25879 241 
25992 283 
26012 1919 
26012 94 
26082 192 
26253 385 
26275 424 
26302 60 
26369 59 
26450 34 
26499 80 
26623 153 
26675 133 
26820 216 
26827 550 
26883 94 
27008 54 
27042 41 
27169 57 
27434 42 
27447 217 
27526 16 
27533 207 
27621 20 
27650 45 
27657 40 
27670 77 
27725 460 
27898 43 
28012 226 
28197 287 
28227 151 
28306 335 
28379 107 
28401 139 
28431 1130 
28453 1407 
28474 1770 
28506 47 
28575 277 
28637 136 
28690 34 
28713 8 
28884 24 
28993 222 
29263 168 
29293 175 
29489 16 
29596 193 
29660 342 
29851 52 
29949 63 
30039 86 
30044 266 
30183 8 
30283 51 
30483 83 
31011 67 
31098 16 
31107 82 
31109 1776 
31128 81 
31647 149 
31706 99 
31811 10 
31870 108 
32075 124 
32145 463 
32170 166 
32297 34 
32625 105 
32839 16 
33316 70 
33450 81 
33502 16 
33624 92 
33642 133 
33916 77 
34240 53 
34586 164 
34777 34 
35262 49 
35566 586 
35694 207 
35973 44 
36438 90 
36573 35 
36637 26 
36744 42 
36895 83 
37017 61 
37253 57 
37459 79 
37478 55 
37666 83 
37800 253 
38240 167 
38260 26 
38314 72 
38690 100 
38898 111 
39135 230 
39194 14 
39883 200 
40379 61 
40402 565 
40754 35 
41063 51 
41768 157 
41926 354 
41973 116 
42662 23 
43210 48 
43999 274 
44808 58 
44855 634 
45209 51 
45479 1031 
45808 444 
45922 20 
45972 86 
45983 47 
46118 132 
46444 98 
47010 5 
47122 29 
47582 28 
47690 40 
47693 722 
48252 347 
48400 25 
48688 85 
48977 45 
49584 13 
50242 74 
50289 31 
50308 130 
50316 683 
50344 487 
50555 26 
50669 43 
50824 102 
51018 95 
51353 25 
51430 48 
51528 2 
51610 214 
51648 209 
51738 46 
51853 11 
52517 44 
52654 56 
52694 65 
52905 8 
53009 48 
53263 466 
53986 50 
53997 92 
54156 328 
54218 1187 
54428 143 
54591 77 
54676 176 
54966 20 
55237 83 
55237 121 
55485 187 
55659 191 
55726 696 
55777 291 
55783 289 
55794 658 
55808 843 
55907 160 
56009 27 
56282 92 
56341 48 
56413 58 
56592 59 
57190 44 
57259 66 
57674 42 
58254 137 
58697 91 
58700 11 
58725 6 
58735 98 
58748 33 
58817 33 
59361 30 
59449 38 
59870 3 
59906 280 
60864 82 
61321 310 
62719 51 
62996 285 
63053 133 
63324 63 
63425 207 
63584 11 
63864 26 
64034 66 
64063 139 
64432 646 
65105 534 
65128 458 
66427 117 
66436 207 
66863 227 
66941 369 
67085 89 
67923 25 
67997 50 
68040 15 
68248 33 
70580 138 
71014 96 
71846 653 
72918 185 
73207 10 
73544 32 
73987 83 
74899 107 
75145 22 
76636 42 
76852 32 
77796 283 
78420 1968 
79685 37 
81081 83 
81278 21 
81426 15 
81455 36 
81895 30 
82059 316 
82139 120 
82332 196 
82932 405 
84033 4 
84776 437 
84914 8 
85103 998 
85151 59 
85807 75 
86192 221 
86375 152 
86431 67 
87072 233 
87259 559 
87297 143 
87505 86 
87842 40 
88601 27 
89002 1620 
89095 99 
89118 93 
89927 202 
90032 116 
90033 84 
90075 61 
90084 48 
90126 21 
90270 253 
90933 23 
91009 134 
91052 120 
91066 122 
91083 150 
91711 53 
91806 279 
91835 191 
91979 63 
91989 26 
92154 520 
92204 337 
92491 989 
92509 70 
92625 104 
92851 52 
93033 18 
93284 115 
93347 630 
93371 323 
94043 69 
94090 3165 
95293 178 
95485 40 
95534 163 
96738 166 
97346 815 
99181 195 
99688 95 
99742 460 
99773 132 
99973 134 
100164 62 
100256 127 
100286 11 
100300 154 
100525 18 
101363 60 
101501 259 
101831 208 
101833 180 
101874 235 
101931 151 
102064 740 
102126 392 
102196 1667 
102236 294 
102242 341 
102247 559 
102249 170 
102333 214 
102655 22 
103082 172 
103901 80 
103992 96 
104344 104 
104811 20 
105188 35 
106138 84 
107221 203 
108570 211 
109155 1950 
109221 1748 
110104 262 
113766 73 
114182 16 
114354 92 
114911 8 
116220 182 
116243 39 
117935 581 
117960 1194 
118378 249 
118992 241 
126184 600 
133077 147 
133674 975 
142051 11 
142367 81 
144084 175 
147736 20 
149525 244 
152619 12 
152801 88 
156805 125 
158555 15 
163149 62 
165440 51 
171788 53 
173527 64 
173824 0 
174165 97 
174272 126 
174530 5690 
175198 284 
175264 89 
175382 350 
175469 159 
176369 98 
178084 59 
178247 438 
178326 739 
178727 76 
178903 5 
179476 38 
179570 722 
179623 266 
179784 83 
180868 34 
181390 390 
182480 63 
183017 43 
184625 25 
185133 48 
185361 33 
185428 1410 
185433 121 
187774 27 
188195 129 
188316 1256 
188375 535 
188383 79 
188468 165 
188499 76 
188586 84 
188952 78 
189045 125 
190025 12 
190086 3737 
190911 135 
191246 61 
191821 46 
192097 27 
194769 169 
196937 186 
197312 16 
197398 42 
197719 100 
197876 354 
197937 141 
212709 11 
213106 789 
214980 59 
230139 47 
232015 61 
232554 1068 
246687 163 
248303 55 
250378 1317 
258614 292 
260968 162 
262191 351 
262744 255 
263557 75 
266503 1053 
267050 18 
267356 24 
267737 792 
268640 88 
269530 119 
269676 754 
269753 215 
269977 118 
270009 91 
270542 50 
271372 96 
272168 346 
272174 199 
272211 206 
272251 253 
272556 176 
272981 549 
274343 86 
275657 24 
275916 497 
276037 244 
276529 86 
277187 7 
280109 147 
280549 37 
283281 1353 
283468 35 
283661 123 
283757 299 
283939 29 
288577 540 
290225 64 
291268 431 
304735 17 
304735 17 
307195 476 
314748 393 
319551 204 
325369 214 
331210 67 
345049 557 
360198 111 
364028 33 
364117 14 
371131 21 
372955 61 
424050 79 
430823 747 
431234 290 
431241 157 
435492 76 
435729 143 
442656 60 
442817 81 
444018 964 
445216 802 
445294 2162 
445347 1201 
445711 61 
446348 717 
446815 32 
446991 394 
447687 33 
448731 42 
450747 1326 
452080 179 
452174 330 
452395 59 
452685 449 
457199 28 
457395 129 
458583 38 
458823 244 
459209 181 
459845 119 
460321 861 
460659 1256 
460681 2162 
460714 954 
460925 339 
461038 1223 
461171 632 
461957 241 
467018 514 
470069 15 
489657 34 
499443 19 
499930 146 
500054 944 
501155 35471 
501206 169 
501263 123 
501288 48 
501310 27 
501310 71 
501387 632 
503712 2 
504976 112 
506051 59 
506907 27 
508027 56 
508410 27 
508521 171 
511344 550 
514160 16 
520134 1020 
523697 765 
527669 171 
534259 77 
535867 635 
537546 216 
537625 34 
539322 177 
541500 263 
543243 148 
547044 70 
547152 134 
549060 159 
549156 144 
549328 152 
558644 108 
560475 22 
574851 285 
577301 166 
579466 155 
596014 349 
596572 31 
601001 6 
