2233 2.19167824074
0 18318 
15 929 
19 74 
20 312 
23 548 
25 47 
34 139 
37 201 
40 73 
46 58 
50 586 
55 176 
59 413 
62 776 
63 131 
63 85 
67 134 
68 276 
68 65 
72 185 
73 140 
74 94 
76 360 
77 1584 
81 835 
85 658 
87 556 
103 796 
112 2316 
120 1689 
128 169 
132 635 
137 252 
140 86 
142 627 
147 94 
148 632 
152 81 
159 413 
160 380 
161 1406 
176 255 
177 238 
178 280 
179 2601 
184 52 
190 175 
192 1145 
192 171 
192 1578 
193 885 
196 91 
197 67 
200 190 
200 108 
201 528 
207 637 
214 332 
220 236 
221 264 
224 151 
225 109 
227 329 
233 559 
237 70 
242 1941 
248 237 
251 675 
254 289 
263 106 
263 228 
265 477 
267 663 
268 1043 
269 554 
269 1337 
275 318 
277 25 
278 328 
284 212 
286 362 
289 804 
307 1107 
315 2964 
326 1680 
328 171 
330 167 
331 724 
334 506 
341 1148 
341 98 
344 146 
346 220 
346 1441 
347 406 
348 135 
352 742 
352 219 
356 292 
364 1467 
364 26 
369 375 
370 312 
382 191 
383 60 
383 513 
398 14 
404 69 
407 36 
410 188 
411 96 
425 387 
428 64 
446 12477 
447 198 
451 159 
452 574 
462 935 
471 241 
475 1217 
477 293 
478 36 
479 797 
483 176 
486 193 
488 181 
492 409 
496 240 
499 200 
500 408 
500 432 
501 163 
502 199 
512 150 
517 247 
522 664 
522 114 
541 274 
545 182 
546 398 
547 314 
547 444 
547 150 
548 288 
561 327 
564 80 
565 657 
567 939 
568 186 
570 223 
570 471 
571 247 
578 933 
586 245 
591 354 
592 91 
612 140 
619 65 
624 2925 
624 475 
641 529 
643 106 
646 35 
649 114 
654 794 
660 4110 
662 101 
664 129 
666 1686 
671 107 
681 117 
683 101 
685 161 
704 487 
704 172 
706 596 
708 83 
721 56 
724 1252 
729 50 
729 42 
738 708 
742 677 
753 111 
771 504 
772 169 
781 77 
783 312 
791 107 
808 207 
809 226 
816 29 
820 139 
826 196 
829 220 
829 290 
830 65 
843 120 
848 335 
851 66 
851 342 
855 39 
864 190 
864 145 
871 104 
884 317 
886 320 
886 426 
892 188 
897 198 
906 97 
908 71 
921 771 
939 562 
949 511 
955 3414 
958 1219 
960 184 
964 128 
965 183 
975 220 
985 454 
989 49 
999 127 
1000 29 
1004 78 
1007 156 
1008 349 
1014 60 
1017 1122 
1024 65 
1039 29 
1040 585 
1045 101 
1054 135 
1065 133 
1089 1124 
1091 254 
1097 209 
1100 169 
1103 401 
1105 244 
1105 138 
1107 115 
1117 162 
1120 387 
1121 399 
1156 327 
1157 78 
1157 367 
1188 105 
1189 74 
1189 850 
1191 361 
1194 183 
1196 256 
1210 805 
1215 171 
1223 172 
1224 80 
1224 207 
1225 187 
1228 53 
1229 279 
1235 91 
1247 236 
1252 735 
1274 352 
1276 563 
1280 108 
1294 66 
1303 220 
1305 57 
1315 1848 
1319 169 
1340 38 
1342 418 
1365 90 
1390 113 
1391 222 
1408 38 
1410 143 
1427 145 
1448 43 
1460 78 
1468 69 
1468 91 
1469 36 
1528 88 
1559 194 
1589 422 
1594 852 
1631 149 
1648 48 
1653 343 
1662 214 
1670 106 
1675 23 
1690 76 
1723 90 
1733 57 
1751 598 
1820 110 
1827 451 
1853 310 
1870 206 
1887 64 
1910 62 
1978 78 
1979 27 
1996 262 
2007 56 
2008 766 
2024 65 
2026 159 
2038 32 
2057 404 
2068 172 
2104 80 
2134 71 
2143 1679 
2171 202 
2192 80 
2201 939 
2231 282 
2236 197 
2243 91 
2276 171 
2279 2015 
2283 594 
2283 428 
2285 71 
2332 27 
2336 69 
2376 25 
2384 567 
2387 147 
2402 59 
2413 581 
2444 79 
2453 60 
2463 9701 
2476 245 
2476 19 
2478 86 
2479 387 
2497 1664 
2511 152 
2532 210 
2540 49 
2541 30 
2543 143 
2544 10 
2544 441 
2547 742 
2558 62 
2571 142 
2573 188 
2591 226 
2594 79 
2604 208 
2627 91 
2630 92 
2634 66 
2639 175 
2642 123 
2645 61 
2646 776 
2682 226 
2698 1789 
2709 172 
2726 213 
2729 185 
2733 256 
2743 1179 
2752 343 
2759 88 
2773 25 
2805 192 
2811 752 
2815 126 
2819 38 
2821 133 
2824 139 
2826 296 
2847 70 
2848 186 
2863 146 
2894 162 
2907 334 
2913 2017 
2925 324 
2937 92 
2941 363 
2959 650 
2996 58 
3004 75 
3014 149 
3031 1378 
3047 113 
3049 230 
3062 70 
3062 96 
3063 95 
3069 190 
3088 55 
3094 285 
3095 123 
3115 788 
3121 256 
3131 435 
3132 430 
3143 145 
3146 307 
3164 89 
3171 339 
3194 111 
3214 172 
3214 31 
3263 18 
3266 128 
3276 471 
3284 423 
3288 835 
3345 44 
3352 231 
3363 606 
3377 497 
3389 289 
3414 118 
3423 183 
3445 147 
3474 1234 
3474 71 
3490 336 
3493 101 
3494 354 
3497 21 
3507 166 
3522 159 
3525 79 
3544 724 
3560 4 
3561 114 
3569 192 
3572 506 
3575 90 
3579 112 
3592 209 
3606 261 
3631 14 
3676 518 
3701 367 
3701 367 
3705 52 
3705 52 
3756 200 
3756 161 
3756 161 
3756 200 
3771 551 
3775 12 
3776 43 
3812 442 
3824 50 
3825 121 
3846 150 
3853 82 
3860 189 
3889 12 
3903 172 
3912 227 
3964 695 
3965 100 
3965 377 
3970 235 
4057 39 
4081 454 
4085 318 
4092 171 
4111 107 
4144 92 
4152 530 
4158 141 
4163 29 
4168 318 
4207 14119 
4218 252 
4225 501 
4243 112 
4250 63 
4253 214 
4273 191 
4276 142 
4277 134 
4302 91 
4304 364 
4309 392 
4310 109 
4311 685 
4313 1655 
4314 116 
4316 223 
4316 22 
4320 134 
4322 113 
4324 44 
4324 279 
4336 29 
4343 124 
4344 68 
4351 1564 
4357 77 
4359 541 
4364 124 
4376 21 
4380 74 
4389 72 
4389 136 
4402 116 
4427 83 
4427 107 
4440 69 
4442 436 
4444 427 
4447 174 
4455 22 
4467 21 
4479 170 
4491 680 
4501 179 
4504 44 
4505 2135 
4522 443 
4523 860 
4526 384 
4538 68 
4539 41 
4543 1365 
4544 29 
4555 885 
4568 71 
4572 71 
4573 829 
4580 171 
4590 187 
4597 419 
4599 28 
4605 356 
4605 348 
4638 81 
4649 208 
4650 317 
4657 308 
4667 300 
4674 54 
4681 97 
4682 367 
4698 189 
4705 987 
4723 188 
4739 548 
4742 108 
4758 2385 
4767 128 
4769 1064 
4774 220 
4784 83 
4786 234 
4815 21 
4822 40 
4830 93 
4856 38 
4860 226 
4907 101 
4908 424 
4918 244 
4918 547 
4938 123 
4944 136 
4958 40 
4967 243 
4980 118 
4983 123 
4999 147 
5004 57 
5021 99 
5026 59 
5058 25 
5059 53 
5068 22 
5074 69 
5080 126 
5084 217 
5125 967 
5174 179 
5195 109 
5199 503 
5214 99 
5244 164 
5250 55 
5263 440 
5285 40 
5296 1368 
5304 296 
5367 490 
5370 92 
5374 106 
5443 52 
5455 397 
5487 326 
5501 189 
5579 181 
5689 598 
5692 234 
5740 216 
5744 178 
5749 584 
5755 188 
5760 1252 
5773 780 
5794 326 
5816 138 
5847 38 
5899 60 
5900 71 
5912 59 
5993 37 
5994 95 
6010 71 
6022 43 
6025 292 
6042 95 
6059 72 
6141 62 
6153 34 
6157 58 
6158 121 
6161 128 
6179 110 
6230 216 
6273 77 
6285 323 
6336 27 
6367 40 
6373 110 
6389 54 
6409 285 
6417 105 
6442 26 
6458 20 
6512 344 
6575 115 
6599 14 
6611 551 
6615 265 
6624 164 
6660 110 
6664 32 
6743 51 
6753 17 
6782 258 
6797 205 
6825 56 
6889 319 
6936 97 
6937 287 
6937 625 
6941 130 
6968 153 
7000 382 
7004 328 
7016 543 
7031 308 
7049 477 
7058 17 
7061 187 
7074 320 
7127 61 
7140 2975 
7165 352 
7170 228 
7196 193 
7208 103 
7213 28 
7272 98 
7277 158 
7299 61 
7335 47 
7361 26 
7371 34 
7376 24 
7407 49 
7430 201 
7444 7 
7445 72 
7481 35 
7524 562 
7575 327 
7583 87 
7587 26 
7619 658 
7622 116 
7642 284 
7644 4 
7685 571 
7714 1414 
7783 24 
7790 90 
7824 107 
7848 702 
7860 46 
7875 48 
7878 2 
7984 46 
8000 24 
8061 31 
8062 1186 
8075 145 
8089 349 
8095 740 
8095 34 
8104 19 
8116 821 
8143 223 
8144 347 
8207 284 
8244 137 
8246 802 
8259 53 
8285 89 
8289 476 
8370 1612 
8391 314 
8468 125 
8655 69 
8833 82 
8839 176 
8840 51 
8859 44 
8864 8 
8883 20 
8929 280 
8938 58 
8978 119 
8979 96 
8996 79 
9000 171 
9075 74 
9130 78 
9136 143 
9227 408 
9255 127 
9264 15 
9267 72 
9293 202 
9357 81 
9409 1581 
9475 144 
9481 89 
9594 506 
9653 101 
9673 341 
9695 197 
9755 52 
9784 363 
9811 91 
9824 70 
9844 51 
9848 60 
9867 68 
9897 151 
9967 34 
9976 395 
10016 38 
10058 37 
10085 436 
10089 137 
10118 180 
10120 669 
10188 166 
10222 183 
10282 273 
10334 146 
10434 126 
10517 51 
10662 126 
10741 329 
10744 162 
10894 306 
10898 83 
10903 13 
11103 109 
11111 254 
11186 174 
11262 157 
11356 97 
11379 952 
11410 168 
11452 231 
11468 29 
11516 34 
11536 194 
11596 463 
11740 35 
11763 752 
11894 186 
11940 1305 
11944 226 
12033 102 
12141 195 
12276 45 
12300 18 
12387 54 
12617 16 
13034 60 
13096 51 
13134 207 
13155 51 
13155 111 
13347 203 
13426 69 
13570 234 
13919 524 
14019 158 
14059 88 
14131 91 
14259 166 
14511 47 
14565 13 
14592 121 
14624 105 
14675 39 
14769 63 
14845 85 
14862 564 
15141 139 
15392 33 
15428 92 
15434 37 
15465 45 
15487 43 
15491 59 
15544 135 
15680 113 
15803 81 
15859 130 
15888 461 
15916 25 
16047 91 
16080 321 
16141 269 
16180 106 
16271 99 
16348 93 
16395 37 
16628 104 
16659 95 
16750 94 
16782 119 
16867 47 
17247 1457 
17288 239 
17313 28 
17348 114 
17439 465 
17444 89 
17476 1297 
17529 256 
17547 1077 
17572 374 
17598 1216 
17605 603 
17684 140 
17697 320 
17745 116 
17748 360 
17764 1007 
17769 374 
17842 221 
17908 253 
17916 136 
17998 1636 
18062 201 
18104 231 
18155 215 
18170 151 
18247 36 
18405 294 
18407 64 
18429 464 
18493 1230 
18543 1006 
18543 1006 
18575 682 
18575 682 
18584 35 
18584 35 
18588 99 
18588 99 
18630 750 
18673 3297 
18717 42 
18741 678 
18843 22 
19056 139 
19194 430 
19329 141 
19538 116 
19795 1234 
19890 28 
20030 637 
20038 780 
20066 433 
20073 582 
20150 277 
20186 213 
20189 167 
20207 673 
20402 65 
20408 122 
20442 54 
20630 106 
20665 318 
20715 233 
20747 58 
20753 1369 
20785 63 
20788 98 
20790 309 
20792 488 
20793 724 
20800 162 
20822 186 
20826 1349 
20830 75 
20836 89 
20837 123 
20839 620 
20843 200 
20868 1515 
20895 514 
20914 1017 
20938 616 
20961 1268 
20986 234 
21036 77 
21047 775 
21059 428 
21067 1553 
21081 93 
21089 259 
21115 56 
21132 313 
21171 73 
21206 1353 
21209 424 
21238 88 
21269 41 
21273 474 
21281 1076 
21284 87 
21315 1503 
21345 85 
21368 553 
21369 76 
21375 160 
21431 975 
21457 586 
21476 49 
21501 120 
21518 335 
21522 220 
21523 604 
21532 152 
21551 361 
21571 190 
21588 41 
21588 1313 
21593 46 
21599 192 
21680 57 
21692 279 
21695 107 
21696 41 
21698 697 
21745 102 
21800 133 
21871 100 
21990 213 
22118 134 
22141 203 
22153 524 
22196 51 
22214 214 
22293 295 
22361 734 
22413 70 
22509 317 
22572 210 
22684 74 
23230 89 
23337 13 
23347 132 
23374 1161 
23403 155 
23450 242 
23521 23 
23603 1230 
23627 647 
23653 313 
23681 1264 
23707 930 
23850 75 
23890 534 
23947 68 
23997 303 
24016 72 
24088 212 
24139 225 
24154 18 
24155 106 
24161 59 
24174 23 
24409 149 
24411 748 
24437 81 
24473 253 
24483 118 
24483 241 
24577 34 
24647 12 
24705 134 
24707 74 
24770 269 
24782 2548 
24805 463 
24820 174 
24832 63 
24833 683 
24854 156 
24870 98 
24884 350 
24890 372 
24934 61 
24967 46 
25047 462 
25128 410 
25196 352 
25210 36 
25216 128 
25267 624 
25272 161 
25284 321 
25293 1446 
25298 32 
25307 26 
25351 84 
25445 23 
25487 301 
25537 173 
25594 97 
25636 681 
25660 116 
25686 75 
25868 92 
25911 31 
25921 1410 
25936 1482 
25968 69 
25988 6997 
26005 503 
26041 557 
26073 137 
26090 21 
26121 63 
26187 145 
26189 743 
26242 168 
26252 941 
26266 122 
26269 133 
26272 166 
26278 45 
26287 907 
26332 374 
26356 307 
26371 250 
26375 548 
26375 359 
26378 35 
26387 155 
26389 895 
26443 668 
26476 97 
26479 1018 
26479 48 
26486 260 
26496 1470 
26535 199 
26563 126 
26570 241 
26590 117 
26621 273 
26626 894 
26651 886 
26654 1435 
26658 315 
26660 34 
26685 35 
26713 296 
26728 2240 
26732 174 
26754 28 
26819 1014 
26823 265 
26884 586 
26888 101 
26891 1034 
26908 21 
26949 560 
27074 467 
27095 77 
27106 597 
27188 1518 
27278 399 
27520 160 
27621 342 
27636 1032 
27672 2318 
27696 660 
27739 28 
27963 67 
27987 51 
28071 118 
28133 373 
28215 213 
28219 1431 
28242 78 
28282 112 
28425 178 
28507 18 
28518 889 
28518 225 
28541 138 
28577 622 
28603 554 
28615 847 
28646 29 
28656 25 
28711 53 
28761 143 
28779 369 
28872 152 
28893 8 
28907 306 
29001 343 
29074 58 
29146 345 
29185 59 
29189 883 
29211 265 
29235 88 
29235 460 
29301 295 
29361 1182 
29469 294 
29478 199 
29485 56 
29512 26 
29550 562 
29627 2128 
29682 728 
29684 63 
29732 479 
29764 881 
29780 314 
29799 92 
29807 2314 
29825 1819 
29882 44 
29908 66 
29932 57 
29934 305 
29945 846 
29945 846 
29994 170 
30066 147 
30107 270 
30152 571 
30191 153 
30200 34 
30239 239 
30241 492 
30243 451 
30270 310 
30271 179 
30276 907 
30321 310 
30326 685 
30379 960 
30379 309 
30397 577 
30462 552 
30473 511 
30503 46 
30528 280 
30580 932 
30580 25 
30646 296 
30646 1703 
30655 1183 
30851 175 
30876 7 
30912 621 
31094 183 
31170 237 
31175 48 
31245 51 
31288 263 
31443 358 
31579 32 
31761 946 
31881 548 
31896 227 
31918 1329 
32356 10 
32396 137 
32508 70 
32942 604 
33106 43 
33137 533 
33273 57 
33392 1387 
33397 59 
33428 510 
33547 113 
33572 173 
33608 123 
33614 87 
33714 102 
33727 165 
33732 325 
33772 76 
33798 1620 
34460 151 
34480 44 
34493 7 
34873 3 
34908 416 
35110 2 
35393 23 
35736 46 
35760 48 
36065 47 
36253 231 
36317 15 
36370 67 
36502 721 
36713 140 
36740 128 
36762 47 
36908 69 
37030 383 
37111 25 
37146 47 
37253 182 
37268 122 
37344 99 
37501 182 
38570 31 
38742 55 
39010 24 
39311 117 
39383 13 
40146 85 
40258 177 
40296 138 
40501 23 
40550 265 
41235 27 
41312 80 
41922 105 
42098 148 
42657 48 
44003 0 
44204 265 
44524 149 
44611 659 
44954 366 
44981 440 
48467 162 
51623 75 
52678 34 
54070 98 
63709 40 
65889 118 
66184 116 
67649 47 
69906 34 
70528 118 
71354 33 
72782 47 
73750 60 
74068 12 
75919 169114 
75963 1262 
75965 1560 
75977 100 
76008 557 
76016 2212 
76036 409 
76047 994 
76051 170 
76055 307 
76134 96 
76150 278 
76168 1001 
76171 110 
76197 48 
76202 184 
76224 607 
76334 134 
76363 317 
76417 222 
76505 82 
76551 316 
76578 502 
76621 279 
76627 199 
76864 167 
76916 535 
76955 133 
77135 82 
77288 1300 
77299 186 
77334 451 
77538 427 
77559 50 
77947 52 
78104 811 
78709 516 
79048 71 
79649 210 
81350 361 
81759 216 
82141 847 
82183 34 
82216 493 
82342 74 
82350 487 
82484 52 
82569 309 
82818 92 
82981 46 
83447 134 
83670 89 
84419 95 
84556 3439 
84638 702 
84746 710 
84874 110 
85200 379 
85212 164 
85214 977 
85236 1003 
85265 262 
85313 281 
85320 347 
85432 672 
85511 590 
85517 909 
85550 1622 
85564 186 
85734 287 
85747 159 
85832 295 
85885 474 
85927 174 
86141 394 
86353 1044 
86444 48 
86622 104 
87184 478 
87205 561 
87300 165 
87466 276 
87490 122 
87774 660 
87839 985 
87859 37 
88357 79 
88552 137 
88975 386 
89040 277 
89389 238 
89522 153 
89801 16 
91039 254 
93403 47 
93482 81 
94145 89 
94281 372 
94791 530 
94800 107 
94902 191 
94931 342 
95634 701 
97671 39 
97946 199 
98356 174 
99183 37 
102190 1130 
102580 3011 
102608 630 
102611 154 
102627 1921 
102657 311 
102708 65 
102725 47 
102789 262 
103087 118 
103191 1087 
103214 120 
103225 447 
103389 284 
103592 24 
103627 51 
103834 279 
103925 293 
104189 34 
104240 659 
104323 68 
104345 51 
104364 4252 
104376 1251 
104393 443 
104509 147 
104529 384 
104626 220 
104712 433 
104751 137 
104762 400 
104782 279 
104788 165 
105150 25 
105304 234 
105480 633 
105575 451 
105666 31 
105691 258 
105709 42 
105861 121 
106788 528 
106912 405 
107369 154 
107434 715 
107466 630 
107479 183 
107491 510 
107544 159 
107556 123 
107566 234 
107626 776 
107767 224 
107781 291 
107889 484 
107988 174 
108048 320 
108096 167 
108130 166 
108186 80 
108249 529 
108293 43 
108429 230 
108455 107 
108559 93 
108605 113 
108902 86 
108927 268 
108998 63 
109031 888 
109714 379 
109747 44 
109771 138 
109872 210 
109935 41 
110488 40 
110652 93 
111368 127 
111407 188 
112109 583 
112143 187 
112157 3620 
112336 131 
112376 152 
112463 222 
112536 46 
112569 68 
112589 76 
112658 343 
112873 605 
113017 908 
113081 178 
113219 116 
113374 540 
113397 382 
114159 333 
114231 69 
114358 32 
115039 117 
115286 44 
115426 163 
115720 163 
115793 142 
115890 199 
115942 61 
116215 145 
116981 156 
117377 283 
117669 294 
117744 302 
117909 216 
118184 84 
118444 103 
118831 159 
119157 77 
119323 37 
119444 200 
120094 399 
120299 64 
120792 208 
120848 37 
121325 12 
122866 19 
123651 34 
124184 24 
124218 11 
130007 40 
133035 56 
133310 61 
134653 31 
140238 48 
147609 2558 
147834 849 
148440 528 
150416 156 
150782 686 
150971 469 
150973 19 
150977 146 
151172 56 
159598 156 
160733 360 
160774 563 
167489 17 
168099 11 
168589 23 
170345 581 
170350 407 
170369 1430 
170371 2388 
170375 379 
170399 227 
170405 192 
170406 420 
170409 133 
170410 355 
170425 1325 
170427 1968 
170437 62 
170472 537 
170478 849 
170493 1190 
170495 95 
170497 402 
170531 546 
170534 478 
170558 286 
170575 432 
170578 117 
170593 79 
170602 533 
170613 461 
170634 254 
170634 795 
170672 762 
170681 167 
170712 316 
170713 600 
170791 588 
170819 9 
170831 580 
170850 1437 
170962 1042 
170987 28 
171016 85 
171048 292 
171080 163 
171099 469 
171193 1079 
171220 274 
171237 537 
171324 462 
171375 124 
171400 130 
171422 59 
171445 90 
171504 185 
171542 5104 
171563 284 
171588 505 
171611 835 
171618 719 
171623 92 
171658 132 
171731 448 
171753 235 
171757 304 
171773 143 
171776 154 
171815 489 
171880 100 
171889 331 
171909 224 
171962 913 
172035 100 
172112 276 
172139 638 
172204 331 
172236 1059 
172262 226 
172285 336 
172293 77 
172317 1580 
172376 306 
172385 3440 
172391 935 
172439 491 
172451 258 
172458 576 
172493 518 
172520 223 
172531 236 
172561 161 
172563 347 
172664 70 
172688 428 
172689 308 
172741 809 
172798 975 
172805 348 
172807 175 
172843 189 
172847 1252 
172874 409 
172874 604 
172916 808 
172924 232 
172961 355 
173040 267 
173173 905 
173245 104 
173253 902 
173281 151 
173329 211 
173403 333 
173511 263 
173548 413 
173582 77 
173587 465 
173685 20 
173795 252 
173846 163 
173929 313 
173937 770 
174243 129 
174579 152 
174660 221 
174687 288 
174819 300 
175415 71 
175462 160 
175497 448 
175641 2533 
175689 1266 
175910 599 
176157 3149 
176217 668 
176229 86 
176284 58 
176284 69 
176448 224 
176543 307 
176543 222 
176589 365 
176620 44 
176742 145 
176838 579 
176848 121 
177164 109 
177209 782 
177317 121 
177341 880 
177447 39 
177486 143 
177565 153 
177593 366 
177661 18 
177699 278 
177844 10 
178197 78 
178311 163 
178421 132 
178449 139 
178461 204 
178637 1746 
178643 37 
179332 782 
179409 55 
179544 316 
179555 186 
179603 27 
179752 204 
179822 159 
179931 360 
180216 58 
180349 106 
180708 84 
181134 43 
181347 108 
181562 162 
181761 86 
182205 93 
182232 1801 
182302 272 
182479 86 
182510 385 
183382 21193 
183407 540 
183424 2328 
183429 128 
183434 728 
183442 1317 
183447 139 
183462 245 
183465 1371 
183470 57 
183481 1629 
183483 97 
183513 192 
183527 381 
183542 257 
183551 294 
183599 497 
183609 89 
183641 101 
183698 39 
183719 216 
183747 115 
183766 164 
183806 68 
183816 71 
183819 316 
183838 357 
183839 151 
183841 257 
183845 45 
183885 195 
183908 1046 
183912 176 
183913 250 
183913 72 
183919 1549 
183938 261 
183952 1243 
184000 796 
184002 104 
184044 52 
184116 310 
184123 53 
184123 521 
184261 115 
184406 35 
184425 263 
184451 1882 
184459 239 
184462 176 
184469 98 
184469 166 
184512 425 
184558 305 
184562 230 
184576 128 
184582 345 
184712 2378 
184737 73 
184777 35 
184849 29 
184872 591 
184929 513 
184929 513 
184956 122 
184956 122 
185050 88 
185066 27 
185080 187 
185109 115 
185121 21 
185191 57 
185210 125 
185231 153 
185289 160 
185367 736 
185402 52 
185508 248 
185521 97 
185544 43 
185637 134 
185849 331 
185941 138 
185942 345 
185980 22 
185983 290 
185995 122 
186048 89 
186061 236 
186074 8 
186117 48 
186167 185 
186178 287 
186193 106 
186234 752 
186237 61 
186309 155 
186355 219 
186402 562 
186417 225 
186467 335 
186483 325 
186509 43 
186514 759 
186527 256 
186538 124 
186570 770 
186604 33 
186671 125 
186692 69 
186790 347 
186861 328 
186949 31 
187092 39 
187176 87 
187246 152 
187252 40 
187334 339 
187393 111 
187439 950 
187457 165 
187917 15 
187960 83 
188153 70 
188210 41 
188235 1328 
188298 227 
188308 18 
188316 82 
188321 152 
188332 46 
188356 511 
188401 804 
188413 1192 
188493 333 
188507 187 
188510 200 
188578 33 
188649 129 
188665 2546 
188696 129 
188705 24 
188717 123 
188730 235 
188744 68 
188936 21 
188952 31 
189038 79 
189042 1099 
189079 29 
189115 277 
189297 91 
189298 380 
189351 1162 
189399 759 
189457 389 
189519 105 
189691 1105 
189727 10 
189792 263 
189907 969 
189915 614 
189970 73 
190039 207 
190054 1710 
190082 682 
190088 704 
190151 1804 
190182 1119 
190184 79 
190190 244 
190222 395 
190245 37 
190256 470 
190290 746 
190380 1335 
190381 610 
190390 158 
190395 736 
190478 250 
190620 164 
190641 29 
190643 262 
190652 13 
190782 89 
190882 91 
190900 2313 
190922 244 
190923 391 
190942 1124 
190953 199 
190957 181 
191042 74 
191062 155 
191072 116 
191086 909 
191113 191 
191138 238 
191162 1653 
191211 136 
191239 214 
191270 20 
191274 119 
191290 181 
191334 101 
191448 183 
191554 577 
191696 116 
191759 93 
191989 171 
192058 152 
192171 126 
192253 105 
192290 162 
192554 100 
192561 227 
192926 403 
193043 30 
193101 87 
193232 5 
193447 167 
193577 208 
193660 45 
193669 204 
193761 63 
193928 37 
194178 23 
194583 108 
194654 329 
195119 42 
195259 173 
195331 213 
195407 22 
195617 62 
195638 1450 
195685 34 
195818 50 
195867 16 
195877 412 
196074 53 
196134 134 
196186 141 
196255 142 
196308 177 
196381 78 
196584 324 
197182 127 
197332 1587 
197432 74 
197745 369 
197796 190 
197801 1232 
197866 1025 
198281 265 
198295 142 
198352 442 
198411 37 
198636 518 
199879 583 
199909 7 
200827 39 
200883 44 
200975 113 
201386 12 
202043 61 
202299 588 
202513 426 
202660 43 
202976 78 
203241 44 
204196 59 
207332 38 
207536 155 
207604 156 
208406 223 
208976 667 
209026 57 
209661 51 
209860 44 
209871 26 
218045 458 
218480 73 
219592 1316 
219701 250 
223166 21 
229676 98 
232579 14 
233342 310 
235147 10 
236360 50 
239497 116 
239581 51 
241343 181 
241447 1720 
248573 325 
254099 91 
255106 299 
258779 54 
259638 47 
265489 169 
265736 68 
266274 286 
269141 12 
270244 41 
277870 15 
281366 16 
293177 166 
298388 120 
300197 1785 
301122 203 
301422 533 
307219 96 
318591 83 
329620 121 
331051 126 
343485 149 
343847 1599 
344332 197 
344464 225 
349275 494 
350616 16 
350711 415 
350858 896 
351129 632 
351201 660 
351252 157 
351642 580 
351642 580 
351830 33 
352445 90 
354509 70 
358941 141 
360372 750 
360511 2857 
360547 270 
360557 158 
360557 2426 
360557 372 
360589 352 
360607 341 
360625 1492 
360656 45 
360670 154 
360716 62 
360716 133 
360739 152 
360866 37 
360934 761 
361052 151 
361099 276 
361112 9569 
361161 57 
361165 424 
361193 197 
361212 302 
361265 154 
361334 584 
361336 102 
361383 40 
361424 235 
361466 215 
361474 415 
361514 111 
361520 123 
361559 265 
361576 142 
361645 107 
361660 101 
361661 49 
361691 29 
361696 30 
361697 207 
361740 154 
361775 99 
361825 154 
361878 69 
362068 41 
362200 153 
362243 139 
362460 107 
362490 195 
362617 176 
362746 82 
362761 493 
362829 936 
362887 538 
362890 354 
362914 134 
362964 284 
362965 177 
362985 171 
363019 101 
363047 379 
363064 86 
363098 73 
363102 179 
363118 94 
363127 133 
363142 572 
363169 1155 
363209 110 
363304 534 
363320 323 
363366 245 
363383 122 
363389 885 
363396 294 
363473 48 
363478 28 
363485 71 
363498 218 
363525 176 
363545 26 
363581 107 
363590 504 
363666 23 
363723 1190 
363725 164 
363737 82 
363790 1956 
363808 127 
363829 125 
363866 207 
363897 79 
363973 68 
364017 276 
364027 36 
364065 296 
364077 88 
364107 151 
364292 141 
364304 48 
364402 325 
364414 198 
364630 105 
364655 525 
364668 209 
364702 138 
364740 51 
364905 85 
364915 66 
364930 143 
364997 73 
365059 146 
365118 5 
365150 74 
365268 208 
365382 82 
365785 156 
365969 54 
366364 23 
366649 232 
366727 43 
366741 4 
367013 24 
367177 165 
367384 41 
367452 13 
367702 24 
368255 60 
368258 41 
368274 90 
368300 25 
368430 25 
369202 271 
369865 60 
370539 14 
370793 1139 
370851 361 
371817 918 
373670 274 
373732 83 
374430 9 
374543 24 
374724 3 
375066 336 
375347 456 
375397 348 
375489 78 
375873 25 
375936 226 
376041 114 
376158 129 
379752 13 
380252 32 
410320 55 
431920 91 
450666 7 
473649 309 
473700 309 
506324 1440 
506408 415 
506411 344 
519677 347 
548575 155 
550644 27 
