2204 5.09576388889
0 6213001 
8 151 
9 411 
9 84 
11 1528 
12 6848 
13 335 
16 205 
17 35 
17 294 
18 128 
18 30 
19 8 
20 344 
20 247 
21 56 
23 229 
24 15 
25 0 
27 72 
27 2691 
28 18 
29 93 
29 126 
29 161 
30 241 
31 284 
32 124 
34 242 
36 429 
36 1285 
36 301 
36 218 
37 2438 
37 35 
37 1141 
38 233 
38 451 
38 3222 
39 583 
41 434 
41 122 
42 448 
42 68 
43 74 
43 69 
43 9 
43 74 
44 91 
44 30 
44 2354 
45 18 
45 25 
45 566 
45 91 
46 1332 
46 324 
47 74 
48 2477 
49 105 
50 195 
51 131 
52 86 
52 180 
52 474 
52 54 
53 424 
53 65 
54 94 
54 63 
55 23 
55 139 
55 138 
56 1101 
56 6 
56 398 
56 300 
57 35 
57 11 
58 92 
59 1291 
60 221 
60 1404 
60 3746 
61 1327 
61 323 
61 85 
61 23 
62 63 
63 1106 
63 7913 
63 93 
63 196 
64 157 
64 116 
64 248 
64 391 
65 203 
65 63 
65 213 
66 286 
67 470 
67 222 
68 473 
68 104 
68 215 
68 406 
68 839 
68 923 
69 904 
69 424 
69 192 
70 241 
71 3884 
71 434 
71 49 
71 134 
72 78 
72 255 
72 192 
73 160 
73 56 
74 623 
74 212 
74 3597 
74 346 
74 69 
75 236 
75 18 
76 494 
76 27 
76 181 
76 1152 
76 1031 
76 189 
77 212 
77 193 
77 213 
78 36 
78 294 
78 58 
78 520 
79 1659 
79 117 
80 23 
80 433 
81 387 
81 60 
82 217 
83 212 
83 1027 
83 15 
83 125 
83 428 
84 156 
84 42 
84 478 
84 2195 
84 146 
85 224 
85 2012 
85 101 
86 125 
86 67 
86 178 
87 41 
87 174 
87 31 
87 5 
88 264 
88 166 
88 40 
89 33 
89 820 
89 137 
90 177 
90 223 
91 822 
91 209 
91 137 
91 175 
92 1111 
92 1931 
92 959 
92 222 
92 491 
92 294 
92 108 
93 243 
93 86 
94 47 
94 33 
94 151 
94 178 
96 469 
96 674 
96 269 
96 202 
96 69 
97 52 
97 198 
98 185 
98 79 
98 733 
99 63 
99 250 
99 324 
100 207 
100 133 
100 162 
100 79 
100 136 
102 2464 
102 81 
102 37 
102 331 
103 72 
103 245 
103 119 
103 503 
103 302 
104 138 
104 61 
104 1766 
104 45 
105 65 
105 56 
105 421 
105 2134 
106 56 
107 256 
108 494 
108 150 
108 801 
109 44 
109 1026 
110 80 
110 5001 
111 122 
111 2223 
112 181 
112 606 
112 119 
113 110 
114 58 
114 385 
114 111 
115 135 
115 46 
115 3037 
116 184 
116 708 
116 54 
116 393 
116 86 
118 10220 
119 127 
120 0 
120 47 
120 317 
121 743 
122 1403 
122 13 
123 1465 
123 233 
123 12 
124 113 
124 4437 
124 102 
125 67 
125 75 
125 215 
125 180 
125 1124 
125 88 
126 78 
126 1049 
128 33 
128 266 
128 77 
128 10 
129 44 
129 80 
129 9 
130 282 
131 64 
131 303 
131 57 
132 356 
132 76 
133 148 
133 217 
134 167 
134 360 
134 518 
134 158 
134 48 
135 1788 
136 257 
136 466 
136 741 
136 82 
137 175 
137 57 
137 39 
137 54 
138 88 
138 83 
138 60 
138 84 
138 113 
139 288 
139 77 
140 81 
140 400 
140 257 
141 143 
142 120 
142 151 
143 147 
144 163 
144 59 
144 101 
144 37150 
145 77 
145 509 
145 541 
145 489 
146 38 
146 27 
146 344 
147 85 
147 269 
148 3049 
148 16187 
149 80 
149 51 
149 83 
149 151 
150 225 
150 216 
151 375 
151 24 
153 126 
153 506 
153 167 
153 139 
153 11 
207 1772 
207 46 
207 128 
208 418 
209 250 
211 300 
212 158 
213 232 
213 61 
213 10 
213 719 
213 673 
214 55 
214 29 
216 106 
216 56 
217 128 
217 154 
218 499 
218 29 
219 305 
220 1004 
221 2491 
223 237 
224 75 
225 52 
226 29 
227 175 
228 256 
228 41 
229 235 
229 6 
229 221 
230 183 
230 7 
231 10 
231 88 
231 397 
231 50 
232 86 
232 416 
232 167 
233 217 
233 112 
234 314 
235 139 
237 76 
238 102 
239 39 
239 88 
240 17 
240 558 
241 3487 
241 3026 
242 1255 
243 133 
248 51 
249 34 
250 1929 
250 630 
252 4 
253 775 
254 927 
254 328 
254 240 
255 64 
255 36 
256 111 
259 962 
259 1564 
261 524 
262 8 
262 157 
263 49 
263 154 
264 49 
268 312 
270 103 
270 43 
272 63 
275 120 
275 15 
276 290 
276 345 
276 2174 
277 147 
277 2331 
278 57 
279 175 
279 427 
279 241 
281 147 
281 167 
281 215 
281 1530 
281 1043 
282 160 
283 82 
284 0 
284 1228 
286 2 
290 308 
292 226 
293 47 
295 857 
296 146 
298 147 
298 58 
299 61 
300 46 
300 6 
305 1485 
305 136 
307 1864 
308 244 
309 104 
309 769 
309 82 
310 202 
311 917 
312 355 
313 282 
313 33 
315 2 
315 373 
316 136 
319 288 
320 36 
321 52 
321 35 
321 12 
321 247 
322 160 
325 46 
325 343 
326 91 
327 78 
328 7 
329 289 
331 186 
333 2174 
334 97 
335 323 
340 98 
341 385 
341 165 
342 90 
343 454 
343 18 
345 71 
347 54 
349 23 
349 104 
350 1034 
355 491 
358 1602 
362 513 
363 67 
366 950 
366 46 
366 61 
367 103 
367 84 
369 182 
369 137 
369 227 
370 670 
371 91 
372 3 
374 89 
374 2041 
374 233 
375 48 
377 11 
383 69 
388 50 
388 110 
389 2174 
389 17 
389 250 
392 29 
392 64 
393 166 
394 55 
395 1953 
396 198 
397 1165 
401 958 
404 1206 
410 197 
411 167 
414 0 
416 394 
417 1722 
418 218 
418 21 
419 3433 
419 254 
419 326 
422 413 
430 31 
431 127 
432 113 
434 73 
435 137 
438 213 
442 48 
443 196 
447 66 
450 2480 
453 88 
453 2638 
454 79 
455 458 
457 225 
459 33 
463 59 
464 20 
464 3362 
464 285 
465 87 
465 164 
466 1227 
468 89 
468 52 
521 318 
525 1745 
526 156 
526 303 
527 262 
529 232 
531 75 
534 195 
535 73 
536 264 
537 231 
538 741 
538 376 
540 1135 
541 296 
543 140 
543 162 
547 225 
548 35 
550 51 
550 20 
550 205 
552 33 
554 40 
559 94 
568 29 
568 14 
574 330 
575 105 
575 246 
580 182 
581 206 
593 39 
597 757 
606 141 
606 42 
608 97 
608 156 
609 14 
612 731 
614 29 
618 298 
620 50 
624 98 
630 68 
632 87 
634 6 
635 11 
636 130 
638 276 
639 131 
641 305 
642 42 
644 376 
645 93 
647 187 
650 711 
654 82 
659 915 
660 1123 
667 21 
669 142 
671 64 
675 2165 
679 185 
687 494 
689 44 
689 56 
692 42 
693 172 
696 133 
702 0 
702 59 
703 136 
703 392 
705 161 
714 6 
716 172 
718 221 
719 97 
719 9 
722 165 
724 203 
725 270 
728 212 
729 151 
731 1165 
793 66 
799 17 
807 1 
814 87 
820 902 
822 20 
826 83 
831 54 
832 3729 
838 71 
841 154 
842 103 
846 30 
852 34 
858 479 
859 86 
862 423 
867 407 
870 73 
889 301 
889 89 
894 1149 
898 150 
901 80 
903 100 
904 67 
905 95 
908 86 
917 178 
920 23 
924 90 
926 99 
928 1522 
942 144 
948 38 
961 285 
971 81 
980 21 
983 47 
986 125 
986 2440 
992 110 
1001 130 
1025 821 
1026 93 
1030 34 
1034 225 
1039 1413 
1101 1246 
1105 80 
1111 43 
1117 110 
1119 115 
1133 120 
1141 1723 
1143 1060 
1147 24 
1152 326 
1157 1252 
1181 240 
1264 66 
1273 40 
1283 170 
1284 206 
1294 113 
1295 134 
1297 165 
1300 13 
1303 128 
1306 38 
1307 57 
1311 112 
1312 88 
1315 15 
1320 215 
1328 158 
1331 120 
1348 329 
1365 68 
1371 24 
1382 404 
1385 144 
1387 24 
1414 4 
1414 87 
1415 51 
1416 36 
1438 0 
1441 1195 
1447 140 
1447 106 
1448 61 
1451 518 
1465 11 
1468 171 
1474 20 
1476 2383 
1478 126 
1508 18 
1521 69 
1529 111 
1531 90 
1556 209 
1567 272 
1577 91 
1586 15 
1596 129 
1603 34 
1607 180 
1620 555 
1622 80 
1711 267 
1727 1186 
1732 59 
1746 44 
1769 27 
1771 71 
1772 13 
1784 103 
1789 109 
1793 1365 
1815 4116 
1832 32 
1842 4768 
1849 109 
1854 138 
1922 22 
1931 46 
1936 48 
1953 15 
1958 53 
1968 115 
1972 56 
1973 4622 
1975 250 
1977 19 
1987 171 
2005 5 
2008 8 
2012 210 
2021 358 
2025 246 
2045 133 
2050 136 
2053 235 
2067 6 
2076 1411 
2077 67 
2078 41 
2079 155 
2091 66 
2099 4290 
2099 72 
2103 961 
2117 175 
2121 47 
2122 42 
2124 73 
2138 478 
2158 167 
2195 52 
2204 183 
2210 678 
2214 512 
2219 93 
2238 1606 
2259 0 
2290 129 
2319 137 
2322 699 
2325 241 
2332 88 
2335 1518 
2335 248 
2339 39 
2340 41 
2366 61 
2391 64 
2416 470 
2422 21 
2423 239 
2473 212 
2485 115 
2553 159 
2585 113 
2598 14 
2603 2718 
2604 1214 
2616 2095 
2629 84 
2637 32 
2654 21 
2719 175 
2776 454 
2808 31 
2840 38 
2844 41 
2862 114 
2907 520 
2941 170 
2987 48 
3035 73 
3121 234 
3147 157 
3159 9 
3161 89 
3197 44 
3197 341 
3211 88 
3229 42 
3238 121 
3254 1196 
3265 43 
3271 490 
3273 294 
3358 907 
3377 6 
3463 628 
3487 2376 
3494 47 
3500 292 
3534 1595 
3543 17 
3554 761 
3615 37 
3625 86 
3636 6 
3667 1433 
3674 6 
3703 187 
3706 1165 
3742 470 
3761 190 
3788 10 
3794 84 
3804 154 
3804 203 
3815 1246 
3833 136 
3909 22 
3997 26 
4023 17 
4026 22 
4055 77 
4120 65 
4140 118 
4154 1165 
4217 30 
4226 227 
4238 83 
4303 46 
4346 41 
4364 544 
4367 1 
4444 944 
4510 92 
4545 42 
4573 22 
4609 333 
4644 41 
4661 20 
4748 313 
4890 5 
4894 206 
4942 853 
4960 124 
5052 0 
5071 51 
5072 283 
5134 140 
5172 920 
5179 9 
5183 618 
5199 3672 
5212 209 
5256 512 
5370 57 
5402 376 
5438 1437 
5443 37 
5518 33 
5532 564 
5564 1856 
5585 341 
5596 23 
5599 31 
5619 1435 
5708 39 
5768 0 
5906 358 
5909 194 
5939 146 
5945 16 
5970 112 
6016 271 
6100 132 
6104 237 
6212 340 
6247 56 
6351 553 
6352 863 
6431 57 
6534 1005 
6709 982 
6733 109 
6773 55 
6869 52 
6958 1659 
7054 727 
7095 10198 
7097 97 
7105 522 
7144 66 
7192 335 
7256 129 
7316 63 
7348 38 
7391 120 
7398 48084 
7399 28 
7419 527 
7463 16 
7479 5 
7556 2 
7575 141 
7767 2444 
7880 97 
7927 140 
7952 708 
7971 30 
8054 178 
8123 5 
8170 75 
8227 273 
8244 49 
8299 67 
8425 56 
8429 114 
8477 212 
8499 117 
8673 9 
8692 95 
8979 21567 
9028 1087 
9051 91 
9080 59 
9118 1246 
9193 1 
9207 75 
9536 315 
9623 1853 
9623 1853 
9697 63 
9888 24 
9960 3 
10288 234 
10395 34 
10440 83 
10485 753 
10546 39 
10586 214 
10681 65 
10721 955 
10849 156 
10857 128 
10920 6 
11064 138 
11068 52 
11311 1718 
11608 8713 
11669 1976 
11692 337 
11804 131 
11813 27 
11899 1399 
11911 316 
11938 491 
11968 117 
12215 81 
12234 30 
12411 256 
12593 16 
12742 1367 
12793 8 
12903 11 
13240 469 
13364 84 
13443 357 
13444 1559 
13694 17 
13725 58 
13746 4 
13834 479 
13890 443 
13932 1001 
14107 696 
14172 802 
14516 23 
14719 81 
14796 39 
14906 1 
15166 9 
15284 16 
15314 26 
15391 20 
15537 264 
15721 50 
15871 1 
15913 1172 
15929 6 
16295 26561 
16317 945 
16446 127 
16544 950 
16595 1055 
16652 686 
16660 183 
16714 797 
17241 189 
17338 1978 
17428 1430 
17590 848 
17629 47 
17690 657 
17701 101 
17806 290 
17992 32 
18111 7 
18265 132 
18385 17 
18688 18 
18761 633 
18845 5188 
18938 5361 
19423 1576 
19429 3 
19457 20 
19927 147 
20440 0 
20677 0 
20807 1 
20907 0 
21383 1198 
21490 115 
21512 1351 
21567 4 
21699 12 
21971 14 
22038 2909 
22512 107 
23043 485 
23147 232 
23282 1153 
23441 13 
24112 8 
24221 1809 
24310 5 
24507 21 
24559 69 
24565 91 
24791 936 
24791 936 
25964 4 
26002 128 
26198 266 
26475 254 
26669 1548 
26769 1466 
27265 1487 
27384 22 
27479 13 
27730 224 
27850 4 
28239 30 
28284 957 
28368 140 
28589 1319 
28854 1000 
28880 1699 
28906 720 
29024 38 
29312 115 
29369 847 
29829 368 
29838 3 
29901 236 
30482 2899 
30522 43 
30580 256 
30677 33 
30690 254 
30911 497 
31078 482 
31081 83 
31176 668 
31239 20 
31243 0 
31396 2530 
31644 3 
31666 91 
31684 5820 
31841 1021 
32119 357 
32301 328 
32318 675 
32356 863 
32382 2686 
32415 1551 
32430 8 
32636 5 
32784 774 
32810 822 
32848 3913 
33015 618 
33047 689 
33122 21 
33184 964 
33474 72 
33495 154 
33651 2608 
33800 806 
33894 1196 
33957 0 
34116 2596 
34158 3624 
34218 1229 
34653 0 
34721 1001 
34838 33 
34854 11391 
35092 1364 
35196 1357 
35287 587 
35339 510 
35454 539 
35963 287 
36009 18 
36502 21 
36595 1 
36671 425 
37189 495 
37420 555 
37538 75 
37559 167 
37590 733 
37678 1290 
37730 4069 
37785 719 
38082 260 
38086 79 
38118 456 
38206 116 
38430 35 
38445 4 
38463 127 
38884 1927 
38909 185 
39015 169 
39129 224 
39291 69 
39317 20 
39337 1553 
39412 3 
39551 1587 
39569 848 
39896 347 
40102 3666 
40103 1192 
40168 407 
40201 20 
40437 144 
40635 331 
41871 68 
41928 46 
41988 5 
42117 125 
42128 86 
42228 839 
42651 1545 
42777 3177 
42805 164 
42849 351 
42852 280 
42872 145 
42879 3 
42888 982 
42888 829 
42889 243 
42907 278 
42930 325 
43148 190 
43379 72 
43417 92 
44130 33 
44286 260 
44320 8734 
44386 4831 
44481 220 
44594 539 
44695 1120 
44698 78 
44840 9 
44901 28 
44955 115 
44986 310 
45176 473 
45227 475 
45252 225 
45597 6 
45646 2868 
45863 602 
45938 470 
45945 332 
46000 2696 
46231 1838 
46307 61 
46324 24 
46371 33 
47173 774 
47384 31 
47454 4 
47717 1614 
47746 0 
47818 420 
47958 662 
48021 111 
48204 443 
48321 1555 
48411 923 
48420 11142 
48426 512 
48446 721 
48570 1690 
48837 508 
48844 621 
48992 256 
49018 3481 
49026 4004 
49500 7662 
49971 590 
49992 466 
50060 533 
50523 687 
50947 929 
51085 544 
51371 115 
51399 53 
51433 97 
51454 432 
51514 0 
51521 0 
51608 451 
51728 246 
51787 1475 
51835 3946 
51865 685 
51962 1352 
52066 21934 
52085 1026 
52121 2488 
52233 482 
52357 230 
52555 420 
52656 63 
52686 501 
52715 0 
52724 381 
53004 261 
53011 211 
53143 536 
53204 288 
53235 5339 
53253 309 
53274 312 
53349 138 
53361 283 
53470 11 
53486 77 
53489 34 
53572 26 
53635 823 
54074 288 
54367 53 
54636 155 
54945 375 
55010 170 
55032 89 
55145 1051 
55145 1051 
55154 149 
55154 149 
55403 2 
55457 241 
55550 615 
55837 911 
56014 1 
56055 322 
56116 0 
56171 140 
56383 0 
56558 1103 
56624 472 
56696 126 
56755 445 
56806 112 
56844 2130 
56975 27 
57036 353 
57236 59 
57237 16 
57595 333 
57646 11442 
57716 490 
57988 1448 
58103 279 
58143 40 
58230 870 
58533 1009 
58553 3868 
58614 377 
58682 413 
58710 717 
58736 665 
59639 131 
59646 268 
59684 35 
59696 21 
59794 310 
60037 5 
60467 172 
60575 1037 
60673 534 
60711 174 
60747 298 
60783 1224 
60792 0 
60831 475 
60894 1241 
60935 6 
60973 1701 
60976 2168 
60996 1690 
61052 315 
61086 1553 
61192 356 
61232 77 
61266 1216 
61338 630 
61713 369 
61889 155 
61941 746 
62202 1335 
62307 2657 
62319 2858 
62423 901 
62430 1951 
62523 301 
62638 13 
62806 361 
62886 1342 
62963 677 
63137 404 
63144 1020 
63370 47 
63727 3497 
63788 17 
63837 162 
63863 822 
64093 122 
64121 805 
64205 1 
64210 1311 
64234 47 
64344 8 
64479 1163 
64529 3892 
64533 3429 
64599 248 
64611 312 
64630 586 
64693 194 
64925 854 
64973 386 
64974 148 
64983 490 
65005 44 
65145 477 
65250 392 
65438 35 
65545 1850 
65554 229 
65614 540 
65726 628 
65883 1059 
65960 1 
66005 2246 
66086 958 
66179 3226 
66266 424 
66278 79 
66283 98 
66357 85 
66357 1263 
66445 53 
66497 767 
66551 390 
66584 790 
66620 22 
66708 171 
66714 1168 
66887 183 
67139 130 
67442 113 
67551 4303 
67579 90 
67827 2409 
68042 49 
68233 255 
68411 122 
68417 279 
68447 488 
68498 331 
68512 123 
68609 103 
68667 88 
68747 355 
68944 1840 
69056 1258 
69315 108 
69636 1065 
69709 769 
69751 2159 
69808 23 
69937 942 
69964 91 
70005 240 
70076 209 
70246 207 
70453 2 
70548 169 
70589 257 
70589 257 
70780 767 
71141 321 
71343 1210 
71408 229 
71439 144 
71783 370 
71796 614 
71895 346 
71907 241 
71980 1789 
72033 49 
72218 1676 
72692 652 
73077 62 
73133 188 
73205 4304 
73261 297 
73289 1360 
73325 389 
73444 424 
73465 475 
73556 164 
73557 614 
73585 841 
73632 0 
73773 521 
73924 1897 
73998 370 
74041 1331 
74048 1196 
74178 1403 
74393 29 
74537 1856 
74722 108 
74733 457 
74812 2 
75064 187 
75238 122 
75245 24 
75288 227 
75456 0 
75578 0 
75638 15 
75676 0 
75748 1117 
75774 799 
76046 205 
76482 1750 
76548 758 
76674 1069 
76961 388 
77054 1184 
77085 115 
77095 3890 
77119 79 
77135 235 
77151 1277 
77154 34 
77299 418 
77332 230 
77491 0 
77768 0 
77769 2589 
78632 3455 
78712 386 
78843 1684 
79198 745 
79350 8 
79364 3630 
79394 1 
79462 388 
79557 363 
79928 3168 
79953 74 
80116 48 
80138 830 
80182 0 
80273 127 
80393 1314 
80408 824 
80410 932 
80434 19 
80466 2082 
80535 103 
80630 584 
80798 609 
81089 616 
81095 707 
81200 219 
81325 218 
81556 26 
81701 157 
81944 332 
82039 5174 
82057 101 
82081 111 
82436 63 
82984 62 
83076 420 
83114 827 
83419 40 
83448 293 
83637 620 
83714 1398 
83783 209 
83929 1366 
84031 412 
84092 57 
84143 956 
84285 1308 
84299 287 
84315 10 
84319 1869 
84326 216 
84718 514 
84999 103 
85103 479 
85149 1069 
85180 185 
85354 220 
85639 145 
85639 145 
85799 147 
86356 75 
86507 148 
86542 85 
86729 919 
87658 1213 
87669 294 
87691 119 
87910 12 
88206 302 
88222 296 
88325 207 
88400 197 
88417 528 
88500 1 
88742 44 
89175 72 
89425 1138 
89496 621 
89877 1386611 
89903 111 
89917 893 
89941 27 
89943 179 
89945 78 
89945 202 
89945 73 
89946 38 
89952 30 
89958 269 
89967 170 
89973 303 
89973 64 
89980 501 
89981 171 
89987 93 
89995 111 
89995 94 
89996 83 
89996 240 
89999 118 
90001 25 
90007 244 
90024 59 
90024 35 
90032 85 
90037 20 
90038 100 
90047 46 
90056 429 
90069 236 
90073 25 
90075 115 
90085 137 
90088 120 
90098 40 
90106 428 
90106 151 
90130 118 
90131 272 
90162 215 
90164 223 
90187 179 
90205 221 
90210 238 
90238 1155 
90243 89 
90247 105 
90261 171 
90263 129 
90271 44 
90333 213 
90346 29 
90354 176 
90391 39 
90395 258 
90396 14 
90407 320 
90411 71 
90425 225 
90438 23 
90496 56 
90515 134 
90551 22 
90584 1898 
90607 122 
90617 33 
90627 69 
90634 403 
90658 119 
90703 687 
90729 690 
90907 415 
90957 150 
90997 31 
91006 118 
91044 87 
91156 216 
91158 136 
91190 268 
91274 124 
91298 277 
91302 24 
91346 287 
91453 92 
91559 477 
91609 212 
91675 65 
91760 406 
91824 144 
91869 107 
91889 6401 
91919 0 
91931 338 
92644 35 
92728 25 
92733 104 
92847 100 
92915 6 
92922 58 
93049 1 
93130 778 
93145 114 
93186 1130 
93249 73 
93286 381 
93635 35 
94210 36 
94214 34 
94329 78 
94381 15 
94642 1641 
94835 0 
95076 53 
95092 57 
95431 105 
95449 22 
95532 109 
95778 532 
95794 224 
95867 303 
95873 64 
95932 12906 
96954 302 
97267 372 
97269 74 
97391 408 
97585 376 
97815 522 
98016 71 
98042 33 
98184 312 
98510 48 
98654 222 
98692 149 
99292 13 
99502 61 
99506 113 
99587 2 
99644 209 
99665 396 
99903 20 
100104 7 
100123 346 
100263 1 
100694 277 
102471 47 
102856 2945 
102878 890 
102935 1138 
103378 343 
103416 164 
103666 4125 
104829 111 
104902 271 
105811 33 
106218 43 
106882 2206 
107312 0 
108568 3813 
108849 2 
109317 486 
109705 56 
110091 340 
110164 29 
110300 335 
110897 620 
112730 519 
113194 41 
113990 2210 
114505 60 
114734 182 
115173 678 
115175 66 
115318 1974 
115634 1795 
115728 47 
115940 24 
116086 113 
116298 3480 
116933 13 
117001 32 
117118 0 
117273 705 
117292 362 
118101 9 
118261 925 
118428 61 
118703 685 
119312 1 
119572 3490 
119614 64 
119709 47 
119896 15 
119918 815 
119958 608 
120186 250 
120480 61 
122124 825 
122430 2821 
122975 37 
123735 972 
123974 83 
124001 38 
125673 184 
125963 300 
126227 11 
126327 1637 
126550 1380 
126576 488 
126610 243 
126956 344 
127095 550 
128028 89 
128489 330 
128493 0 
129475 736 
129486 795 
129635 112 
130271 1462 
130355 2506 
131089 135 
131753 313 
131845 1169 
131871 705 
132078 84 
132215 397 
132361 91 
132460 215 
132473 6 
132511 314 
133304 203 
133388 1120 
133502 388 
133516 832 
133538 5076 
133548 488 
134126 171 
134622 42 
135393 39 
135533 127 
135587 531 
135829 0 
136257 157 
136301 841 
136364 59 
137009 2 
138371 617 
138388 659 
138710 0 
138718 163 
138740 226 
138748 4579 
138822 210 
138859 123 
138887 19 
138938 2765 
139186 234 
139211 22309 
139429 263 
139632 1016 
139867 698 
139910 106 
139974 1866 
140260 32 
140398 441 
140461 1297 
140468 1274 
140879 25 
141128 824 
141506 766 
141695 0 
141872 136 
141919 1296 
141987 72 
142192 88 
142354 16 
143538 13 
143786 1699 
144161 321 
144305 2902 
144361 165 
144618 436 
145121 1442 
145379 1875 
145573 706 
145909 573 
146021 990 
146076 852 
146124 245 
146318 3415 
146769 155 
146776 79 
146800 0 
146800 0 
146807 1275 
146807 1275 
146812 6355 
146812 6355 
147296 92 
147758 548 
147767 991 
148027 4707 
148496 592 
148521 1418 
148612 623 
148866 177 
149003 454 
149209 932 
149326 555 
149337 629 
149399 441 
149491 882 
149600 492 
149620 133 
149928 944 
149936 202 
150229 261 
150603 84 
150623 221 
150634 1102 
150681 462 
150763 622 
151205 171 
151758 213 
152040 56 
152139 89 
152218 62 
152848 435 
152877 1379 
153021 400 
153072 175 
153183 1 
153578 2012 
153592 1589 
153664 111 
153969 133 
154077 71 
154201 350 
154303 247 
155160 335 
155583 6885 
155618 1380 
155889 61 
155962 388 
156077 47 
156161 1350 
156195 995 
156354 1103 
156583 275 
156587 423 
156587 852 
156745 1338 
156748 74 
156796 78 
156930 27 
157223 116 
157230 75 
157398 217 
157607 2707 
157724 135 
158293 0 
158584 311 
159232 506 
159237 1122 
159550 2078 
159833 0 
170654 2182 
170678 165 
172649 1636 
172670 1221 
172873 1649 
173031 129 
173380 833 
173721 146 
173793 40 
174280 1806 
174937 2 
175101 143 
175187 38 
175705 1092 
176180 1825 
176642 559 
177630 217 
177786 92 
178103 388 
180119 101 
180333 11 
180766 194 
182548 131 
185757 1 
186109 66 
186289 0 
187431 2578 
187755 18 
188122 1255 
189196 198 
190667 171 
190787 394 
191969 1282 
192910 128 
194774 4371 
194793 312 
196060 1385 
196644 233 
197493 223 
197638 66 
197822 378 
198085 1011 
198847 248 
201365 771 
202178 42 
202182 2074 
202690 2166 
203574 140 
203794 219 
205359 1500 
205967 313 
207274 365 
211962 68 
212215 1617 
213327 321 
213944 1211 
214959 0 
216309 39 
216489 147 
217147 688 
217610 201 
219393 1332 
220912 1415 
221279 82 
221284 12 
221610 519 
221702 187 
221721 1151 
221867 147 
221891 171 
221901 315 
221973 237 
222125 148 
222147 555 
222211 2855 
222666 220 
222754 197 
222901 236 
223002 47 
223711 14 
223779 199 
224027 2686 
224028 85 
224058 211 
224284 306 
224471 356 
224563 613 
224923 182 
225154 4 
225917 100 
226216 581 
226399 625 
226486 1125 
226676 725 
227109 142 
227137 362 
227530 526 
227609 227 
227690 1990 
228583 77 
228794 395 
229020 110 
229145 1202 
231229 1218 
231565 477 
231568 276 
231618 107 
232884 974 
234585 195 
235229 355 
235512 489 
235603 253 
236722 198 
236834 118 
238768 131 
240497 300 
241285 1053 
241493 515 
242579 303 
242928 86 
246756 1765 
248710 1629 
248762 601 
250590 7224 
250637 81 
251807 2680 
252402 18 
254465 1792 
256019 1417 
263932 533 
267816 63 
272903 218 
284581 146 
288350 76 
289834 1034 
291920 927 
292605 391 
301098 204 
304855 3960 
305024 202 
308076 39 
308560 110 
308720 275 
310657 136 
310826 562 
317556 1247 
323031 805 
324375 0 
325259 738 
326325 573 
326343 307 
327835 2591 
331253 367 
335220 49 
335537 89 
342820 74 
345222 1178 
350341 29 
352977 7 
359869 4 
363991 166 
373434 338 
379948 19 
385835 845 
390179 585 
404743 61 
405353 1211 
411391 0 
414837 275 
416029 161 
416443 0 
422959 352 
432124 90 
432866 0 
436640 231 
452320 1416 
460348 138 
463253 204 
470527 108 
474362 8 
480887 437 
490791 17 
495396 137 
500469 764 
502216 196 
502219 243 
503102 371 
503466 159 
504260 73 
508749 102 
578056 22 
584896 1283 
589366 176 
593997 25 
