2539 4.36394675926
0 294773 
8 352 
18 357 
18 63 
18 151 
22 86 
22 60 
22 68 
23 151 
24 265 
25 43 
27 38 
27 640 
27 81 
29 391 
32 476 
33 174677 
33 116 
36 804 
36 248 
37 197 
38 125 
38 188 
38 151 
42 240 
43 41 
44 12 
47 465 
49 71 
50 76 
52 23 
53 260 
53 971 
54 197 
54 143 
58 204 
58 191 
59 831 
64 147 
65 81 
65 3472 
66 122 
69 526 
69 81 
70 54 
70 220 
72 50 
73 12 
74 25 
75 43 
76 76 
77 403 
77 68 
78 32 
80 59 
80 12 
80 111 
81 141 
83 15 
86 58 
87 374 
88 93 
90 144 
90 108 
94 158 
94 270 
96 2024 
98 69 
98 113 
99 36 
100 16 
102 558 
104 113 
105 210 
105 17 
106 154 
108 39 
108 199 
111 50 
112 161 
113 387 
113 279 
114 63 
115 36 
115 101 
115 279 
116 250 
116 248 
118 71 
119 176 
119 205 
119 69 
120 69 
123 291 
125 168 
125 473 
126 204 
127 146 
127 44 
128 146 
128 328 
132 158 
136 123 
136 51 
136 25 
136 174 
138 20 
140 36 
142 164 
143 117 
145 36 
145 97 
147 36 
149 220 
153 14 
153 277 
153 9 
157 98 
157 868 
157 1883 
158 87 
159 155 
160 153 
162 140 
162 66 
163 275 
163 150 
164 388 
165 704 
165 191 
166 85 
166 26 
167 1596 
167 566 
168 355 
168 196 
172 4 
172 78 
173 54 
175 387 
178 287 
179 229 
180 58 
182 127 
184 218 
187 35 
189 6 
191 293 
192 27 
193 134 
197 108 
197 11 
199 200 
201 230 
203 94 
204 104 
204 1191 
204 157 
206 1332 
208 62 
210 444 
212 138 
213 6347 
216 60 
218 6 
219 33 
219 4 
219 53 
221 869 
222 103 
226 198 
228 42 
228 157 
233 60 
233 304 
234 25 
235 522 
236 325 
237 2 
238 67 
238 145 
241 235 
241 54 
241 1338 
242 767 
244 134 
245 175 
245 51 
245 197 
246 769 
246 90 
247 79 
248 91 
250 124 
255 97 
259 272 
261 115 
262 22 
264 29 
265 65 
265 4 
267 54 
271 34 
273 1665 
274 255 
275 2467 
275 30 
277 169 
277 780 
280 31 
283 46 
284 26 
286 1180 
286 661 
288 69 
289 96 
289 9 
290 361 
291 122 
292 522 
292 51 
293 780 
294 1335 
296 27 
298 9 
301 49 
301 63 
304 41 
312 226 
315 156 
327 66 
333 125 
333 528 
334 140 
334 121 
336 285 
340 122 
341 17 
341 281 
345 119 
345 80 
351 183 
355 724 
359 241 
359 104 
362 90 
362 127 
365 26 
365 92 
367 226 
369 144 
372 473 
373 1994 
373 39 
377 43 
379 251 
383 337 
385 51 
385 19 
386 350 
388 58 
390 75 
391 122 
399 44 
407 176 
408 44 
412 67 
417 212 
418 194 
421 102 
422 529 
428 85 
432 1232 
433 26 
434 139 
437 58 
437 291 
439 118 
439 111 
443 3 
443 260 
448 125 
450 79 
453 62 
453 11 
455 41 
455 104 
457 174 
458 41 
461 64 
463 675 
465 1367 
465 124 
467 355 
471 96 
485 128 
486 7 
488 835 
490 296 
497 259 
498 59 
501 263 
502 29 
502 240 
503 103 
503 18 
505 110 
505 153 
523 211 
525 145 
526 454 
526 34 
531 136 
533 504 
539 26 
543 88 
545 34 
553 15 
554 2 
554 87 
565 104 
569 13 
573 100 
573 454 
577 73 
578 28 
582 60 
583 100 
583 5 
584 158 
585 158 
585 213 
592 147 
597 118 
598 171 
598 72 
599 92 
612 142 
613 188 
614 292 
618 88 
627 25 
630 406 
632 141 
634 82 
636 113 
639 257 
640 400 
646 372 
647 25 
651 96 
651 422 
653 678 
653 135 
667 338 
669 32 
674 79 
683 103 
687 22 
690 523 
696 13403 
697 776 
698 513 
702 33 
703 254 
705 77 
710 39 
710 155 
711 99 
714 53 
723 37 
724 125 
725 88 
727 2089 
728 217 
729 93 
732 261 
739 245 
740 632 
740 156 
753 154 
754 6 
765 155 
767 147 
772 131 
774 178 
774 83 
779 74 
783 18 
784 304 
789 12 
790 211 
795 111 
804 280 
809 122 
810 12 
815 107 
820 19 
830 121 
831 72 
836 47 
842 72 
843 274 
846 174 
847 205 
864 145 
875 256 
878 434 
887 12 
888 72 
898 15 
904 69 
906 116 
909 67 
909 33 
916 79 
919 760 
924 82 
925 4 
932 85 
945 120 
958 28 
975 125 
975 100 
983 47 
989 288 
993 206 
995 28339 
1006 134 
1007 5 
1008 56 
1009 81 
1015 12 
1027 32 
1034 109 
1035 414 
1035 44 
1042 61 
1049 19 
1054 109 
1057 106 
1057 103 
1062 60 
1072 78 
1083 159 
1086 683 
1088 69 
1096 13 
1099 372 
1099 75 
1102 91 
1106 79 
1117 192 
1117 16 
1122 109 
1132 187 
1141 74 
1156 159 
1160 759 
1164 16 
1170 53 
1183 76 
1185 95 
1187 84 
1190 112 
1209 142 
1214 456 
1218 114 
1226 431 
1229 79 
1241 26 
1242 83 
1245 21 
1248 125 
1262 657 
1268 84 
1271 7 
1275 33 
1280 12 
1281 203 
1283 312 
1287 998 
1290 82 
1290 98 
1310 3 
1323 1238 
1326 215 
1344 124 
1360 11 
1362 29 
1365 329 
1369 144 
1385 93 
1397 419 
1403 35 
1416 44 
1436 121 
1438 125 
1443 79 
1448 143 
1457 33 
1458 36 
1460 188 
1461 15 
1465 41 
1469 278 
1470 155 
1471 719 
1480 26 
1490 421 
1493 109 
1496 70 
1499 433 
1503 158 
1503 148 
1506 114 
1517 140 
1520 91 
1526 219 
1528 14 
1551 98 
1562 118 
1583 135 
1584 180 
1586 94 
1612 113 
1617 117 
1625 127 
1628 630 
1657 152 
1661 31 
1662 104 
1669 93 
1689 553 
1702 505 
1707 200 
1727 280 
1735 84 
1757 79 
1766 17 
1785 0 
1797 104 
1803 486 
1806 279 
1828 136 
1829 155 
1830 348 
1832 192 
1838 50 
1842 213 
1855 27 
1857 393 
1869 8 
1876 44 
1888 116 
1889 146 
1894 580 
1904 161 
1918 6 
1920 7453 
1922 10 
1933 127 
1942 79 
1949 267 
1951 99 
1956 40 
1971 27 
1988 68 
1989 157 
1991 926 
1994 39 
2002 95 
2026 741 
2043 117 
2044 70 
2046 6 
2054 74 
2057 1153 
2058 2257 
2063 77 
2069 30 
2086 132 
2088 565 
2099 260 
2106 59 
2125 533 
2125 43 
2127 187 
2134 188 
2139 70 
2146 40 
2151 200 
2171 111 
2175 33 
2178 25 
2180 372 
2189 90 
2203 68 
2228 165 
2246 81 
2247 75 
2251 85 
2264 95 
2304 25 
2327 30 
2332 110 
2340 208 
2353 57 
2376 54 
2383 3 
2384 809 
2388 303 
2390 76 
2403 129 
2406 22 
2454 271 
2456 123 
2463 361 
2489 37 
2496 137 
2506 77 
2556 352 
2562 3 
2576 16 
2577 97 
2585 1735 
2607 11496 
2635 132 
2639 231 
2658 484 
2658 75 
2674 63 
2675 126 
2682 21 
2683 100 
2690 307 
2704 22 
2711 644 
2722 24 
2741 202 
2757 20 
2758 1641 
2759 25 
2783 207 
2788 154 
2794 69 
2796 107 
2809 358 
2823 110 
2828 43 
2828 538 
2844 178 
2875 35 
2884 15 
2900 110 
2923 18 
2923 19 
2932 62 
2933 204 
2950 76 
2955 55 
2959 15 
2982 138 
2988 59 
2988 97 
3015 35 
3032 92 
3048 51 
3052 84 
3086 66 
3108 304 
3125 42 
3130 37 
3133 111 
3138 101 
3151 130 
3172 42 
3217 20 
3228 502 
3251 347 
3258 24 
3259 104 
3267 195 
3273 75 
3294 104 
3294 53 
3315 60 
3322 335 
3324 760 
3328 20 
3337 463 
3352 239 
3353 52 
3377 23 
3379 678 
3381 60 
3388 42 
3395 13 
3424 92 
3426 11 
3486 43 
3491 20 
3494 22 
3500 50 
3511 17 
3524 116 
3569 52 
3571 99 
3584 70 
3618 355 
3619 40 
3620 69 
3622 43 
3648 316 
3654 47 
3655 70 
3660 213 
3666 17 
3671 136 
3678 176 
3685 30 
3692 56 
3694 202 
3700 172 
3703 105 
3713 9 
3714 224 
3729 123 
3736 340 
3750 235 
3762 289 
3780 63 
3789 286 
3795 12 
3796 54 
3821 41 
3847 152 
3868 257 
3870 386 
3893 15 
3897 23 
3900 10 
3908 33 
3909 163 
3919 72 
3950 72 
3962 13 
3974 1185 
3976 255 
3978 61 
4017 12 
4040 129 
4043 78 
4060 28 
4129 30 
4138 29 
4170 201 
4196 301 
4216 245 
4243 75 
4252 29 
4256 120 
4308 373 
4310 258 
4317 284 
4387 194 
4405 162 
4428 427 
4451 105 
4479 452 
4487 102 
4496 36 
4497 739 
4500 84 
4504 238 
4532 151 
4557 108 
4558 120 
4561 1 
4562 161 
4580 118 
4584 39 
4593 8 
4613 19 
4629 187 
4644 140 
4662 57 
4670 109 
4701 25 
4714 37 
4728 46 
4754 47 
4759 13 
4760 279 
4773 25 
4779 26 
4832 128 
4882 81 
4905 20 
4906 31 
4917 62 
5026 150 
5041 55 
5050 171 
5056 291 
5083 78 
5123 23 
5157 14 
5168 200 
5171 129 
5175 407 
5217 24 
5236 9 
5262 19 
5286 75 
5300 107 
5318 10 
5332 52 
5335 107 
5345 16 
5346 89 
5347 402 
5378 148 
5403 221 
5413 173 
5452 78 
5462 73 
5501 354 
5535 150 
5552 292 
5556 107 
5558 48 
5580 129 
5583 71 
5654 49 
5667 353 
5717 140 
5744 52 
5751 3 
5759 177 
5779 76 
5815 306 
5823 673 
5828 118 
5833 6 
5845 15 
5911 27 
5915 77 
5926 26 
5938 109 
5965 118 
6023 155 
6108 80 
6122 203 
6154 29 
6196 118 
6210 14 
6225 119 
6240 697 
6250 24 
6252 86 
6280 214 
6342 26 
6361 86 
6363 733 
6383 122 
6437 1625 
6464 137 
6482 162 
6532 37 
6537 253 
6568 70 
6599 28 
6620 293 
6631 32 
6781 23 
6796 190 
6818 32 
6841 18 
6845 100 
6888 72 
6936 23 
6945 27 
6971 126 
7023 105 
7081 65 
7091 6 
7097 39 
7108 24 
7124 83 
7133 254 
7165 44 
7205 44 
7206 137 
7214 14 
7219 140 
7255 55 
7259 77 
7275 311 
7278 144 
7286 602 
7313 78 
7317 34 
7330 228 
7333 67 
7395 89 
7430 240 
7456 27 
7466 149 
7480 10 
7496 229 
7500 11 
7501 211 
7509 38 
7521 142 
7526 13 
7543 35 
7547 60 
7578 138 
7587 39 
7616 4 
7626 89 
7689 319 
7705 60 
7749 72 
7762 246 
7791 65 
7792 49 
7793 30 
7806 128 
7811 201 
7865 171 
7943 163 
7950 13 
7952 37 
7952 123 
7971 12 
7981 42 
8046 85 
8067 102 
8079 192 
8084 169 
8212 4 
8213 50 
8222 54 
8242 131 
8256 62 
8281 15 
8324 84 
8339 98 
8352 70 
8375 13 
8391 17 
8391 168 
8419 49 
8430 130 
8441 73 
8441 1833 
8458 970 
8484 97 
8500 65 
8517 44 
8533 229 
8534 49 
8560 301 
8569 92 
8593 57 
8622 1206 
8701 62 
8751 19 
8766 572 
8766 138 
8766 23 
8800 17 
8806 28 
8813 10 
8836 28 
8872 57 
8884 14 
8897 446 
8903 67 
8914 119 
8921 58 
8930 22 
8950 178 
8950 159 
8959 40 
8964 31 
8987 14 
9026 725 
9037 234 
9063 11 
9080 88 
9108 1259 
9120 6 
9170 23 
9178 15 
9178 7 
9186 42 
9190 64 
9210 15 
9253 108 
9320 62 
9350 8 
9381 13 
9385 18 
9387 54 
9393 142 
9419 59 
9436 201 
9446 89 
9459 18 
9483 169 
9516 47 
9519 3152 
9547 51 
9562 187 
9586 18 
9624 84 
9717 53 
9719 19 
9807 172 
9826 110 
9826 26 
9841 47 
9850 97 
9870 46 
9879 398 
9893 14 
9904 27 
9917 138 
9945 24 
9954 45 
9981 561 
9993 125 
10020 37 
10035 45 
10061 42 
10074 91 
10121 137 
10128 10 
10161 19 
10179 119 
10195 44 
10287 28 
10296 221 
10364 152 
10426 14 
10451 104 
10462 200 
10464 89 
10474 28 
10513 12 
10556 227 
10569 41 
10592 12 
10649 7 
10651 146 
10684 8 
10701 30 
10711 29 
10728 42 
10731 17 
10734 3 
10748 25 
10928 441 
10944 76 
10989 68 
11000 455 
11142 53 
11160 45 
11165 45 
11175 16 
11197 89 
11313 98 
11331 8 
11391 71 
11416 17 
11427 356 
11436 60 
11478 63 
11487 133 
11491 45 
11549 19 
11554 71 
11560 83 
11573 66 
11591 226 
11611 173 
11622 13 
11654 75 
11661 85 
11661 8 
11666 20 
11760 12 
11840 13 
11878 21 
11910 87 
11913 99 
11931 85 
11937 30 
11967 86 
11984 9 
11987 95 
11990 63 
12030 195 
12030 195 
12069 89 
12111 36 
12116 72 
12151 49 
12183 21 
12205 36 
12235 62 
12268 20 
12318 47 
12322 28 
12340 41 
12358 44 
12480 666 
12491 89 
12516 34 
12518 614 
12560 34 
12582 72 
12611 401 
12658 678 
12735 40 
12742 677 
12746 127 
12760 21 
12775 659 
12786 12 
12807 607 
12814 177 
12838 9 
12862 193 
12867 70 
12923 69 
13023 34 
13067 163 
13081 79 
13083 51 
13142 30 
13192 3 
13198 129 
13202 110 
13202 45 
13207 107 
13267 203 
13288 85 
13325 15 
13343 123 
13441 33 
13453 46 
13460 318 
13491 104 
13521 118 
13534 94 
13535 511 
13540 11 
13610 135 
13619 22 
13661 424 
13727 139 
13833 36 
13842 25 
13861 21 
13897 87 
13904 53 
13943 226 
13948 31 
14041 67 
14156 172 
14158 31 
14225 134 
14253 21 
14291 4 
14325 128 
14326 15 
14417 133 
14440 100 
14472 14 
14510 108 
14575 178 
14579 155 
14663 288 
14681 89 
14728 43 
14747 273 
14798 71 
14802 540 
14863 54 
14879 74 
14881 131 
14900 31 
15160 56 
15167 34 
15238 114 
15330 51 
15336 4 
15364 827 
15439 1221 
15496 78 
15549 74 
15626 126 
15728 188 
15796 43 
15815 501 
15878 31 
15887 32 
15913 4 
15945 909 
15946 67 
16005 47 
16037 16 
16098 40 
16113 13 
16163 9 
16249 65 
16285 1811 
16299 6 
16309 7 
16318 50 
16430 29 
16550 67 
16657 23 
16700 7 
16776 117 
16805 70 
16806 12 
16872 80 
16910 43 
17036 53 
17342 18 
17352 121 
17435 20 
17440 50 
17455 4 
17603 135 
17675 259 
17752 93 
17772 17 
17796 154 
17861 48 
18026 20 
18056 135 
18067 59 
18076 64 
18152 42 
18175 179 
18192 76 
18276 21 
18375 73 
18377 12 
18380 133 
18382 44 
18384 57 
18393 147 
18463 26 
18467 58 
18514 66 
18531 112 
18544 244 
18643 49 
18675 272 
18680 96 
18886 2654 
18893 83 
18951 55 
18990 343 
19003 277 
19010 57 
19024 1457 
19039 21 
19049 303 
19063 41 
19102 502 
19104 864 
19130 5 
19138 2694 
19222 275 
19224 1630 
19240 38 
19241 21 
19246 97 
19247 59 
19251 1163 
19259 1138 
19270 151 
19276 121 
19286 785 
19286 718 
19309 154 
19317 1590 
19321 183 
19350 105 
19384 1598 
19387 131 
19394 770 
19395 2772 
19410 1204 
19418 513 
19442 393 
19469 417 
19472 2 
19480 861 
19516 75 
19520 228 
19529 526 
19534 109 
19547 149 
19601 1368 
19618 1179 
19641 92 
19683 425 
19722 609 
19737 577 
19758 34 
19781 847 
19783 47 
19788 142 
19813 443 
19815 921 
19824 235 
19825 290 
19826 450 
19844 168 
19845 240 
19853 192 
19921 669 
19952 980 
19981 555 
20008 754 
20028 576 
20035 189 
20036 210 
20043 115 
20044 125 
20051 310 
20054 235 
20062 194 
20064 3 
20067 188 
20120 162 
20152 699 
20163 430 
20181 97 
20196 184 
20201 1406 
20225 162 
20245 478 
20259 274 
20276 142 
20298 335 
20309 594 
20406 28 
20418 7 
20432 77 
20452 105 
20501 98 
20558 572 
20560 851 
20579 189 
20607 435 
20663 145 
20668 246 
20672 76 
20692 283 
20699 262 
20727 40 
20727 86 
20756 534 
20875 298 
20936 9 
20961 398 
20970 109 
21112 153 
21151 161 
21172 445 
21179 37 
21213 360 
21246 243 
21250 40 
21278 48 
21318 29 
21323 149 
21405 93 
21411 245 
21412 409 
21428 633 
21434 290 
21474 41 
21480 189 
21527 22 
21542 236 
21621 11 
21647 430 
21678 354 
21792 383 
21846 95 
21869 236 
21905 729 
21949 624 
21974 507 
21980 45 
21997 38 
22046 20 
22140 241 
22154 98 
22159 1006 
22180 335 
22209 82 
22215 274 
22236 102 
22250 201 
22258 778 
22324 129 
22344 218 
22349 389 
22351 977 
22356 33 
22359 36 
22364 657 
22385 112 
22420 465 
22423 52 
22436 185 
22437 1044 
22443 314 
22456 13 
22473 105 
22480 152 
22500 91 
22511 109 
22512 3 
22515 145 
22519 212 
22523 160 
22524 1042 
22525 270 
22542 549 
22545 178 
22554 130 
22564 1071 
22595 21 
22612 207 
22612 287 
22647 71 
22652 219 
22679 215 
22684 268 
22694 439 
22768 162 
22772 96 
22853 457 
22858 638 
22871 25 
22876 652 
22881 294 
22886 12 
22889 88 
22917 347 
22943 710 
22959 254 
23006 671 
23015 108 
23028 115 
23036 255 
23069 169 
23089 548 
23107 2057 
23168 139 
23181 647 
23182 113 
23227 388 
23234 242 
23241 107 
23267 21 
23275 27 
23300 173 
23306 245 
23330 350 
23350 256 
23378 159 
23380 269 
23413 445 
23567 11 
23651 222 
23675 375 
23678 39 
23717 613 
23767 188 
23778 6 
23800 33 
23817 150 
23829 34 
23842 94 
23846 63 
24011 23 
24023 42 
24093 24 
24096 36 
24142 1501 
24153 208 
24156 100 
24171 33 
24191 1399 
24235 45 
24259 85 
24269 655 
24278 173 
24282 44 
24328 89 
24409 182 
24451 275 
24477 203 
24502 12 
24568 14 
24584 67 
24663 137 
24893 156 
24959 22 
24960 45 
24992 499 
25045 90 
25087 1741 
25111 470 
25120 405 
25153 167 
25158 210 
25200 39 
25230 313 
25235 32 
25287 47 
25295 260 
25304 504 
25321 8 
25341 329 
25357 638 
25378 42 
25392 1044 
25408 640 
25507 496 
25511 60 
25576 204 
25604 395 
25604 29 
25678 51 
25686 20 
25699 221 
25715 9 
25727 65 
25731 25 
25744 576 
25852 94 
25878 220 
25899 118 
25915 2 
25929 80 
25960 8 
25976 31 
25985 107 
26020 125 
26055 1909 
26055 79 
26062 43 
26070 26 
26082 273 
26114 114 
26169 173 
26182 36 
26281 260 
26286 112 
26347 190 
26377 226 
26409 133 
26426 104 
26428 97 
26428 21 
26449 136 
26451 54 
26465 4 
26475 622 
26490 61 
26490 28 
26490 178 
26501 61 
26522 141 
26534 37 
26543 211 
26614 14 
26659 86 
26681 49 
26771 500 
26876 78 
26963 526 
26992 100 
27007 63 
27016 93 
27103 5 
27155 1 
27206 338 
27224 172 
27290 10 
27293 118 
27371 21 
27428 24 
27472 165 
27501 52 
27514 102 
27543 407 
27559 733 
27600 16 
27602 147 
27606 123 
27739 13 
27753 1810 
27766 161 
27775 135 
27824 252 
27837 86 
27849 280 
27850 50 
27860 124 
27878 188 
27907 131 
27909 272 
27966 119 
27968 82 
27980 12 
28258 16 
28306 104 
28375 13 
28423 9 
28468 30 
28494 88 
28521 302 
28523 14 
28561 118 
28579 11 
28642 321 
28733 14 
28742 150 
28789 25 
28831 101 
28834 33 
28840 63 
28862 143 
28876 39 
28998 7 
29029 3 
29056 939 
29060 84 
29084 447 
29165 2 
29231 90 
29231 143 
29253 50 
29287 11 
29326 478 
29458 52 
29489 5 
29491 499 
29519 75 
29536 44 
29585 478 
29597 779 
29613 66 
29618 99 
29624 1085 
29660 173 
29683 66 
29718 133 
29727 79 
29851 214 
29883 155 
29944 26 
29947 106 
30071 104 
30096 9 
30113 333 
30125 65 
30161 227 
30308 3 
30434 753 
30435 196 
30465 264 
30507 22 
30561 44 
30562 59 
30562 23 
30728 235 
30751 5 
30883 380 
31007 96 
31049 98 
31057 485 
31127 2592 
31151 39 
31193 86 
31200 143 
31212 89 
31221 150 
31240 283 
31288 525 
31292 23 
31334 596 
31349 400 
31356 30 
31370 15 
31377 206 
31385 189 
31433 86 
31433 397 
31437 1167 
31487 359 
31506 157 
31515 18 
31534 11 
31565 6 
31595 73 
31659 290 
31674 69 
31941 199 
32029 74 
32114 133 
32119 323 
32193 62 
32202 109 
32228 447 
32242 43 
32401 198 
32441 25 
32442 303 
32494 136 
32565 66 
32676 307 
32710 0 
32714 67 
32793 125 
32813 20 
32902 4 
32918 49 
32961 7 
32977 43 
32993 173 
33163 36 
33182 0 
33211 26 
33227 30 
33346 1238 
33346 107 
33349 65 
33421 750 
33432 913 
33439 583 
33440 1248 
33476 90 
33583 157 
33601 54 
33622 260 
33675 2 
33780 44 
33841 8 
33906 50 
33977 652 
34027 232 
34036 241 
34041 81 
34084 42 
34128 129 
34191 494 
34192 42 
34212 31 
34288 338 
34336 59 
34363 18 
34374 29 
34490 37 
34498 24 
34517 94 
34609 3 
34609 126 
34705 23 
34761 252 
34772 16 
34799 393 
34866 109 
35185 45 
35296 96 
35365 21 
35544 65 
35672 28 
35744 93 
35751 288 
35756 21 
35856 52 
35889 31 
35933 90 
36313 292 
36384 161 
36446 2 
36574 189 
36626 21 
36805 80 
36912 7 
36914 83 
36948 2 
36953 1055 
36956 82 
36969 302 
36976 41 
37029 2 
37049 5 
37052 6 
37090 56 
37217 8 
37219 30 
37229 160 
37256 59 
37299 105 
37303 318 
37306 24 
37329 42 
37339 212 
37360 77 
37369 56 
37383 37 
37426 3 
37428 511 
37503 98 
37556 113 
37597 635 
37635 194 
37646 14 
37670 289 
37691 35 
37784 238 
37785 71 
37793 142 
37810 14 
37877 64 
37954 108 
37970 231 
38129 282 
38195 5 
38429 6 
38496 8 
38496 293 
38503 51 
38539 20 
38574 683 
38627 572 
38660 4 
38704 119 
38740 89 
38824 22 
38890 626 
38944 170 
39023 1 
39032 375 
39075 64 
39122 21 
39193 164 
39239 63 
39242 898 
39242 20 
39272 198 
39339 45 
39409 81 
39531 95 
39609 43 
39611 9 
39806 67 
39822 4 
39837 14 
39929 21 
40159 649 
40240 83 
40242 10 
40268 17 
40293 31 
40362 21 
40369 122 
40374 37 
40448 199 
40500 48 
40514 4 
40620 203 
40644 55 
40780 830 
40920 1 
41010 217 
41108 42 
41167 58 
41209 73 
41279 76 
41422 230 
41424 48 
41457 1 
41580 45 
41699 94 
41700 177 
41780 33 
41961 80 
42025 5 
42341 7 
42450 143 
42457 6 
42539 13 
42597 32 
42682 190 
42699 11 
42709 15 
42769 1 
42862 3114 
42863 10 
42882 179 
42882 57 
42886 1026 
42908 738 
42911 19 
42915 110 
42919 1245 
42926 921 
42962 1422 
42970 359 
42977 265 
43011 951 
43012 1457 
43015 607 
43051 1804 
43085 171 
43095 402 
43112 144 
43138 40 
43149 385 
43163 206 
43220 181 
43238 17 
43249 43 
43295 32752 
43311 612 
43321 784 
43329 1031 
43346 17 
43349 173 
43362 33 
43387 108 
43423 633 
43480 284 
43486 1817 
43548 426 
43580 67 
43592 223 
43616 2445 
43620 66 
43625 175 
43627 633 
43629 139 
43629 559 
43651 125 
43682 102 
43689 1070 
43693 266 
43697 16 
43760 1162 
43812 57 
43849 7 
43856 383 
43859 175 
43882 2681 
43948 0 
43954 11 
43981 101 
43994 2 
44004 48 
44039 92 
44042 1480 
44075 1579 
44076 1304 
44084 361 
44119 663 
44121 460 
44130 13 
44144 1323 
44148 275 
44164 34 
44205 22 
44220 119 
44224 3 
44237 80 
44290 124 
44292 209 
44326 238 
44377 69 
44392 103 
44392 103 
44396 360 
44403 132 
44413 423 
44489 94 
44515 475 
44517 31 
44536 28 
44540 146 
44559 129 
44574 72 
44607 310 
44608 14 
44618 2173 
44723 60 
44762 29 
44766 70 
44782 193 
44797 523 
44879 96 
44908 131 
44911 2 
44919 49 
44931 324 
44963 44 
45202 21 
45298 131 
45348 12 
45471 113 
45586 66 
45599 28 
45602 165 
45614 120 
45632 104 
45634 30 
45679 49 
45837 51 
45993 472 
46133 341 
46179 81 
46202 49 
46224 23 
46299 51 
46320 219 
46349 585 
46392 719 
46423 288 
46447 24 
46467 52 
46502 38 
46543 300 
46564 378 
46631 508 
46642 196 
46718 526 
46731 44 
46757 3 
46828 33 
47032 7 
47110 24 
47236 379 
47413 220 
47452 103 
47466 11 
47488 718 
47496 124 
47629 7 
47683 302 
47744 19 
47755 23 
47761 47 
47776 183 
47987 3 
48001 76 
48077 405 
48179 10 
48599 343 
48870 23 
48892 14 
48905 0 
48914 121 
48975 369 
48976 116 
49042 9 
49047 237 
49156 5 
49195 40 
49441 1 
49672 23 
49752 86 
49802 26 
49809 352 
50089 16 
50148 4 
50215 9 
50247 165 
50418 95 
50832 392 
50929 341 
51148 305 
51224 114 
51437 7 
51834 72 
51921 182 
51941 8 
51971 18 
52006 1831 
52094 45 
52148 279 
52222 288 
52246 32 
52268 1066 
52361 62 
52394 6 
52523 1951 
52536 137 
52556 594 
52585 645 
52601 832 
52642 225 
52643 56 
52679 272 
52803 254 
52812 427 
52880 246 
52920 484 
53123 20 
53191 23 
53192 361 
53252 9 
53294 1436 
53306 395 
53336 973 
53344 1185 
53422 68 
53464 317 
53470 59 
53519 48 
53663 991 
53682 63 
53803 48 
53900 447 
53917 8 
54130 2630 
54152 66 
54153 437 
54178 160 
54180 357 
54180 335 
54202 153 
54216 136 
54231 149 
54240 199 
54240 51 
54256 21 
54273 145 
54297 154 
54359 202 
54427 297 
54439 144 
54482 4 
54538 197 
54540 467 
54552 35 
54768 172 
54785 99 
54831 107 
55390 186 
55557 5 
55718 87 
55884 628 
55979 175 
56064 80 
56640 48 
56875 10 
57578 15 
57585 11 
58856 122 
59510 64 
59588 47 
60637 48 
60734 589 
61423 1366 
62341 4 
62699 14 
63188 252 
63751 71 
64514 78 
64783 23 
64966 119 
65374 102 
65466 80 
65708 1742 
65913 104 
65924 86 
66897 1200 
67263 42 
67353 20 
67405 80 
67695 5 
68417 307 
69176 9 
69479 264 
69571 305 
69672 41 
70361 18 
71756 156 
72359 48 
73147 98 
73427 19 
73963 0 
74402 154 
74436 100 
75850 22 
76015 11 
76459 7 
76482 40 
76533 137 
76921 42 
76979 132 
77028 51 
77186 59 
77781 19 
77920 30 
78203 120 
78328 134 
78722 137 
78833 26 
78981 83 
79106 737 
79561 77 
79886 82 
80401 61 
80416 60 
80689 66 
80861 25 
81601 642 
82782 100 
83240 13 
84169 35 
84248 38 
85756 122 
86198 72 
87146 6 
87223 18 
87663 45 
87703 38 
87709 21 
88470 0 
88844 55 
89428 4 
89747 31 
89827 48 
91168 91 
92457 4 
92977 616 
95314 24 
95816 154 
97085 78 
97397 12 
98405 10 
98588 369 
98625 128 
100751 185 
101050 76 
102412 83 
103435 14 
103457 57 
106599 51 
108870 332 
108982 270 
109028 351 
109161 653 
109359 76 
109673 329 
109742 67 
114583 572 
116837 212 
117934 26 
118495 417 
118557 247 
121172 62 
123911 85 
125511 8 
126519 16 
126772 14 
129536 3299 
129555 357 
129574 730 
129580 193 
129603 482 
129627 422 
129657 735 
129679 1366 
129683 147 
129706 219 
130009 1056 
130151 721 
130880 955 
130982 169 
131179 15 
133345 38 
135384 860 
137554 143 
141029 1 
142156 52 
142404 22 
149316 86 
153128 10 
156977 8 
157527 21 
159284 1453 
162587 4 
163046 835 
165235 42 
166514 34 
168088 158 
168903 160 
168927 25 
169004 56 
169066 251 
170958 11 
171041 68 
173968 101 
175535 164 
175767 22 
177392 162 
179948 0 
181445 77 
181838 7 
181902 29 
182406 34 
182445 15 
195679 12 
203553 8 
207266 1485 
207980 460 
207996 903 
208043 73 
208050 1146 
208092 1019 
208129 485 
208209 5563 
208213 296 
208229 1277 
208271 90 
208285 652 
208333 242 
208350 665 
208423 17 
208720 100 
209062 0 
209454 16 
210241 103 
210539 22 
210558 267 
210858 78 
211599 7 
211697 415 
211753 2661 
211762 16 
211918 162 
215011 34 
218032 397 
218627 53 
218844 6 
218973 15 
219157 9 
219820 52 
220305 252 
221035 342 
222294 0 
235406 389 
235564 968 
235900 71 
237199 13 
237861 13 
238686 19 
244278 20 
249897 839 
253243 1 
259359 10 
265769 264 
268559 625 
269440 68 
269924 137 
271615 614 
273915 61 
275740 7 
276843 6 
276936 281 
277012 182 
277572 42 
278545 42 
278720 8 
280053 111 
280067 48 
280083 129 
280137 103 
280202 13 
280220 23 
280264 455 
280315 1 
280492 10 
280561 104 
281007 2886 
281026 2791 
281054 726 
281300 1743 
281331 53 
281361 531 
281367 1555 
281412 131 
281457 316 
281529 2 
281698 764 
281712 3241 
281732 322 
281747 31 
281783 749 
281808 406 
281831 1264 
281877 476 
282038 20 
282110 257 
282453 1028 
282500 263 
282629 261 
282634 412 
283066 62 
283371 47 
283833 294 
284750 85 
288032 1 
289807 55 
289822 1 
293234 1 
293874 67 
293907 4 
294623 12 
295927 2 
296159 112 
297792 220 
297869 130 
302291 10 
302385 15 
303866 32 
304698 56 
308745 597 
309505 5 
310618 74 
319425 152 
320005 0 
325403 173 
326127 16 
326262 24 
329306 336 
334121 0 
334163 0 
335758 88 
337515 34 
337915 5 
338175 15 
339025 0 
344356 5 
345093 3 
347529 1 
349448 30 
349524 3 
349651 5 
352376 51 
355478 0 
356275 159 
358489 49 
358489 49 
358616 482 
358735 56 
358761 14 
360907 36 
362808 137 
364292 133 
364306 2639 
370754 36 
372676 72 
372680 32 
372835 40 
372884 0 
372977 113 
372977 113 
373183 20 
374903 30 
378954 34 
386575 16 
390393 0 
396044 7 
396698 0 
407636 22 
410228 0 
414685 18 
419141 4242 
431266 509 
431776 20 
431983 81 
451245 1 
451677 9 
452345 10 
453827 3 
465831 5 
474448 13 
479928 1074 
480741 6 
496966 116 
502811 98 
511027 15 
517454 834 
520922 295 
534306 3 
534604 375 
534628 1181 
537783 9 
544084 10 
549729 56 
550369 214 
550489 28 
550950 51 
551224 612 
551671 84 
551739 103 
552285 44 
553398 3 
553417 136 
558020 750 
558050 30 
565190 0 
566013 8 
569255 1003 
574641 0 
582756 114 
584737 6 
587429 3 
589572 61 
592600 86 
