4327 2.65784722222
0 715314 
7 165 
7 1009 
10 1131 
10 683 
12 1676 
13 42463 
14 3925 
15 13835 
15 531 
15 1393 
15 373 
16 400 
16 487 
18 618 
19 2449 
20 417 
20 668 
21 115 
22 913 
24 2525 
24 10806 
24 526 
25 92 
27 2205 
27 544 
28 258 
28 306 
29 426 
29 425 
29 731 
30 2989 
30 1736 
30 12467 
30 159 
30 1093 
31 678 
31 22 
31 344 
32 687 
33 378 
33 731 
33 418 
33 597 
35 850 
35 411 
35 186 
35 156 
37 1229 
38 13 
38 614 
39 1021 
39 363 
40 155 
40 25 
41 671 
42 279 
42 467 
43 215 
43 271 
43 2840 
43 4353 
44 451 
44 926 
44 260 
45 49 
45 5855 
45 1032 
46 36 
46 826 
46 64 
47 2187 
47 993 
47 172 
47 431 
47 213 
48 584 
49 176 
49 524 
49 1436 
49 2879 
49 409 
50 163 
51 259 
51 134 
51 132 
52 2116 
52 1455 
53 289 
53 130 
53 283 
53 71 
53 450 
53 1002 
53 1383 
54 238 
54 891 
54 1281 
54 1153 
56 1667 
56 148 
56 684 
57 914 
57 1024 
58 742 
59 426 
59 223 
60 317 
61 194 
61 673 
63 288 
64 23 
64 293 
64 703 
65 596 
65 579 
65 603 
67 922 
67 1203 
67 1040 
67 320 
67 124 
68 228 
68 1507 
68 5968 
69 93 
69 3966 
69 186 
69 137 
69 285 
69 292 
70 144 
70 641 
70 83 
71 1843 
71 602 
72 474 
72 157 
72 1204 
73 132566 
73 241 
74 242 
75 24 
75 225 
75 1878 
76 200 
76 952 
77 235 
77 997 
77 1808 
78 162 
78 161 
78 77647 
79 696 
79 5789 
79 506 
79 584 
79 394 
79 3297 
80 264 
80 2217 
81 579 
81 147 
82 318 
84 1697 
84 142 
86 37 
86 814 
86 1764 
86 63 
86 273 
86 510 
87 133 
87 60 
88 1146 
88 1420 
88 592 
88 2937 
89 166 
89 436 
89 1649 
90 331 
90 90 
90 709 
90 267 
91 245 
91 1210 
91 1140 
91 49 
91 778 
92 106 
92 811 
92 626 
92 618 
92 1409 
92 301 
93 539 
94 594 
94 192 
94 153 
94 461 
94 3589 
94 1666 
95 5587 
96 612 
96 376 
97 3924 
98 236 
98 1019 
99 680 
100 1541 
100 515 
100 454 
100 190 
101 196 
101 307 
101 1044 
101 65 
101 529 
101 353 
102 427 
102 160 
103 650 
103 1039 
103 962 
104 522 
105 2305 
105 3625 
105 1586 
105 1314 
105 779 
106 1725 
106 561 
106 297 
106 7197 
106 443 
107 1288 
107 3720 
107 47 
107 542 
107 175 
108 18 
109 718 
110 69 
110 309 
110 25 
110 271 
111 3038 
111 979 
111 535 
112 455 
113 26 
114 64 
114 369 
114 267 
115 1578 
115 332 
116 682 
116 555 
116 568 
116 81 
116 116 
117 2074 
117 221 
117 13464 
118 762 
118 244 
118 1 
119 1402 
119 148 
119 366 
119 149 
119 470 
119 1186 
119 6 
119 656 
120 5525 
120 51 
120 67 
120 324 
120 165 
120 1679 
121 1560 
121 108 
122 306 
122 1578 
122 39 
122 78 
123 104 
123 88 
124 239 
124 1579 
125 46 
125 1035 
125 440 
127 381 
128 177 
129 777 
129 711 
129 174 
129 246 
129 178 
130 1044 
131 148 
131 1903 
132 95 
133 552 
133 2229 
134 749 
134 1011 
135 32 
135 3227 
135 321 
136 162 
136 2511 
137 661 
138 668 
140 1885 
140 347 
140 25 
140 313 
140 1396 
141 1380 
141 414 
141 1951 
141 12402 
141 562 
141 772 
142 983 
142 221 
143 166 
143 1422 
143 102 
143 937 
144 67 
144 359 
146 4 
146 287 
146 1057 
147 62 
147 168 
147 612 
148 66 
148 127 
149 7771 
149 40 
150 195 
150 125 
150 50 
151 54 
151 54 
151 616 
151 592 
152 719 
152 48 
152 594 
152 217 
153 6312 
153 2036 
154 165 
154 436 
154 263 
155 1240 
155 354 
156 903 
156 657 
156 73 
157 284 
157 10 
157 1276 
158 2287 
158 414 
159 1409 
160 935 
160 2703 
160 127 
160 651 
160 43 
161 775 
162 540 
162 1351 
162 38 
162 1026 
163 15 
163 74 
164 109 
164 1247 
165 3173 
165 3280 
166 5537 
166 512 
166 175 
167 176 
167 959 
168 169 
168 1090 
168 44 
169 50 
170 118 
171 35 
171 1326 
171 1057 
172 1730 
172 70 
172 246 
173 3902 
173 869 
173 10128 
174 5222 
174 1826 
176 132 
176 265 
176 738 
176 1613 
177 639 
179 398 
179 2585 
179 54 
179 357 
181 828 
181 132 
181 361 
181 159 
182 1001 
183 423 
183 111 
184 18 
184 474 
185 277 
186 78 
187 295 
188 3770 
188 112 
188 213 
188 298 
188 305 
189 1070 
189 93 
189 101 
190 251 
190 372 
190 136 
191 254 
191 758 
191 1439 
192 137 
193 248 
193 135 
194 817 
195 4732 
195 425 
196 842 
197 341 
198 54 
198 425 
198 253 
199 1645 
199 2723 
199 355 
200 84 
201 60 
201 1516 
201 820 
202 34 
202 1682 
202 177 
203 404 
205 504 
205 925 
205 255 
205 253 
206 31 
206 71 
206 1142 
207 811 
207 458 
208 607 
208 2585 
209 408 
209 508 
209 315 
209 86 
211 205 
212 288 
213 356 
214 53 
214 717 
215 215 
216 179 
217 32 
218 7765 
218 61 
219 2145 
220 2000 
220 332 
220 184 
221 23 
221 394 
222 1091 
223 172 
224 330 
224 203 
225 160 
225 476 
225 765 
225 3316 
226 54 
226 1224 
226 210 
226 250 
227 1567 
227 73 
228 2197 
231 234 
232 89 
233 158 
233 666 
235 13576 
235 1809 
235 766 
236 721 
237 1073 
237 154 
238 506 
239 1204 
239 36 
240 193 
240 287 
241 927 
241 180 
242 305 
242 972 
242 1543 
243 325 
244 320 
245 262 
247 636 
247 2073 
248 891 
249 1573 
249 474 
249 142 
249 1551 
250 92 
250 553 
251 9 
251 29 
252 644 
253 537 
254 327 
255 31 
257 449 
258 44 
261 650 
261 818 
261 87 
262 904 
263 717 
263 125 
263 337 
265 201 
266 277 
266 205 
266 2009 
267 25 
267 229 
268 1138 
268 771 
269 309 
271 2036 
271 131 
273 188 
274 595 
274 1850 
274 18 
275 160 
276 94 
277 2720 
277 647 
278 155 
278 67 
279 304 
280 135 
281 726 
281 3679 
281 1340 
282 7 
284 350 
284 155 
284 424 
285 567 
285 552 
286 68 
288 137 
288 159 
289 985 
290 575 
291 1628 
291 4374 
291 2160 
291 287 
292 50 
293 266 
293 445 
294 1364 
294 433 
295 413 
296 990 
296 1049 
296 317 
297 34 
297 844 
298 218 
299 13033 
299 101 
299 35 
300 67 
301 741 
301 247 
302 514 
302 29 
302 166 
303 2728 
304 3521 
304 76 
305 89 
307 730 
307 204 
308 669 
309 5424 
309 274 
309 1103 
309 4329 
312 388 
313 42 
313 4052 
314 964 
315 367 
315 549 
315 431 
316 757 
319 82 
319 386 
319 112 
320 1160 
321 146 
321 469 
321 75 
322 195 
322 1187 
323 11265 
325 141 
326 41 
327 304 
327 380 
328 217 
330 124 
330 86 
330 464 
330 390 
330 86 
330 65 
332 208 
332 167 
332 217 
333 6200 
333 415 
333 325 
334 1107 
335 735 
335 86 
336 174 
337 32 
337 92 
339 100 
339 193 
340 999 
340 2 
340 143 
341 1626 
342 720 
342 66 
342 66 
343 7076 
344 227 
344 91 
344 912 
347 12 
347 82 
348 1216 
348 83 
349 3108 
349 37 
349 38 
350 2687 
351 3366 
351 40 
352 93 
353 63 
353 123 
353 265 
354 87 
355 306 
355 208 
355 57 
355 1251 
356 541 
357 51 
357 754 
360 925 
362 1258 
363 411 
363 411 
366 96 
366 751 
366 1059 
367 6563 
368 53 
369 60 
370 81 
371 1035 
371 65 
371 696 
373 593 
374 146 
375 210 
375 1196 
375 1132 
376 639 
376 29 
377 1505 
378 1279 
379 370 
380 55 
381 297 
382 85 
383 29 
384 617 
385 19 
386 7913 
386 124 
389 393 
389 3583 
390 460 
390 8 
391 493 
391 634 
393 569 
393 2979 
395 681 
396 21 
396 1818 
396 1177 
396 430 
397 168 
398 6401 
401 1109 
401 2156 
401 787 
402 1210 
404 671 
404 239 
406 36 
406 308 
407 633 
407 501 
408 34 
410 107 
410 722 
410 14 
411 290 
411 153 
411 1554 
411 479 
412 947 
414 78 
415 202 
416 375 
417 957 
417 1717 
418 35 
419 2230 
419 99 
420 293 
421 96 
421 32 
422 699 
425 246 
425 583 
426 388 
427 430 
427 1203 
427 106 
427 95 
428 1087 
428 83 
428 115 
429 726 
429 2201 
430 552 
430 54 
430 364 
430 356 
430 20 
430 916 
430 1118 
431 34 
431 777 
431 1169 
432 228 
432 67 
434 203 
435 195 
435 93 
436 81 
436 973 
436 2260 
436 265 
438 1255 
438 2776 
438 106 
438 172 
439 242 
439 653 
440 117 
442 860 
442 984 
443 1956 
443 1051 
446 1247 
446 623 
447 1520 
447 226 
447 660 
447 143 
448 605 
449 66 
449 233 
449 586 
450 831 
450 148 
451 1877 
451 70 
451 12 
451 108 
452 61 
452 2713 
452 1186 
453 92 
455 86 
456 66 
456 768 
456 407 
457 668 
457 34 
458 291 
458 588 
458 784 
459 29 
460 1124 
460 315 
461 139 
461 1017 
462 1056 
462 1029 
465 1211 
465 2010 
465 278 
466 56 
466 101 
467 162 
467 2505 
467 775 
467 1101 
467 357 
468 1060 
469 648 
469 1851 
469 731 
469 361 
470 69 
470 329 
470 73 
470 3 
471 70 
472 1 
473 79 
473 770 
474 48 
475 556 
475 725 
476 314 
476 380 
476 1565 
477 619 
479 194 
479 102 
480 1260 
481 299 
482 90 
482 834 
482 1586 
484 2678 
484 983 
484 116 
484 622 
487 56 
487 29 
488 321 
488 183 
489 728 
490 115 
492 143 
492 562 
492 1181 
493 137 
494 147 
497 198 
498 175 
499 133 
499 438 
500 654 
503 67 
503 511 
503 5647 
504 3138 
504 754 
504 714 
505 223 
506 29 
507 3521 
508 96 
508 121 
508 1086 
508 694 
509 546 
511 132 
512 849 
512 147 
512 119 
512 126 
512 2079 
513 31 
513 20 
514 241 
514 513 
515 86 
515 1523 
516 874 
516 95 
516 208 
517 4510 
517 1416 
517 821 
519 458 
521 107 
524 3849 
525 786 
525 2702 
527 232 
528 445 
529 1751 
530 127 
531 61 
531 1377 
532 391 
533 1217 
533 1360 
533 64 
535 1517 
535 3848 
536 134 
537 111 
537 383 
537 120 
539 1054 
539 4421 
539 343 
540 1673 
542 237 
543 161 
544 881 
544 1087 
545 270 
546 683 
546 157 
547 120 
548 745 
548 1209 
548 127 
550 240 
550 226 
551 16 
552 593 
553 763 
553 944 
553 271 
558 158 
559 420 
560 18492 
560 362 
561 901 
561 37 
562 525 
562 1418 
563 2652 
565 178 
567 37 
567 26 
568 559 
569 502 
570 264 
570 180 
571 127 
571 248 
571 143 
575 1462 
576 22 
577 87 
577 60 
577 480 
577 437 
578 853 
578 1594 
578 1402 
578 59 
578 619 
579 925 
580 2099 
581 1916 
581 804 
582 103 
582 20 
582 293 
584 112 
585 559 
585 843 
585 211 
586 948 
586 1368 
587 25 
587 736 
589 1348 
589 25 
591 9020 
592 232 
594 465 
595 101 
596 219 
596 611 
596 126 
597 552 
597 10902 
597 472 
598 636 
598 79 
599 702 
599 957 
600 258 
600 176 
602 3272 
602 136 
602 186 
602 118 
603 561 
603 227 
603 299 
604 793 
604 729 
604 1740 
605 1599 
608 996 
609 100 
609 274 
612 496 
612 924 
614 163 
614 182 
615 374 
616 1096 
616 902 
618 71 
619 64 
621 714 
622 99 
623 643 
624 13 
625 127 
627 113 
627 192 
628 267 
629 1886 
629 491 
630 760 
630 455 
632 41 
632 155 
632 860 
633 1621 
634 78 
636 114 
636 830 
636 476 
637 482 
638 381 
638 115 
639 820 
639 186 
640 94 
641 2373 
641 175 
642 1245 
643 74 
646 365 
647 206 
647 643 
648 145 
648 99 
648 1714 
649 233 
649 1164 
649 2496 
653 124 
653 59 
653 1450 
653 359 
655 244 
656 1483 
658 527 
658 132 
661 18 
661 132 
662 281 
663 1177 
665 386 
665 903 
665 1097 
666 1779 
666 1486 
667 109 
668 418 
671 81 
671 1680 
674 235 
675 11 
677 1771 
679 480 
680 156 
681 153 
681 1273 
682 38 
683 22 
684 149 
684 41 
685 422 
685 272 
687 1155 
687 240 
690 840 
693 1290 
694 191 
695 439 
696 77 
699 4333 
699 395 
700 674 
702 518 
704 127 
704 525 
705 1089 
705 531 
706 241 
707 239 
707 1316 
707 283 
712 37 
715 667 
715 3647 
716 61 
716 89 
718 187 
719 705 
721 202 
721 116 
722 68 
725 372 
725 84 
726 1114 
726 544 
727 33 
729 70 
730 165 
731 75 
732 338 
733 406 
735 85 
737 274 
737 1372 
738 547 
739 519 
739 149 
742 458 
744 22 
746 2952 
747 309 
748 36 
749 645 
750 178 
752 620 
752 632 
753 1310 
753 663 
759 1037 
759 1226 
759 1538 
760 1408 
760 263 
762 2594 
762 715 
765 65 
766 182 
766 116 
769 528 
769 161 
769 398 
772 576 
773 21 
773 934 
774 826 
774 154 
777 233 
777 829 
780 218 
780 353 
781 88 
782 184 
782 767 
783 165 
786 277 
788 307 
791 588 
792 176 
794 324 
795 1148 
795 765 
795 1703 
798 333 
803 375 
804 1032 
808 154 
810 767 
810 47 
815 871 
817 327 
818 55 
820 25 
820 459 
821 456 
821 1049 
821 787 
821 1309 
822 649 
824 1252 
824 2377 
833 339 
833 1447 
834 679 
835 330 
838 447 
839 404 
839 98 
840 359 
843 1600 
845 2206 
845 62 
849 844 
850 311 
851 3229 
851 1399 
853 1912 
853 79 
854 558 
858 180 
861 52 
865 770 
868 2012 
873 118 
874 1696 
874 951 
877 81 
877 1035 
879 316 
880 991 
881 60 
881 169 
882 249 
885 1171 
885 169 
887 240 
889 667 
890 64 
892 112 
892 86 
893 428 
897 2139 
902 2335 
903 92 
903 430 
904 948 
904 529 
905 8 
906 55 
907 277 
907 819 
910 2013 
911 681 
916 363 
916 147 
917 368 
918 724 
919 341 
924 3181 
924 187 
925 116 
926 4952 
926 88 
927 29 
927 695 
930 981 
931 142 
941 232 
942 262 
947 28 
948 241 
948 1137 
948 137 
950 1166 
951 851 
953 106 
963 124 
968 281 
971 175 
971 708 
974 544 
979 263 
979 2548 
982 210 
984 606 
988 205 
989 87 
990 28 
990 205 
993 139 
996 638 
997 27 
999 486 
1002 1173 
1003 1294 
1004 101 
1006 26 
1006 591 
1009 228 
1013 201 
1018 1002 
1020 864 
1023 20492 
1023 1335 
1024 84 
1026 994 
1028 221 
1029 283 
1031 151 
1038 100 
1039 15 
1039 5092 
1044 268 
1047 239 
1051 849 
1055 1952 
1056 338 
1056 476 
1059 419 
1061 1038 
1065 1772 
1065 886 
1066 1079 
1066 221 
1066 162 
1069 259 
1069 3 
1069 5 
1071 2115 
1074 250 
1074 704 
1076 110 
1077 593 
1077 2333 
1078 113 
1088 35 
1089 284 
1090 18 
1094 471 
1096 1097 
1096 295 
1097 388 
1098 743 
1099 38 
1099 206 
1100 39 
1101 85 
1103 298 
1104 68 
1105 542 
1105 682 
1106 661 
1108 119 
1110 1135 
1111 439 
1112 282 
1113 20 
1114 218 
1116 385 
1117 461 
1118 129 
1121 1355 
1129 398 
1131 107 
1134 43 
1135 1659 
1135 58 
1135 1478 
1136 214 
1136 407 
1139 2383 
1140 100 
1144 1213 
1145 121 
1152 1216 
1154 738 
1156 201 
1157 129 
1158 1303 
1166 1419 
1166 358 
1167 402 
1173 2659 
1174 51 
1175 1950 
1178 2157 
1181 235 
1183 2187 
1184 72 
1189 16 
1190 3955 
1194 606 
1194 6231 
1194 164 
1196 515 
1196 672 
1198 772 
1199 934 
1201 1611 
1201 38 
1203 125 
1206 341 
1208 8 
1211 1471 
1214 215 
1220 213 
1221 1215 
1224 270 
1225 1596 
1227 306 
1232 127 
1232 583 
1233 32 
1233 1279 
1241 154 
1242 472 
1244 2803 
1257 147 
1257 5 
1262 151 
1265 1222 
1267 302 
1268 5 
1269 89 
1269 180 
1271 676 
1272 788 
1275 3062 
1285 375 
1285 111 
1289 447 
1290 13 
1291 160 
1293 33 
1294 140 
1295 479 
1297 799 
1300 98 
1302 153 
1304 6331 
1306 2154 
1308 1548 
1312 1397 
1315 1684 
1317 506 
1322 177 
1323 443 
1324 199 
1326 396 
1326 783 
1340 5590 
1343 11662 
1348 316 
1349 753 
1350 610 
1350 172 
1351 140 
1351 804 
1354 676 
1355 1163 
1355 20 
1357 115 
1362 924 
1365 935 
1365 379 
1368 1836 
1370 104 
1371 1581 
1372 1656 
1379 1738 
1381 662 
1383 618 
1392 508 
1392 182 
1394 129 
1394 271 
1395 3161 
1397 347 
1404 345 
1405 227 
1405 455 
1405 767 
1408 214 
1410 157 
1412 155 
1419 1055 
1424 668 
1434 283 
1434 246 
1439 31 
1445 531 
1447 777 
1457 1173 
1459 1302 
1462 573 
1463 2332 
1466 9 
1468 598 
1469 1794 
1470 1501 
1484 128 
1485 87 
1488 465 
1489 717 
1504 38 
1508 324 
1517 83 
1524 703 
1529 268 
1534 294 
1536 1557 
1536 239 
1536 1592 
1539 835 
1543 202 
1545 302 
1545 878 
1554 509 
1555 106 
1556 2996 
1569 1223 
1571 2020 
1574 228 
1578 2307 
1580 366 
1583 484 
1584 131 
1593 838 
1600 16176 
1602 1544 
1607 3456 
1608 1445 
1614 113 
1619 948 
1631 941 
1637 124 
1638 558 
1644 1476 
1645 62 
1646 1649 
1649 914 
1651 37 
1654 135 
1661 77 
1662 1337 
1662 827 
1664 298 
1665 61 
1674 132 
1676 20 
1678 1095 
1679 404 
1685 4411 
1689 339 
1701 713 
1709 557 
1709 10072 
1714 26 
1715 140 
1715 311 
1721 70 
1729 0 
1730 4175 
1732 40 
1732 185 
1735 197 
1736 831 
1740 1197 
1741 207 
1743 1123 
1748 1373 
1751 112 
1752 1036 
1761 24 
1773 203 
1787 396 
1789 229 
1790 213 
1795 5584 
1808 1616 
1829 1496 
1829 1200 
1838 252 
1849 43 
1852 1348 
1855 619 
1858 779 
1859 89 
1862 613 
1869 442 
1873 547 
1885 238 
1886 681 
1888 1498 
1891 130 
1893 134 
1894 550 
1895 2794 
1896 451 
1904 458 
1907 3893 
1911 264 
1916 144 
1923 891 
1937 708 
1948 1539 
1961 5659 
1964 1013 
1973 933 
1975 691 
1985 535 
1986 1089 
1988 585 
1991 1507 
1992 255 
1999 89 
2007 1022 
2009 32 
2010 1581 
2019 1346 
2024 8328 
2031 914 
2034 80 
2043 705 
2043 946 
2043 2417 
2048 6775 
2051 569 
2051 116 
2064 793 
2072 536 
2073 475 
2073 58 
2075 242 
2078 466 
2080 50 
2084 273 
2090 408 
2091 158 
2091 158 
2092 17099 
2099 1279 
2104 490 
2109 191 
2119 349 
2126 579 
2131 80 
2133 915 
2145 21 
2147 668 
2158 116 
2159 428 
2159 432 
2160 1231 
2161 846 
2163 362 
2170 429 
2181 266 
2189 236 
2190 47 
2191 144 
2192 3063 
2194 1135 
2195 1145 
2197 1058 
2201 180 
2204 1523 
2210 794 
2213 2427 
2227 865 
2227 82 
2235 1829 
2236 64 
2242 25 
2243 809 
2243 677 
2262 1077 
2268 297 
2277 1611 
2280 286 
2280 159 
2281 43 
2284 769 
2284 155 
2295 1001 
2302 1012 
2302 2073 
2303 654 
2303 455 
2304 641 
2304 922 
2305 536 
2313 1278 
2321 840 
2323 237 
2332 209 
2333 2156 
2341 1729 
2349 70 
2353 313 
2353 240 
2357 888 
2359 2659 
2360 977 
2375 221 
2380 1045 
2381 819 
2393 918 
2395 456 
2396 105 
2403 219 
2411 192 
2411 74 
2433 233 
2441 1276 
2446 381 
2449 229 
2452 1060 
2462 333 
2468 542 
2468 81 
2473 574 
2473 267 
2473 6680 
2475 133 
2476 890 
2485 895 
2486 19 
2491 470 
2491 1298 
2493 601 
2497 234 
2498 64 
2498 45 
2505 401 
2528 204 
2532 809 
2536 194 
2537 170 
2545 340 
2546 3241 
2547 227 
2555 111 
2556 304 
2563 1892 
2563 485 
2566 593 
2567 201 
2568 705 
2568 171 
2570 3610 
2571 157 
2574 309 
2575 3148 
2584 1161 
2588 1481 
2592 535 
2599 244 
2601 898 
2601 415 
2606 400 
2608 2601 
2612 887 
2613 579 
2613 1019 
2615 858 
2616 538 
2622 312 
2623 113 
2624 356 
2625 1485 
2626 193 
2630 24 
2634 423 
2638 127 
2641 356 
2646 1657 
2647 177 
2655 401 
2663 3632 
2666 2380 
2670 695 
2679 176 
2679 1328 
2680 16 
2683 1281 
2695 747 
2699 192 
2699 466 
2700 439 
2700 1264 
2703 571 
2705 580 
2727 160 
2729 1489 
2730 654 
2740 941 
2743 1694 
2747 263 
2748 266 
2749 457 
2764 281 
2769 182 
2771 185 
2776 1226 
2782 58 
2783 431 
2786 119 
2791 364 
2802 613 
2803 67 
2819 1337 
2822 126 
2823 706 
2824 3040 
2827 212 
2830 186 
2837 231 
2839 195 
2840 304 
2856 1429 
2860 781 
2869 603 
2879 965 
2884 741 
2886 377 
2893 30 
2896 257 
2923 1293 
2924 3701 
2936 346 
2940 2651 
2956 164 
2967 134 
2968 554 
2984 2663 
2995 1979 
2996 96 
3008 213 
3012 4370 
3013 333 
3030 891 
3032 1796 
3035 2003 
3036 9 
3047 94 
3057 20535 
3063 384 
3070 10628 
3073 343 
3076 285 
3077 1704 
3093 31 
3094 8996 
3097 169 
3098 319 
3100 1204 
3101 405 
3113 130 
3119 1357 
3120 402 
3123 337 
3136 255 
3147 635 
3147 1771 
3148 20 
3149 1470 
3152 2216 
3152 22326 
3160 27310 
3165 187 
3179 44 
3180 1234 
3185 42 
3186 1026 
3187 151 
3191 2442 
3196 526 
3196 115 
3198 1779 
3204 743 
3206 98 
3213 458 
3219 903 
3220 205 
3264 1225 
3265 1040 
3265 1240 
3265 2070 
3266 502 
3268 749 
3270 12 
3274 137 
3287 504 
3297 315 
3307 634 
3307 243 
3325 870 
3329 3545 
3341 112 
3355 276 
3356 1315 
3366 534 
3369 1148 
3371 551 
3373 496 
3389 1248 
3392 266 
3407 64 
3410 242 
3414 240 
3418 502 
3419 195 
3419 193 
3422 208 
3425 0 
3427 73 
3430 466 
3431 1158 
3433 287 
3435 592 
3441 487 
3443 111 
3448 860 
3483 279 
3491 123 
3499 310 
3533 2642 
3543 133 
3549 873 
3587 889 
3600 276 
3602 194 
3603 714 
3621 1609 
3635 434 
3635 564 
3649 20 
3651 1270 
3654 484 
3657 2926 
3667 892 
3670 755 
3681 705 
3681 77 
3702 100 
3710 622 
3710 1019 
3722 3618 
3735 596 
3745 667 
3747 7941 
3748 1990 
3762 110 
3766 2591 
3768 1 
3774 1022 
3780 343 
3797 1772 
3799 195 
3800 908 
3805 4213 
3816 275 
3820 53 
3829 450 
3831 772 
3832 2173 
3858 710 
3859 2140 
3866 449 
3866 2182 
3870 300 
3884 88 
3887 203 
3887 1891 
3890 1095 
3905 39 
3909 47 
3916 916 
3920 328 
3921 277 
3924 632 
3924 99 
3945 356 
3951 76 
3963 285 
3968 1176 
3979 1036 
3984 2322 
3986 230 
3989 93 
4004 215 
4013 25 
4041 287 
4048 42 
4063 1400 
4081 514 
4085 1114 
4094 450 
4108 43 
4112 3759 
4116 1306 
4117 92 
4130 1587 
4130 811 
4141 178 
4149 68 
4150 439 
4167 25 
4167 329 
4168 223 
4172 541 
4186 847 
4214 8819 
4232 860 
4232 5 
4236 1817 
4243 68 
4244 106 
4248 29 
4272 3 
4295 313 
4297 185 
4313 777 
4346 1096 
4351 632 
4360 194 
4362 782 
4366 1939 
4369 321 
4387 168 
4391 1363 
4397 34 
4404 97 
4413 545 
4413 170 
4440 1963 
4458 231 
4464 6 
4471 711 
4473 1235 
4476 3716 
4479 155 
4479 476 
4485 135 
4500 3541 
4509 532 
4520 874 
4523 30 
4525 948 
4530 184 
4540 1515 
4574 639 
4577 247 
4579 9638 
4603 55 
4606 301 
4608 2431 
4617 535 
4624 1732 
4632 611 
4633 249 
4648 58 
4672 2345 
4673 340 
4674 201 
4700 2771 
4711 594 
4722 1445 
4728 828 
4735 1053 
4738 116 
4756 298 
4760 1233 
4762 1742 
4764 49 
4768 111 
4780 1543 
4797 940 
4800 2307 
4825 4616 
4832 3199 
4837 600 
4868 1034 
4872 521 
4885 463 
4905 654 
4919 1036 
4931 283 
4948 336 
4958 6 
4974 24 
4990 67 
4995 307 
4997 49 
5002 205 
5010 69 
5025 6182 
5037 835 
5040 221 
5042 456 
5050 194 
5061 794 
5062 3849 
5067 302 
5085 69 
5088 109 
5091 2635 
5117 91 
5117 808 
5129 44 
5146 418 
5147 127 
5153 489 
5170 78 
5175 308 
5196 607 
5197 126 
5199 793 
5201 1018 
5201 1069 
5207 259 
5210 272 
5211 621 
5225 2347 
5235 1419 
5246 945 
5262 746 
5264 1474 
5292 356 
5293 773 
5298 516 
5301 1141 
5313 210 
5314 822 
5338 412 
5357 62 
5364 1437 
5367 2405 
5373 915 
5390 315 
5394 612 
5408 1564 
5429 525 
5432 1368 
5437 741 
5445 737 
5455 65 
5465 2534 
5471 368 
5473 394 
5484 269 
5488 562 
5489 272 
5494 486 
5528 1301 
5545 826 
5571 464 
5585 506 
5589 1115 
5602 2130 
5617 242 
5623 212 
5639 822 
5658 710 
5667 167 
5690 121 
5699 1363 
5699 2013 
5710 1346 
5743 80 
5768 119 
5776 2805 
5776 869 
5791 1427 
5793 20 
5799 491 
5815 475 
5828 2728 
5856 231 
5857 581 
5864 128 
5870 507 
5888 437 
5888 722 
5891 2974 
5894 988 
5925 124 
5927 95 
5928 652 
5929 192 
5964 39 
5967 463 
5968 127 
5980 82 
6019 1225 
6026 1418 
6029 409 
6032 1028 
6033 1086 
6048 377 
6068 1325 
6079 346 
6096 13 
6110 1201 
6124 670 
6126 94 
6162 285 
6173 59 
6177 140 
6182 13 
6182 106 
6193 1871 
6198 995 
6201 402 
6209 634 
6221 22 
6224 3113 
6236 753 
6238 2196 
6244 276 
6247 1685 
6276 19 
6284 332 
6302 396 
6328 82 
6332 1034 
6333 184 
6338 539 
6349 10874 
6365 406 
6371 238 
6387 82 
6399 935 
6415 1287 
6422 173 
6424 1156 
6439 2600 
6464 1287 
6504 32 
6519 253 
6525 352 
6533 211 
6543 8 
6550 19 
6552 54 
6561 560 
6579 1171 
6584 387 
6586 532 
6594 566 
6628 3 
6649 10 
6651 945 
6660 1212 
6681 487 
6685 46 
6685 46 
6686 1127 
6692 133 
6693 244 
6699 75 
6701 595 
6726 1329 
6729 42 
6740 12806 
6749 303 
6775 239 
6831 736 
6834 333 
6834 170 
6838 0 
6840 218 
6844 134 
6860 1286 
6864 762 
6870 1387 
6875 412 
6883 338 
6893 1278 
6904 200 
6919 52 
6930 640 
6933 120 
6943 2351 
6974 687 
6983 174 
6990 481 
6990 366 
7010 237 
7015 2187 
7024 596 
7029 1741 
7062 1630 
7074 1057 
7075 140 
7076 154 
7147 203 
7148 372 
7151 1316 
7154 2828 
7176 689 
7183 214 
7185 412 
7194 159 
7204 9222 
7208 429 
7209 135 
7220 954 
7225 460 
7234 1149 
7241 2164 
7242 332 
7245 1526 
7246 402 
7257 187 
7257 1874 
7268 10733 
7272 1166 
7275 1652 
7297 2153 
7304 275 
7305 114 
7306 457 
7336 189 
7344 3226 
7349 514 
7390 180 
7400 2433 
7425 510 
7456 150 
7468 48 
7471 1131 
7472 608 
7481 2410 
7495 2601 
7495 880 
7508 756 
7511 1325 
7524 254 
7529 451 
7529 66 
7534 231 
7545 21 
7567 109 
7578 393 
7579 1252 
7601 188 
7618 4592 
7620 457 
7622 128 
7628 4 
7629 223 
7640 534 
7641 14 
7641 1036 
7661 4189 
7664 790 
7666 24 
7671 128 
7680 1449 
7681 961 
7685 97 
7695 52 
7738 785 
7739 243 
7757 1424 
7770 232 
7794 0 
7794 2649 
7814 1302 
7820 660 
7824 1015 
7838 195 
7849 380 
7858 1141 
7863 761 
7875 181 
7875 1571 
7881 302 
7883 2073 
7886 281 
7887 1470 
7894 3017 
7918 762 
7937 723 
7955 3047 
7959 411 
7961 42 
7977 36 
7979 71 
7984 164 
7989 665 
7994 148 
8020 1062 
8030 284 
8034 241 
8035 1643 
8043 853 
8055 12185 
8088 361 
8113 82 
8129 880 
8137 355 
8140 69 
8181 769 
8207 861 
8245 1281 
8254 1867 
8272 621 
8274 214 
8321 213 
8336 926 
8351 229 
8381 457 
8385 517 
8388 4086 
8408 298 
8418 845 
8430 823 
8433 36 
8447 617 
8453 1918 
8460 1586 
8467 112 
8497 203 
8517 549 
8521 209 
8525 293 
8532 432 
8537 70 
8560 320 
8575 1061 
8580 141 
8584 270 
8623 92 
8624 36 
8641 19019 
8646 319 
8647 272 
8720 279 
8722 285 
8727 68 
8736 132 
8744 1313 
8748 76 
8749 778 
8763 1176 
8775 1291 
8789 2737 
8791 304 
8792 408 
8798 103 
8804 1587 
8806 32 
8809 62 
8815 321 
8837 192 
8843 217 
8846 47 
8855 1510 
8855 1510 
8862 361 
8862 361 
8863 461 
8863 461 
8865 71 
8865 71 
8906 110 
8906 110 
8907 953 
8907 953 
8915 63 
8915 63 
8928 1696 
8931 422 
8932 983 
8934 7 
8952 54 
8956 1190 
8957 237 
8960 101 
8961 596 
8972 96 
8987 2784 
9007 314 
9008 1099 
9052 954 
9071 349 
9086 550 
9115 159 
9117 79 
9124 176 
9131 750 
9171 853 
9172 1736 
9194 556 
9212 125 
9212 155 
9226 1762 
9226 946 
9234 139 
9239 542 
9244 1225 
9261 2730 
9271 447 
9288 686 
9300 1663 
9351 777 
9354 168 
9368 184 
9380 578 
9411 969 
9413 522 
9431 241 
9436 58 
9446 24 
9448 1699 
9451 560 
9473 3830 
9489 1112 
9496 275 
9502 834 
9509 384 
9510 2551 
9525 85 
9530 70 
9532 111 
9534 344 
9537 142 
9549 1928 
9559 1876 
9561 377 
9570 742 
9598 303 
9598 650 
9626 548 
9628 324 
9638 323 
9659 2855 
9662 24 
9671 1371 
9680 390 
9712 482 
9736 548 
9774 820 
9774 185 
9776 23 
9788 246 
9797 389 
9807 143 
9824 260 
9824 3 
9844 306 
9863 274 
9867 1018 
9884 310 
9901 3075 
9914 307 
9939 273 
10008 2058 
10028 444 
10038 1346 
10054 461 
10081 1244 
10081 227 
10111 48 
10113 964 
10163 398 
10176 262 
10201 997 
10214 325 
10228 1496 
10234 1105 
10275 1344 
10288 316 
10307 490 
10327 1088 
10342 564 
10367 1394 
10391 1680 
10396 400 
10403 327 
10408 236 
10414 391 
10427 711 
10431 239 
10439 17 
10453 3299 
10456 257 
10467 350 
10470 2192 
10476 563 
10488 18 
10489 454 
10523 62 
10523 477 
10525 325 
10568 2362 
10575 426 
10587 5 
10588 822 
10594 1206 
10627 2421 
10640 674 
10651 72 
10669 3072 
10680 3343 
10747 384 
10770 1320 
10794 141 
10828 619 
10840 412 
10841 75 
10908 48 
10936 606 
10958 496 
10960 1361 
10971 488 
10993 770 
11003 348 
11004 5 
11024 2094 
11041 203 
11065 383 
11089 1233 
11089 717 
11100 666 
11101 459 
11140 405 
11143 42 
11149 383 
11155 191 
11156 216 
11159 484 
11174 2070 
11175 1946 
11187 1095 
11191 3534 
11221 941 
11243 2406 
11271 1184 
11285 2199 
11302 506 
11322 5224 
11329 2735 
11353 194 
11354 434 
11364 232 
11369 243 
11385 849 
11406 40 
11481 315 
11534 432 
11557 247 
11571 139 
11591 162 
11629 116 
11676 30 
11694 2020 
11699 251 
11700 5 
11703 2070 
11707 1866 
11719 1215 
11726 741 
11765 214 
11774 304 
11782 308 
11793 464 
11800 883 
11808 2241 
11811 638 
11847 149 
11855 238 
11860 99 
11882 1024 
11894 302 
11901 382 
11928 257 
11939 825 
11944 165 
11954 360 
11957 2103 
11963 284 
11973 6136 
11988 832 
11991 1317 
12022 165 
12028 41 
12053 108 
12063 1708 
12072 5029 
12076 902 
12087 20558 
12095 138 
12114 468 
12117 513 
12127 589 
12129 1020 
12148 447 
12163 1007 
12169 1028 
12177 214 
12189 474 
12195 373 
12195 677 
12217 1066 
12227 264 
12230 3993 
12243 14 
12246 199 
12250 1432 
12270 151 
12295 249 
12338 3171 
12338 87 
12339 398 
12345 4457 
12353 502 
12362 589 
12367 562 
12368 1082 
12392 252 
12394 592 
12409 349 
12416 3238 
12418 222 
12423 764 
12441 2567 
12449 275 
12472 625 
12487 95 
12498 1051 
12505 1926 
12516 128 
12517 152 
12540 1055 
12555 1391 
12563 483 
12568 109 
12586 663 
12636 295 
12655 930 
12667 206 
12684 414 
12700 1256 
12700 104 
12702 0 
12709 1445 
12716 777 
12718 643 
12774 47 
12808 673 
12817 367 
12822 688 
12837 588 
12909 3693 
12910 267 
12915 44 
12915 5687 
12982 7 
13004 850 
13008 89 
13020 680 
13074 973 
13106 1758 
13114 192 
13127 176 
13135 282 
13142 362 
13160 170 
13161 260 
13197 291 
13236 1285 
13249 174 
13276 2127 
13295 926 
13296 1088 
13299 2747 
13305 503 
13315 5 
13356 147 
13372 102 
13395 466 
13398 7433 
13414 264 
13428 93 
13466 191 
13490 462 
13491 1766 
13499 117 
13499 158 
13509 154 
13512 131 
13513 246 
13521 113 
13529 196 
13531 580 
13536 317 
13540 348 
13558 200 
13567 903 
13573 17 
13619 171 
13621 639 
13625 1775 
13625 1007 
13633 956 
13642 1173 
13644 501 
13645 1301 
13653 497 
13664 612 
13673 443 
13675 662 
13723 946 
13737 5237 
13752 1208 
13758 3412 
13759 108 
13785 458 
13790 114 
13805 4389 
13819 2609 
13822 558 
13824 508 
13834 873 
13841 202 
13847 393 
13851 199 
13869 326 
13951 72 
13958 205 
13979 1300 
13979 932 
13994 4 
13996 1236 
14006 567 
14054 1370 
14055 2190 
14061 1438 
14069 152 
14079 539 
14101 180 
14109 440 
14116 452 
14147 176 
14150 263 
14152 61 
14168 889 
14168 934 
14178 2236 
14189 843 
14201 964 
14204 2536 
14209 313 
14209 1305 
14213 2504 
14214 1427 
14216 821 
14225 1531 
14250 283 
14250 368 
14276 1421 
14280 438 
14289 876 
14299 206 
14307 129 
14328 854 
14329 96 
14357 212 
14371 202 
14379 241 
14400 400 
14457 221 
14459 271 
14494 662 
14512 292 
14527 53 
14550 1307 
14565 11 
14566 572 
14589 438 
14629 152 
14642 262 
14643 376 
14650 1661 
14655 148 
14727 107 
14733 424 
14745 40 
14771 25 
14800 382 
14849 300 
14950 14 
14978 9 
14985 447 
14990 1200 
15002 8 
15029 1188 
15031 1600 
15031 193 
15041 42 
15051 517 
15064 125 
15071 109 
15071 155 
15072 1366 
15088 1900 
15107 666 
15140 1256 
15204 1211 
15206 392 
15239 398 
15245 75 
15253 726 
15358 1535 
15360 1205 
15374 145 
15398 492 
15420 90 
15429 1820 
15439 34 
15478 1047 
15478 57 
15501 120 
15511 1371 
15518 118 
15539 306 
15545 1448 
15586 322 
15594 13 
15635 953 
15662 368 
15696 544 
15704 1041 
15719 1777 
15726 842 
15730 1336 
15749 1220 
15762 107 
15769 432 
15787 136 
15797 121 
15828 45 
15855 271 
15876 3770 
15886 233 
15889 113 
15896 1082 
15896 2072 
15915 807 
15919 79 
15924 569 
15925 482 
15930 5750 
15949 998 
15950 157 
15982 802 
15987 363 
15990 3074 
15997 353 
15997 874 
15998 334 
16016 423 
16017 205 
16082 4002 
16088 707 
16106 1879 
16130 149 
16131 90 
16133 616 
16137 227 
16141 340 
16155 184 
16170 376 
16171 201 
16185 691 
16186 454 
16202 64516 
16228 107 
16228 1121 
16232 183 
16250 1467 
16252 537 
16260 516 
16265 3248 
16270 381 
16284 3184 
16293 128 
16297 697 
16324 295 
16335 299 
16336 9183 
16347 50 
16351 1755 
16354 1110 
16361 9 
16386 949 
16386 245 
16396 678 
16413 37 
16420 979 
16423 225 
16427 351 
16433 295 
16437 796 
16444 288 
16447 424 
16449 552 
16450 83 
16452 1037 
16466 183 
16491 865 
16521 477 
16546 652 
16550 629 
16552 494 
16571 100 
16577 1184 
16589 148 
16591 809 
16594 715 
16604 38 
16604 203 
16616 1334 
16629 429 
16669 359 
16706 539 
16740 305 
16791 1049 
16805 1899 
16851 416 
16857 364 
16938 658 
16945 385 
16986 757 
17023 283 
17041 436 
17047 757 
17058 847 
17074 250 
17127 44 
17170 35 
17183 335 
17189 892 
17217 51 
17219 399 
17289 3894 
17317 2600 
17348 985 
17362 74 
17388 354 
17391 246 
17438 2356 
17439 502 
17460 320 
17470 91 
17511 2916 
17594 314 
17649 325 
17650 1776 
17673 66 
17685 35 
17686 5323 
17697 144 
17736 473 
17766 189 
17770 915 
17776 31 
17793 112 
17803 4532 
17807 571 
17825 1087 
17875 418 
17900 112 
17901 201 
17912 1266 
17919 762 
17950 327 
17968 1001 
18109 1956 
18110 1246 
18135 2292 
18205 515 
18217 4400 
18224 370 
18234 2332 
18238 191 
18248 65 
18252 284 
18290 8 
18312 186 
18366 11 
18366 1310 
18376 1348 
18380 3466 
18394 78 
18399 426 
18429 950 
18433 132 
18454 1003 
18456 159 
18475 915 
18513 997 
18521 314 
18524 29 
18556 319 
18593 1062 
18593 123 
18597 268 
18622 704 
18678 135 
18704 789 
18741 876 
18768 473 
18783 2372 
18830 2340 
18839 170 
18858 435 
18895 628 
18913 2019 
18914 1062 
18914 1922 
18915 261 
18923 461 
18934 153 
18948 693 
18963 339 
19000 523 
19008 236 
19011 160 
19021 822 
19027 1116 
19038 17 
19070 80 
19116 97 
19129 75 
19151 316 
19169 282 
19189 1349 
19307 3329 
19341 275 
19342 263 
19367 1076 
19413 239 
19421 1160 
19459 201 
19465 59 
19524 529 
19528 320 
19564 531 
19570 328 
19579 149 
19607 2054 
19625 402 
19653 432 
19668 1295 
19686 478 
19691 707 
19692 554 
19694 1063 
19752 9530 
19803 199 
19806 1499 
19818 111 
19844 141 
19845 7399 
19878 29 
19929 3106 
19979 1395 
19984 1231 
19986 307 
19995 468 
19998 475 
20003 386 
20013 249 
20027 565 
20028 1811 
20045 45 
20068 1655 
20069 393 
20136 354 
20150 61 
20153 416 
20167 12 
20171 1835 
20189 1738 
20208 310 
20226 1004 
20273 483 
20315 111 
20326 214 
20374 97 
20380 433 
20409 348 
20413 329 
20414 108 
20425 364 
20427 1447 
20492 1064 
20501 1775 
20542 1686 
20568 379 
20581 119 
20583 1372 
20594 3024 
20602 2657 
20634 1822 
20643 452 
20647 552 
20667 880 
20676 121 
20685 1318 
20698 117 
20700 3 
20709 201 
20710 597 
20754 132 
20812 196 
20823 104 
20824 1551 
20825 34 
20837 20 
20865 457 
20894 123 
20907 360 
20962 630 
20965 693 
21024 88 
21028 185 
21035 1685 
21038 513 
21046 924 
21058 751 
21067 337 
21086 457 
21093 944 
21174 1136 
21203 515 
21247 54 
21247 32 
21266 1136 
21340 1657 
21366 298 
21397 291 
21405 310 
21417 292 
21478 83 
21482 1562 
21506 19 
21523 707 
21591 1144 
21628 477 
21731 115 
21757 53 
21766 773 
21824 4201 
21855 194 
21872 322 
21872 328 
21998 127 
22025 888 
22046 545 
22082 745 
22094 482 
22094 68 
22101 46 
22139 1440 
22162 1009 
22180 379 
22228 2927 
22292 807 
22370 1309 
22376 396 
22491 583 
22605 96 
22720 118 
22734 3036 
22736 111 
22784 9 
22789 1268 
22847 783 
22869 14 
22881 1532 
22967 516 
23058 1359 
23166 767 
23251 152 
23256 825 
23294 1181 
23458 258 
23485 325 
23492 944 
23494 5801 
23500 611 
23527 1255 
23531 1073 
23533 706 
23544 834 
23574 164 
23590 562 
23597 461 
23637 422 
23648 320 
23663 85 
23679 95 
23689 2725 
23701 32 
23708 994 
23718 3442 
23747 1571 
23848 82 
23913 150 
23945 1115 
23963 759 
23982 326 
24074 1080 
24089 540 
24104 137 
24151 581 
24325 314 
24349 1128 
24355 703 
24396 474 
24501 1620 
24591 1472 
24643 351 
24662 58 
24684 2051 
24790 1739 
24796 86 
24913 136 
24924 218 
24933 511 
24996 5187 
25155 603 
25208 95 
25250 116 
25329 738 
25386 338 
25462 1481 
25524 472 
25555 491 
25692 1002 
25752 3389 
25844 10 
25864 53 
25899 2370 
25960 1065 
26052 72 
26137 87686 
26181 692 
26185 1242 
26271 216 
26276 443 
26287 170 
26373 165 
26409 12 
26425 195 
26468 212 
26542 1467 
26546 545 
26569 1583 
26597 16 
26614 338 
26767 306 
26781 605 
26879 277 
27018 326 
27083 527 
27122 911 
27188 735 
27256 346 
27272 102 
27418 433 
27612 96 
27622 816 
27691 1567 
27729 127 
27762 371 
27827 638 
27963 539 
28016 8 
28115 972 
28192 3791 
28363 1186 
28375 131 
28393 958 
28427 373 
28453 557 
28484 27 
28569 3685 
28684 291 
28698 298 
28742 406 
28877 523 
28892 485 
28956 1514 
29017 19 
29087 642 
29091 1057 
29190 259 
29363 332 
29509 340 
29651 891 
29770 3657 
29774 244 
29813 273 
29868 1278 
30307 241 
30384 1030 
30394 182 
30398 125 
30503 277 
30669 1329 
30744 614 
30760 40 
30846 5032 
30865 1344 
31022 143 
31031 1415 
31293 3470 
31394 45 
31424 2606 
31788 603 
32006 1490 
32090 1336 
32336 884 
32365 891 
32389 672 
32620 367 
32695 602 
32740 706 
32836 511 
32836 1012 
32867 93 
32900 73 
32948 225 
33001 162 
33475 134 
33525 8078 
33730 477 
33749 45 
33951 918 
33988 282 
34016 282 
34119 174 
34157 851 
34230 1732 
34241 489 
34273 2633 
34460 115 
34567 51 
34633 598 
34843 1459 
34904 276 
34908 1083 
34991 1890 
35002 203 
35116 22844 
35595 668 
35850 1323 
36277 3826 
36279 1249 
36584 1117 
36912 5611 
37069 1962 
37071 353 
37105 151 
37361 25 
37481 1028 
37823 237 
37970 821 
38130 1158 
38152 125 
38269 251 
38322 2026 
38364 245 
38648 262 
39143 154 
39237 369 
39244 344 
39249 357 
39575 2765 
40080 122 
40128 1476 
40142 1836 
40231 123 
40363 1427 
40491 113 
41773 1095 
41807 1369 
41835 83 
41923 2970 
42138 728 
42341 362 
42515 993 
42628 125 
42685 1123 
42760 217 
42942 1129 
43199 532 
43310 562 
43478 121 
43612 167 
43681 609 
43718 2747 
43838 114 
43859 1694 
44128 394 
44169 1051 
44320 268 
44466 2360 
44744 464 
44748 623 
44754 231 
45094 284 
45245 1185 
45270 375 
45283 463 
45319 478 
45829 942 
45911 160 
45982 437 
46027 1051 
46070 817 
46236 60 
47112 960 
47175 24 
47490 518 
47537 56 
47587 603 
47812 1893 
48068 313 
48078 492 
48273 213 
48571 89 
48679 27 
48806 2066 
48842 838 
49133 288 
49475 1566 
49922 50 
50055 186 
50070 622 
50193 294 
50469 256 
50558 590 
50594 883 
50796 995 
50831 424 
50861 1960 
50943 102 
51076 242 
51190 1431 
51276 412 
51549 1138 
51637 468 
51694 1101 
51728 614 
51755 373 
51868 262 
51966 412 
52044 41 
52106 647 
52263 1745 
52415 873 
52454 770 
52511 239 
52539 5407 
52544 1263 
52614 342 
52719 185 
52845 1345 
52927 122 
53143 1049 
53377 4156 
53500 1255 
53534 574 
53605 36 
53713 769 
53715 282 
53792 42 
53846 1239 
53859 73 
53887 1144 
53952 743 
53965 414 
54212 1206 
54258 837 
54443 420 
54462 186 
54479 46 
54489 5 
54761 91 
54826 332 
54969 316 
55009 630 
55018 94 
55049 1085 
55120 152 
55281 459 
55425 525 
55557 1815 
55624 174 
55693 1671 
55767 439 
56101 693 
56216 267 
56298 619 
56546 673 
56601 103 
57210 4 
57350 314 
57519 1063 
57763 1235 
57988 85 
58064 384 
58208 58 
58232 129 
58278 421 
58310 679 
58370 23 
58515 83 
58647 763 
58852 34 
59163 851 
59198 801 
59339 595 
59440 413 
59464 1240 
60134 501 
60352 36 
60445 13 
60719 123 
61472 1142 
61543 598 
61598 1460 
61690 90 
62175 1254 
62578 566 
62766 73 
62979 952 
63562 364 
63588 741 
63665 997 
63808 238 
63879 173 
63884 105 
64472 1105 
64512 502 
64632 1099 
64786 6809 
65212 461 
65232 106 
65489 3126 
66036 5239 
66134 53 
66232 3148 
66455 610 
66760 1 
66825 93 
67586 492 
67638 68 
67770 567 
68080 366 
68213 0 
68542 61 
68580 312 
68686 485 
68701 1146 
69037 38 
69037 38 
69156 167 
69313 96 
69391 2068 
70026 1298 
70157 526 
70179 35 
70287 0 
70386 110 
71118 526 
71436 139 
71788 485 
71854 1910 
72041 4565 
72662 1657 
72758 509 
72847 1029 
73399 163 
73954 2069 
73973 211 
74364 277 
74477 365 
74482 1614 
74511 589 
74871 47 
74945 25 
75210 195 
75405 1052 
75680 361 
75839 587 
76285 1634 
76382 1653 
76560 899 
76676 215 
76986 1230 
77144 375 
77163 293 
77339 755 
77372 464 
77943 357 
78416 1492 
78927 1211 
79146 1048 
79310 733 
79533 566 
79772 152 
79911 142 
80391 103 
80716 1292 
80718 668 
80965 1629 
80980 378 
80983 339 
81089 489 
81099 155 
81226 218 
81286 167 
81598 31 
81693 113 
81760 1072 
82191 258 
82240 124 
82281 206 
82307 861 
82446 5374 
82481 959 
82487 126 
82542 490 
82601 508 
82810 1327 
82867 268 
82942 324 
82947 412 
82978 147 
82984 582 
83026 558 
83027 226 
83209 206 
83216 212 
83217 1140 
83284 659 
83316 237 
83369 896 
83431 376 
83541 775 
83598 2857 
83618 430 
83998 134 
84075 237 
84433 107 
84559 258 
84575 1096 
84698 1150 
84699 392 
84711 1144 
84845 397 
84846 1238 
84886 388 
84898 85 
84910 822 
84956 197 
84976 107 
84986 632 
84996 489 
85008 135 
85014 1168 
85025 539 
85129 981 
85150 1317 
85168 377 
85563 316 
85581 355 
85622 866 
85767 933 
85813 151 
85842 2698 
85985 1159 
86070 277 
86116 3850 
86243 1315 
86285 614 
86428 174 
86474 149 
86482 1384 
86528 280 
86549 21 
86562 1624 
87162 35 
87270 921 
87448 413 
87460 84 
87489 69 
87510 1545 
87525 469 
87561 1484 
87778 393 
87881 405 
87979 413 
88045 523 
88107 450 
88156 761 
88217 303 
88234 733 
88380 161 
88450 506 
88515 85 
88716 563 
88747 1149 
88954 267 
88993 1031 
89020 1931 
89262 240 
89268 179 
89371 779 
89399 247 
89766 737 
89924 6138 
90037 184 
90082 1190 
90085 816 
90147 154 
90157 849 
90216 157 
90224 162 
90232 715 
90239 107 
90298 109 
90337 532 
90407 471 
90409 2494 
90479 487 
90522 398 
90534 2549 
90542 940 
90698 302 
90732 1163 
90744 552 
90762 1092 
90810 1168 
90836 272 
90908 757 
91025 1323 
91108 341 
91114 31 
91147 179 
91184 1282 
91279 139 
91302 1309 
91323 534 
91392 73 
91421 49 
91434 150 
91439 2106 
91534 1166 
91577 158 
91694 799 
91761 66 
91815 2 
91899 1187 
91983 283 
91988 112 
92035 484 
92123 40 
92198 580 
92276 1304 
92302 192 
92364 293 
92404 562 
92465 23 
92474 682 
92508 238 
92638 724 
92662 133 
92768 929 
92780 712 
92845 561 
93119 312 
93382 487 
93406 1797 
93712 827 
93714 31 
93773 1344 
93884 547 
93917 206 
94285 690 
94370 703 
94402 676 
95092 831 
95101 113 
95229 740 
95255 66 
95294 352 
95299 221 
95590 1265 
95608 206 
95723 1561 
95852 421 
95957 25 
96114 175 
96143 77 
96160 647 
96241 1008 
96375 88 
96516 132 
96870 18 
96891 188 
97547 1696 
97571 462 
97608 551 
97710 640 
97844 387 
97892 108 
97926 216 
98247 1343 
98266 370 
98380 410 
98394 84 
98649 66 
98713 422 
98919 788 
98938 12 
99046 238 
99402 1032 
99434 5 
99726 2535 
99834 146 
99915 433 
100096 437 
100341 561 
100464 253 
100652 202 
100741 595 
101045 1375 
101093 94 
101143 1460 
101171 196 
101215 2018 
101259 1965 
101419 727 
101541 6 
101897 53 
101991 1452 
102249 1351 
102288 2215 
102297 71 
102332 6 
102335 3243 
102352 228 
102415 593 
102490 327 
102506 105 
102529 53 
102601 892 
102702 1950 
102702 627 
102705 2374 
102722 2929 
102810 2879 
102824 379 
102873 424 
102885 1354 
102890 1147 
102917 169 
103028 25 
103048 1241 
103061 1671 
103185 646 
103199 1030 
103293 26 
103342 2210 
103577 164 
103590 720 
103618 2628 
103636 1487 
103653 163 
103798 11 
103972 193 
104078 810 
104294 1621 
104342 309 
104345 481 
104390 546 
104908 802 
104956 8 
105295 76 
105341 743 
105353 752 
105441 215 
106080 22 
106549 51 
106717 22 
106908 8365 
106917 1107 
107269 1870 
107364 737 
107386 682 
107480 109 
107512 870 
107608 2130 
107893 1062 
108984 26 
109254 1397 
109263 667 
109599 203 
109664 499 
110246 1371 
110289 686 
110343 127 
110457 156 
111240 61 
111438 232 
111491 645 
112466 1971 
113971 1146 
114223 985 
115107 1223 
115311 74 
115425 2054 
115925 641 
119043 1446 
119143 1653 
119510 718 
119699 51 
121334 93 
121449 21 
121832 402 
122001 100 
122183 1206 
122480 56 
123029 53 
123947 14 
124265 105 
128399 843 
128423 423 
128606 345 
128890 83 
129237 140 
129237 140 
129650 61 
130544 251 
132410 132 
132881 31 
135297 24 
136454 98 
137148 9 
138629 552 
138962 450 
139039 289 
139156 227 
139746 540 
140207 116 
143741 183 
144047 1600 
146127 326 
146139 1304 
146262 2574 
147125 210 
147546 176 
147719 196 
147721 533 
148602 784 
150490 125 
152826 907 
154118 4 
154840 258 
159000 834 
160086 5315 
162056 988 
162269 142 
163315 195 
164810 1447 
164864 497 
164922 113 
165210 168 
165441 15 
165617 1433 
165866 52 
166751 783 
167091 115 
167907 270 
168017 1116 
168341 544 
169089 1926 
169154 116 
169461 92 
169742 876 
171217 87 
171424 942 
172230 469 
172581 228 
172841 132 
173010 1067 
174679 676 
176440 210 
176513 546 
176520 274 
176701 733 
176981 997 
177081 61 
177880 110 
179404 299 
180104 510 
180111 174 
180150 452 
180252 89 
180635 19 
181008 131 
181153 379 
181846 690 
182884 1032 
183469 284 
183834 433 
183917 2793 
184036 1067 
184890 47 
184949 864 
184988 2249 
185003 1623 
185056 289 
185383 1122 
185440 19 
186179 230 
186467 185 
186809 1414 
187400 206 
187609 100 
187966 39 
187996 272 
189011 7 
190196 575 
190674 452 
190812 631 
190876 103 
191027 227 
191193 2176 
191205 341 
191594 377 
191639 1371 
191784 65 
192134 53 
192208 32 
192466 167 
192588 1348 
192619 95 
193004 203 
193311 407 
193748 31 
193809 256 
194158 4884 
194258 128 
194277 120 
195923 668 
197293 808 
197475 474 
197497 472 
197524 105 
198477 1780 
200337 227 
201012 1806 
202240 48 
202521 226 
204896 42 
206828 417 
207363 434 
209940 315 
210067 154 
211726 430 
213447 146 
213489 1729 
213829 292 
217027 1073 
226547 19 
229474 1643 
232371 23 
235637 162 
235849 1173 
240786 1709 
241048 385 
241209 2389 
242765 154 
247846 302 
249445 23 
250230 3033 
250238 3033 
251657 149 
251931 188 
253658 2220 
256725 645 
256946 264 
256961 565 
257818 1760 
258424 909 
260410 337 
261694 300 
264426 970 
264984 36 
265244 1036 
265480 215 
267958 835 
268125 31 
269979 641 
270477 1819 
273846 579 
275313 19 
278513 933 
278558 442 
279016 67 
282398 884 
283485 1554 
285135 1049 
285170 1816 
285448 126 
300400 1434 
305645 959 
307820 1045 
308526 0 
319707 20184 
337349 59 
339347 256 
342765 365 
343862 509 
349048 336 
352179 587 
355871 57 
365574 346 
365735 1001 
365879 58 
381660 3159 
388813 1048 
389178 377 
399776 568 
400418 290 
434815 67 
436475 1066 
438483 2163 
447860 1102 
448767 34 
448930 392 
449905 319 
453594 1141 
454145 1335 
471532 854 
488658 2798 
495980 464 
502214 335 
508651 997 
526455 5 
560036 155 
561961 1583 
580855 463 
583515 88 
