2116 2.71115740741
0 2707394 
14 485 
22 5289 
25 137 
28 112 
31 2171 
32 266 
32 867 
35 226 
44 863 
48 1644 
54 175 
56 119 
59 375 
65 367 
67 384 
72 556 
73 219 
74 149 
74 288 
75 96 
76 2439 
78 210 
80 168 
85 1112 
91 139 
92 1028 
93 422 
97 234 
99 250 
99 1078 
103 1310 
104 513 
104 1951 
109 516 
110 17 
112 218 
114 1289 
114 811 
115 564 
117 764 
118 41 
123 270 
123 759 
125 322 
127 11 
127 18 
127 350 
130 363 
130 783 
132 73 
133 141 
135 165 
140 230 
141 224 
145 2215 
146 160 
153 446 
153 290 
155 6561 
156 68 
157 2328 
159 1359 
161 2396 
166 972 
168 172 
170 895 
174 1646 
174 1456 
178 1949 
179 205 
180 74 
181 6482 
183 129 
184 84 
187 342 
191 155 
193 50 
195 827 
199 351 
199 103 
199 210 
208 2460 
213 36 
213 325 
215 270 
224 256 
230 720 
230 131 
235 182 
242 32 
245 36 
248 286 
251 154 
253 240 
253 113 
253 325 
256 1265 
261 774 
264 842 
266 1486 
267 830 
273 400 
275 91 
278 82 
282 536 
283 51 
285 2223 
286 111 
289 1600 
290 528 
293 106 
296 1343 
298 355 
306 1419 
307 627 
317 101 
319 1270 
319 1570 
324 376 
341 66 
342 215 
346 230 
360 67 
362 236 
364 217 
365 432 
373 2052 
374 91553 
376 1586 
377 2629 
381 313 
383 16161 
387 249 
394 3024 
394 920 
399 1689 
401 5776 
403 252 
404 969 
406 401 
407 1963 
408 171 
413 238 
420 44 
420 1230 
426 201 
428 4834 
442 277 
453 37 
453 239 
460 164 
474 1479 
477 623 
477 245 
478 462 
484 2158 
488 87 
489 4985 
495 1427 
496 305 
501 15 
502 163 
512 709 
513 457 
515 707 
518 666 
520 758 
521 137 
532 226 
533 79 
533 450 
534 89 
543 16466 
548 1226 
554 233 
554 137 
555 734 
560 1413 
564 966 
565 1844 
565 439 
569 73 
570 1107 
573 29 
578 21 
578 620 
580 1557 
581 138 
589 237 
593 283 
594 8 
595 124 
596 169 
603 251 
603 441 
615 40 
617 744 
618 201 
619 132 
625 872 
639 550 
643 492 
646 114 
648 3550 
652 135 
654 1896 
658 110 
658 1507 
659 297 
661 611 
667 1088 
669 1364 
687 1707 
690 1692 
694 556 
737 350 
737 290 
739 270 
744 554 
745 203 
753 405 
773 902 
786 6575 
792 8369 
799 490 
799 489 
819 5245 
828 3396 
846 1048 
849 1096 
850 0 
852 506 
862 66 
868 493 
869 525 
871 597 
873 433 
888 50 
894 258 
901 1645 
913 439 
915 1316 
926 10 
938 3206 
942 1186 
944 163 
948 87 
957 309 
959 56 
961 228 
964 2417 
965 26 
966 292 
967 355 
967 76 
984 373 
985 1246 
987 1321 
992 2651 
999 1479 
1000 691 
1000 127 
1009 1756 
1010 679 
1017 922 
1021 3360 
1037 77 
1038 258 
1039 15351 
1058 247 
1080 631 
1108 190 
1112 2269 
1126 388 
1134 250 
1136 619 
1140 1274 
1145 445 
1156 743 
1171 32 
1188 21 
1191 562 
1209 8211 
1215 330 
1243 1817 
1256 9 
1271 808 
1280 532 
1290 12611 
1303 479 
1306 1029 
1312 434 
1320 712 
1326 215 
1335 370 
1341 396 
1360 71 
1370 610 
1383 171 
1412 6323 
1427 3173 
1439 1673 
1451 882 
1452 793 
1455 148 
1482 1356 
1484 726 
1515 1036 
1542 1058 
1558 93 
1558 1310 
1561 308 
1563 564 
1569 2290 
1572 1193 
1578 6341 
1588 45 
1591 1614 
1595 337 
1597 101 
1616 503 
1648 118370 
1657 5214 
1667 85 
1671 277 
1672 118 
1680 1218 
1685 678 
1686 1037 
1697 228 
1712 10 
1727 1055 
1735 12185 
1740 225 
1758 1677 
1786 16 
1799 952 
1815 214 
1815 267 
1844 110 
1849 317 
1885 1244 
1889 1523 
1902 10351 
1903 2188 
1907 54 
1910 109 
1924 709 
1936 3084 
1939 859 
1959 418 
1971 456 
1984 848 
2004 105 
2036 268 
2083 461 
2091 1317 
2094 40 
2112 626 
2118 5296 
2170 326 
2225 1793 
2236 887 
2246 7 
2249 359 
2249 329 
2256 130 
2280 1594 
2285 247 
2286 1265 
2288 210 
2289 465 
2292 100 
2295 162 
2298 860 
2313 1047 
2339 947 
2344 168 
2372 416 
2372 871 
2376 353 
2383 570 
2390 1631 
2410 62 
2413 461 
2435 2151 
2443 863 
2444 425 
2445 643 
2463 81 
2467 31 
2478 68 
2511 116 
2548 193 
2558 1504 
2575 8 
2610 4519 
2614 272 
2615 250 
2619 423 
2621 208 
2630 5108 
2633 1175 
2661 1417 
2676 1547 
2692 277 
2694 2888 
2702 6245 
2719 1708 
2727 3137 
2789 1077 
2792 226 
2816 138 
2854 1544 
2857 547 
2860 34417 
2870 1866 
2878 3739 
2886 750 
2903 552 
2917 486 
2920 99 
2922 4751 
2941 8024 
2980 182 
2992 89 
2999 79 
3022 412 
3030 140 
3050 116 
3069 1777 
3083 107 
3095 2548 
3124 2112 
3152 860 
3179 625 
3257 570 
3294 1330 
3296 834 
3301 66 
3325 406 
3327 7 
3344 133 
3353 369 
3389 104 
3438 292 
3449 1251 
3489 1101 
3490 16 
3516 227 
3533 2006 
3541 378 
3566 2002 
3566 686 
3574 2703 
3575 273 
3599 1960 
3607 2142 
3611 204 
3623 2014 
3632 248 
3638 3910 
3642 624 
3669 711 
3678 1304 
3698 43225 
3715 935 
3723 25 
3764 776 
3793 1479 
3795 398 
3797 196 
3818 1103 
3828 1818 
3863 62 
3865 494 
3872 323 
3873 392 
3902 185 
3905 1918 
3908 42 
3924 440 
3933 594 
3963 3895 
3987 1122 
3999 4096 
4012 317 
4036 1244 
4066 1 
4085 388 
4109 2833 
4125 1127 
4158 890 
4175 1172 
4188 1068 
4195 963 
4198 1074 
4221 4903 
4235 4575 
4239 22 
4279 627 
4279 627 
4280 1164 
4280 1164 
4301 106 
4301 106 
4302 27594 
4302 27594 
4310 106 
4310 106 
4322 80 
4332 762 
4345 3871 
4407 1128 
4418 2056 
4427 105 
4460 392 
4462 3174 
4496 172 
4499 89 
4500 625 
4516 78 
4530 213 
4562 532 
4562 186 
4571 1313 
4587 5285 
4683 189 
4686 761 
4716 1696 
4732 66 
4739 96 
4752 338 
4755 527 
4774 3530 
4797 10 
4814 1141 
4817 559 
4819 600 
4823 332 
4833 67 
4840 1798 
4842 126 
4893 102 
4894 1136 
4916 8200 
4952 7865 
4953 2280 
4971 560 
4980 78 
4997 838 
5000 733 
5032 644 
5042 78 
5050 390 
5078 2025 
5082 117 
5102 4082 
5114 1085 
5147 945 
5189 3712 
5206 1603 
5235 514 
5239 428 
5249 442 
5253 502 
5266 2010 
5327 920 
5377 278 
5384 145 
5401 1487 
5407 511 
5422 7938 
5442 723 
5459 1277 
5569 2119 
5573 160 
5590 1149 
5618 105 
5647 554 
5684 102 
5694 572 
5697 566 
5721 2473 
5756 215 
5763 523 
5770 1920 
5880 167 
5881 1290 
5884 967 
5884 1124 
5901 39 
5913 375 
5956 142 
5968 997 
5992 194 
6043 238 
6055 1396 
6055 128 
6077 4175 
6095 9 
6100 3867 
6109 1139 
6144 189 
6144 868 
6198 1316 
6234 24 
6250 553 
6267 270 
6276 46 
6401 846 
6418 750 
6432 517 
6436 421 
6453 1687 
6479 897 
6508 1466 
6510 1202 
6612 1490 
6625 214 
6675 2099 
6684 1142 
6685 164 
6687 237 
6745 807 
6801 240 
6810 3513 
6810 248 
6819 746 
6837 3138 
6850 595 
6851 833 
6860 4 
6874 9057 
6885 626 
6891 3115 
6902 2488 
6927 28 
6947 166 
6956 1696 
6968 357 
6987 86 
6989 3457 
6997 1912 
7059 289 
7064 1405 
7079 465 
7123 501 
7147 2678 
7158 116 
7212 0 
7217 170 
7242 454 
7255 490 
7276 1047 
7285 2003 
7318 458 
7364 397 
7402 1376 
7417 1028 
7516 2180 
7523 1149 
7556 1468 
7575 1250 
7658 3343 
7664 2194 
7748 189 
7770 1264 
7798 650 
7817 1201 
7826 977 
7849 1030 
7917 717 
7930 3 
7953 1270 
8068 837 
8085 553 
8132 213 
8146 967 
8155 1531 
8170 301 
8171 61 
8190 50 
8199 297 
8277 6794 
8353 1720 
8368 48 
8383 1168 
8389 2682 
8415 164 
8539 347 
8541 239 
8550 763 
8606 1899 
8651 823 
8690 1148 
8717 42 
8745 36 
8833 980 
8864 124 
8887 1647 
8904 391 
8928 2216 
8931 189 
8959 1874 
8961 954 
8973 1457 
8984 368 
8984 4699 
8986 821 
9016 717 
9037 349 
9078 271 
9090 2282 
9099 349 
9110 1109 
9110 561 
9121 375 
9125 2165 
9149 3287 
9154 3055 
9160 92 
9160 239 
9215 426 
9244 1244 
9278 1119 
9298 291 
9308 78 
9345 3772 
9352 2198 
9367 50 
9389 443 
9393 478 
9421 39 
9481 491 
9486 1513 
9507 154 
9533 67 
9538 1725 
9554 1273 
9568 150 
9600 324 
9626 1444 
9650 1025 
9690 42 
9740 1225 
9765 1249 
9770 1221 
9793 456 
9817 880 
9825 147 
9939 928 
9942 308 
9949 2486 
9953 1182 
9997 1305 
10021 1558 
10027 1150 
10090 380 
10095 2384 
10138 1576 
10186 4643 
10227 310 
10231 12 
10235 1411 
10259 365 
10265 405 
10274 108 
10329 49 
10402 48 
10410 1354 
10414 675 
10440 31 
10442 539 
10475 3535 
10476 4023 
10491 420 
10505 687 
10517 3387 
10558 601 
10558 1267 
10580 227 
10594 905 
10625 2107 
10648 794 
10670 30 
10672 832 
10681 369 
10704 167 
10739 1807 
10768 1392 
10769 966 
10864 1558 
10903 202 
10904 2148 
10944 257 
10972 438 
11005 784 
11016 666 
11027 327 
11073 806 
11147 340 
11159 35 
11176 708 
11219 257 
11254 2538 
11294 25 
11306 199 
11345 1300 
11348 162 
11367 113 
11407 649 
11420 1115 
11450 206 
11464 53 
11718 1318 
11727 1565 
11754 126 
11762 984 
11779 1394 
11836 1581 
11850 550 
11865 256 
11881 105 
11894 2870 
11943 628 
11959 155 
11960 292 
11977 1285 
11980 139 
11985 13554 
11987 297 
12003 703 
12020 2313 
12022 2772 
12110 3083 
12112 396 
12124 817 
12134 321 
12196 1545 
12203 497 
12208 231 
12212 2525 
12216 1901 
12312 86 
12325 209 
12355 1405 
12455 7 
12507 888 
12513 550 
12528 689 
12574 473 
12596 4935 
12602 384 
12609 667 
12640 1521 
12647 51 
12682 242 
12706 1612 
12730 30 
12740 1793 
12771 104 
12785 804 
12785 1107 
12791 827 
12808 388 
12816 900 
12866 2279 
13005 970 
13032 586 
13078 254 
13079 1147 
13100 105 
13109 260 
13145 943 
13152 29 
13154 749 
13159 473 
13213 616 
13301 308 
13309 943 
13315 493 
13328 615 
13338 64 
13374 1512 
13406 1445 
13451 1212 
13494 326 
13536 1048 
13564 3284 
13582 311 
13589 213 
13620 640 
13642 224 
13674 685 
13674 1829 
13718 952 
13731 268 
13731 1224 
13732 326 
13748 1151 
13759 1159 
13817 2233 
13841 1070 
13842 347 
13860 224 
13911 1285 
13914 5365 
13955 851 
13981 5757 
14022 565 
14031 3667 
14121 1150 
14139 80 
14218 1730 
14336 400 
14360 189 
14380 1296 
14395 119 
14462 402 
14502 3544 
14600 703 
14637 149 
14667 489 
14707 881 
14720 1630 
14734 1862 
14773 152 
14811 884 
14858 1122 
14872 263 
14951 752 
14969 75 
15002 383 
15027 3332 
15061 865 
15079 628 
15196 336 
15228 985 
15242 35 
15256 1103 
15300 254 
15301 241 
15333 490 
15392 37 
15508 2852 
15525 293 
15541 1199 
15548 2852 
15552 758 
15556 331 
15565 102 
15589 446 
15611 2 
15676 100 
15679 3956 
15808 1952 
15819 406 
15857 390 
15888 1215 
15937 293 
15953 832 
15970 81 
15984 131 
15998 1324 
16079 874 
16094 1783 
16101 247 
16152 216 
16199 371 
16251 1073 
16258 74 
16324 0 
16326 2443 
16330 18 
16337 1323 
16391 133 
16406 1504 
16407 2032 
16445 1053 
16496 588 
16596 359 
16614 751 
16675 3751 
16733 4 
16746 473 
16763 2088 
16819 478 
16847 1467 
16898 355 
17163 713 
17171 7926 
17211 747 
17216 654 
17232 1887 
17282 126 
17312 809 
17331 683 
17406 931 
17429 1164 
17452 435 
17455 423 
17496 207 
17605 465 
17622 54 
17724 873 
17770 217 
17809 1212 
17812 7 
17826 189 
17918 461 
18033 257 
18123 4749 
18189 161 
18239 855 
18330 7615 
18356 2077 
18375 1555 
18428 4123 
18436 1677 
18471 729 
18479 492 
18586 210 
18607 1869 
18634 66 
18635 1007 
18801 285 
18802 1246 
18811 5144 
18839 121 
18846 650 
18868 2951 
18886 3172 
18945 177 
18986 441 
18987 574 
19040 411 
19082 398 
19095 1 
19118 1595 
19170 120 
19170 120 
19235 122 
19308 1072 
19333 495 
19335 199 
19345 113 
19349 794 
19364 148 
19393 164 
19422 176 
19437 375 
19541 2425 
19564 128 
19566 2133 
19601 99 
19613 138 
19623 1430 
19649 602 
19653 808 
19658 441 
19688 53 
19770 498 
19779 120 
19789 955 
19804 2577 
19833 1696 
19844 3333 
19941 768 
19942 293 
19963 295 
20000 5021 
20011 500 
20054 641 
20076 96 
20117 218 
20190 2 
20196 318 
20285 984 
20380 2321 
20390 89 
20414 172 
20528 363 
20536 1404 
20592 55 
20623 255 
20634 148 
20673 619 
20706 655 
20706 655 
20740 609 
20860 457 
21523 17 
21536 82 
21601 119 
21776 289 
21798 2360 
21830 304 
21858 344 
21872 2534 
21912 1841 
21947 98 
22010 564 
22022 1511 
22115 506 
22141 1643 
22160 1120 
22236 216 
22354 1168 
22363 21 
22372 51 
22527 3019 
22527 1925 
22532 1480 
22546 139 
22549 2785 
22564 667 
22577 10034 
22701 205 
22712 21519 
22761 525 
22763 5210 
22777 503 
22834 1926 
22940 1305 
22963 843 
23036 699 
23105 452 
23116 453 
23130 535 
23173 1052 
23179 74 
23184 245 
23220 1905 
23238 153 
23354 1834 
23390 6436 
23392 106 
23444 613 
23590 24 
24009 528 
24106 260 
24151 2353 
24183 239 
24230 120 
24261 440 
24289 1186 
24347 1131 
24472 119 
24711 13 
24782 74 
24786 846 
24802 10116 
24833 141 
24850 584 
24876 1057 
24959 2327 
24990 741 
25091 1775 
25106 541 
25155 7602 
25168 1401 
25170 1594 
25237 1060 
25250 1543 
25258 637 
25267 128 
25290 1903 
25328 1707 
25421 64 
25432 921 
25644 1114 
25688 1173 
25711 3784 
25777 294 
25778 2163 
25805 235 
25819 4 
25851 129 
25851 851 
25870 1751 
25915 80 
25967 314 
26030 312 
26048 184 
26164 1082 
26218 827 
26628 6145 
26733 351 
26748 26 
26770 1845 
26791 1012 
26863 233 
27317 59 
27637 2989 
27671 444 
27737 101 
27941 1702 
27976 438 
28003 1040 
28048 358 
28077 864 
28096 1096 
28160 174 
28259 1245 
28260 99 
28305 44 
28372 80 
28372 80 
28402 112 
28421 262 
28494 776 
28660 127 
28694 86 
28802 514 
28816 85 
28874 492 
28891 2739 
28904 2921 
28907 32 
29147 1007 
29194 4538 
29388 240 
29440 1008 
29617 717 
29744 1126 
29751 199 
29813 2050 
29883 61 
29894 1242 
29960 221 
30229 1594 
30313 1891 
30423 2310 
30451 167 
30475 769 
30478 76 
30503 243 
30572 242 
30576 1692 
30591 493 
30680 703 
30711 722 
30790 2202 
30799 1358 
30879 168 
30950 575 
30953 932 
31061 158 
31287 400 
31314 344 
31325 166 
31487 177 
31677 2068 
31726 289 
31783 453 
31834 974 
31954 502 
31978 637 
32114 334 
32118 181 
32132 1182 
32244 2776 
32323 146 
32368 31 
32405 1342 
32431 156 
32450 1172 
32734 195 
32870 1063 
32883 426 
32935 606 
33035 66 
33253 567 
33333 1750 
33430 696 
33599 333 
33653 6239 
33764 688 
33804 678 
33830 188 
33977 521 
34074 86 
34091 2581 
34097 385 
34140 127 
34161 5286 
34197 5286 
34246 4278 
34339 1226 
34376 21683 
34595 2751 
34677 159 
34717 64 
34816 253 
34827 3750 
34831 1416 
34873 36 
34987 116 
35001 217 
35063 77 
35117 440 
35358 225 
35409 794 
35410 557 
35442 3101 
35448 6 
35592 14 
35991 334 
36040 361 
36099 457 
36118 25 
36284 2574 
36304 610 
36316 1615 
36369 240 
36427 103 
36477 518 
36489 296 
36501 2018 
36501 1176 
36706 445 
36926 4810 
37032 1480 
37244 276 
37262 973 
37279 406 
37341 517 
37504 6 
37570 1347 
38539 270 
38573 787 
39124 215 
39129 336 
39349 228 
39406 210 
39590 787 
39676 2209 
39795 96 
39809 1122 
40261 1124 
40270 206 
40282 1361 
40400 115 
40518 237 
40679 23925 
40717 1282 
40760 654 
40785 884 
40819 520 
40906 249 
40943 1103 
40986 122 
41119 127 
41268 12064 
41389 84 
41447 608 
41547 1244 
41640 687 
41985 925 
42063 676 
42374 535 
42546 2118 
42619 496 
42659 71 
42668 1596 
43032 222 
43276 1044 
43345 1866 
43435 522 
43498 2047 
43611 175 
43730 816 
43778 50 
43788 50 
43855 1149 
43946 10 
43991 3643 
44069 987 
44168 173 
44185 2719 
44199 4824 
44245 72 
44343 316 
44433 3248 
44568 16 
44691 930 
44726 1748 
44746 198 
44760 1334 
44970 9 
45393 1326 
45796 955 
45800 543 
45833 1018 
45853 193 
46150 1015 
46153 66 
46318 104 
46866 400 
47159 1582 
47851 51 
48045 690 
48131 152 
48491 51 
48525 266 
48660 87 
50993 1196 
51377 580 
51680 117 
52558 16 
53881 381 
54677 100 
55021 160 
55084 380 
55201 1592 
57218 360 
57613 709 
58070 684 
58176 1666 
58552 18581 
58605 3537 
58942 2026 
58988 399 
59094 2408 
59388 1103 
59684 145 
59729 15 
60158 3126 
60392 85 
60969 683 
61675 4546 
63088 253 
63769 456 
64183 2573 
64285 200 
64854 2220 
65434 759 
65518 947 
65818 5242 
65878 546 
66941 295 
67012 188 
67216 2778 
67850 1898 
67954 919 
67966 23845 
68039 675 
68071 446 
68253 26 
68259 124 
68498 1064 
68519 842 
68535 8286 
68773 600 
68842 1826 
68922 5026 
69202 827 
69279 601 
69441 1306 
69893 724 
70049 134 
70106 2235 
70494 656 
70532 185 
70692 1270 
70854 178 
70873 103 
70913 1434 
71045 319 
71211 1815 
71587 9061 
71651 734 
71671 9 
71688 7650 
72048 4673 
72434 154 
73285 74 
73381 2108 
73437 1130 
73477 959 
73503 79 
73628 112 
73960 302 
73990 110 
74258 1440 
74293 562 
74295 227 
74351 99 
74609 238 
74808 786 
74838 37 
75261 11 
75293 653 
75427 1278 
76079 298 
76118 1252 
76338 136 
76440 716 
76457 1739 
76839 147 
76865 28 
76871 4143 
77155 132 
77216 580 
77287 564 
77429 437 
77738 1634 
77968 1268 
77989 558 
78148 959 
78250 334 
78376 4442 
78435 3246 
78591 759 
78651 268 
78758 1302 
78782 542 
78988 923 
79091 469 
79506 1308 
79601 317 
79619 826 
79821 2925 
79973 8218 
80137 624 
80264 282 
80340 146 
80398 1451 
80625 140 
80645 230 
80867 1285 
81121 1908 
81226 1082 
81235 418 
81274 1324 
81286 707 
81551 915 
81597 1366 
81789 131 
81820 62 
81856 1153 
81960 573 
82230 291 
82542 325 
82592 938 
82813 1672 
82919 760 
82958 796 
83032 268 
83040 715 
83058 300 
83144 386 
83279 315 
83304 61 
83317 199 
83488 177 
83572 994 
83606 483 
83760 69 
83785 2185 
83823 174 
83873 698 
83937 19 
83983 7661 
84033 115 
84061 14036 
84243 242 
84479 157 
84646 2583 
84772 1184 
84793 9943 
84808 516 
84819 129 
84873 153 
84916 945 
84924 112 
84989 177 
85014 701 
85717 1130 
85787 243 
86106 185 
86108 383 
86186 612 
86237 369 
86391 1335 
86474 223 
86559 421 
86631 22 
87093 1455 
87125 3029 
87130 953 
87141 1891 
87155 88 
87202 920 
87337 1538 
87442 417 
87887 439 
88084 489 
88379 512 
88426 1135 
88460 2332 
88486 3673 
88974 1106 
89160 304 
89295 1531 
89437 2610 
89491 2609 
89657 321 
89691 587 
89742 1055 
89815 299 
90002 1114 
90069 350 
90308 379 
90687 2112 
90725 80 
90811 1374 
90889 803 
90955 270 
91020 93 
91052 157 
91158 397 
91176 752 
91196 48 
91371 441 
91667 4620 
91858 640 
91959 279 
92081 777 
92106 481 
92216 5744 
92270 489 
92485 115 
92502 191 
92522 382 
92574 211 
93098 1244 
93121 1513 
93330 69 
93557 160 
93571 27 
93625 1367 
93822 537 
94050 2313 
94097 2025 
94239 544 
94627 2017 
94660 942 
94749 1183 
94771 1005 
94837 49 
94860 659 
94877 612 
95176 56 
95569 180 
95741 37 
95926 568 
95963 1008 
96004 819 
96069 244 
96104 430 
96276 80 
96322 1141 
96504 738 
96741 714 
97117 132722 
97168 411 
97239 91 
97256 2289 
97269 88 
97278 323 
97332 1248 
97371 11 
97683 374 
97798 304 
97822 679 
97828 163 
97854 266 
97972 1459 
98186 210 
98455 237 
98505 703 
98633 225 
98649 20 
98812 1063 
98879 5248 
98955 352 
99241 1412 
99307 60 
99782 627 
99976 1286 
100369 7535 
100450 226 
100774 178 
100811 865 
100912 320 
101131 276 
101262 2859 
101269 666 
101367 737 
101546 3051 
101638 3026 
101833 11137 
102068 740 
102309 167 
102391 781 
102434 1663 
102515 227 
102805 928 
102849 1452 
103313 1129 
103574 664 
103858 856 
104217 1363 
104285 1639 
104879 708 
105161 164 
105190 112 
105491 45 
105498 361 
105678 2396 
106079 41 
106634 1522 
106723 564 
106735 2030 
106798 1827 
106953 1264 
106988 1211 
107217 834 
107307 242 
107642 179 
107798 212 
108519 514 
108565 1479 
108784 342 
109279 583 
109441 223 
110283 582 
110284 50 
110869 592 
111008 31 
111152 9124 
111212 276 
111331 2083 
111394 295 
111412 2054 
112630 542 
112705 918 
112785 2050 
112977 509 
113521 1271 
113530 1271 
113785 18935 
114010 717 
114036 1446 
114221 1920 
114621 409 
114621 2961 
114987 1311 
115167 1342 
115196 175 
116602 354 
116694 3 
117159 1233 
117184 59 
117234 1972 
117275 56 
117418 422 
117591 160 
117661 547 
118183 13 
118896 748 
118906 374 
118948 81 
119163 294 
120328 1409 
120942 502 
121336 249 
121605 1095 
121628 161 
121635 696 
122019 632 
122582 433 
123274 3416 
123848 597 
124152 1484 
124409 1857 
124735 36 
126857 336 
126965 2007 
127210 3154 
127354 1843 
127628 1586 
127672 245 
127710 742 
128045 12894 
130592 340 
131545 2462 
131940 424 
132468 54 
133565 44 
143638 2305 
143784 906 
145852 9784 
147314 437 
150070 124 
152883 698 
153033 425 
153218 622 
153472 1306 
155296 616 
156190 570 
156246 1248 
156312 6091 
156949 2106 
158096 3707 
158425 1506 
158750 361 
158884 52 
159426 263 
159688 3481 
159758 558 
159783 687 
160254 754 
160301 69 
161808 45 
162176 730 
162257 1101 
162306 457 
162542 237 
163754 464 
163953 55 
165472 867 
165645 404 
166296 292 
166934 589 
167705 129 
167798 125 
167847 64 
167870 113 
168410 1232 
168527 87 
169225 234 
169957 1423 
170011 576 
170373 958 
170815 26 
171058 1694 
171447 807 
171556 413 
172105 2792 
172327 843 
172457 338 
173621 203 
173954 356 
174984 2263 
174992 0 
175304 1284 
175324 136 
175784 441 
175833 470 
176964 1204 
176987 1307 
177048 348 
177408 562 
178029 742 
179205 6436 
179527 44 
180153 1467 
180790 519 
180983 2799 
181020 2780 
181624 29 
182471 2270 
182778 283 
182931 907 
183254 540 
183299 631 
183675 43 
183902 539 
184784 50 
186235 1247 
186417 46 
186723 245 
186850 1908 
188041 4835 
188502 165 
189103 541 
189215 468 
189273 3987 
189410 110 
190015 238 
190448 426 
190484 148 
190490 240 
190844 776 
191080 82 
191338 6220 
191861 518 
192212 181 
193470 1661 
196794 246 
198743 198 
199729 568 
200677 79 
201143 235 
202473 76 
203337 300 
203539 801 
203652 307 
204364 1987 
204928 1142 
206875 25499 
208056 1742 
208228 189 
211030 3078 
211305 305 
211460 922 
211660 8 
212832 449 
213270 261 
214039 1465 
214354 1567 
214806 429 
215443 4336 
217625 209 
219333 973 
220259 134 
226425 949 
226814 582 
226887 27 
227350 969 
230104 2143 
230314 407 
232462 1267 
234351 47 
235697 1267 
242262 377 
243158 1090 
243206 823 
244779 1106 
245855 802 
246755 968 
246903 262 
247165 1140 
247547 155 
248129 179 
248550 6232 
248602 8325 
251250 157 
253355 194 
253852 361 
254706 1664 
255943 0 
257109 325 
257274 423 
257287 865 
257428 24 
257665 73 
258325 612 
259318 1564 
259582 1072 
259597 1449 
259665 1384 
259685 148 
259906 19 
262771 256 
262836 6551 
263045 669 
263182 803 
263710 823 
264588 2162 
264787 834 
268927 423 
269181 337 
270185 1018 
271095 802 
271100 694 
271132 1101 
271908 1582 
272136 796 
274384 1799 
276374 3379 
280778 54 
281076 3574 
283469 1580 
283884 5 
285901 256 
286294 80 
288060 1171 
291445 153 
293792 780 
295925 358 
296161 834 
296193 82 
296540 14 
306043 2051 
319267 809 
320061 843 
325078 1720 
326948 906 
333480 7824 
336101 2 
341673 215 
342532 363 
343140 2088 
343331 1196 
343601 436 
346779 1762 
346824 368 
347578 711 
347810 412 
348185 1273 
348438 558 
353182 1570 
355039 147 
355172 2586 
358183 433 
360495 276 
363611 1596 
364381 5575 
365375 1656 
379200 2076 
384198 2 
387830 4501 
397853 38 
405044 1023 
410827 173 
413877 769 
417436 25 
419427 1665 
422142 526 
422396 690 
422929 1662 
426876 73 
430132 122 
430383 44 
430702 1929 
430786 417 
438257 1168 
438267 1447 
438560 623 
439281 1 
439938 1351 
442480 154 
442730 303 
443735 395 
444155 874 
445541 245 
446858 31 
447878 393 
449011 1824 
450220 3611 
451357 224 
453015 498 
455170 436 
455480 1338 
455971 33 
456731 763 
458711 3117 
458920 366 
459147 607 
459402 15 
461491 529 
461731 549 
462629 78 
468650 22 
469058 219 
470158 2028 
470927 214 
474348 912 
475161 258 
475932 183 
481146 275 
482090 946 
489425 1471 
492287 314 
493710 388 
496365 278 
496831 301 
497365 606 
502766 28 
508889 789 
512633 175 
513887 32 
515179 590 
515380 940 
517473 224 
520396 733 
522411 1076 
523878 1513 
526181 22 
529266 601 
529998 42 
530581 226 
530644 1033 
532163 286 
533406 998 
540142 5383 
540179 1020 
541303 1020 
545499 488 
546323 2007 
556296 959 
563944 136 
574565 829 
587530 4488 
590802 1176 
598883 192 
601477 435 
601939 1199 
601951 1725 
603087 90 
604123 108 
604538 327 
