4408 3.4878587963
0 740660 
6 120 
6 473 
7 190 
7 46 
8 100 
8 126 
9 166 
9 68 
9 58 
9 262 
9 287 
9 59 
9 203 
10 137 
10 116 
11 210 
11 150 
13 120 
14 432 
15 109 
15 104 
15 198 
16 223 
16 330 
16 100 
17 0 
21 2828 
21 502 
21 270 
22 105 
22 60 
22 141 
22 165 
23 64 
23 245 
23 76 
23 132 
23 138 
24 33 
24 204 
24 232 
25 68 
25 72 
25 41 
25 165 
26 105 
26 84 
26 62 
26 59 
26 693 
27 167 
27 27 
27 142 
27 154 
27 67 
27 81 
28 29 
29 46 
30 0 
30 20 
30 39 
30 35 
30 573 
31 251 
31 114 
31 86 
31 32 
31 102 
31 74 
32 136 
32 146 
33 998 
33 90 
33 132 
33 37 
34 88 
34 7 
35 45 
35 113 
35 21 
36 104 
36 251 
36 82 
37 211 
37 27 
37 81 
37 87 
37 174 
37 93 
37 389 
37 60 
37 161 
37 108 
37 153 
37 83 
38 396 
38 469 
38 319 
39 7 
39 71 
39 52 
39 882 
39 260 
40 90 
40 131 
40 147 
40 7 
41 149 
41 109 
41 20 
41 55 
41 224 
42 160 
42 28 
42 38 
42 132 
43 152 
43 201 
43 397 
44 56 
44 188 
44 49 
44 26 
44 12 
44 35 
44 45 
44 121 
45 21 
45 22 
45 28 
45 120 
45 68 
45 207 
45 38 
46 293 
46 108 
46 88 
46 189 
46 72 
46 188 
46 194 
46 52 
46 25 
46 43 
47 67 
47 45 
47 113 
47 118 
47 64 
48 71 
48 28 
48 23 
48 64 
48 278 
48 87 
49 453 
49 74 
49 253 
49 42 
50 28 
50 1 
50 134 
50 445 
50 156 
51 107 
51 110 
51 12 
51 27 
51 117 
51 10 
51 24 
52 60 
52 49 
52 50 
52 881 
52 1021 
52 103 
53 35 
53 230 
53 22 
53 47 
54 26 
55 36 
55 214 
55 1 
55 53 
56 128 
56 110 
56 182 
56 223 
56 179 
56 198 
57 523 
57 11 
57 59 
57 33 
58 66 
58 273 
58 81 
58 119 
58 142 
58 202 
58 46 
58 372 
58 348 
58 117 
59 44 
59 7 
59 49 
59 155 
59 14 
59 369 
60 61 
60 479 
60 1249 
60 589 
60 241 
60 157 
61 156 
62 30 
62 256 
62 252 
62 156 
63 36 
63 47 
63 830 
63 185 
63 33 
63 42 
64 300 
64 106 
64 25 
64 137 
64 21 
64 156 
64 65 
65 25 
65 53 
65 71 
65 113 
65 207 
65 74 
66 49 
66 185 
66 139 
66 170 
66 276 
66 261 
66 121 
67 52 
67 23 
67 146 
67 43 
67 4 
67 272 
67 96 
67 10 
68 130 
68 103 
68 72 
68 69 
68 235 
68 124 
68 30 
68 24 
69 157 
69 1043 
69 14 
69 42 
69 267 
69 124 
69 597 
69 313 
69 161 
70 363 
70 32 
71 1303 
71 15 
72 236 
72 40 
72 117 
72 100 
72 169 
73 175 
73 39 
73 105 
73 92 
73 93 
74 51 
74 262 
74 87 
74 241 
74 72 
74 224 
75 232 
75 190 
76 160 
76 53 
76 388 
76 269 
76 118 
76 258 
77 95 
77 21 
77 285 
77 278 
77 29 
78 43 
78 133 
78 41 
78 115 
78 43 
78 897 
78 63 
78 191 
78 50 
78 1329 
78 251 
78 129 
78 398 
78 191 
79 74 
79 67 
79 29 
79 88 
79 944 
79 119 
80 53 
80 29 
80 98 
80 85 
81 28 
81 26 
81 42 
81 8 
82 63 
82 127 
82 136 
82 61 
82 458 
82 70 
83 1017 
83 51 
83 150 
83 66 
83 380 
83 17 
83 21 
84 62 
84 176 
85 144 
85 135 
85 70 
85 118 
85 107 
85 292 
85 94 
85 184 
86 223 
86 152 
86 132 
86 151 
86 478 
87 230 
88 60 
88 94 
88 87 
89 138 
89 116 
89 165 
89 122 
89 188 
89 313 
90 190 
90 49 
90 88 
90 55 
90 74 
90 52 
90 28 
90 1989 
91 49 
91 60 
91 522 
91 539 
91 229 
91 33 
91 3 
91 64 
91 360 
92 172 
93 86 
93 301 
93 67 
93 75 
93 105 
94 153 
94 191 
94 11 
94 190 
95 46 
95 55 
95 78 
95 45 
96 21 
96 33 
96 448 
96 365 
96 69 
96 378 
97 165 
97 86 
97 61 
98 43 
98 27 
98 138 
98 47 
98 39 
98 565 
99 71 
99 59 
99 52 
99 171 
100 411 
100 72 
100 29 
100 223 
100 7 
100 95 
100 113 
100 95 
100 185 
101 106 
101 117 
101 963 
101 245 
101 75 
102 53 
102 90 
102 33 
102 76 
102 225 
102 90 
103 0 
103 364 
103 42 
103 64 
103 75 
103 111 
104 181 
104 11 
104 550 
104 35 
104 80 
105 263 
105 22 
105 65 
105 34 
105 208 
105 258 
105 25 
105 105 
105 211 
106 597 
106 45 
106 106 
106 292 
106 59 
106 56 
107 73 
107 42 
107 19 
107 161 
107 110 
107 55 
107 56 
107 66 
107 151 
107 184 
107 280 
108 108 
108 22 
108 179 
108 368 
108 281 
109 131 
109 124 
109 29 
111 54 
111 66 
111 245 
111 91 
111 87 
112 160 
112 56 
112 66 
112 19 
112 162 
112 461 
112 35 
112 45 
112 89 
112 27 
112 113 
113 275 
113 117 
113 171 
114 73 
114 629 
114 51 
115 296 
115 63 
115 202 
115 184 
115 98 
115 14 
115 38 
115 137 
115 361 
116 79 
116 43 
117 22 
117 37 
117 33 
117 89 
117 389 
117 456 
118 262 
118 258 
118 61 
118 96 
118 88 
119 22 
119 126 
119 95 
119 891 
119 172 
120 86 
120 103 
120 184 
121 162 
121 27 
121 41 
122 54 
122 114 
122 141 
123 1139 
123 24 
123 44 
123 10 
124 91 
124 371 
124 248 
125 161 
125 172 
126 79 
126 249 
126 60 
127 64 
127 53 
127 48 
127 50 
128 24 
128 274 
128 92 
129 57 
129 115 
129 87 
130 31 
131 97 
131 277 
131 20 
131 53 
132 48 
132 56 
132 30 
133 37 
133 336 
134 691 
134 278 
134 16 
134 23 
134 100 
134 523 
135 106 
135 42 
135 66 
135 211 
135 24 
135 279 
135 17 
136 233 
136 253 
136 224 
136 23 
136 158 
136 321 
137 41 
137 338 
138 139 
138 468 
138 6 
138 23 
138 73 
138 95 
138 23 
138 67 
138 100 
139 30 
139 179 
139 70 
139 7 
139 113 
140 67 
140 31 
140 125 
140 137 
140 58 
140 265 
140 10 
141 167 
141 124 
141 340 
141 22475 
141 116 
142 618 
142 141 
142 49 
142 33 
143 195 
143 85 
143 72 
143 267 
144 13 
144 68 
145 4787 
145 35 
145 578 
145 75 
145 137 
145 217 
146 125 
146 4 
146 97 
146 227 
146 64 
147 140 
147 30 
147 36 
147 48 
147 87 
147 39 
148 63 
148 89 
148 131 
148 122 
148 17 
148 182 
148 19 
149 68 
149 98 
149 451 
149 43 
149 29 
149 323 
150 25 
150 57 
150 82 
150 2 
150 66 
150 21 
150 97 
150 102 
151 101 
151 66 
151 107 
151 29 
152 63 
152 57 
152 131 
152 321 
152 143 
152 29 
152 106 
152 120 
153 141 
153 71 
153 901 
153 284 
153 61 
153 313 
154 300 
154 39 
154 21 
154 98 
154 469 
154 93 
155 154 
155 178 
156 151 
156 227 
156 59 
157 81 
157 44 
157 4 
157 37 
157 26 
158 147 
158 33 
158 55 
159 254 
160 49 
160 258 
160 22 
160 241 
161 200 
161 51 
161 13 
161 95 
161 53 
161 38 
161 123 
162 273 
162 46 
162 538 
162 36 
163 7 
163 71 
163 51 
164 58 
164 197 
164 29 
164 57 
164 130 
165 132 
165 54 
165 53 
165 37 
165 43 
166 62 
166 61 
167 50 
167 96 
167 107 
167 135 
167 293 
168 43 
168 61 
168 157 
168 21 
168 767 
168 87 
168 102 
169 158 
169 90 
169 53 
169 109 
171 54 
171 543 
171 147 
171 29 
172 25 
172 17 
172 81 
172 19 
172 119 
172 18 
173 57 
173 110 
173 12 
173 21 
173 31 
174 57 
174 86 
174 92 
174 122 
174 142 
175 12 
175 86 
175 37 
176 33 
176 220 
176 20 
176 32 
177 109 
177 40 
177 17 
177 43 
178 93 
178 154 
178 38 
178 179 
179 44 
179 36 
179 48 
179 25 
179 132 
180 24 
180 178 
180 15 
180 59 
181 55 
181 115 
181 160 
181 21 
181 18 
182 78 
183 82 
183 13 
183 79 
183 66 
184 53 
184 66 
184 59 
184 96 
185 682 
185 49 
185 253 
186 185 
186 29 
186 293 
186 30 
186 132 
186 40 
186 55 
187 129 
188 82 
188 45 
189 464 
189 135 
189 94 
189 699 
189 38 
189 48 
190 226 
190 44 
190 179 
191 356 
192 71 
192 182 
192 11 
192 39 
192 57 
192 145 
193 16 
193 60 
193 122 
193 64 
193 38 
193 240 
193 29 
194 209 
194 52 
194 305 
195 95 
195 34 
195 43 
195 73 
196 83 
196 56 
196 14 
197 346 
197 103 
197 112 
197 43 
197 103 
197 95 
197 130 
198 48 
198 43 
198 47 
198 8 
199 11 
199 47 
200 76 
201 450 
201 23 
201 122 
201 58 
202 82 
202 103 
202 80 
203 45 
204 139 
204 96 
204 29 
204 85 
204 95 
205 160 
206 36 
206 33 
206 132 
207 57 
207 13 
207 321 
208 128 
208 178 
208 94 
209 609 
209 171 
209 105 
209 119 
211 116 
211 119 
211 141 
211 162 
211 220 
212 174 
212 29 
213 170 
213 17 
213 145 
214 162 
214 6 
214 19 
215 325 
215 39 
216 149 
216 75 
218 52 
218 23 
218 535 
219 50 
219 137 
220 24 
220 107 
220 16 
221 64 
221 5 
222 306 
222 23 
222 37 
222 40 
223 232 
223 38 
224 222 
224 33 
225 100 
225 30 
225 42 
226 10 
226 72 
226 360 
226 49 
226 116 
226 48 
227 192 
227 87 
228 3 
228 130 
228 85 
228 61 
228 9 
228 18 
229 194 
229 479 
229 188 
229 32 
230 426 
230 53 
230 56 
230 176 
230 34 
230 179 
230 81 
230 230 
230 17 
231 95 
231 48 
231 213 
231 34 
232 44 
232 182 
233 73 
233 137 
234 54 
234 230 
234 14 
234 161 
234 188 
235 51 
235 31 
235 74 
235 35 
236 86 
236 10 
237 104 
237 66 
237 69 
237 712 
238 442 
238 24 
238 107 
239 88 
239 171 
239 320 
240 42 
240 104 
240 84 
240 523 
241 83 
241 66 
242 75 
242 291 
242 153 
243 17 
243 1858 
243 183 
244 228 
245 29 
245 15 
246 26 
246 63 
247 15 
248 171 
248 56 
248 121 
248 2 
249 109 
249 330 
249 198 
249 75 
249 16 
249 154 
250 134 
250 241 
250 1271 
253 21 
253 294 
254 125 
254 9 
255 68 
255 14 
255 70 
255 165 
256 483 
257 98 
257 65 
257 17 
258 613 
258 308 
259 36 
259 31 
260 13 
260 28 
260 217 
261 21 
262 47 
262 15 
263 7 
264 219 
264 193 
265 333 
265 84 
265 45 
266 95 
266 20 
266 224 
267 91 
267 27 
267 97 
267 87 
268 45 
268 23 
268 12 
268 61 
269 23 
269 65 
270 58 
270 19 
271 52 
271 69 
271 92 
271 83 
272 61 
272 9 
272 174 
273 13 
273 90 
273 142 
273 98 
274 49 
274 13 
274 79 
274 69 
274 37 
275 353 
275 100 
275 31 
275 235 
276 77 
276 9 
276 118 
276 213 
277 23 
277 3 
278 33 
278 46 
279 55 
279 141 
279 21 
279 146 
279 12 
281 46 
281 259 
281 21 
281 159 
282 235 
282 81 
283 65 
284 34 
284 160 
284 74 
284 27 
284 323 
284 252 
285 136 
285 145 
285 18 
286 123 
287 215 
287 46 
287 135 
289 184 
289 411 
290 155 
290 835 
290 36 
291 37 
291 87 
291 175 
292 50 
292 109 
292 34 
292 93 
293 99 
293 101 
294 21 
294 121 
296 38 
296 39 
296 87 
296 71 
296 94 
296 21 
298 212 
298 63 
298 25 
298 154 
298 53 
299 66 
299 13 
299 35 
299 147 
299 107 
299 62 
300 84 
300 43 
300 68 
301 33 
301 11 
301 68 
301 30 
302 110 
302 176 
302 91 
302 45 
303 171 
304 375 
304 1 
304 27 
305 100 
305 225 
305 136 
305 29 
306 867 
306 6 
306 43 
307 70 
307 175 
308 134 
308 282 
308 49 
309 25 
309 38 
310 112 
310 113 
311 35 
311 9 
311 59 
313 126 
313 265 
313 182 
314 33 
314 103 
315 57 
315 39 
316 127 
316 102 
316 194 
317 80 
317 68 
318 130 
319 310 
319 13 
319 13 
319 300 
320 809 
322 60 
322 158 
322 110 
323 140 
323 67 
324 13 
324 48 
325 262 
325 115 
325 80 
325 35 
326 632 
326 42 
326 212 
327 50 
328 100 
328 49 
329 79 
329 73 
329 108 
329 18 
329 88 
330 180 
332 138 
332 28 
332 384 
333 15 
333 16 
333 118 
334 68 
335 141 
335 141 
336 18 
336 260 
337 376 
337 255 
337 14923 
338 125 
338 56 
339 17 
340 60 
340 46 
341 97 
341 52 
341 54 
342 248 
342 168 
343 172 
344 128 
344 71 
345 549 
345 32 
345 48 
345 16 
345 97 
346 376 
346 22 
346 258 
346 44 
349 29 
349 85 
349 5 
351 82 
351 112 
351 45 
351 38 
353 31 
353 377 
353 20 
354 8 
354 362 
354 166 
355 61 
355 192 
355 28 
357 10 
358 244 
358 218 
358 61 
359 396 
359 27 
360 188 
360 93 
360 1581 
360 22 
361 591 
362 257 
362 20 
362 323 
362 27 
362 191 
362 128 
362 13 
363 73 
363 53 
363 155 
364 405 
364 69 
365 49 
366 62 
367 249 
367 37 
367 105 
367 156 
368 16 
368 65 
368 101 
370 170 
370 524 
370 159 
371 45 
371 296 
372 92 
372 50 
372 206 
372 76 
372 54 
373 22 
373 101 
374 296 
374 120 
375 50 
375 602 
375 196 
376 155 
377 369 
378 252 
378 18 
379 93 
380 69 
381 29 
381 33 
381 37 
382 475 
383 35 
383 25 
383 23 
384 69 
385 118 
385 162 
385 23 
386 48 
386 133 
386 43 
386 15 
387 16 
387 36 
388 21 
388 442 
388 173 
389 111 
389 40 
389 189 
389 104 
390 50 
390 99 
391 37 
391 88 
391 80 
392 50 
392 151 
392 115 
392 5 
393 29 
394 14 
394 114 
394 33 
394 9 
395 94 
396 38 
396 69 
397 241 
397 6 
398 7 
398 71 
399 45 
400 78 
400 84 
400 26 
401 63 
401 13 
403 142 
404 64 
405 16 
407 14 
408 207 
409 52 
409 46 
409 20 
409 61 
409 58 
410 66 
411 95 
411 106 
412 10 
413 150 
414 43 
415 68 
416 133 
416 70 
416 287 
417 72 
419 23 
420 22 
421 88 
421 445 
421 107 
422 93 
423 18 
423 36 
424 43 
424 50 
424 25 
424 74 
425 57 
425 8 
425 25 
425 187 
425 72 
425 129 
425 49 
426 73 
426 29 
426 1428 
426 45 
426 89 
427 62 
427 198 
428 105 
428 44 
428 45 
428 83 
429 69 
429 23 
429 62 
429 34 
430 45 
431 17 
431 81 
431 66 
432 80 
432 59 
433 146 
433 385 
433 33 
435 107 
435 66 
436 77 
436 36 
437 85 
438 59 
438 19 
439 95 
439 28 
439 133 
439 63 
440 222 
440 60 
440 147 
440 45 
441 51 
441 56 
441 89 
442 71 
442 175 
442 74 
443 460 
443 59 
443 67 
444 78 
445 31 
446 66 
446 61 
446 844 
446 283 
447 15 
447 51 
448 46 
448 14 
449 56 
450 36 
450 94 
450 83 
451 60 
451 61 
452 10 
452 113 
452 51 
452 82 
453 39 
454 12 
454 631 
455 33 
456 46 
456 265 
456 555 
457 56 
459 24 
459 74 
460 30 
460 42 
460 55 
460 28 
461 124 
463 66 
463 73 
464 54 
464 70 
465 72 
465 113 
465 80 
466 491 
467 108 
468 3 
469 14 
469 166 
469 64 
469 238 
470 18 
471 19 
471 36 
471 116 
471 116 
472 25 
473 218 
473 56 
473 23 
474 71 
474 171 
474 7 
475 128 
475 49 
475 420 
476 61 
476 99 
477 99 
477 207 
477 34 
477 4 
477 132 
478 73 
479 49 
479 192 
479 62 
479 32 
481 0 
481 103 
482 69 
482 200 
482 198 
483 12 
483 88 
483 9 
483 109 
484 190 
484 188 
485 96 
485 43 
486 165 
488 46 
489 51 
489 251 
491 62 
492 43 
492 278 
493 58 
493 19 
493 98 
494 1 
496 142 
496 62 
496 124 
496 318 
497 231 
498 5 
499 113 
499 153 
501 254 
503 555 
503 67 
503 63 
503 266 
504 152 
504 46 
505 124 
505 34 
505 76 
505 46 
506 166 
506 1165 
506 222 
506 54 
508 25 
509 83 
509 364 
510 8 
510 102 
512 37 
512 76 
513 13 
514 61 
514 4 
515 86 
515 54 
516 140 
516 87 
517 149 
517 160 
518 35 
519 72 
520 124 
523 19 
524 95 
524 57 
525 14 
525 497 
526 177 
526 45 
526 323 
527 127 
527 115 
528 56 
529 40 
529 55 
531 84 
532 114 
532 82 
533 55 
534 104 
535 45 
536 100 
536 56 
536 67 
538 67 
538 77 
538 191 
540 54 
540 51 
541 64 
541 55 
542 9 
542 180 
543 34 
543 46 
543 37 
544 20 
544 484 
546 110 
547 151 
549 49 
549 17 
549 31 
550 35 
551 50 
552 86 
552 65 
553 103 
553 27 
553 173 
554 577 
555 69 
555 68 
555 54 
556 88 
559 87 
561 27 
561 125 
562 125 
562 482 
563 49 
563 24 
563 54 
565 199 
565 64 
566 4 
566 98 
566 10 
569 21 
569 74 
569 26 
569 213 
569 73 
570 41 
570 136 
570 15 
570 106 
571 1099 
571 40 
571 7 
572 18 
572 434 
572 200 
572 24 
573 2898 
573 85 
574 72 
574 7 
574 43 
574 45 
574 144 
575 53 
575 60 
576 18 
576 200 
577 155 
578 178 
578 45 
579 34 
579 204 
580 55 
584 274 
584 0 
586 128 
586 20 
587 316 
591 5 
591 45 
595 273 
595 66 
597 146 
598 150 
601 122 
601 16 
602 32 
602 141 
603 81 
604 23 
605 40 
605 154 
605 12 
607 110 
607 20 
608 94 
609 173 
609 67 
612 40 
616 7 
616 214 
616 76 
616 61 
619 401 
619 23 
620 284 
620 54 
621 240 
622 76 
623 149 
624 33 
624 533 
628 190 
628 51 
629 207 
630 57 
630 158 
630 632 
630 30 
630 46 
631 22 
632 55 
633 47 
635 54 
635 41 
637 66 
638 197 
640 43 
640 96 
640 86 
641 50 
642 168 
643 43 
645 67 
645 128 
647 26 
647 195 
649 50 
651 41 
651 303 
652 1224 
652 69 
654 15 
654 10 
654 181 
655 589 
656 127 
657 50 
657 76 
657 42 
658 111 
659 140 
659 10 
661 21 
661 28 
661 157 
662 126 
663 91 
663 71 
663 19 
663 30 
663 87 
664 139 
664 96 
665 50 
665 53 
666 148 
671 91 
672 59 
672 55 
672 935 
672 136 
672 149 
673 45 
674 40 
675 93 
676 22 
676 390 
677 66 
677 28 
678 37 
678 445 
679 39 
679 97 
680 616 
681 19 
682 595 
682 350 
684 6 
684 18 
686 71 
686 68 
687 26 
688 29 
688 93 
692 285 
692 10 
693 16 
693 29 
694 597 
694 52 
695 157 
695 85 
695 1259 
695 1259 
696 83 
698 107 
703 37 
703 23 
704 80 
704 18 
705 83 
706 120 
707 92 
709 147 
709 76 
710 48 
710 28 
711 125 
711 109 
712 94 
713 12 
717 16 
719 126 
719 27 
719 135 
722 182 
722 133 
724 18 
724 63 
724 12 
725 44 
727 13 
728 56 
728 25 
733 198 
733 17 
734 49 
734 518 
735 60 
736 24 
737 29 
737 156 
737 124 
737 32 
738 49 
740 25 
742 40 
742 115 
742 62 
744 116 
744 213 
746 63 
746 85 
747 24 
748 652 
749 38 
749 4 
749 175 
751 201 
753 21 
754 80 
755 37 
755 501 
755 55 
761 189 
762 41 
762 210 
765 76 
770 66 
770 283 
772 18 
775 78 
776 144 
778 8 
778 23 
778 36 
779 34 
781 75 
783 44 
783 84 
783 475 
783 252 
783 1 
784 19 
786 84 
787 23 
788 73 
789 25 
789 39 
789 77 
790 88 
791 31 
791 19 
792 259 
792 17 
792 18 
794 29 
794 398 
797 125 
797 285 
797 75 
799 28 
799 62 
799 50 
800 66 
800 83 
801 40 
801 88 
803 24 
803 86 
807 17 
809 235 
809 41 
811 137 
813 28 
815 200 
816 54 
816 81 
817 3 
818 60 
818 123 
819 79 
824 442 
825 117 
825 88 
825 24 
826 93 
829 52 
833 54 
834 112 
839 83 
840 84 
841 26 
842 48 
844 552 
845 41 
845 38 
846 10 
848 151 
848 122 
851 2 
852 80 
854 22 
854 82 
854 38 
857 203 
858 41 
858 313 
858 985 
858 236 
860 24 
860 30 
862 48 
863 13 
863 25 
864 106 
865 77 
866 65 
866 52 
868 169 
869 2 
871 43 
872 311 
874 273 
882 45 
882 19 
883 217 
884 123 
884 878 
886 151 
890 49 
891 19 
892 261 
892 32 
894 40 
894 60 
895 62 
897 40 
898 15 
899 60 
900 42 
901 15 
901 83 
902 29 
904 79 
907 24 
907 68 
908 183 
912 89 
914 35 
915 297 
917 149 
917 31 
925 597 
929 24 
931 31 
932 67 
933 131 
936 284 
938 11 
940 431 
940 278 
943 114 
950 3 
950 48 
955 41 
959 237 
960 44 
960 97 
960 36 
962 86 
962 244 
963 49 
964 631 
965 47 
968 58 
970 22 
972 41 
973 206 
974 34 
976 88 
977 9 
978 15 
978 20 
979 11 
979 24 
980 103 
981 49 
981 73 
981 27 
982 26 
983 753 
984 80 
987 134 
987 109 
987 50 
988 101 
988 57 
989 20 
991 35 
994 101 
996 115 
997 166 
998 30 
999 227 
1001 73 
1001 93 
1002 140 
1002 132 
1002 28 
1003 29 
1004 278 
1006 42 
1007 164 
1008 72 
1011 91 
1012 15 
1012 27 
1013 32 
1014 73 
1016 211 
1017 46 
1018 39 
1020 291 
1021 73 
1023 232 
1023 40 
1024 706 
1027 26 
1027 14 
1029 37 
1029 30 
1031 35 
1032 9 
1033 419 
1033 198 
1035 206 
1035 98 
1035 38 
1036 145 
1037 192 
1037 37 
1038 219 
1038 256 
1038 65 
1041 25 
1042 98 
1044 34 
1046 158 
1047 2165 
1048 47 
1049 121 
1050 17 
1051 48 
1052 14 
1054 853 
1055 62 
1055 295 
1057 106 
1058 235 
1058 20 
1058 215 
1060 228 
1061 45 
1065 98 
1066 30 
1066 22 
1068 25 
1070 302 
1071 33 
1072 14 
1074 2 
1076 45 
1080 144 
1080 181 
1082 9 
1085 41 
1087 274 
1088 72 
1090 20 
1092 94 
1092 241 
1092 455 
1094 128 
1095 94 
1096 70 
1098 182 
1099 139 
1100 44 
1103 98 
1104 211 
1105 65 
1107 129 
1112 77 
1114 41 
1115 21 
1115 159 
1120 168 
1120 44 
1122 7 
1124 8 
1124 35 
1125 54 
1127 7 
1128 27 
1129 122 
1130 416 
1133 44 
1133 283 
1134 13 
1134 8 
1136 59 
1136 94 
1138 68 
1139 31 
1140 63 
1145 14 
1147 133 
1149 10 
1150 178 
1155 122 
1159 58 
1161 57 
1161 83 
1162 225 
1163 346 
1164 6 
1166 97 
1169 22 
1171 64 
1172 27 
1178 19 
1179 62 
1182 17 
1182 80 
1184 1178 
1185 115 
1186 31 
1186 154 
1187 58 
1187 88 
1189 109 
1190 62 
1192 35 
1193 40 
1196 17 
1197 69 
1198 71 
1200 97 
1201 38 
1202 82 
1204 253 
1204 33 
1206 39 
1206 104 
1207 153 
1208 91 
1211 23 
1212 86 
1218 170 
1219 11 
1220 209 
1220 184 
1220 41 
1222 110 
1226 0 
1226 65 
1229 20 
1231 45 
1232 33 
1235 35 
1236 45 
1237 56 
1239 29 
1242 762 
1242 237 
1244 216 
1244 33 
1246 289 
1246 75 
1247 22 
1247 125 
1247 45 
1249 234 
1250 23 
1251 318 
1253 7 
1254 418 
1254 50 
1255 45 
1255 116 
1262 70 
1264 48 
1264 44 
1267 59136 
1270 49 
1272 60 
1272 216 
1273 53 
1274 46 
1275 11 
1275 100 
1278 26 
1279 85 
1279 146 
1280 38 
1281 46 
1286 20 
1287 87 
1288 89 
1289 75 
1293 123 
1295 21 
1295 102 
1297 36 
1298 16 
1298 52 
1298 19 
1299 282 
1300 37 
1301 259 
1303 46 
1303 4 
1312 528 
1313 113 
1313 35 
1319 143 
1320 28 
1320 134 
1321 40 
1322 44 
1322 130 
1323 68 
1324 14 
1326 38 
1327 24 
1331 74 
1335 46 
1335 26 
1337 141 
1340 10 
1340 65 
1347 86 
1349 59 
1349 343 
1349 14 
1351 44 
1352 126 
1353 80 
1354 1 
1356 953 
1357 133 
1357 92 
1362 199 
1363 10 
1367 61 
1368 21 
1372 74 
1373 37 
1377 118 
1377 76 
1380 86 
1381 33 
1390 108 
1394 32 
1399 300 
1400 191 
1400 5 
1404 163 
1404 10 
1405 40 
1408 69 
1410 126 
1412 42 
1414 165 
1415 58 
1416 19 
1418 31 
1419 8 
1420 171 
1421 200 
1424 37 
1426 36 
1426 11 
1427 74 
1429 39 
1439 4 
1440 36 
1441 46 
1441 43 
1444 8 
1445 34 
1447 15 
1447 134 
1449 199 
1450 60 
1455 84 
1458 291 
1461 345 
1462 25 
1467 57 
1471 42 
1472 17 
1473 144 
1474 21 
1478 23 
1480 84 
1482 63 
1483 89 
1487 28 
1499 29 
1499 5 
1501 105 
1501 18 
1504 112 
1504 82 
1505 55 
1511 121 
1512 235 
1514 7 
1520 192 
1521 37 
1522 9 
1525 10 
1525 18 
1526 35 
1529 68 
1530 53 
1532 50 
1533 133 
1534 21 
1535 77 
1538 78 
1544 2 
1544 32 
1546 53 
1549 59 
1550 62 
1550 1 
1556 87 
1557 51 
1558 64 
1559 72 
1559 70 
1561 31 
1562 72 
1562 191 
1563 40 
1563 214 
1568 50 
1568 1169 
1568 183 
1571 175 
1576 22 
1577 42 
1583 0 
1586 59 
1589 260 
1591 218 
1594 23 
1595 4 
1596 78 
1597 57 
1603 435 
1605 28 
1607 97 
1609 197 
1610 118 
1611 36 
1612 2948 
1613 156 
1616 80 
1624 147 
1628 86 
1630 41 
1630 807 
1631 99 
1634 21 
1635 30 
1639 87 
1643 195 
1649 80 
1652 231 
1661 256 
1665 45 
1667 27 
1669 60 
1672 116 
1676 271 
1681 33 
1684 64 
1685 477 
1687 122 
1687 26 
1688 102 
1694 45 
1695 6 
1703 41 
1711 117 
1713 22 
1720 31 
1720 498 
1723 13 
1723 35 
1729 136 
1729 68 
1729 130 
1736 14 
1739 89 
1740 495 
1740 46 
1740 151 
1742 31 
1743 51 
1745 10 
1749 41 
1753 78 
1756 640 
1759 25 
1759 29 
1763 6 
1765 14 
1766 37 
1770 89 
1772 35 
1772 30 
1773 21 
1773 60 
1775 8 
1775 45 
1776 49 
1776 15 
1777 37 
1777 23 
1779 116 
1780 51 
1785 15 
1787 597 
1790 255 
1794 65 
1801 196 
1813 8 
1819 8 
1826 101 
1826 78 
1833 20 
1838 101 
1839 20 
1841 507 
1841 30 
1841 6 
1846 55 
1851 35 
1855 4 
1855 236 
1859 17 
1867 42 
1872 210 
1875 40 
1878 18 
1881 135 
1884 12 
1885 137 
1885 70 
1887 15 
1890 46 
1891 7 
1892 25 
1893 89 
1897 39 
1898 78 
1900 61 
1904 20 
1908 428 
1909 119 
1909 237 
1915 100 
1917 24 
1918 5 
1918 71 
1925 128 
1930 38 
1933 32 
1936 124 
1937 40 
1942 95 
1943 113 
1944 12 
1946 5 
1947 92 
1949 37 
1950 4 
1951 139 
1952 21 
1957 887 
1959 20 
1966 115 
1970 857 
1971 96 
1976 47 
1979 405 
1979 12 
1981 70 
1981 16 
1982 40 
1983 32 
1988 7 
1988 58 
1992 9 
1995 11 
1996 77 
1997 58 
2001 46 
2002 21 
2005 106 
2005 17 
2006 35 
2008 29 
2009 60 
2010 70 
2012 68 
2016 13 
2020 25 
2027 25 
2030 231 
2031 1 
2032 84 
2033 108 
2034 5 
2037 10 
2038 25 
2041 37 
2044 102 
2044 5 
2065 122 
2070 12 
2071 81 
2072 44 
2073 27 
2073 29 
2073 253 
2074 320 
2076 6 
2077 187 
2078 111 
2083 616 
2085 3 
2085 78 
2087 105 
2089 343 
2090 51 
2097 7 
2107 88 
2108 38 
2109 50 
2113 70 
2113 49 
2115 33 
2122 64 
2124 38 
2126 48 
2127 58 
2127 35 
2132 239 
2143 68 
2145 508 
2145 199 
2157 37 
2158 121 
2168 127 
2169 13 
2170 3 
2171 42 
2175 6 
2182 46 
2197 68 
2202 143 
2204 710 
2206 90 
2207 93 
2208 105 
2209 38 
2213 669 
2213 37 
2219 207 
2226 50 
2229 70 
2231 11 
2231 13 
2235 409 
2236 0 
2236 25 
2244 51 
2252 59 
2254 1016 
2255 87 
2256 21 
2267 196 
2272 79 
2276 16 
2282 28 
2285 151 
2286 37 
2294 50 
2295 33 
2297 312 
2304 70 
2307 82 
2312 16 
2313 56 
2317 22 
2318 200 
2319 7 
2322 65 
2322 57 
2324 321 
2324 47 
2324 54 
2330 69 
2333 0 
2336 74 
2337 372 
2337 1139 
2338 39 
2340 21 
2340 49 
2341 177 
2343 17 
2348 34 
2354 27 
2355 11 
2355 38 
2356 284 
2359 60 
2359 45 
2360 859 
2361 131 
2362 6 
2364 4 
2370 58 
2371 15 
2373 45 
2374 33 
2374 190 
2378 81 
2383 106 
2389 71 
2391 62 
2402 21 
2403 38 
2407 140 
2412 39 
2422 4 
2422 88 
2428 2 
2442 123 
2450 166 
2458 1 
2459 54 
2471 1 
2474 195 
2476 10 
2478 80 
2481 99 
2482 67 
2489 29 
2491 78 
2499 35 
2500 185 
2504 17 
2505 7 
2519 22 
2521 42 
2531 215 
2536 81 
2539 13 
2539 39 
2544 70 
2547 86 
2552 5 
2553 146 
2557 73 
2558 15 
2562 58 
2563 291 
2575 45 
2575 32 
2577 91 
2577 2 
2583 90 
2583 48 
2585 75 
2586 29 
2588 363 
2590 38 
2590 97 
2596 118 
2604 2 
2606 90 
2610 46 
2612 9 
2612 40 
2613 50 
2613 29 
2616 93 
2620 78 
2627 19 
2627 4 
2629 31 
2630 20 
2639 94 
2639 11 
2639 108 
2646 110 
2652 18 
2654 33 
2662 154 
2666 97 
2670 150 
2672 87 
2677 275 
2684 272 
2694 44 
2699 47 
2715 2 
2716 5 
2717 4 
2718 378 
2730 37 
2732 164 
2734 16 
2738 30 
2758 90 
2763 45 
2766 57 
2769 38 
2770 62 
2772 82 
2779 55 
2780 46 
2784 27 
2793 36 
2793 35 
2793 85 
2793 293 
2796 2 
2808 61 
2808 16 
2809 126 
2810 90 
2814 75 
2820 11 
2823 85 
2824 121 
2825 210 
2833 21 
2839 35 
2842 198 
2842 411 
2844 614 
2845 71 
2850 107 
2851 56 
2851 11 
2857 827 
2861 94 
2864 40 
2867 54 
2886 204 
2906 281 
2910 3 
2914 278 
2915 2 
2919 145 
2921 67 
2922 24 
2923 31 
2925 23 
2926 8 
2927 63 
2927 210 
2928 30 
2932 23 
2933 63 
2934 73 
2938 5 
2939 406 
2944 5 
2949 32 
2955 200 
2960 3 
2983 90 
2984 39 
2986 62 
2993 67 
2995 53 
2997 10 
2998 25 
3000 95 
3002 91 
3006 65 
3007 83 
3012 36 
3014 35 
3025 64 
3029 39 
3033 152 
3037 92 
3041 114 
3045 30 
3046 97 
3049 125 
3062 10 
3072 23 
3073 21 
3074 95 
3078 57 
3079 57 
3081 18 
3082 93 
3082 174 
3085 96 
3087 36 
3089 47 
3107 72 
3113 81 
3114 24 
3115 47 
3119 51 
3135 91 
3139 107 
3143 69 
3146 36 
3151 99 
3154 36 
3157 47 
3158 5 
3182 96 
3191 78 
3192 60 
3192 5 
3200 80 
3201 52 
3202 17 
3207 5 
3211 39 
3211 61 
3214 28 
3218 24 
3231 58 
3238 101 
3241 17 
3242 7 
3246 70 
3256 15 
3257 11 
3262 154 
3262 19 
3267 99 
3280 44 
3281 57 
3283 12 
3308 11 
3314 202 
3317 109 
3317 60 
3319 28 
3321 22 
3329 56 
3337 0 
3338 53 
3343 63 
3347 10 
3365 20 
3366 15 
3376 7 
3376 5 
3379 79 
3382 18 
3386 52 
3390 31 
3393 42 
3407 40 
3448 56 
3449 25 
3455 63 
3464 6 
3468 70 
3469 66 
3470 28 
3476 2 
3479 150 
3482 71 
3482 40 
3484 69 
3497 37 
3505 194 
3509 35 
3538 18 
3540 22 
3549 43 
3551 61 
3552 32 
3554 84 
3558 12 
3564 178 
3565 100 
3571 61 
3588 18 
3590 3 
3594 354 
3597 86 
3615 8 
3618 74 
3623 19 
3624 225 
3626 42 
3638 28 
3647 70 
3663 26 
3664 200 
3665 37 
3666 42 
3670 72 
3670 84 
3672 73 
3676 0 
3681 132 
3682 71 
3682 27 
3684 46 
3702 118 
3718 17 
3720 38 
3724 123 
3728 37 
3732 33 
3738 139 
3741 26 
3743 35 
3744 6 
3744 23 
3748 464 
3751 269 
3756 40 
3762 14 
3771 20 
3772 17 
3781 67 
3786 33 
3801 1 
3813 57 
3815 23 
3820 150 
3832 32 
3834 613 
3836 296 
3837 63 
3843 57 
3845 121 
3860 31 
3873 8 
3877 40 
3877 5 
3881 48 
3887 14 
3888 192 
3893 21 
3907 89 
3911 4 
3916 119 
3917 31 
3919 111 
3921 27 
3924 166 
3926 870 
3929 30 
3940 14 
3942 48 
3953 61 
3958 23 
3981 136 
3982 82 
3987 39 
3988 5 
3991 160 
4000 26 
4021 38 
4022 3 
4029 96 
4030 198 
4036 86 
4044 57 
4044 721 
4051 11 
4053 9 
4054 6 
4061 59 
4063 203 
4066 33 
4083 15 
4097 29 
4099 58 
4107 11 
4108 15 
4109 63 
4111 89 
4118 142 
4119 37 
4120 25 
4152 9 
4153 62 
4156 31 
4172 70 
4189 8 
4189 35 
4194 94 
4195 70 
4200 29 
4210 76 
4210 94 
4217 4 
4223 27 
4227 13 
4230 215 
4241 8 
4250 93 
4254 123 
4255 22 
4263 40 
4271 5 
4272 106 
4273 3 
4310 49 
4318 44 
4333 49 
4346 13 
4349 101 
4359 44 
4363 33 
4364 31 
4369 23 
4384 729 
4384 60 
4388 83 
4389 224 
4389 37 
4389 6 
4400 31 
4418 35 
4431 44 
4433 6 
4437 60 
4439 211 
4447 49 
4448 14 
4451 228 
4472 11 
4472 110 
4479 28 
4480 175 
4483 46 
4483 35 
4494 8 
4506 87 
4528 63 
4538 51 
4539 55 
4549 52 
4551 8 
4553 167 
4559 18 
4565 58 
4567 36 
4581 9 
4584 23 
4585 46 
4589 57 
4592 43 
4595 46 
4611 26 
4616 21 
4618 18 
4626 55 
4629 62 
4632 18 
4651 65 
4654 60 
4675 119 
4676 3 
4676 11 
4684 98 
4720 8 
4726 44 
4732 114 
4738 4 
4739 26 
4741 75 
4747 0 
4765 46 
4790 31 
4794 206 
4803 69 
4812 8 
4818 4 
4823 5 
4834 33 
4838 27 
4842 15 
4843 37 
4846 1 
4849 638 
4855 13 
4859 61 
4867 31 
4872 22 
4880 100 
4896 70 
4904 44 
4917 51 
4922 258 
4928 44 
4931 6471 
4936 42 
4943 47 
4946 56 
4952 78 
4954 65 
4959 139 
4962 7 
4967 338 
4971 278 
4978 27 
4980 89 
4981 112 
4995 40 
4996 222 
5017 54 
5025 44 
5029 4 
5032 46 
5040 93 
5047 25 
5055 313 
5056 17 
5056 38 
5057 331 
5064 37 
5065 5 
5073 66 
5079 356 
5082 12 
5082 14 
5083 108 
5103 27 
5109 13 
5124 109 
5130 44 
5131 98 
5137 45 
5139 5 
5143 16 
5147 76 
5150 45 
5160 37 
5163 57 
5163 29 
5166 20 
5171 54 
5176 8 
5180 38 
5181 198 
5182 43 
5191 69 
5194 8 
5203 53 
5207 98 
5219 50 
5219 77 
5223 24 
5225 26 
5227 66 
5229 46 
5239 19 
5244 22 
5263 58 
5267 23 
5287 53 
5300 41 
5302 14 
5324 22 
5325 2 
5325 111 
5328 53 
5332 9 
5338 51 
5345 114 
5351 39 
5351 44 
5354 13 
5363 29 
5382 94 
5388 66 
5398 87 
5402 35 
5409 10 
5422 65 
5426 66 
5453 12 
5463 10 
5463 22 
5468 69 
5469 217 
5472 44 
5476 14 
5478 37 
5481 16 
5492 14 
5493 173 
5496 6 
5498 35 
5502 79 
5513 55 
5515 66 
5540 33 
5545 75 
5550 1 
5552 21 
5556 56 
5577 91 
5578 41 
5599 4 
5603 1577 
5608 115 
5618 20 
5628 603 
5641 194 
5668 1516 
5676 30 
5678 39 
5681 60 
5699 56 
5724 15 
5731 45 
5744 745 
5754 9 
5759 145 
5760 43 
5763 28 
5771 6 
5787 32 
5794 112 
5795 16 
5796 206 
5809 68 
5809 5 
5815 21 
5819 10 
5833 44 
5834 63 
5847 78 
5879 49 
5881 7 
5885 18 
5900 166 
5923 98 
5956 6 
5957 85 
5962 70 
5970 35 
5976 153 
5980 30 
5987 19 
5988 153 
5991 49 
5993 164 
6002 69 
6008 65 
6021 133 
6024 37 
6026 257 
6031 57 
6039 1 
6040 30 
6069 70 
6070 6 
6091 24 
6110 41 
6123 46 
6124 91 
6130 35 
6139 32 
6140 72 
6157 14 
6161 354 
6165 14 
6170 200 
6177 71 
6179 27 
6185 40 
6187 23 
6188 132 
6198 45 
6200 650 
6207 97 
6209 23 
6214 141 
6219 26 
6221 34 
6229 20 
6234 2 
6241 75 
6246 67 
6253 36 
6256 9 
6270 10 
6272 0 
6275 43 
6278 150 
6309 53 
6329 76 
6330 50 
6338 63 
6350 159 
6374 187 
6378 280 
6387 31 
6393 6 
6407 411 
6435 16 
6452 111 
6493 117 
6494 104 
6507 9 
6511 50 
6521 28 
6522 242 
6530 20 
6538 31 
6563 346 
6598 75 
6599 68 
6604 28 
6617 11 
6618 53 
6622 5 
6635 99 
6639 33 
6640 9 
6653 91 
6663 52 
6674 63 
6675 29 
6676 173 
6692 21 
6721 141 
6737 6 
6744 85 
6759 43 
6767 271 
6768 9 
6789 4 
6804 25 
6808 6 
6822 1 
6842 9 
6868 680 
6869 68 
6878 149 
6895 23 
6896 18 
6905 1772 
6906 402 
6945 29 
6949 217 
6957 91 
6967 42 
6975 201 
6980 142 
7002 86 
7127 38 
7130 872 
7147 18 
7153 222 
7153 166 
7155 12 
7157 447 
7163 161 
7183 156 
7186 6 
7188 105 
7190 77 
7193 211 
7212 3 
7224 146 
7235 12 
7267 31 
7282 204 
7288 18 
7290 37 
7291 226 
7321 151 
7329 52 
7367 6 
7406 161 
7413 18 
7441 58 
7442 243 
7444 57 
7455 519 
7466 36 
7467 32 
7483 96 
7502 61 
7522 60 
7545 149 
7570 192 
7581 39 
7588 91 
7630 134 
7631 8 
7640 112 
7667 14 
7691 5 
7694 56 
7711 168 
7726 136 
7810 31 
7840 361 
7847 52 
7853 23 
7859 10 
7871 111 
7882 35 
7885 478 
7892 158 
7906 48 
7913 359 
7934 6 
7935 45 
7939 134 
7939 53 
7942 91 
7957 139 
7959 36 
7960 10 
7998 36 
8039 20 
8039 49 
8040 721 
8069 5 
8085 145 
8110 82 
8130 15 
8141 9 
8158 644 
8163 183 
8192 103 
8203 10 
8268 8 
8284 61 
8285 615 
8296 218 
8300 20 
8300 978 
8301 34 
8314 68 
8331 107 
8364 207 
8434 263 
8438 50 
8445 11 
8447 29 
8456 8 
8468 203 
8469 249 
8474 8 
8492 16 
8539 113 
8551 44 
8570 75 
8659 260 
8661 106 
8669 40 
8686 289 
8695 170 
8697 123 
8728 25 
8731 35 
8735 50 
8741 9 
8749 138 
8781 105 
8791 82 
8799 289 
8812 29 
8829 202 
8914 38 
8922 38 
8929 76 
8933 17 
8968 7 
8972 19 
8973 111 
9023 45 
9037 31 
9093 81 
9126 45 
9138 7 
9146 12 
9166 44 
9173 15 
9194 34 
9198 2 
9202 149 
9262 22 
9263 1 
9328 86 
9341 1 
9343 3 
9368 149 
9404 3 
9406 12 
9419 64 
9432 6 
9439 16 
9446 171 
9468 45 
9474 111 
9494 62 
9515 245 
9520 83 
9521 6 
9522 100 
9527 69 
9529 19 
9547 186 
9584 40 
9694 341 
9708 116 
9711 20 
9727 54 
9739 0 
9766 86 
9766 39 
9772 12 
9776 2 
9787 106 
9824 108 
9838 17 
9853 90 
9865 101 
9886 33 
9914 79 
9915 61 
9987 10 
10061 25 
10138 27 
10171 8 
10182 196 
10184 29 
10198 16 
10255 45 
10260 207 
10280 44 
10282 17 
10310 48 
10317 30 
10348 82 
10432 145 
10441 47 
10455 20 
10455 50 
10470 47 
10491 51 
10495 266 
10495 46 
10496 40 
10515 107 
10557 252 
10560 173 
10594 298 
10620 32 
10636 24 
10665 75 
10828 103 
10849 13 
10870 31 
10870 21 
10887 12 
10907 374 
10910 62 
10962 24 
10971 279 
10971 105 
11052 19 
11074 7 
11084 22 
11167 150 
11179 175 
11196 153 
11225 50 
11244 33 
11283 127 
11288 113 
11291 13 
11302 40 
11321 12 
11327 24 
11347 3 
11356 75 
11383 98 
11447 7 
11451 4 
11456 105 
11489 62 
11492 54 
11496 50 
11500 13 
11534 24 
11534 1388 
11549 89 
11552 17 
11567 60 
11571 101 
11586 18 
11609 108 
11651 24 
11681 13 
11709 9 
11715 182 
11722 295 
11727 14 
11730 40 
11734 100 
11734 20 
11828 270 
11857 13 
11860 125 
11868 71 
11873 14 
11873 5 
11891 7 
11996 78 
11997 12 
12059 19 
12063 54 
12123 35 
12156 2 
12157 43 
12158 63 
12164 125 
12168 8 
12177 75 
12184 638 
12190 11 
12249 25 
12266 28 
12266 96 
12280 21 
12286 342 
12401 55 
12415 26 
12560 65 
12569 7 
12648 74 
12665 236 
12699 14 
12708 580 
12712 55 
12717 160 
12751 250 
12857 11 
12863 178 
12945 25 
12946 36 
12973 45 
12995 60 
13038 192 
13173 92 
13202 24 
13253 23 
13253 209 
13396 15 
13434 32 
13442 93 
13454 164 
13483 946 
13507 112 
13611 4 
13723 20 
13789 39 
13790 309 
13813 286 
13906 2 
13917 27 
14016 9 
14044 32 
14051 12 
14086 21 
14102 46 
14108 73 
14170 22 
14265 3 
14486 16 
14514 22 
14570 388 
14602 59 
14673 17 
14683 60 
14786 137 
14790 12 
14794 151 
14803 123 
14804 40 
14835 4 
14850 35 
14895 73 
14897 92 
14901 88 
14975 1489 
15031 21 
15051 102 
15105 117 
15129 43 
15139 84 
15188 50 
15302 30 
15668 12 
15678 264 
15688 428 
15707 41 
15873 11 
15920 160 
15931 67 
15932 44 
16037 5 
16109 16 
16122 8 
16169 13 
16231 22 
16239 268 
16371 280 
16535 16 
16649 39 
16757 99 
16868 280 
17171 20 
17187 107 
17190 24 
17493 74 
17518 19 
17670 56 
17693 58 
17759 397 
17768 14 
17798 33 
17852 167 
17890 91 
17917 45 
17997 65 
18185 22 
18219 9 
18258 127 
18500 22 
18585 76 
18618 533 
18670 97 
18697 76 
18722 196 
18758 43 
18896 49 
19581 16 
19717 70 
19797 19 
19820 145 
19895 11 
20075 21 
20121 236 
20147 108 
20253 33 
20269 48 
20296 103 
20488 42 
20615 29 
20769 119 
20810 4 
20856 71 
20887 9 
20925 33 
21048 46 
21066 33 
21086 9 
21125 67 
21405 12 
21545 4 
21640 14 
21664 6 
22061 21 
22317 107 
22737 19 
22945 21 
23206 1 
23217 26 
23378 25 
23613 82 
23749 329 
23784 178 
23846 49 
23895 54 
24041 11 
24113 56 
24620 28 
24935 158 
24995 132 
25082 7 
25234 10 
25354 18 
25494 24 
25506 7 
25811 1 
25888 15 
25951 74 
26158 1 
26369 10 
26556 175 
27691 1 
27719 79 
27910 57 
28576 25 
28738 13 
28942 109 
28987 571 
28992 33 
29609 112 
29828 35 
29976 126 
30446 101 
30734 8 
30795 23 
30824 18 
31036 15 
31076 863 
31178 19 
31283 76 
31308 5764 
32009 46 
33162 117 
33737 142 
33766 4 
33865 40 
34680 93 
35042 2 
35102 306 
35836 7 
36406 66 
36726 534 
36985 3 
37260 1221 
37928 451 
38182 12 
39133 68 
39434 17 
39469 11 
40007 5 
40087 87 
40623 24 
40642 54 
40661 401 
40712 147 
41294 4 
41667 16 
41772 4 
42676 92 
42913 161 
42939 132 
43220 23 
43369 675 
43627 134 
43633 45 
43726 27 
43735 88 
43845 162 
44152 172 
44568 17 
44715 41 
44787 118 
44919 170 
45176 5 
45833 24 
46131 85 
46187 43 
46200 9 
46573 18 
46728 14 
46779 167 
47186 53 
47216 279 
48081 39 
48442 119 
49453 230 
49811 56 
49890 51 
50578 12 
50692 189 
50841 39 
51564 7 
51683 16 
51775 13 
52137 1877 
52475 1359 
52609 28 
52808 489 
52841 49 
53055 248 
53113 26 
53227 73 
53245 18 
53561 84 
53599 718 
54127 15 
54199 61 
54217 34 
54343 14 
54980 28 
55258 434 
56285 111 
57156 13 
57355 93 
57751 45 
58027 105 
58192 3 
58223 235 
58260 83 
58317 14 
58359 165 
58400 223 
58515 63 
58549 81 
58734 126 
58753 3 
58801 472 
59108 19 
59741 30 
59978 36 
60333 50 
60558 103 
60708 31 
61301 79 
61335 78 
62035 31 
62192 138 
62217 2 
62510 5 
62953 227 
63185 0 
63319 42 
63403 203 
63500 2 
64087 187 
64462 70 
64980 346 
65360 129 
65527 0 
65731 155 
65877 148 
66428 123 
66655 79 
66777 24 
67301 21 
68047 81 
68663 867 
68667 5 
69131 15 
69422 24 
70683 27 
70955 76 
71167 700 
71514 12 
71792 11 
73735 27 
74467 924 
74664 15 
74974 7 
75069 89 
75697 12 
76139 545 
76337 26 
77683 56 
77697 23 
78422 3 
78636 40 
78738 30 
78854 235 
79696 18 
80616 12 
81393 153 
81462 29 
81769 7 
81810 55 
82319 11 
82348 304 
82729 362 
83362 1570 
84250 68 
84481 316 
84502 251 
84848 26 
85863 73 
86226 2327 
86879 5 
86916 8 
88974 4 
89036 119 
89542 13 
89883 87 
90047 27 
90136 78 
90265 102 
90305 87 
90336 62 
90348 319 
90405 204 
90422 141 
90424 51 
90488 113 
90489 118 
90498 12 
90499 111 
90547 99 
90550 50 
90577 198 
90583 62 
90619 58 
90654 69 
90663 83 
90938 37 
91072 145 
91227 86 
91231 161 
91282 5921 
91291 203 
91292 125 
91296 30 
91300 132 
91302 85 
91347 79 
91350 34 
91356 116 
91358 56 
91360 54 
91363 38 
91371 140 
91371 14 
91374 85 
91375 101 
91381 111 
91383 86 
91392 33 
91392 905 
91395 92 
91395 128 
91431 133 
91433 39 
91433 22 
91441 80 
91445 44 
91446 167 
91449 59 
91451 54 
91490 23 
91494 96 
91495 71 
91496 122 
91503 988 
91515 55 
91532 27 
91545 58 
91545 119 
91547 147 
91554 50 
91565 75 
91577 163 
91577 108 
91578 119 
91602 34 
91613 193 
91613 116 
91616 26 
91632 126 
91648 969 
91656 37 
91659 83 
91666 93 
91670 124 
91701 312 
91710 33 
91719 118 
91723 68 
91724 79 
91726 19 
91727 39 
91736 104 
91738 60 
91742 93 
91754 162 
91759 229 
91776 496 
91780 29 
91805 36 
91811 57 
91826 71 
91847 93 
91885 62 
91919 46 
91947 141 
92025 118 
92077 32 
92121 11 
92140 48 
92183 47 
92184 56 
92233 12 
92315 38 
92344 128 
92372 123 
92484 98 
92584 30 
92598 71 
92638 641 
92659 75 
92678 152 
92693 41 
92696 284 
92701 13 
92736 13 
92766 116 
92773 246 
92927 208 
93014 35 
93042 19 
93051 139 
93101 13 
93401 90 
93503 55 
93566 65 
93577 107 
93745 80 
93950 0 
94139 102 
94295 75 
94337 55 
94344 175 
94380 15 
94401 37 
94525 35 
94955 13 
94956 54 
95021 44 
95085 21 
95996 80 
96028 5 
96270 152 
96321 49 
96519 54 
96550 137 
96626 36 
96925 8 
97063 96 
97077 23 
97437 92 
97575 103 
98016 159 
98226 43 
98639 25 
99307 36 
99478 0 
99822 157 
99826 3 
100217 3 
100227 127 
100241 78 
100381 61 
100470 34 
100901 91 
101686 1 
103146 6 
103854 0 
104753 19 
106413 6 
107832 71 
109591 98 
109798 15 
113005 56 
114290 227 
114728 40 
118080 7 
118631 251 
119239 40 
120698 61 
122494 121 
122861 201 
123460 187 
124121 330 
125050 24 
125100 32 
125180 290 
125573 601 
131196 94 
133731 104 
134754 54 
136469 23 
136671 61 
136771 296 
139134 37 
141703 804 
142158 19 
145589 83 
146360 3 
147952 52 
149148 352 
151183 8 
151794 54 
151798 97 
154959 11 
155169 4 
157486 173 
158096 75 
158503 10 
160860 35 
162128 14 
163410 858 
163825 306 
163994 50 
164710 29 
165481 353 
166834 53 
167657 22 
168462 514 
168977 16 
169020 15 
169447 48 
170801 321 
171601 90 
172073 53 
172384 45 
172498 127 
172523 107 
173848 25 
173857 3 
173981 44 
174229 1 
176298 112 
176386 218 
176911 11 
177434 110 
179338 48 
179458 82 
179986 16 
181010 11 
181814 55 
182606 29 
184023 116 
184473 239 
186370 7 
202489 2 
228433 0 
229990 208 
238690 220 
239983 236 
240081 283 
240504 150 
259664 116 
260089 96 
262772 88 
265934 53 
267131 33 
267309 56 
269403 51 
281142 0 
285413 125 
296223 1 
310019 0 
313148 121 
323616 344 
325935 42 
331811 15 
332535 36 
337009 3 
338456 14 
344044 11 
344495 274 
346679 899 
352679 6 
365275 99 
365425 160 
365784 18 
366492 93 
367099 67 
368025 97 
368095 21 
385626 1872 
412461 1216 
413391 43 
421796 26 
452191 15 
452957 321 
453072 48 
454643 25 
454850 7 
477214 28 
488807 61 
502575 148 
523808 74 
525896 107 
526520 43 
533447 97 
533458 193 
569962 32 
580647 96 
582570 44 
588318 18 
