2150 2.75189814815
0 629150 
10 143 
11 168 
13 135 
14 226 
14 171 
15 53 
16 118 
16 160 
17 429 
17 125 
18 108 
19 41 
20 11 
20 143 
20 185 
20 30 
20 97 
21 71 
22 168 
22 665 
22 203 
24 249 
24 105 
24 57 
24 152 
24 348 
25 142 
25 780 
25 249 
26 2139 
27 335 
28 39 
28 291 
28 223 
28 79 
28 31 
29 22 
29 55 
29 55 
30 362 
30 112 
30 168 
30 649 
31 49 
31 115 
31 689 
31 52 
33 143 
33 106 
33 272 
33 121 
34 741 
35 101 
35 44 
35 132 
35 7 
35 117 
36 1097 
36 124 
36 297 
36 57 
37 178 
37 358 
38 248 
39 453 
39 175 
40 249 
40 172 
40 59 
40 496 
40 59 
40 138 
42 143 
43 81 
43 27 
44 123 
44 369 
45 99 
45 69 
45 75 
46 119 
46 176 
46 82 
46 59 
47 174 
47 160 
47 411 
47 119 
48 158 
48 31 
49 291 
49 99 
49 674 
49 122 
50 552 
50 188 
50 133 
50 304 
50 100 
50 344 
50 75 
51 109 
51 494 
52 3122 
52 545 
52 565 
52 396 
52 81 
53 51 
53 58 
54 368 
54 120 
54 510 
55 35 
55 78 
55 86 
55 67 
55 34 
55 309 
55 385 
56 428 
57 284 
57 88 
57 332 
58 38 
58 32 
58 62 
58 85 
59 177 
59 98 
59 15 
59 208 
60 32 
61 111 
63 87 
64 145 
64 97 
64 33 
64 65 
64 12 
65 140 
65 766 
66 144 
66 548 
67 139 
67 28 
67 126 
67 90 
68 107 
68 208 
68 134 
68 450 
68 1065 
69 26 
69 168 
69 245 
71 134 
71 56 
71 162 
71 109 
71 118 
71 148 
73 625 
73 23 
73 503 
73 19 
73 471 
74 108 
74 267 
74 179 
74 1118 
74 342 
76 389 
76 52 
76 97 
77 164 
78 393 
79 22 
79 161 
80 249 
80 146 
81 177 
81 403 
82 634 
82 67 
82 494 
82 66 
83 53 
83 123 
85 92 
85 1294 
85 91 
86 39 
86 756 
87 46 
87 87 
88 517 
88 35 
89 34 
89 180 
89 219 
89 247 
90 109 
90 80 
90 237 
90 146 
90 109 
91 704 
92 21 
92 221 
92 410 
93 256 
93 133 
94 605 
94 89 
94 222 
95 76 
96 934 
96 65 
96 178 
97 59 
97 46 
97 126 
98 191 
98 246 
98 101 
100 199 
100 76 
101 102 
101 256 
101 85 
102 136 
102 112 
102 139 
104 104 
104 36 
106 97 
106 99 
107 127 
108 48 
108 288 
108 127 
109 272 
110 231 
112 63 
112 175 
112 29 
112 966 
113 93 
114 87 
115 67 
115 1371 
115 512 
115 73 
115 38 
116 141 
117 202 
118 90 
118 131 
119 86 
120 6880 
120 69 
121 221 
123 556 
123 73 
123 31 
124 309 
125 197 
125 1164 
125 59 
125 222 
126 741 
126 280 
126 748 
127 538 
127 74 
128 128 
128 20 
128 922 
129 23 
130 496 
131 85 
132 203 
133 141 
134 31 
134 171 
134 83 
134 244 
135 78 
135 333 
135 125 
137 301 
137 159 
138 205 
138 199 
139 85 
139 202 
139 1580 
140 28 
140 28 
141 138 
141 4413 
141 29 
142 44 
142 30 
143 386 
145 254 
145 645 
146 79 
146 475 
147 59 
151 65 
151 197 
151 69 
151 11 
152 132 
153 24 
154 33 
155 155 
158 594 
158 14 
159 33 
159 227 
160 371 
160 323 
161 118 
162 71 
166 158 
166 163 
168 39 
168 296 
170 21 
171 21 
172 197 
172 66 
172 67 
172 79 
176 58 
176 42 
178 172 
178 161 
181 61 
183 54 
185 34 
185 649 
187 289 
188 106 
189 280 
191 220 
191 98 
192 106 
195 139 
195 4297 
196 526 
197 58 
198 365 
199 74 
199 165 
199 106 
200 30 
200 50 
201 168 
201 1152 
201 349 
202 334 
203 179 
204 77 
205 162 
206 827 
207 173 
207 103 
209 76 
210 41 
211 203 
212 105 
214 217 
215 104 
215 1649 
216 87 
216 486 
219 157 
219 241 
219 324 
219 19 
219 41 
220 192 
222 112 
225 150 
230 89 
231 250 
231 72 
234 80 
235 8 
236 85 
240 3801 
241 112 
242 60 
250 275 
250 96 
251 27 
251 104 
252 644 
253 60 
253 438 
253 52 
261 116 
262 129 
262 44 
272 48 
273 31 
274 359 
275 55 
282 586 
283 41 
283 393 
283 322 
284 150 
286 46 
289 94 
293 70 
295 98 
297 407 
298 91 
305 45 
309 23 
312 636 
314 89 
315 223 
317 113 
318 34 
334 1313 
335 184 
341 449 
344 76 
346 68 
347 86 
349 249 
350 34 
351 101 
358 138 
360 43 
365 58 
365 103 
375 68 
379 212 
380 118 
382 131 
390 454 
391 118 
396 229 
399 129 
403 60 
405 52 
412 139 
421 79 
422 388 
426 50 
436 93 
439 3609 
440 12 
445 75 
457 39 
464 165 
466 538 
468 14 
469 110 
470 275 
473 333 
475 841 
477 211 
482 131 
494 216 
502 127 
513 2627 
520 179 
526 113 
530 498 
533 121 
550 80 
558 136 
564 345 
580 16 
591 11 
599 26 
605 29 
608 463 
611 6638 
628 135 
634 37 
636 130 
669 60 
675 11 
684 51 
686 291 
696 40 
700 540 
712 57 
713 30 
718 161 
723 101 
728 221 
729 129 
729 129 
734 105 
734 105 
755 93 
755 93 
781 625 
781 625 
787 246 
787 246 
800 135 
801 1141 
847 365 
864 376 
888 536 
908 234 
908 843 
913 196 
915 7 
923 412 
925 133 
945 201 
963 145 
1003 45 
1018 33 
1028 13 
1036 38 
1042 111 
1050 95 
1074 436 
1077 260 
1187 87 
1199 125 
1234 97 
1251 360 
1314 607 
1323 119 
1372 162 
1402 288 
1412 186 
1413 30 
1436 88 
1440 564 
1451 177 
1503 127 
1550 115 
1569 81 
1575 37 
1644 84 
1646 33 
1663 21 
1674 388 
1680 157 
1748 247 
1769 573 
1802 19 
1818 30 
1834 96 
1834 1264 
1891 260 
1893 53 
1909 477 
1955 342 
1993 93 
2006 33 
2024 960802 
2044 265 
2045 164 
2051 100 
2051 15 
2053 108 
2056 76 
2056 47 
2060 59 
2061 138 
2061 67 
2063 82 
2067 32 
2072 62 
2073 40 
2074 157 
2074 106 
2074 75 
2079 197 
2079 61 
2079 425 
2079 45 
2081 110 
2081 711 
2081 45 
2083 33 
2086 291 
2087 102 
2090 288 
2092 95 
2092 239 
2092 341 
2092 150 
2092 61 
2094 233 
2094 14 
2099 24 
2099 326 
2101 259 
2103 204 
2104 96 
2106 225 
2108 61 
2108 68 
2109 50 
2110 46 
2110 304 
2111 126 
2111 171 
2113 364 
2116 708271 
2117 69 
2118 132 
2119 186 
2121 35 
2122 473 
2123 153 
2124 3146 
2127 89 
2127 28 
2130 31 
2133 34 
2134 97 
2138 1084 
2138 377 
2139 162 
2140 16 
2140 41 
2141 190 
2142 62 
2143 193 
2144 123 
2146 50 
2146 5004 
2148 40 
2149 219 
2149 199 
2150 25 
2150 53 
2152 155 
2153 146 
2153 51 
2156 66 
2159 148 
2159 506 
2159 486 
2159 511 
2159 107 
2160 98 
2161 132 
2162 183 
2162 70 
2163 40 
2166 204 
2168 16 
2168 122 
2169 62 
2169 144 
2169 56 
2170 434 
2170 56 
2170 16 
2171 52 
2171 195 
2171 310 
2172 56 
2172 87 
2175 24 
2175 143 
2175 80 
2177 517 
2178 421 
2178 51 
2181 92 
2182 220 
2182 335 
2182 508 
2183 123 
2183 52 
2183 99 
2184 41 
2185 62 
2187 887 
2188 125 
2189 325 
2190 324 
2191 61 
2192 421 
2192 229 
2193 136 
2193 68 
2193 481 
2194 46 
2196 97 
2196 27 
2197 89 
2198 44 
2199 169 
2200 59 
2200 94 
2202 113 
2203 20 
2203 40 
2204 150 
2204 66 
2205 79 
2208 249 
2210 743 
2212 130 
2214 64 
2215 435 
2215 219 
2216 141 
2217 671 
2217 813 
2218 312 
2218 111 
2222 218 
2222 198 
2224 156 
2224 156 
2225 234 
2226 38 
2226 434 
2229 15 
2229 94 
2229 267 
2229 172 
2229 270 
2230 384 
2231 25 
2236 90 
2238 68 
2238 293 
2239 61 
2239 49 
2241 175 
2242 13 
2243 44 
2244 84 
2244 43 
2246 437 
2247 398 
2252 79 
2255 191 
2261 211 
2268 256 
2269 36 
2270 63 
2273 35 
2274 47 
2284 160 
2285 304 
2286 30 
2292 196 
2292 155 
2299 72 
2301 78 
2302 91 
2302 26 
2309 81 
2309 472 
2315 448 
2315 66 
2320 31 
2329 315 
2335 41 
2355 45 
2358 179 
2358 439 
2372 140 
2376 995 
2382 63 
2382 55 
2387 40 
2393 242 
2396 18 
2398 102 
2406 172 
2411 82 
2412 35 
2417 167 
2420 84 
2427 716 
2489 2074 
2519 36 
2521 38 
2529 1148 
2533 233 
2549 45 
2557 233 
2572 14 
2576 12 
2590 1115 
2695 196 
2707 1068 
2741 35 
2747 85 
2747 31 
2788 39 
2825 65 
2927 38 
2954 38 
2961 57 
3003 269 
3055 37 
3081 31 
3100 111 
3118 84 
3172 736 
3187 326 
3219 11 
3227 130 
3256 175 
3271 310 
3396 137 
3397 1746 
3427 31 
3480 875 
3555 8 
3625 122 
3627 123 
3635 471 
3641 83 
3690 171 
3701 505 
3735 285 
3803 375 
3847 82 
3904 379 
3904 19 
3994 27 
4228 41 
4291 129 
4316 186 
4543 413 
4544 238 
4563 4 
4574 55 
4585 133 
4856 49 
4882 1140 
4968 160 
5011 232 
5129 50 
5142 15 
5280 59 
5313 234 
5411 9 
5548 115 
5595 125 
5606 191 
5941 2219 
5963 59 
5964 133 
5986 35 
6034 116 
6418 9 
6460 535 
6594 128 
6617 60 
6627 36 
6643 19 
6676 143 
6736 18 
6833 261 
6882 264 
6898 56 
6936 40 
7139 17 
7190 73 
7203 238 
7291 199 
7308 57 
7326 101 
7341 18 
7393 401 
7410 45 
7417 45 
7418 34 
7422 232 
7424 490 
7426 54 
7427 36 
7432 3578 
7435 51 
7435 241 
7436 63 
7437 109 
7438 134 
7440 250 
7441 100 
7442 111 
7444 307 
7444 243 
7444 230 
7447 1848 
7450 37 
7450 27 
7451 364 
7451 172 
7452 196 
7454 118 
7455 168 
7456 2572 
7457 168 
7457 100 
7457 219 
7459 435 
7461 126 
7462 94 
7463 93 
7465 42 
7467 1546 
7468 188 
7468 136 
7468 290 
7469 104 
7470 65 
7473 127 
7476 28 
7476 343 
7477 84 
7478 54 
7478 174 
7480 96 
7481 171 
7482 61 
7482 73 
7483 59 
7484 19 
7485 181 
7486 26 
7489 12 
7489 1010 
7490 861 
7490 564 
7491 85 
7491 224 
7492 62 
7494 1087 
7494 176 
7497 415 
7498 73 
7500 65 
7504 25 
7504 315 
7504 47 
7504 289 
7505 92 
7505 38 
7506 10 
7506 169 
7508 162 
7510 113 
7511 46 
7511 24 
7512 612 
7512 93 
7513 637 
7513 15 
7514 247 
7516 74 
7518 300 
7521 117 
7522 105 
7523 1088 
7524 33 
7525 257 
7527 52 
7527 58 
7531 28 
7534 53 
7535 361 
7536 252 
7537 1057 
7538 104 
7541 119 
7543 112 
7545 135 
7550 69 
7556 88 
7557 43 
7567 173 
7568 2475 
7571 15 
7574 297 
7578 252 
7580 59 
7587 180 
7588 51 
7607 112 
7613 55 
7615 291 
7620 81 
7623 73 
7630 416 
7636 534 
7642 110 
7652 201 
7665 194 
7684 13 
7684 139 
7693 33 
7700 78 
7715 89 
7749 73 
7779 95 
7841 34 
7850 318 
7861 738 
7869 671 
7895 48 
7907 861 
7996 176 
8039 706 
8059 12 
8124 140 
8136 47 
8166 127 
8218 57 
8431 203 
8475 106 
8598 36 
8855 95 
8897 177 
9016 1880 
9068 2 
9108 98 
9150 172 
9287 4 
9396 2226 
9530 552 
9563 62 
9701 59 
9712 25 
9974 44 
9993 57 
9994 79 
10438 560 
10446 77 
10476 1124 
10501 1144 
10882 821 
10996 9471 
11015 177 
11028 149 
11081 50 
11126 379 
11149 71 
11222 356 
11331 163 
12628 763 
13932 40 
14278 131 
14359 908 
14581 152 
14665 67 
15137 33 
15412 405 
15799 458 
15955 306 
16288 582629 
16299 160 
16312 110 
16314 246 
16320 222 
16321 1243 
16321 103 
16323 577 
16328 416 
16328 355 
16329 64 
16330 291 
16331 481 
16331 51 
16334 609965 
16335 298 
16336 302 
16337 22 
16337 46 
16339 53 
16340 1006 
16342 32 
16342 5 
16344 60 
16354 79 
16358 110 
16358 18 
16359 163 
16360 8 
16360 232 
16360 261 
16362 168 
16362 121 
16363 255 
16365 232 
16365 137 
16365 30 
16366 239 
16366 209 
16367 29 
16369 391 
16370 61 
16375 247 
16376 71 
16377 115 
16380 123 
16381 86 
16383 30 
16383 246 
16384 4151 
16385 102 
16385 87 
16385 108 
16386 363 
16388 57 
16388 18 
16389 74 
16391 35 
16392 80 
16394 194 
16394 66 
16394 700 
16396 159 
16396 40 
16397 39 
16411 115 
16412 80 
16412 133 
16414 21 
16414 60 
16415 1693 
16416 145 
16421 62 
16423 15 
16423 167 
16425 89 
16427 100 
16429 59 
16431 29 
16432 17 
16433 73 
16434 165 
16435 104 
16435 109 
16436 56 
16438 655 
16442 482 
16443 238 
16444 249 
16446 37 
16446 228 
16447 211 
16450 305 
16455 23 
16459 105 
16463 117 
16464 107 
16468 324 
16469 100 
16470 68 
16471 61 
16471 120 
16472 200 
16474 118 
16478 34 
16481 96 
16483 124 
16483 55 
16487 106 
16492 100 
16492 89 
16493 114 
16499 109 
16499 6 
16515 75 
16520 175 
16522 205 
16528 4 
16533 160 
16537 105 
16541 183 
16547 191 
16549 2180 
16554 35 
16556 131 
16564 376 
16567 18 
16601 36 
16610 83 
16617 170 
16644 94 
16646 24 
16656 25 
16657 180 
16664 66 
16684 135 
16688 429 
16702 92 
16704 122 
16708 84 
16719 76 
16751 343 
16782 97 
16790 10 
16798 123 
16805 467 
16847 305 
16849 29 
16851 74 
16881 238 
16900 243 
16933 129 
16956 255 
16990 70 
17027 107 
17031 85 
17067 109 
17154 463 
17197 770 
17238 801 
17294 138 
17482 33 
17494 123 
17508 62 
17553 454 
17622 14 
18052 131 
18155 476 
18295 1068591 
18321 673 
18330 203 
18330 88 
18331 267 
18333 80 
18335 63 
18336 61 
18339 109 
18340 119 
18341 342 
18344 12 
18344 312 
18347 50 
18348 67 
18350 122 
18351 72 
18352 35 
18353 324 
18355 94 
18356 353 
18356 178 
18358 98 
18360 312 
18361 140 
18365 39 
18365 112 
18366 518 
18368 295 
18369 280 
18371 75 
18372 38 
18374 235 
18374 54 
18374 6 
18376 10 
18376 178 
18377 356 
18378 88 
18378 125 
18378 363 
18379 334 
18384 94 
18384 195 
18384 123 
18386 219 
18388 33 
18390 31 
18390 245 
18392 444 
18394 111 
18396 45 
18399 203 
18401 102 
18406 268 
18408 24 
18409 225 
18411 229 
18414 275 
18416 65 
18416 98 
18420 72 
18421 270 
18423 71 
18424 185 
18433 62 
18433 561 
18437 262 
18438 172 
18443 13 
18443 13 
18445 169 
18447 28 
18448 210 
18448 105 
18450 697 
18464 769 
18464 107 
18467 361 
18475 59 
18476 74 
18478 168 
18478 180 
18481 78 
18482 38 
18483 178 
18484 165 
18487 168 
18487 94 
18492 324 
18493 56 
18498 126 
18500 12 
18501 289 
18505 38 
18507 41 
18516 265 
18517 116 
18517 175 
18519 2078 
18520 38 
18522 88 
18525 513 
18525 670 
18536 66 
18557 69 
18580 431 
18614 259 
18618 220 
18624 122 
18640 84 
18671 43 
18675 87 
18688 177 
18689 63 
18691 88 
18724 299 
18766 10 
18770 338 
18849 1288 
18856 168 
18867 424 
18879 43 
18913 78 
19084 248 
19099 262 
19139 709510 
19153 167 
19161 148 
19161 103 
19168 165 
19170 114 
19170 67 
19173 204 
19178 639 
19180 569 
19183 740 
19184 188 
19184 104 
19186 54 
19186 29 
19186 108 
19192 276 
19195 65 
19197 875 
19199 119 
19200 264 
19200 241 
19200 17 
19200 75 
19202 602 
19203 332 
19207 323 
19208 39 
19213 87 
19215 201 
19218 55 
19219 70 
19221 218 
19222 97 
19223 331 
19226 266 
19227 160 
19227 97 
19229 64 
19232 26 
19239 151 
19244 166 
19245 42 
19250 484 
19250 79 
19254 374 
19254 267 
19257 111 
19258 207 
19258 52 
19261 18 
19261 357 
19262 204 
19266 279 
19266 105 
19275 58 
19287 67 
19291 43 
19304 29 
19305 81 
19308 184 
19310 37 
19312 196 
19313 5 
19313 30 
19314 32 
19320 1112 
19322 11 
19327 339 
19331 139 
19337 549 
19338 118 
19341 406 
19346 74 
19359 187 
19381 1059 
19406 89 
19424 7 
19439 19 
19489 241 
19536 88 
20142 84 
20294 720 
20529 176 
20660 54 
20664 89 
20665 273 
20743 347 
20849 240 
20973 138 
20992 109 
21005 81 
21038 300 
21314 148 
21324 37 
21331 219 
21648 118 
21675 1909 
21779 490 
21940 368 
22009 129 
22154 89 
22204 139 
22330 241 
22425 74 
22574 166 
23005 168 
23152 2 
23342 119 
23538 96 
23547 46 
23653 613 
23676 80 
24250 262 
24368 137 
24477 119 
24751 209 
24945 407 
25103 561 
25161 178 
26122 14 
26288 188 
26752 113 
26801 365930 
26819 109 
26822 145 
26825 44 
26828 71 
26828 360 
26829 15 
26831 174 
26833 129 
26843 317 
26844 602 
26845 55 
26845 55 
26846 209 
26848 48 
26849 153 
26852 214 
26853 106 
26853 266 
26856 645 
26856 68 
26857 473 
26857 218 
26857 104 
26863 98 
26867 379 
26868 92 
26872 275 
26873 715 
26874 142 
26874 197 
26885 190 
26887 215 
26891 55 
26896 1210 
26897 25 
26897 48 
26899 592 
26899 362 
26904 31 
26905 33 
26908 102 
26909 620 
26910 22 
26910 95 
26914 475 
26915 135 
26918 101 
26919 213 
26921 1 
26924 37 
26942 143 
26958 93 
26959 57 
26961 88 
26963 88 
26964 181 
26967 127 
26969 111 
26970 20 
26972 68 
26979 454 
26980 121 
26984 352 
26995 33 
27008 256 
27020 750 
27024 24 
27034 39 
27036 122 
27048 29 
27068 57 
27071 20 
27075 137 
27149 4 
27192 90 
27196 233 
27197 90 
27209 568 
27216 198 
27321 78 
27544 20 
27566 71 
27667 57 
27762 84 
27802 24 
27932 119 
28595 154 
28775 480 
28888 139 
29460 785 
29476 526 
29527 528 
29672 62 
30472 145 
30564 201 
30706 1007 
30801 89 
30879 492 
30950 914 
31186 163 
31440 147 
31488 237 
31491 486 
31505 105 
31510 154 
31609 220 
31865 140 
31878 592 
31889 47 
31952 172 
32082 306 
32756 20 
33011 120 
33439 197 
33547 59 
34144 71 
34836 118 
35231 164 
36148 177 
37663 215 
37704 95 
38724 18 
39762 924188 
39773 377 
39774 411 
39783 62 
39790 116 
39793 206 
39796 261 
39798 278 
39799 277 
39804 228 
39809 413 
39810 61 
39810 216 
39813 52 
39814 339 
39814 226 
39818 233 
39818 4 
39819 57 
39820 61 
39821 420 
39821 298 
39826 143 
39827 273 
39834 33 
39834 481 
39835 19 
39835 51 
39837 620 
39838 122 
39838 6266 
39840 926 
39842 67 
39844 81 
39845 200 
39846 371 
39846 2752 
39847 239 
39847 507 
39849 289 
39849 184 
39849 54 
39851 293 
39852 519 
39853 237 
39854 218 
39855 62 
39855 1108 
39860 192 
39860 325 
39861 112 
39862 101 
39865 260 
39867 320 
39867 75 
39869 258 
39871 107 
39871 704 
39875 220 
39875 372 
39876 199 
39878 388 
39879 1600 
39879 121 
39881 329 
39882 339 
39883 163 
39884 84 
39884 107 
39884 61 
39885 55 
39887 17 
39888 111 
39890 225 
39890 30 
39891 96 
39891 514 
39892 166 
39892 48 
39894 228 
39897 34 
39899 222 
39900 125 
39902 96 
39905 80 
39911 246 
39916 275 
39917 288 
39918 165 
39920 328 
39922 906 
39926 254 
39926 31 
39927 369 
39928 645 
39928 178 
39929 153 
39930 927 
39932 113 
39933 23 
39933 4385 
39934 213 
39934 208 
39936 5 
39938 88 
39943 749 
39943 171 
39946 82 
39948 60 
39950 353 
39952 278 
39954 263 
39956 164 
39963 126 
39963 42 
39966 94 
39969 122 
39971 737 
39971 66 
39973 246 
39974 209 
39975 325 
39977 145 
39978 314 
39981 314 
39985 140 
39986 265 
39992 90 
39999 121 
40000 91 
40009 199 
40010 374 
40014 155 
40015 165 
40017 238 
40020 40 
40021 1013 
40027 110 
40033 196 
40034 188 
40039 327 
40048 55 
40064 159 
40067 191 
40068 119 
40087 434 
40100 143 
40112 248 
40118 368 
40127 147 
40169 181 
40180 209 
40207 168 
40208 78 
40247 24 
40251 2406 
40282 421 
40289 467 
40316 651 
40329 237 
40337 139 
40355 723 
40382 80 
40420 355 
40424 1777 
40474 153 
40579 111 
40590 130 
40590 45 
40632 191 
40715 81 
40736 771 
40743 103 
40802 23 
41168 1434 
41214 66 
41224 89 
41845 384 
42459 120 
44784 29 
45047 1666 
45131 269 
47903 1127 
54108 362 
54362 461 
55327 109 
55933 49 
55965 291 
59724 583 
62200 51 
64202 169 
64680 15663 
64752 19 
64959 415 
66262 9 
66406 0 
66420 232 
66457 14 
66751 6 
66878 21 
67614 147 
68759 482 
68823 45 
68906 466 
69338 250 
69364 62 
69402 154 
71269 62 
72291 179 
72467 55 
72492 612 
73935 0 
75472 155 
78042 250 
78913 111 
78965 302 
79108 59 
79146 205 
79401 284 
80219 170 
80219 85 
80228 184 
80236 906 
80237 245 
80238 333 
80243 666 
80244 219 
80245 559 
80246 249 
80250 724 
80253 26 
80253 72 
80262 182 
80262 191 
80263 357 
80267 93 
80267 95 
80272 27 
80281 25 
80282 300 
80285 37 
80286 200 
80288 160 
80289 244 
80293 102 
80296 224 
80297 49 
80298 576 
80299 233 
80300 67 
80303 75 
80303 70 
80314 153 
80315 11 
80322 174 
80322 114 
80323 48 
80324 114 
80333 123 
80337 121 
80339 177 
80341 409 
80347 159 
80347 115 
80351 78 
80353 54 
80353 226 
80355 331 
80361 90 
80361 35 
80371 86 
80372 47 
80374 96 
80378 291 
80388 262 
80388 47 
80391 516 
80393 29 
80395 173 
80397 122 
80406 108 
80411 237 
80429 73 
80433 61 
80437 613 
80458 27 
80461 28 
80467 61 
80481 417 
80495 541 
80497 182 
80499 173 
80534 865 
80539 269 
80544 64 
80562 559 
80568 257 
80628 110 
80633 73 
80637 104 
80639 380 
80646 9 
80658 54 
80744 97 
80819 58 
80836 161 
80973 95 
81053 95 
81267 21 
81289 214 
81934 32 
81969 90 
83661 60 
83935 379 
83949 216 
84168 170 
85303 553 
86069 942 
86562 68 
87987 154 
88838 54 
90860 23 
91294 417 
91560 29 
92074 95 
92290 103 
92633 1068962 
92657 267 
92669 81 
92680 16 
92681 350 
92683 1384 
92689 166 
92689 140 
92690 142 
92690 46 
92691 219 
92691 363 
92702 376 
92703 357 
92704 115 
92706 128 
92708 48 
92709 33 
92710 71 
92711 157 
92711 171 
92716 39 
92718 222 
92719 127 
92722 95 
92722 47 
92724 76 
92724 189 
92725 290 
92726 322 
92727 337 
92728 104 
92728 431 
92735 159 
92735 139 
92739 93 
92739 29 
92744 215 
92747 102 
92749 184 
92754 76 
92754 293 
92757 105 
92758 83 
92759 71 
92759 171 
92760 139 
92762 71 
92762 105 
92764 100 
92771 27 
92774 246 
92777 56 
92778 272 
92780 643 
92783 296 
92783 173 
92785 96 
92786 513 
92786 37 
92798 137 
92798 132 
92800 30 
92804 47 
92804 137 
92810 174 
92812 157 
92818 115 
92820 56 
92827 115 
92827 304 
92830 103 
92838 95 
92857 82 
92862 398 
92864 202 
92864 145 
92866 98 
92875 52 
92879 68 
92913 92 
92921 203 
92938 125 
92953 111 
92966 36 
92966 33 
92972 73 
92974 159 
92975 71 
92980 176 
92987 7 
92993 323 
93001 758 
93007 777 
93024 1936 
93030 157 
93032 113 
93053 257 
93054 164 
93057 191 
93077 168 
93103 171 
93208 110 
93224 53 
93352 184 
93362 239 
93382 132 
93410 1442 
93457 73 
93504 107 
93603 646 
93685 79 
93691 15 
93955 244 
94037 169 
94152 121 
94168 190 
94322 348 
94336 59 
94376 549 
94437 269 
94470 135 
94546 119 
94953 175 
95205 75 
95264 315 
96440 4 
96520 63 
98012 289 
98029 121 
100088 67 
101411 101 
101562 406 
101766 124 
101785 93 
101855 101 
101908 180 
102285 17 
102652 87 
103127 128 
103144 451 
103248 570 
104012 156 
104106 321 
104783 53 
105097 311 
105318 370 
105928 255 
107444 73 
108472 234 
108868 227 
109599 1179 
109859 121 
110222 244 
110240 242 
110776 338 
112712 452 
112767 400 
113413 326 
113571 200 
114344 176 
115705 248 
116265 127 
121333 198 
121438 236 
124921 274 
125182 30 
125190 173 
128035 101 
131688 89 
150601 489 
153276 84 
160702 0 
161007 70 
161455 127 
162173 252 
162230 413 
162302 202 
164143 51 
164724 24 
166048 153 
166745 193 
166854 88 
169373 156 
169742 22 
182792 42 
185355 90 
185465 28 
186648 38 
191785 245 
201217 101 
211993 92 
240535 250 
240756 819 
244042 26 
251310 636 
256481 251 
262588 256 
271189 113 
274851 334 
275839 317 
280974 169 
288730 179 
328249 98 
328832 71 
344684 177 
356163 41 
359394 209 
411279 574 
439518 90 
449971 50 
450442 1148 
451345 396 
467741 338 
526814 250 
526814 250 
