2492 2.77302083333
0 589901 
6 261 
7 95 
8 557 
9 366 
10 762 
11 260 
11 200 
12 893 
12 817 
12 85 
13 393 
13 251 
13 149 
13 302 
14 190 
14 112 
14 456 
15 101 
15 140 
16 291 
16 91 
16 470 
16 4178 
17 158 
17 57 
17 404 
17 92 
17 803 
18 141 
18 1079 
18 246 
20 41 
20 57 
20 1395 
20 1187 
20 68 
20 193 
21 162 
21 428 
21 119 
22 415 
22 1731 
22 704 
22 468 
22 54 
22 219 
22 94 
22 82 
22 332 
23 464 
23 111 
23 138 
23 462 
23 108 
24 392 
24 329 
24 1321 
24 184 
25 408 
25 238 
25 437 
25 242 
25 975 
25 230 
26 188 
26 316 
26 538 
26 608 
27 1463 
28 155 
28 140 
28 1101 
29 197 
29 916 
29 398 
29 143 
29 379 
29 74 
29 486 
29 523 
30 178 
30 346 
30 335 
30 231 
30 128 
31 434 
31 442 
31 114 
31 847 
31 451 
31 8 
31 100 
31 334 
31 126 
32 1921 
32 80 
32 123 
32 233 
32 206 
33 128 
33 446 
33 253 
33 135 
33 242 
33 206 
33 314 
33 138 
33 70 
33 393 
34 19 
34 361 
34 354 
34 112 
34 97 
34 145 
34 316 
35 600 
35 156 
35 1521 
35 724 
35 490 
35 388 
35 84 
36 174 
36 30 
36 631 
36 228 
36 50 
36 205 
36 175 
36 834 
36 694 
36 259 
36 1269 
36 22 
37 374 
37 167 
37 899 
37 361 
37 125 
37 566 
37 201 
37 328 
37 151 
37 794 
38 513 
38 568 
38 150 
38 374 
38 251 
38 277 
39 376 
39 375 
39 469 
39 124 
39 353 
39 144 
39 45 
40 406 
40 212 
40 66 
40 294 
40 217 
41 341 
41 240 
41 222 
41 281 
41 532 
41 83 
41 111 
41 722 
41 58 
41 57 
42 438 
42 375 
42 474 
42 145 
42 27 
42 12 
42 90 
43 803 
43 93 
43 371 
43 743 
44 403 
44 258 
44 128 
44 325 
44 140 
44 124 
44 1138 
45 98 
45 136 
45 186 
45 290 
45 85 
45 1227 
46 95 
46 154 
46 167 
46 1150 
46 63 
46 21 
46 261 
46 468 
46 581 
46 162 
47 944 
47 422 
47 390 
48 79 
48 247 
48 164 
48 284 
48 20 
48 95 
48 391 
49 141 
49 241 
49 196 
49 97 
49 295 
49 465 
49 64 
49 149 
49 167 
50 407 
50 249 
50 129 
50 325 
50 484 
51 360 
51 92 
51 163 
51 245 
51 283 
51 2252 
51 117 
51 96 
51 51 
52 392 
52 239 
52 357 
52 175 
53 490 
53 87 
53 49 
53 83 
53 334 
53 365 
53 534 
53 204 
54 151 
54 101 
54 251 
54 184 
54 64 
54 424 
54 252 
54 105 
55 417 
55 87 
55 1270 
55 460 
55 955 
55 566 
55 5 
55 474 
56 214 
56 61 
56 57 
56 274 
56 1062 
57 100 
57 213 
57 102 
57 632 
57 152 
57 341 
57 230 
57 178 
57 116 
58 193 
58 1037 
58 283 
58 316 
59 144 
59 281 
59 179 
59 379 
59 383 
59 267 
60 366 
60 212 
60 453 
60 423 
61 61 
61 257 
61 111 
61 208 
61 242 
62 381 
62 39 
62 565 
62 82 
62 3456 
62 75 
62 309 
62 112 
63 317 
63 157 
63 193 
63 127 
63 166 
63 467 
63 136 
64 195 
64 94 
64 430 
64 155 
64 502 
64 4518 
64 288 
65 106 
65 714 
65 42 
65 434 
65 347 
65 67 
66 63 
67 459 
67 302 
67 64 
67 238 
67 83 
67 187 
67 72 
67 222 
67 181 
67 40 
67 33 
67 360 
68 264 
68 10 
68 53 
68 1455 
68 65 
68 110 
68 80 
69 223 
69 185 
69 64 
69 76 
69 76 
69 303 
69 62 
70 213 
70 113 
70 73 
70 192 
70 59 
70 209 
70 208 
70 492 
70 168 
70 78 
70 1672 
71 285 
71 167 
71 137 
71 160 
71 1001 
71 186 
71 506 
71 36 
72 87 
72 186 
72 81 
72 296 
73 28 
73 130 
73 55 
73 79 
73 236 
73 54 
74 232 
74 640 
74 652 
74 120 
74 967 
74 600 
74 488 
75 224 
75 5493 
75 144 
76 116 
76 344 
76 83 
77 34 
77 150 
77 113 
77 63 
77 189 
78 221 
78 117 
78 239 
78 184 
78 836 
78 309 
78 482 
78 26 
78 299 
79 71 
79 629 
79 202 
79 1519 
79 93 
80 194 
80 44 
80 181 
81 91 
81 81 
81 271 
81 101 
81 246 
81 74 
81 3379 
81 531 
81 246 
81 329 
82 218 
82 249 
82 214 
82 288 
82 151 
82 94 
82 178 
82 28 
83 326 
83 214 
83 49 
83 589 
83 48 
83 702 
83 96 
84 97 
84 100 
84 48 
84 290 
85 162 
85 473 
85 42 
86 242 
86 48 
86 51 
86 163 
86 892 
87 36 
88 234 
88 47 
88 149 
88 440 
88 144 
88 249 
88 165 
88 519 
89 362 
89 382 
89 270 
89 182 
89 6 
89 498 
89 38 
89 196 
89 365 
89 167 
89 51 
89 248 
89 84 
89 452 
89 587 
90 173 
90 520 
90 790 
90 179 
90 235 
90 164 
90 144 
91 271 
91 542 
91 140 
91 476 
91 167 
91 703 
91 489 
91 259 
91 91 
92 197 
92 534 
92 151 
93 27 
93 386 
93 166 
93 306 
93 817 
94 123 
94 98 
94 397 
94 137 
94 550 
95 490 
95 389 
95 180 
95 372 
95 317 
95 60 
96 314 
96 114 
96 152 
96 616 
97 180 
97 278 
97 455 
97 625 
97 1116 
97 162 
98 241 
98 149 
98 344 
98 149 
98 244 
99 73 
99 1418 
99 130 
99 29 
99 404 
100 567 
100 865 
100 30 
100 171 
101 26 
101 667 
101 281 
101 442 
101 257 
102 300 
102 197 
102 391 
103 494 
103 8 
103 374 
103 1000 
103 1013 
103 125 
104 25 
104 57 
104 120 
104 218 
104 508 
104 1051 
104 77 
105 92 
105 316 
105 61 
105 156 
105 202 
106 128 
106 1198 
106 121 
106 155 
107 273 
107 57 
107 1797 
107 72 
107 583 
108 350 
108 45 
108 225 
108 67 
108 365 
108 120 
108 338 
109 378 
109 106 
109 652 
110 235 
110 308 
110 210 
111 214 
111 932 
111 1665 
111 386 
111 154 
111 98 
111 583 
111 560 
111 181 
112 232 
112 22 
112 109 
113 54 
113 56 
113 483 
113 786 
113 167 
113 240 
114 535 
114 13 
114 169 
115 173 
115 216 
115 744 
115 14 
115 57 
115 221 
116 243 
116 253 
116 844 
117 434 
117 161 
117 210 
118 304 
118 718 
118 80 
118 207 
119 21 
119 315 
119 116 
120 87 
120 148 
120 74 
121 137 
121 232 
122 24 
122 119 
122 164 
122 159 
122 141 
123 145 
123 150 
123 161 
124 206 
124 720 
124 491 
124 589 
124 110 
124 244 
125 230 
125 253 
125 184 
125 238 
125 1214 
125 817 
125 103 
126 173 
126 112 
126 183 
127 262 
127 1403 
127 154 
127 179 
127 601 
128 88 
129 506 
129 52 
129 32 
129 600 
129 275 
130 93 
130 390 
131 60 
131 233 
131 169 
132 636 
132 623 
132 105 
132 324 
132 163 
132 98 
133 200 
133 92 
133 186 
133 153 
133 97 
134 48 
135 112 
135 981 
135 37 
135 135 
135 411 
135 82 
135 382 
135 309 
136 62 
136 60 
136 99 
137 72 
137 76 
137 1295 
138 322 
139 313 
139 350 
140 1115 
140 71 
140 103 
140 245 
140 291 
140 197 
140 218 
140 272 
141 114 
141 42 
142 467 
142 3573 
142 109 
142 257 
142 137 
143 75 
143 256 
143 37 
143 77 
143 161 
144 204 
144 640 
144 295 
144 1117 
145 229 
145 54 
145 154 
146 167 
146 45 
146 179 
147 93 
148 529 
148 360 
148 132 
148 76 
149 618 
149 631 
149 1006 
150 94 
150 96 
150 26 
150 165 
150 308 
150 1774 
151 74 
151 154 
151 117 
151 480 
151 79 
151 38 
151 56 
152 155 
152 60 
152 1578 
152 253 
152 474 
152 669 
152 145 
153 101 
153 98 
153 83 
153 7 
154 26 
154 537 
154 104 
154 101 
154 27 
154 31 
154 72 
155 377 
155 473 
156 157 
156 239 
156 179 
157 161 
157 271 
157 129 
157 3314 
158 160 
158 105 
158 85 
159 322 
159 191 
159 120 
160 389 
160 228 
161 55 
161 48 
161 29 
161 70 
161 315 
162 134 
162 76 
162 109 
163 490 
164 118 
164 76 
164 222 
164 182 
164 679 
165 383 
165 49 
165 70 
166 113 
166 373 
166 172 
166 716 
167 497 
168 34 
168 615 
168 636 
168 37 
168 935 
169 2399 
170 595 
170 46 
170 131 
170 339 
170 54 
172 458 
172 124 
172 937 
172 14 
173 536 
173 170 
173 330 
173 342 
173 132 
173 11 
174 92 
174 79 
175 86 
175 310 
176 162 
176 243 
176 67 
176 168 
177 177 
177 92 
179 331 
179 59 
182 113 
182 74 
182 360 
183 38 
183 251 
183 553 
183 625 
183 159 
183 235 
184 289 
184 440 
184 3073 
184 104 
184 553 
185 290 
185 199 
186 77 
187 304 
188 121 
188 329 
188 225 
188 644 
188 404 
189 194 
189 148 
189 389 
189 131 
190 115 
191 81 
191 504 
192 87 
192 230 
192 54 
193 200 
193 310 
193 116 
194 1203 
194 59 
194 70 
194 333 
195 171 
195 90 
195 178 
195 86 
196 57 
196 106 
196 89 
196 77 
197 237 
197 413 
198 1376 
198 47 
199 197 
199 1310 
199 110 
199 58 
199 632 
199 226 
200 175 
200 67 
200 225 
202 118 
203 19 
204 234 
204 115 
205 105 
206 34 
206 177 
208 119 
209 244 
210 318 
210 154 
211 251 
212 16 
212 67 
212 268 
212 308 
212 142 
212 148 
213 61 
213 406 
213 200 
213 346 
213 131 
213 97 
213 692 
214 33 
215 90 
215 69 
216 252 
216 135 
216 262 
216 39 
217 99 
217 295 
219 64 
219 6 
219 116 
220 59 
220 25 
220 498 
220 157 
221 546 
221 455 
221 71 
222 223 
222 413 
222 440 
223 18 
224 548 
225 41 
225 123 
225 729 
225 235 
225 204 
226 343 
226 203 
226 148 
227 574 
227 231 
228 707 
228 306 
229 181 
229 352 
229 70 
229 1153 
229 234 
230 482 
230 212 
230 217 
231 264 
231 187 
232 497 
232 305 
232 791 
232 310 
232 167 
233 268 
233 125 
234 254 
235 164 
235 245 
235 551 
235 64 
236 36 
237 84 
237 714 
237 153 
237 275 
237 1065 
237 202 
237 163 
237 126 
238 114 
238 81 
239 178 
239 680 
240 322 
240 65 
240 148 
241 388 
241 626 
242 42 
242 495 
243 228 
243 213 
243 104 
244 123 
244 213 
244 21 
244 302 
244 80 
246 353 
246 117 
247 629 
248 239 
248 65 
249 55 
250 313 
250 236 
251 9 
252 44 
252 254 
254 50 
254 331 
254 531 
255 3524 
256 514 
257 194 
257 150 
257 1244 
257 1692 
258 276 
258 355 
259 396 
259 21 
259 134 
259 472 
260 270 
260 102 
261 144 
261 128 
261 49 
262 294 
263 62 
263 114 
264 63 
264 18 
264 664 
265 73 
265 1403 
266 271 
266 125 
266 195 
267 83 
267 268 
267 740 
267 86 
268 363 
268 50 
268 55 
269 6 
269 122 
269 275 
270 2318 
270 90 
271 244 
271 22 
271 199 
272 286 
272 185 
273 267 
274 269 
275 475 
275 32 
275 129 
275 74 
275 199 
275 196 
276 95 
276 217 
277 97 
277 130 
278 1235 
278 102 
280 97 
282 150 
282 338 
282 73 
282 314 
283 329 
284 1171 
284 278 
284 139 
285 118 
285 128 
285 117 
286 409 
286 77 
287 9 
287 237 
287 812 
288 1352 
288 47 
288 449 
289 225 
289 115 
291 150 
291 110 
292 106 
293 36 
293 144 
294 348 
295 914 
295 93 
296 151 
296 127 
298 216 
298 307 
300 489 
300 153 
301 604 
301 163 
301 129 
303 388 
304 11 
304 11 
304 62 
306 24 
306 266 
307 206 
307 261 
309 124 
310 136 
310 53 
311 431 
312 223 
312 270 
315 336 
315 321 
315 134 
316 690 
316 322 
316 1056 
317 107 
317 96 
318 141 
318 357 
319 158 
319 256 
320 265 
320 97 
322 88 
322 247 
323 30 
323 44 
323 42 
324 213 
325 527 
325 463 
325 667 
325 191 
327 111 
328 248 
330 149 
331 2487 
331 217 
331 446 
331 152 
331 156 
332 732 
332 58 
333 153 
333 32 
333 159 
333 261 
334 166 
334 269 
334 65 
335 108 
335 84 
335 171 
336 73 
336 225 
337 244 
338 224 
340 74 
340 402 
340 210 
341 354 
342 54 
342 81 
343 165 
343 237 
343 194 
346 71 
346 36 
348 97 
349 40 
349 389 
349 14 
351 24 
351 22 
352 51 
353 341 
353 113 
354 102 
354 95 
355 57 
355 81 
355 81 
357 470 
358 449 
358 223 
358 628 
358 306 
359 56 
359 37 
360 195 
361 195 
362 64 
362 187 
362 19 
363 272 
363 21 
363 154 
364 86 
364 82 
365 247 
365 127 
365 82 
365 159 
365 2306 
365 1351 
366 282 
367 592 
367 108 
367 259 
370 110 
370 52 
371 122 
371 1729 
373 28 
375 142 
375 156 
375 453 
377 113 
377 98 
377 101 
378 179 
378 100 
378 116 
380 165 
380 89 
380 157 
381 341 
381 354 
382 138 
382 203 
384 104 
384 207 
385 433 
385 79 
385 429 
386 1192 
386 40 
387 116 
388 161 
389 178 
389 119 
390 75 
390 114 
391 107 
392 1599 
393 181 
394 184 
394 109 
395 212 
396 135 
398 130 
398 1226 
399 124 
400 168 
400 29 
400 151 
400 141 
401 307 
401 87 
403 855 
403 153 
403 840 
404 39 
404 393 
405 114 
406 121 
406 36 
410 202 
412 9 
413 305 
413 86 
416 265 
418 475 
419 249 
420 270 
421 116 
421 84 
421 166 
422 365 
422 95 
423 365 
423 403 
424 114 
424 46 
424 3390 
425 50 
425 114 
426 2 
426 181 
428 378 
428 111 
429 55 
429 337 
429 2557 
430 707 
433 6489 
433 384 
434 350 
436 207 
436 385 
438 146 
439 151 
439 344 
439 290 
439 56 
441 33 
441 301 
442 34 
442 1105 
445 38 
447 191 
449 156 
452 84 
453 1424 
453 178 
453 153 
453 229 
454 209 
454 351 
454 23 
455 1615 
455 343 
458 691 
460 139 
461 428 
461 65 
462 176 
466 183 
467 53 
467 98 
469 358 
471 153 
473 533 
475 189 
475 129 
476 153 
477 157 
478 128 
480 440 
482 89 
484 73 
484 31 
484 170 
484 287 
485 140 
487 133 
489 128 
489 263 
491 117 
492 139 
493 104 
493 434 
493 191 
494 212 
495 117 
496 120 
498 40 
498 288 
499 103 
499 187 
500 140 
500 254 
500 407 
501 94 
504 3 
504 283 
509 549 
510 214 
511 446 
512 48 
512 41 
512 46 
513 173 
515 274 
516 202 
517 148 
518 49 
518 428 
520 61 
524 96 
526 203 
529 302 
530 146 
530 73 
531 326 
533 123 
535 50 
537 152 
537 222 
538 660 
539 2196 
540 471 
540 143 
542 89 
542 146 
543 103 
545 300 
546 218 
547 119 
548 415 
548 252 
549 53 
554 109 
554 74 
557 72 
557 116 
559 217 
559 428 
560 326 
562 119 
563 35 
563 101 
563 82 
564 93 
565 462 
567 136 
568 91 
571 299 
572 113 
575 45 
575 13 
576 70 
577 68 
580 11 
581 75 
584 97 
585 212 
585 432 
586 185 
587 891 
587 1479 
589 89 
590 165 
590 210 
592 898 
595 904 
596 255 
597 143 
599 93 
601 588 
602 504 
603 978 
603 73 
604 166 
610 121 
611 131 
612 152 
616 324 
617 231 
617 47 
618 35 
618 427 
622 300 
625 167 
626 102 
626 133 
627 308 
628 28 
629 68 
634 1003 
635 376 
637 798 
637 88 
638 58 
640 176 
640 172 
641 32 
642 102 
643 127 
643 535 
643 522 
645 267 
646 144 
646 113 
648 194 
651 98 
653 559 
653 399 
655 96 
656 125 
657 75 
662 184 
663 234 
664 43 
669 202 
669 82 
674 35 
674 101 
674 100 
678 73 
679 477 
683 128 
684 243 
685 49 
689 39 
689 14 
693 173 
694 499 
701 312 
702 1232 
705 518 
707 948 
708 194 
709 127 
713 205 
717 416 
720 243 
723 279 
725 1207 
726 373 
730 179 
730 49 
732 382 
733 108 
735 53 
738 1898 
738 87 
747 259 
749 239 
752 80 
754 26 
756 489 
758 58 
759 575 
760 109 
760 123 
760 536 
765 242 
766 371 
769 207 
769 185 
769 902 
774 413 
777 145 
778 216 
785 119 
789 186 
791 82 
792 17 
798 414 
799 27 
803 95 
804 59 
807 180 
810 109 
810 123 
819 189 
819 185 
823 77 
826 126 
827 190 
827 214 
827 113 
833 105 
835 334 
835 47 
837 67 
838 258 
839 281 
839 138 
839 19 
843 893 
846 263 
856 327 
862 146 
862 93 
865 269 
866 620 
869 46 
872 239 
872 172 
874 335 
880 113 
881 845 
883 103 
884 121 
889 52 
894 17 
901 189 
903 193 
908 2796 
909 239 
909 52 
910 68 
912 45 
915 200 
915 183 
916 93 
919 115 
923 220 
923 700 
930 111 
933 358 
936 81 
939 114 
939 151 
948 131 
949 205 
953 223 
954 319 
955 94 
955 179 
959 631 
960 328 
964 202 
971 207 
975 105 
977 41 
980 54 
987 446 
989 492 
993 59 
995 183 
996 158 
998 182 
1000 70 
1000 149 
1006 333 
1007 419 
1007 87 
1010 112 
1013 469 
1014 143 
1017 253 
1025 791 
1030 176 
1032 18 
1033 52 
1034 14 
1039 137 
1041 58 
1042 1960 
1042 944 
1049 197 
1054 100 
1058 566 
1059 804 
1062 597 
1070 1165 
1076 74 
1077 162 
1079 246 
1079 479 
1080 98 
1082 331 
1084 96 
1085 134 
1092 21 
1096 83 
1097 131 
1098 132 
1104 170 
1105 55 
1105 342 
1105 371 
1107 161 
1108 85 
1111 53 
1112 362 
1112 142 
1120 60 
1123 229 
1126 78 
1135 203 
1138 55 
1138 345 
1140 113 
1142 98 
1149 314 
1150 107 
1150 490 
1154 71 
1158 2650 
1162 126 
1169 609 
1170 184 
1173 33 
1181 22 
1186 399 
1186 155 
1189 27 
1194 68 
1197 373 
1206 71 
1209 217 
1225 55 
1229 64 
1232 45 
1232 117 
1241 208 
1245 45 
1250 219 
1250 158 
1250 28 
1254 110 
1255 30 
1257 134 
1263 143 
1267 63 
1268 49 
1268 225 
1277 376 
1283 397 
1287 117 
1288 238 
1290 212 
1300 195 
1305 99 
1312 174 
1315 66 
1316 90 
1322 48 
1327 107 
1331 57 
1332 95 
1339 242 
1350 58 
1368 28 
1371 514 
1376 35 
1384 159 
1386 135 
1389 185 
1394 120 
1394 160 
1402 297 
1409 194 
1430 74 
1431 161 
1434 133 
1436 23 
1437 581 
1441 1734 
1443 86 
1444 271 
1456 247 
1460 161 
1461 161 
1465 494 
1466 71 
1468 63 
1477 566 
1478 73 
1478 94 
1478 87 
1481 126 
1485 17 
1487 211 
1490 128 
1491 40 
1495 114 
1504 29 
1506 133 
1508 142 
1508 349 
1511 18 
1512 209 
1513 157 
1517 638 
1520 49 
1527 154 
1550 197 
1552 119 
1553 176 
1568 131 
1580 26 
1587 43 
1587 78 
1591 84 
1605 206 
1608 65 
1613 187 
1619 24 
1622 278 
1634 128 
1634 173 
1634 50 
1641 92 
1644 134 
1646 182 
1657 140 
1667 116 
1670 648 
1671 145 
1682 101 
1685 150 
1691 188 
1701 101 
1704 258 
1710 144 
1714 97 
1715 236 
1716 227 
1723 100 
1727 93 
1729 34 
1762 95 
1786 109 
1798 44 
1799 155 
1805 472 
1815 938 
1820 117 
1820 281 
1830 375 
1839 54 
1844 1 
1860 111 
1878 140 
1884 35 
1893 110 
1900 93 
1913 458 
1935 127 
1944 67 
1979 412 
1981 519 
1985 136 
1987 39 
1989 27 
1991 110 
2004 44 
2008 181 
2010 888 
2016 27 
2018 171 
2026 308 
2054 46 
2062 193 
2071 49 
2089 109 
2095 162 
2104 18 
2108 130 
2117 89 
2121 183 
2128 106 
2134 303 
2142 115 
2153 129 
2205 60 
2211 37 
2211 142 
2221 103 
2226 18 
2237 63 
2264 249 
2282 82 
2282 123 
2292 232 
2294 95 
2301 466 
2311 146 
2311 144 
2328 28 
2339 101 
2343 256 
2353 104 
2357 517 
2363 187 
2366 225 
2381 373 
2388 73 
2397 168 
2399 65 
2410 230 
2441 113 
2453 171 
2457 191 
2460 90 
2470 169 
2472 9188 
2491 168 
2499 105 
2534 2127 
2550 142 
2561 109 
2568 55 
2569 364 
2576 168 
2577 1615 
2577 955 
2579 22 
2594 81 
2598 42 
2601 17 
2609 133 
2614 216 
2623 431 
2625 140 
2645 93 
2648 156 
2652 125 
2656 109 
2661 31 
2697 1528 
2708 86 
2711 55 
2712 59 
2753 152 
2756 73 
2762 241 
2763 58 
2784 125 
2786 141 
2824 143 
2824 216 
2828 418 
2834 268 
2836 20 
2841 216 
2842 129 
2863 36 
2863 140 
2872 91 
2896 130 
2930 35 
2954 198 
2989 116 
2996 206 
2999 122 
3000 283 
3012 226 
3038 223 
3038 18 
3041 53 
3054 24 
3072 120 
3074 73 
3082 38 
3086 39 
3095 400 
3098 436 
3116 127 
3116 410 
3149 120 
3167 57 
3174 85 
3179 120 
3188 1047 
3199 984 
3202 80 
3254 200 
3265 47 
3275 283 
3284 60 
3288 43 
3303 49 
3319 85 
3320 102 
3417 1611 
3419 518 
3430 372 
3433 22 
3474 107 
3474 72 
3527 113 
3537 179 
3576 267 
3579 24 
3585 117 
3597 81 
3604 16 
3627 396 
3669 24 
3713 345 
3744 162 
3754 66 
3772 54 
3780 79 
3786 164 
3798 32 
3799 83 
3808 126 
3848 33 
3860 262 
3890 22 
3895 65 
3897 218 
3899 114 
3919 92 
3941 812 
3944 99 
3956 872 
3960 24 
3986 605 
4001 47 
4005 1901 
4027 347 
4034 164 
4097 119 
4121 189 
4143 259 
4158 51 
4178 43 
4180 133 
4186 388 
4186 91 
4190 27 
4197 559 
4204 183 
4246 26 
4247 153 
4280 74 
4293 79 
4298 52 
4303 15 
4327 72 
4366 87 
4415 383 
4428 79 
4436 162 
4448 30 
4460 109 
4476 18 
4485 116 
4506 104 
4508 131 
4519 55 
4623 213 
4655 172 
4672 638 
4686 27 
4755 75 
4777 22 
4845 45 
4885 101 
4900 36 
4912 15 
4932 69 
4935 75 
5015 43 
5038 68 
5042 37 
5060 230 
5104 337 
5130 158 
5131 62 
5133 49 
5158 100 
5195 103 
5213 196 
5225 119 
5257 71 
5282 89 
5357 35 
5380 30 
5382 318 
5390 136 
5428 49 
5437 49 
5470 28 
5492 13 
5497 85 
5507 925 
5582 106 
5620 88 
5623 32 
5628 100 
5651 112 
5696 223 
5697 213 
5703 262 
5722 59 
5727 82 
5730 48 
5847 45 
5885 53 
5887 4525 
5912 143 
5918 101 
5940 113 
5978 15 
5996 50 
6015 966 
6072 112 
6146 121 
6173 56 
6177 70 
6185 23 
6194 75 
6212 163 
6218 347 
6230 228 
6237 96 
6269 44 
6274 22 
6335 95 
6348 283 
6416 21 
6424 243 
6431 22 
6440 157 
6739 43 
6768 46 
6788 1149 
6804 711 
6827 1 
6858 132 
6867 48 
6928 36 
6946 55 
6993 589 
7043 54 
7055 16 
7070 249 
7103 222 
7221 24 
7236 723 
7259 112 
7272 256 
7291 1277 
7379 129 
7451 261 
7485 79 
7537 217 
7674 167 
7761 53 
7815 100 
7868 118 
7892 79 
7897 99 
7956 11 
7990 79 
7994 13 
8060 99 
8116 71 
8134 225 
8187 87 
8247 137 
8301 115 
8301 100 
8351 39 
8535 164 
8569 20 
8636 46 
8730 32 
8866 12 
8895 61 
8904 261 
8918 41 
8977 133 
9045 37 
9067 258 
9107 81 
9145 127 
9164 270 
9212 133 
9240 63 
9333 229 
9383 70 
9405 41 
9447 142 
9485 11 
9507 602 
9547 28 
9613 42 
9736 46 
9841 187 
9988 210 
10021 156 
10060 322 
10152 3649 
10175 122 
10177 435 
10205 54 
10252 143 
10254 315 
10288 23 
10291 126 
10339 399 
10350 11 
10353 112 
10403 216 
10415 320 
10443 943 
10564 67 
10651 64 
10709 194 
10747 20 
10766 70 
10815 310 
10851 111 
10885 85 
10931 55 
10969 2463 
11061 26 
11068 167 
11103 274 
11123 198 
11135 38 
11149 69 
11155 59 
11220 88 
11232 10 
11265 9 
11298 81 
11299 363 
11303 151 
11395 106 
11401 734 
11467 235 
11478 127 
11520 59 
11642 6 
11650 90 
11653 20 
11684 1093 
11750 216 
11813 28 
11995 203 
12000 35 
12042 37 
12080 66 
12228 29 
12259 98 
12265 149 
12364 222 
12364 1202 
12442 79 
12504 443 
12598 41 
12723 80 
12760 112 
12842 116 
12883 161 
12950 96 
12994 16372 
13028 420 
13030 1354 
13053 640 
13089 582 
13126 305 
13128 26 
13323 95 
13337 58 
13407 111 
13582 57 
13711 109 
13774 472 
13987 34 
13988 56 
14008 90 
14013 35 
14210 116 
14232 75 
14287 98 
14300 28 
14337 62 
14373 123 
14526 17 
14648 11 
14686 35 
15224 39 
15261 150 
15330 153 
15519 7 
15668 101 
15976 14 
16063 61 
16462 81 
16491 175 
16505 635 
16521 678 
16536 190 
16629 43 
16703 35 
16752 161 
16911 756 
16984 790 
17003 1091 
17097 343 
17272 173 
17448 88 
17543 349 
17563 108 
17619 0 
17643 35 
18305 356 
18654 2 
18729 607 
18920 333 
18989 540 
18996 265 
19009 218 
19110 31 
19248 182 
19641 83 
19658 66 
19784 40 
19927 40 
19939 97 
19952 302 
20475 541 
20587 30 
20695 62 
20780 176 
20782 1 
21023 205 
21042 63 
21429 604 
21476 525 
21520 726 
21533 504 
21612 311 
21614 335 
21752 527 
21908 427 
21930 41 
22172 524 
22197 461 
22318 614 
22416 21 
22703 117 
22985 97 
23116 221 
23169 824 
23186 425 
23222 242 
23252 53 
23938 12 
24128 1721 
24199 287 
24214 64 
24239 327 
24297 14 
24323 248 
24469 133 
24558 228 
24651 886 
24660 464 
24683 344 
24694 171 
24934 313 
24998 18 
25885 2090 
26051 90 
26543 26 
26691 88 
27939 401 
28015 177 
28641 622 
29039 95 
29052 132 
29271 101 
29447 152 
29750 138 
30061 46 
30366 114 
30939 119 
31240 590 
31643 104 
31884 32 
31999 44 
32016 61 
32323 193 
32326 680 
32427 1161 
32769 161 
33180 106 
33395 521 
33426 474 
33562 192 
33585 606 
34022 183 
34074 20 
34095 26 
34110 142 
34203 29 
34396 184 
34406 113 
34490 312 
34493 60 
34662 131 
34693 38 
34728 1053 
34834 426 
34862 9 
34890 3113 
34998 1382 
35068 482 
35302 147 
35398 206 
35655 118 
35676 10 
35686 196 
35763 60 
35773 4 
35780 111 
36507 176 
37609 30 
37740 20 
37812 15 
38123 1680 
38482 43 
38565 1219 
38796 157 
39707 957 
40362 177 
41790 132 
42351 97 
42959 73 
43344 15 
43877 55 
44860 161 
45167 268 
52840 68 
52966 142 
53049 91 
54250 61 
55337 68 
60318 503 
62505 236 
63825 49 
64133 556 
67313 147 
67651 226 
72614 5 
73483 344 
73618 1209 
83305 50 
85338 924 
85807 1043 
86011 107 
86172 21 
86772 63 
87800 115 
90361 322 
90598 1 
94583 1113 
96368 83 
101229 166 
101273 60 
101960 50 
103427 88 
108203 32 
109889 2104 
109961 280 
109994 95 
110117 427 
110376 236 
110714 139 
111267 267 
111443 158 
112281 1290 
112393 28 
114241 43 
116691 200 
119847 209 
152491 122 
164763 434 
200715 341 
200732 538 
284154 849 
429565 152 
547801 91 
547875 221 
547905 313 
548312 450 
556815 57 
