3236 7.89765046296
0 3474340 
7 711 
8 1481 
14 280 
15 287 
17 59 
23 61 
30 50 
34 4 
35 927 
35 213 
38 624 
40 890 
40 34 
40 101 
41 16 
42 46 
43 454 
43 69 
43 138 
43 165 
43 167 
43 9 
44 128 
45 65 
46 956 
49 168 
50 44 
50 162 
51 196 
51 2070 
51 99 
52 228 
52 150 
53 51 
54 132 
54 404 
54 5015 
55 96 
55 533 
56 73 
56 69 
57 226 
57 2378 
58 563 
58 36 
59 132 
59 164 
59 161 
59 11 
60 173 
61 474 
61 30 
62 53 
62 1977 
63 35 
64 294 
64 51 
65 256 
65 1673 
65 80 
66 16250 
66 40 
66 530 
67 242 
67 543 
68 91 
68 846 
69 162 
69 914 
69 68 
70 751 
71 440 
71 148 
71 242 
72 63 
72 129 
72 22 
73 107 
73 4401 
73 99 
74 221 
75 1040 
75 707 
76 55 
76 228 
77 490 
77 166 
77 762 
77 9 
77 1963 
78 20 
79 146 
79 109 
79 109 
81 86 
81 161 
81 88 
81 504 
82 84 
82 463 
83 34 
85 292 
85 265 
85 195 
85 58 
86 244 
86 65 
86 149 
86 115 
86 39 
86 284 
87 106 
87 156 
87 951 
88 1321 
88 94 
89 75 
89 137 
90 165 
90 158 
90 1161 
91 161 
91 290 
92 70 
93 1360 
93 163 
93 382 
93 90 
94 40 
95 49 
95 103 
95 719 
96 87 
96 23 
96 45 
97 60 
97 562 
97 249 
98 274 
98 434 
99 259 
99 74 
99 459 
100 303 
100 687 
100 46 
100 88 
101 87 
101 604 
101 797 
102 51 
102 543 
102 125 
102 76 
103 57 
103 198 
104 1315 
104 76 
105 1294 
105 103 
105 534 
106 548 
106 43 
106 2018 
106 100 
107 438 
107 110 
107 1015 
107 642 
108 122 
108 37343 
108 246 
109 2256 
109 18 
109 49 
110 12 
111 46 
111 114 
111 134 
112 199 
112 386 
112 578 
112 55 
112 100 
112 147 
113 35 
113 260 
113 179 
114 1550 
115 8160 
116 142 
117 1138 
117 353 
117 157 
118 93 
118 34 
118 155 
119 62 
119 201 
119 138 
119 497 
120 30 
120 22 
120 387 
123 280 
123 218 
123 54 
124 102 
124 288 
124 120 
124 133 
124 475 
125 1258 
126 381 
126 334 
126 108 
126 175 
127 654 
129 4976 
129 450 
129 1905 
129 95 
129 34 
130 114 
130 1403 
130 169 
130 1280 
131 159 
131 131 
131 334 
131 33 
132 72 
132 102 
132 43 
132 50 
133 123 
133 213 
133 228 
134 245 
134 90 
134 93 
134 119 
135 277 
135 2194 
136 114 
136 39 
137 71 
137 695 
137 2385 
137 65 
138 11 
138 821 
140 216 
140 24 
140 63 
141 13 
141 125 
141 245 
141 101 
142 108 
142 951 
142 50 
142 23 
142 86 
142 179 
143 98 
143 111 
143 532 
143 172 
143 139 
143 148 
143 199 
144 995 
144 485 
144 124 
145 24 
145 78 
146 396 
146 371 
146 366 
146 90 
146 443 
147 229 
147 64 
147 154 
147 84 
148 75 
148 103 
148 41 
149 51 
149 121 
150 1727 
150 24 
150 187 
151 135 
151 296 
151 211 
151 144 
151 441 
152 114 
153 752 
153 390 
153 9 
153 186 
153 730 
154 251 
154 488 
155 12 
155 205 
155 1330 
156 222 
156 106 
157 1245 
157 65 
158 38 
159 696 
160 101 
160 6 
160 84 
160 399 
160 159 
160 71 
161 923 
162 26 
162 139 
162 58 
163 743 
163 83 
163 124 
163 1044 
164 61 
164 113 
164 321 
165 115 
165 170 
166 35 
166 366 
167 306 
167 95 
167 1444 
169 283 
169 453 
169 368 
169 941 
170 121 
171 435 
173 82 
173 82 
173 109 
173 442 
175 317 
175 254 
175 202 
175 672 
176 85 
177 48 
177 174 
177 250 
177 508 
177 439 
178 89 
178 158 
179 45 
179 303 
179 108 
179 8 
180 453 
180 203 
180 84 
181 180 
181 139 
181 19 
182 367 
182 135 
182 254 
182 105 
182 202 
183 320 
184 537 
185 63 
186 522 
186 142 
186 138 
186 1277 
186 55 
186 2440 
186 63 
186 70 
186 202 
186 171 
186 416 
187 131 
187 18686 
187 868 
187 92 
188 221 
189 114 
189 1970 
190 82 
190 152 
190 111 
190 195 
190 66 
190 2626 
190 118 
191 104 
191 252 
191 41 
191 106 
192 255 
192 295 
192 149 
192 48 
192 149 
192 259 
193 119 
193 131 
193 864 
194 1583 
194 497 
194 39 
195 41 
196 249 
196 56 
197 562 
197 429 
198 71 
199 453 
199 51 
202 116 
202 163 
202 384 
203 681 
204 225 
204 208 
204 85 
204 224 
205 116 
206 292 
206 109 
207 246 
207 61 
207 187 
207 30 
208 203 
208 247 
208 98 
209 701 
209 230 
210 154 
210 123 
211 168 
211 407 
211 421 
211 253 
211 94 
212 339 
213 123 
213 240 
213 254 
214 44 
214 128 
215 531 
215 250 
216 107 
216 95 
217 109 
217 420 
217 118 
217 212 
218 112 
218 89 
218 456 
220 730 
220 109 
221 66 
221 73 
221 488 
222 63 
222 393 
222 376 
222 69 
222 353 
223 312 
223 52 
223 95 
223 51 
224 822 
224 98 
224 62 
224 114 
224 74 
225 145 
225 830 
225 365 
226 911 
226 174 
228 206 
229 123 
230 112 
230 50 
231 949 
231 453 
231 327 
234 42 
235 81 
235 167 
235 156 
236 241 
237 418 
237 141 
237 363 
237 93 
238 44 
238 63 
238 195 
238 380 
239 1403 
239 163 
239 411 
239 920 
240 1732 
240 363 
241 368 
242 5 
242 34 
243 36 
243 20 
243 1272 
245 281 
245 566 
245 220 
245 311 
245 178 
248 42 
249 76 
249 243 
250 196 
250 320 
250 218 
251 120 
251 74 
251 372 
254 233 
254 460 
255 215 
255 492 
255 394 
255 81 
257 76 
257 163 
257 1112 
257 128 
257 261 
258 92 
258 151 
259 31 
259 792 
259 39 
259 666 
260 78 
260 72 
261 316 
263 123 
263 100 
264 257 
265 106 
265 252 
267 75 
267 140 
267 1255 
267 138 
268 383 
268 25 
268 285 
269 97 
269 85 
270 1035 
270 52 
270 212 
270 76 
271 138 
272 89 
272 18 
272 152 
273 176 
273 89 
273 147 
274 1854 
274 72 
274 45303 
275 50 
276 515 
276 82 
277 147 
277 67 
277 143 
277 745 
277 101 
278 924 
279 356 
279 602 
279 153 
279 165 
280 94 
281 654 
281 365 
281 208 
281 833 
282 540 
282 57 
282 347 
282 63 
283 188 
283 118 
283 514 
284 149 
284 313 
285 321 
286 275 
286 139 
287 35 
287 77 
287 21 
287 144 
287 695 
288 93 
288 124 
288 230 
288 35 
289 595 
290 101 
291 220 
291 44 
292 97 
292 68 
292 123 
292 45 
292 257 
292 80 
293 266 
294 114 
295 2000 
296 168 
296 507 
296 70 
296 269 
296 3665 
297 130 
297 593 
298 222 
299 82 
299 183 
300 986 
300 144 
301 333 
302 70 
302 179 
302 61 
303 171 
304 274 
304 74 
304 15 
305 61 
305 24 
306 65 
306 509 
306 1329 
306 149 
307 178 
307 213 
308 211 
309 82 
309 127 
309 263 
309 151 
310 198 
310 495 
310 126 
311 143 
311 2419 
311 4 
312 135 
313 48 
314 140 
314 104 
314 119 
315 213 
315 263 
316 42 
316 1449 
316 319 
317 153 
317 122 
317 39 
317 125 
318 144 
318 128 
318 73 
318 78 
319 63 
320 808 
321 358 
322 48 
322 491 
323 198 
323 83 
323 6 
324 112 
324 153 
325 60 
325 87 
325 1575 
326 351 
326 194 
327 185 
328 319 
328 76 
329 203 
330 528 
330 557 
330 358 
332 177 
333 216 
333 151 
334 5 
334 774 
335 153 
335 996 
335 259 
337 637 
338 91 
339 1631 
340 349 
340 122 
341 104 
341 9 
341 89 
342 103 
342 25 
343 105 
343 222 
343 144 
344 281 
344 189 
347 83 
347 316 
349 33 
349 234 
350 198 
350 245 
351 190 
351 347 
351 600 
352 318 
352 445 
353 363 
353 62 
353 77 
354 132 
355 84 
355 291 
355 134 
355 895 
355 208 
357 340 
357 100 
359 125 
361 1942 
361 31 
361 110 
361 118 
362 60 
362 21 
363 177 
364 302 
364 152 
364 481 
364 242 
365 56 
366 123 
366 57 
366 1607 
366 199 
367 80 
367 26 
368 573 
368 202 
368 254 
368 108 
369 60 
369 195 
370 324 
370 355 
370 18 
371 295 
371 104 
372 113 
372 89 
373 105 
374 412 
375 149 
375 182 
377 136 
377 160 
377 129 
378 703 
379 2689 
380 263 
380 253 
381 173 
381 334 
382 19 
382 156 
382 655 
383 64 
383 36 
385 29 
385 76 
386 109 
387 1290 
387 79 
388 294 
389 93 
390 41 
391 367 
392 345 
392 130 
393 843 
393 131 
394 213 
394 33 
395 959 
395 123 
395 217 
395 2 
396 46 
396 157 
396 162 
396 352 
399 173 
399 616 
400 36 
401 527 
401 285 
401 60 
402 165 
403 81 
404 897 
404 50 
404 184 
404 303 
405 2463 
405 482 
406 174 
406 242 
407 414 
409 77 
410 81 
411 935 
411 442 
411 360 
413 70 
413 138 
414 116 
414 149 
415 148 
416 35 
416 255 
416 65 
417 307 
417 151 
418 93 
420 260 
420 127 
421 53 
421 159 
422 144 
423 82 
423 1346 
427 148 
427 203 
429 751 
431 105 
431 572 
431 136 
432 488 
432 770 
433 211 
434 9248 
435 1443 
435 135 
436 41 
438 254 
439 215 
439 435 
439 94 
440 80 
440 362 
440 40 
440 49 
442 271 
443 433 
444 505 
444 88 
444 278 
445 125 
445 97 
445 156 
448 357 
448 143 
451 631 
451 90 
453 32 
453 16 
453 20 
454 592 
455 13 
456 166 
457 338 
457 368 
457 299 
457 336 
458 245 
458 525 
459 54 
460 205 
460 111 
460 107 
461 8 
461 212 
461 61 
463 288 
463 97 
464 855 
464 953 
467 333 
468 209 
469 235 
469 235 
470 93 
470 205 
470 389 
471 394 
473 20 
474 153 
474 433 
475 952 
476 141 
476 169 
478 125 
478 111 
479 82 
480 179 
481 77 
481 333 
482 8 
482 144 
483 178 
483 254 
483 75 
484 112 
484 21 
484 73 
484 93 
485 188 
486 203 
487 435 
487 265 
489 255 
490 325 
491 855 
491 279 
495 225 
496 56 
496 1550 
497 208 
497 640 
498 120 
499 153 
505 506 
506 122 
506 1143 
507 651 
508 62 
508 357 
509 271 
509 140 
510 28 
510 39 
511 101 
511 227 
511 77 
514 170 
515 144 
516 125 
517 105 
518 539 
518 5271 
519 208 
520 349 
523 236 
524 756 
524 140 
524 478 
525 65 
525 184 
525 81 
526 77 
527 190 
527 342 
529 463 
529 342 
532 26 
532 115 
532 515 
533 141 
533 523 
534 247 
534 1854 
535 203 
535 908 
535 131 
536 196 
536 229 
537 681 
538 145 
539 856 
541 548 
541 279 
542 209 
542 52 
542 353 
543 394 
543 196 
543 56 
544 168 
544 359 
544 54 
546 10 
547 733 
548 1156 
549 442 
550 167 
550 197 
550 388 
552 370 
554 163 
556 58 
558 134 
559 226 
559 262 
561 42 
561 739 
562 102 
563 28 
563 39 
565 33 
566 131 
566 222 
567 103 
568 51 
569 70 
570 108 
571 880 
572 28 
573 293 
573 305 
574 1398 
575 1393 
577 79 
577 250 
577 273 
578 29 
580 82 
581 68 
582 77 
585 269 
586 367 
587 219 
588 125 
589 70 
590 514 
592 92 
593 92 
595 132 
596 489 
597 21 
599 216 
600 645 
602 184 
603 113 
603 98 
605 105 
605 168 
607 126 
610 52 
610 1381 
610 288 
611 155 
612 397 
613 951 
613 116 
614 63 
615 112 
619 288 
621 73 
623 106 
625 351 
625 161 
626 255 
627 140 
628 239 
628 175 
628 79 
628 23 
628 164 
635 321 
636 122 
637 196 
638 146 
638 2598 
639 201 
642 213 
643 146 
644 139 
644 638 
644 190 
645 718 
645 1665 
650 161 
653 167 
654 30 
656 1336 
656 132 
657 86 
658 270 
659 1666 
660 131 
663 116 
663 510 
663 289 
663 216 
667 790 
667 1031 
667 43 
671 287 
674 177 
675 319 
677 54 
681 277 
682 709 
684 162 
684 283 
686 877 
687 450 
687 158 
687 126 
688 146 
689 59 
691 1785 
692 2010 
694 190 
694 83 
696 462 
699 73 
700 3541 
701 435 
704 206 
704 403 
704 256 
707 804 
709 29708 
711 283 
711 199 
712 302 
713 252 
715 2794 
716 220 
720 177 
721 3 
722 98 
723 396 
724 1310 
728 59 
728 84 
728 193 
728 80 
731 1097 
731 36 
731 134 
734 219 
734 275 
735 322 
736 309 
736 225 
738 1959 
739 318 
740 652 
741 322 
742 138 
743 162 
743 944 
744 248 
747 126 
748 685 
751 193 
752 968 
752 191 
755 36 
758 97 
758 3501 
760 164 
760 123 
764 75 
766 73 
767 199 
768 32 
771 183 
772 113 
772 59 
773 191 
774 97 
775 71 
776 296 
782 511 
785 75 
786 982 
786 317 
788 340 
791 167 
791 203 
794 323 
795 449 
797 136 
799 242 
800 46 
802 1418 
803 782 
806 320 
806 1792 
808 391 
810 121 
813 381 
813 221 
814 58 
818 36 
818 406 
818 45 
826 152 
828 151 
829 70 
831 373 
831 347 
832 10 
832 145 
834 51 
835 334 
837 94 
838 192 
838 19 
838 144 
844 1468 
844 96 
845 102 
846 117 
846 60 
846 248 
847 31 
848 1138 
848 293 
850 302 
852 199 
853 367 
854 12 
854 115 
855 281 
856 70 
857 178 
859 4339 
860 1726 
860 506 
862 60 
864 220 
865 286 
867 85 
869 81 
871 220 
871 6 
873 88 
873 116 
873 502 
874 41 
874 18 
875 948 
876 106 
876 349 
877 300 
879 346 
883 884 
884 100 
885 186 
885 38 
887 165 
890 16 
891 75 
892 223 
894 18 
895 296 
896 22 
897 81 
898 132 
898 121 
899 4317 
901 639 
904 350 
907 86 
911 77 
911 49 
912 58 
917 94 
917 1280 
918 537 
919 158 
921 136 
921 203 
922 359 
924 162 
926 205 
926 28 
927 1163 
929 1706 
938 958 
938 115 
939 1 
946 269 
946 177 
949 39 
956 119 
957 1035 
957 41 
963 45 
964 699 
967 1369 
971 366 
971 291 
971 630 
975 174 
983 128 
985 58 
991 275 
998 188 
999 50 
1000 153 
1000 71 
1002 68 
1002 109 
1005 179 
1006 147 
1008 225 
1010 261 
1018 84 
1020 332 
1021 258 
1023 294 
1025 132 
1025 173 
1030 21 
1032 1245 
1033 400 
1037 140 
1038 172 
1039 107 
1041 277 
1041 1115 
1042 1141 
1042 227 
1044 141 
1050 140 
1052 48 
1053 559 
1055 66 
1069 608 
1072 403 
1080 170 
1089 172 
1090 179 
1092 101 
1092 3039 
1094 152 
1096 35 
1096 359 
1101 266 
1102 358 
1103 72 
1103 109 
1107 151 
1111 39 
1120 99 
1122 67 
1128 77 
1129 371 
1131 169 
1133 634 
1134 131 
1136 204 
1137 140 
1140 204 
1141 130 
1141 118 
1142 122 
1143 160 
1143 2394 
1149 189 
1154 46 
1155 309 
1155 205 
1156 9 
1156 202 
1160 257 
1169 411 
1174 2648 
1174 219 
1181 2992 
1181 1043 
1183 1046 
1186 103 
1189 168 
1190 159 
1193 121 
1195 118 
1196 59 
1197 371 
1197 66 
1200 121 
1200 63 
1202 318 
1202 173 
1203 406 
1205 29 
1206 15 
1208 480 
1208 95 
1208 112 
1213 447 
1215 40 
1219 128 
1220 127 
1222 448 
1226 113 
1229 40 
1229 357 
1231 476 
1233 434 
1236 180 
1237 182 
1239 143 
1246 516 
1248 657 
1249 525 
1257 136 
1260 78 
1264 57 
1265 216 
1266 90 
1267 38 
1267 896 
1267 49 
1268 243 
1274 1503 
1276 1492 
1278 158 
1279 85 
1281 220 
1281 192 
1286 52 
1288 40 
1292 1341 
1296 86 
1301 41 
1304 133 
1306 184 
1311 338 
1314 96 
1319 180 
1323 170 
1324 1512 
1327 236 
1327 1164 
1336 328 
1338 145 
1348 150 
1349 108 
1350 180 
1350 242 
1351 113 
1352 176 
1355 2495 
1356 445 
1361 80 
1362 79 
1373 3251 
1375 1789 
1376 30 
1377 104 
1381 204 
1381 113 
1386 324 
1390 146 
1392 281 
1403 279 
1407 70 
1409 39 
1411 51 
1413 1001 
1414 269 
1416 140 
1418 64 
1421 10187 
1427 172 
1428 22 
1429 113 
1431 677 
1433 36 
1434 13 
1437 391 
1448 48 
1455 240 
1457 607 
1459 977 
1461 46 
1462 856 
1466 213 
1467 2468 
1468 2205 
1469 303 
1483 492 
1486 266 
1498 29 
1498 54 
1499 259 
1501 201 
1507 270 
1511 215 
1515 127 
1515 89 
1516 133 
1523 292 
1523 226 
1527 264 
1530 189 
1531 79 
1537 417 
1544 33 
1550 127 
1551 327 
1562 102 
1563 441 
1565 1171 
1567 308 
1583 996 
1583 2811 
1588 335 
1595 253 
1595 1315 
1598 357 
1603 203 
1603 966 
1608 7 
1609 113 
1611 1195 
1628 326 
1629 1266 
1630 87 
1632 101 
1632 143 
1634 187 
1642 276 
1644 50 
1645 859 
1647 119 
1648 180 
1650 185 
1650 156 
1660 1055 
1676 2 
1680 82 
1683 45 
1691 480 
1693 125 
1696 65 
1707 53 
1713 60 
1721 54 
1724 674 
1724 95 
1734 370 
1735 227 
1737 630 
1738 103 
1740 136 
1748 774 
1753 257 
1756 371 
1759 38 
1761 284 
1766 259 
1770 42 
1772 161 
1777 347 
1786 199 
1799 143 
1802 206 
1805 81 
1807 137 
1808 105 
1817 11 
1823 3016 
1824 218 
1825 3141 
1833 122 
1839 1358 
1843 170 
1854 123 
1867 28 
1874 115 
1874 15 
1896 50 
1906 1385 
1913 62 
1918 74 
1921 407 
1936 99 
1942 215 
1942 1044 
1943 235 
1961 310 
1971 62 
1972 413 
1974 3027 
1976 153 
1978 345 
1989 31 
1991 886 
1994 98 
1996 139 
2012 98 
2015 81 
2019 22 
2022 160 
2028 840 
2032 418 
2034 111 
2040 100 
2042 387 
2044 234 
2050 713 
2053 11 
2058 77 
2061 118 
2063 1123 
2064 205 
2071 124 
2072 173 
2080 56 
2087 279 
2097 77 
2128 112 
2136 243 
2141 429 
2142 159 
2146 171 
2156 92 
2156 112 
2162 154 
2170 48 
2174 27 
2175 41 
2178 105 
2179 248 
2182 166 
2198 65 
2201 529 
2213 78 
2215 88 
2220 324 
2224 945 
2227 491 
2228 140 
2228 131 
2230 59 
2232 392 
2236 978 
2237 365 
2238 38 
2240 54 
2249 53 
2262 83 
2263 1944 
2265 287 
2270 352 
2289 987 
2290 1156 
2300 107 
2328 16 
2331 259 
2333 77 
2340 65 
2340 88 
2342 144 
2347 99 
2364 69 
2367 73 
2375 56 
2381 806 
2383 173 
2393 148 
2394 335 
2400 15 
2405 77 
2428 29 
2428 187 
2443 331 
2446 89 
2448 362 
2453 256 
2465 217 
2478 150 
2485 108 
2496 1068 
2496 26 
2498 20 
2500 66 
2502 542 
2502 89 
2505 47 
2506 4291 
2538 312 
2542 51 
2543 47 
2560 230 
2563 149 
2574 314 
2576 74 
2579 237 
2581 84 
2590 114 
2596 28 
2602 183 
2631 69 
2632 1912 
2632 109 
2640 822 
2644 195 
2645 369 
2656 35 
2657 65 
2674 191 
2686 132 
2695 178 
2706 208 
2706 201 
2711 53 
2711 415 
2715 1222 
2722 116 
2727 152 
2733 200 
2734 21 
2743 186 
2752 39 
2756 64 
2771 120 
2775 839 
2781 36 
2801 41 
2807 1781 
2822 167 
2839 34 
2845 54 
2849 50 
2859 113 
2868 61 
2869 842 
2874 172 
2876 786 
2878 132 
2889 106 
2899 50 
2934 16 
2936 392 
2941 103 
2946 152 
2957 88 
2971 881 
2977 685 
2982 25 
2988 1259 
3003 466 
3010 68 
3018 137 
3058 308 
3063 253 
3069 106 
3082 63 
3095 1383 
3102 522 
3104 1000 
3112 147 
3115 237 
3129 186 
3151 108 
3171 2805 
3180 53 
3184 138 
3186 92 
3189 247 
3191 349 
3207 189 
3208 68 
3210 41 
3213 108 
3242 296 
3247 5528 
3249 30 
3259 103 
3260 37 
3267 83 
3284 90 
3292 78 
3293 275 
3332 195 
3337 189 
3341 1134 
3342 139 
3351 256 
3365 456 
3365 46 
3371 123 
3377 72 
3383 319 
3399 157 
3403 136 
3427 40 
3430 96 
3487 36 
3492 169 
3493 248 
3496 95 
3500 245 
3532 60 
3538 928 
3540 2686 
3540 135 
3552 138 
3562 184 
3600 1027 
3613 1378 
3614 261 
3617 43 
3620 94 
3634 156 
3647 241 
3654 132 
3693 75 
3720 1473 
3731 267 
3733 210 
3752 100 
3763 116 
3810 39 
3815 803 
3822 458 
3823 384 
3829 127 
3844 65 
3850 279 
3864 65 
3868 109 
3885 210 
3906 26 
3908 105 
3912 157 
3935 240 
3937 162 
3945 28 
3955 1126 
3959 164 
3964 425 
3968 162 
3973 78 
3976 46 
3983 2310 
3988 130 
4012 534 
4040 68 
4045 69 
4065 41 
4078 235 
4080 269 
4106 1162 
4117 35 
4120 140 
4135 208 
4160 69 
4191 42 
4232 25 
4236 46 
4248 102 
4263 382 
4263 149 
4281 57 
4305 75 
4313 405 
4326 194 
4341 19 
4342 267 
4342 90 
4349 747 
4352 178 
4364 105 
4365 433 
4372 166 
4373 129 
4380 133 
4384 28 
4384 345 
4422 40 
4423 635 
4425 127 
4461 85 
4462 5453 
4478 191 
4496 197 
4501 99 
4508 274 
4547 494 
4555 118 
4571 7 
4578 80 
4580 54 
4584 61 
4628 35 
4638 133 
4642 50 
4646 89 
4695 68 
4710 214 
4725 177 
4728 57 
4742 129 
4750 140 
4795 106 
4847 204 
4860 55 
4906 122 
4916 3036 
4933 93 
4933 73 
4952 102 
5032 38 
5077 57 
5104 39 
5107 4304 
5107 1661 
5152 203 
5164 72 
5171 575 
5180 1428 
5184 119 
5191 0 
5200 1203 
5208 75 
5262 1102 
5265 4 
5272 40 
5285 2251 
5313 47 
5319 1146 
5328 108 
5343 91 
5370 1503 
5464 71 
5469 171 
5488 105 
5498 74 
5527 45 
5600 91 
5604 591 
5605 73 
5605 73 
5727 718 
5731 81 
5750 33 
5777 81 
5789 52 
5880 163 
5892 89 
5896 924 
5923 24 
5926 78 
5936 93 
5938 1730 
5974 104 
5978 1372 
5995 34 
6012 570 
6027 103 
6035 311 
6035 60 
6045 176 
6051 1008 
6052 428 
6086 76 
6089 471 
6157 578 
6161 705 
6176 95 
6176 43 
6190 16 
6193 2070 
6193 88 
6196 1667 
6197 80 
6236 295 
6256 128 
6274 79 
6297 71 
6367 69 
6371 161 
6382 135 
6414 688 
6458 394 
6479 101 
6503 102 
6513 56 
6520 131 
6546 147 
6553 574 
6592 82 
6612 275 
6630 96 
6640 344 
6640 51 
6657 232 
6675 53 
6728 285 
6729 224 
6758 32 
6763 312 
6768 160 
6838 100 
6892 96 
6947 132 
6982 576 
7002 69 
7007 78 
7072 46 
7076 109 
7104 115 
7137 816 
7208 216 
7218 4426 
7221 274 
7222 67 
7282 244 
7319 169 
7327 4426 
7353 353 
7355 3462 
7398 145 
7409 722 
7413 73 
7418 38 
7419 491 
7429 52 
7432 142 
7487 452 
7494 92 
7496 1128 
7532 450 
7538 2237 
7552 1556 
7563 46 
7583 84 
7613 235 
7634 55 
7652 30 
7664 107 
7673 601 
7774 170 
7850 28 
7883 563 
7909 115 
7937 133 
7940 60 
7941 103 
7985 222 
8062 295 
8082 163 
8177 44 
8183 117 
8205 66 
8212 274 
8244 129 
8353 67 
8415 2341 
8432 7222 
8434 75 
8467 723 
8504 1137 
8527 1771 
8538 32 
8638 8709 
8674 818 
8730 1246 
8745 10 
8778 198 
8783 60 
8809 585 
8858 68 
8918 309 
8918 309 
8920 54 
8920 54 
8921 1273 
8921 1273 
8933 280 
8933 280 
8969 17 
8971 168 
8976 364 
8981 124 
9024 327 
9045 136 
9060 1265 
9075 251 
9096 463 
9100 230 
9100 1104 
9104 85 
9141 656 
9204 205 
9214 35 
9245 106 
9310 101 
9331 343 
9355 251 
9372 88 
9386 219 
9405 9 
9416 1447 
9481 258 
9553 60 
9563 99 
9565 104 
9588 3186 
9714 4147 
9739 585 
9747 68 
9757 50 
9788 206 
9798 133 
9814 1614 
9861 129 
9890 503 
9911 12 
9994 108 
10007 745 
10010 154 
10019 284 
10023 413 
10049 448 
10052 88 
10054 7202 
10071 1902 
10154 1430 
10155 1764 
10197 258 
10220 153 
10278 970 
10290 172 
10307 248 
10363 393 
10534 7 
10733 218 
10790 1095 
11088 241 
11170 107 
11240 2261 
11332 1181 
11366 2942 
11369 953 
11379 143 
11452 3397 
11535 142 
11632 88 
11761 90 
11795 621 
11866 4 
11886 548 
11908 122 
11958 237 
11973 272 
12170 469 
12192 123 
12239 556 
12274 136 
12305 81 
12516 187 
12529 581 
12557 1549 
12603 1208 
12662 1524 
12679 24 
12727 102 
12759 570 
12765 665 
12792 25 
12831 0 
12917 45 
13105 48 
13120 1348 
13138 47 
13152 98 
13182 1025 
13232 33 
13235 687 
13267 50 
13332 250 
13357 221 
13489 493 
13504 84 
13621 572 
13726 1417 
13744 58 
13825 758 
13825 171 
14115 2641 
14194 155 
14365 82 
14525 1675 
14655 80 
14703 100 
14733 84 
14759 286 
14765 1009 
14778 648 
14789 34 
14925 1204 
14977 2474 
15019 1665 
15040 302 
15185 46 
15198 169 
15247 496 
15359 371 
15526 201 
15620 1037 
15698 64 
15782 1169 
15853 463 
15943 0 
16184 231 
16235 89 
16310 260 
16377 25 
16612 774 
16738 10 
16765 77 
16786 833 
17075 168 
17437 41 
17633 441 
17650 111 
17700 2503 
17762 114 
17819 452 
18006 1722 
18042 498 
18115 337 
18203 356 
18294 333 
18331 1838 
18379 136 
18389 331 
18605 44 
18666 1274 
18694 403 
18797 1283 
18903 2185 
19151 384 
19322 549 
19347 551 
19360 80 
19556 1109 
19767 83 
19769 945 
19817 275 
20613 2100 
20670 163 
20709 2360 
20715 975 
20794 2409 
20818 113 
20829 1058 
20847 2557 
20865 396 
21007 169 
21128 46 
21140 2209 
21307 422 
21472 1467 
21478 914 
21588 207 
21670 51 
21692 636 
21772 3786 
21785 3 
21860 1253 
21880 55 
22068 1123 
22207 113 
22230 145 
22358 313 
22487 1081 
22491 393 
22594 7 
22790 360 
22796 174 
22851 2114 
22953 108 
23214 120 
23317 26 
23551 470 
23587 184 
23968 141 
24073 143 
24298 30 
24392 141 
24445 88 
24764 191 
24941 1443 
25081 191 
25111 209 
25188 435 
25543 35 
25672 113 
25760 189 
25837 668 
26457 1933 
26630 39 
26733 215 
27585 1795 
27670 8 
27714 1921 
28392 1217 
28421 1336 
28492 258 
28552 142 
28806 268 
29475 54 
29692 294 
29810 362 
30208 642 
30247 596 
30249 444 
30457 11934 
30462 1018 
30524 91 
30760 106 
30852 2888 
30908 118 
31255 1365 
31307 191 
31944 26 
32261 186 
32362 2 
32405 1327 
32809 116 
33257 35 
34003 319 
35091 658 
35133 1030 
35218 4 
35385 1452 
35436 881 
35441 395 
35623 1869 
35649 33 
35971 448 
35974 563 
36213 11 
36308 537 
36327 411 
36434 2237 
36452 53 
36547 3291 
36725 1235 
36733 1323 
36897 1644 
37260 104 
37619 802 
37849 19 
37896 11 
37922 39 
38438 2115 
38718 211 
38891 1400 
39123 202 
40777 59 
41063 70 
41257 2558 
41671 55 
43034 429 
43607 85 
45715 135 
46019 898 
46127 58 
46436 3513 
46961 62 
46969 502 
47424 377 
47551 540 
48154 729 
49022 94 
49684 618 
49852 1102 
50076 116 
50428 465 
50718 50 
50918 181 
51134 3048 
51244 111 
51266 279 
51359 379 
51405 441 
51571 231 
51952 410 
53553 90 
53833 63 
54166 101 
54256 217 
54318 1568 
54450 65 
54490 2086 
54552 414 
55112 2698 
55372 1099 
55652 567 
55669 232 
55676 208 
55777 522 
55931 984 
56037 554 
56317 3975 
56525 182 
56609 591 
56857 1519 
56919 5878 
57055 275 
57664 159 
57862 444 
58056 159 
58997 1170 
59100 1402 
59673 69 
60161 85 
60294 129 
60387 266 
60558 45 
60975 484 
61063 214 
61106 1077 
61134 210 
61146 502 
61168 60 
61255 369 
61726 229 
61733 53 
61853 672 
61860 110 
61958 1538 
62003 327 
62040 6239 
62149 421 
62171 328 
62332 1037 
62451 610 
62648 67 
62845 175 
62937 252 
63507 829 
63558 326 
64059 57 
64562 457 
64723 126 
64919 524 
65645 199 
65680 1687 
65808 382 
66149 1119 
66192 27 
66318 192 
66355 1598 
66361 2861 
66381 315 
66531 440 
66767 633 
66792 681 
66814 98 
66887 518 
66916 1192 
66965 1365 
67045 240 
67096 77 
67101 19 
67177 9 
67228 1043 
67342 227 
67468 1054 
67969 11 
68305 1318 
68340 177 
68457 87 
68473 3184 
69076 1350 
69503 143 
70331 33 
70599 378 
71290 1111 
71457 425 
71458 363 
71464 32 
71829 1181 
72088 618 
72483 150 
72527 130 
72669 160 
72706 174 
72906 443 
73153 56 
73570 1029 
73743 119 
74167 19 
74255 1196 
74261 126 
74293 254 
74421 641 
74500 22012 
74509 1138 
74509 311 
74512 399 
74534 1323 
74551 588 
74556 730 
74573 171 
74587 199 
74631 267 
74680 2149 
74755 400 
74813 160 
74844 769 
74981 227 
75101 136 
75274 1550 
75410 172 
75428 1247 
75544 826 
75559 124 
76116 142 
76327 1671 
76621 837 
77120 2446 
77149 798 
77416 454 
77544 819 
77558 1178 
77610 510 
77785 2181 
77937 73 
77942 759 
77997 289 
78252 148 
78832 428 
80472 68 
81383 237 
81464 612 
81589 93 
81597 152 
81615 238 
81639 293 
81667 1550 
81898 192 
81978 537 
82074 169 
82124 1134 
82163 1668 
82242 369 
82263 76 
82312 182 
82324 60 
82435 136 
82803 80 
82923 54 
82995 67 
83558 462 
83704 4045 
83766 468 
83862 132 
84249 84 
84397 54 
84733 69 
84747 1127 
84919 91 
85418 33 
85924 52 
86349 213 
86422 111 
87269 63 
87345 129 
87440 51 
87487 347 
87648 17 
87663 2200 
87702 128 
88044 184 
88576 772 
88922 93 
89516 117 
89609 725 
89780 966 
89970 294 
90520 958 
90623 368 
91080 3 
91247 60 
91954 84 
92855 384 
92907 396 
93084 193 
95292 40 
95681 2710 
96360 1294 
97071 1109 
97315 158 
97462 282 
97727 603 
97727 603 
98054 161 
98367 0 
99006 1415 
99059 672 
100198 1299 
100388 1758 
100806 294 
100841 56 
102090 617 
102107 474 
102121 2579 
102242 419 
102650 62 
105288 274 
105747 663 
105824 772 
105857 36 
106428 122 
106871 576 
107414 519 
107810 244 
107900 963 
108217 547 
108949 86 
109504 3293 
109511 164 
109515 237 
109583 2469 
109609 426 
109717 365 
110597 985 
110705 1021 
110769 621 
110778 2018 
110839 1595 
110910 239 
110928 832 
111658 227 
111766 1009 
111953 333 
112424 22 
112424 22 
112473 912 
112575 421 
112591 138 
112852 10365 
112900 266 
112913 460 
113026 1263 
113103 174 
113126 7404 
113187 47 
113254 292 
113273 960 
113445 2519 
113462 99 
113522 343 
113522 1651 
113686 41 
113914 182 
114380 153 
114493 4073 
114859 508 
115717 457 
115788 309 
116349 93 
117579 1038 
119213 739 
119869 415 
120938 157 
121720 92 
122972 1186 
124768 426 
124852 129 
126969 1505 
128453 1051 
128560 901 
129116 148 
129787 1122 
130293 707 
133099 177 
133282 1452 
134466 4906 
135423 1090 
135448 2149 
135490 207 
135566 564 
135945 16 
136313 18 
136359 154 
137885 119 
140586 0 
142666 1455 
142794 706 
144074 1652 
145861 88 
147051 221 
147441 1075 
148114 161 
148398 372 
148731 239 
149832 138 
149985 83 
149990 180 
150139 520 
150162 224 
150420 958 
150880 233 
150908 336 
150943 93 
151260 80 
151399 52 
151415 39 
151975 11 
151999 175 
152267 562 
153135 49 
153966 112 
154207 388 
154316 238 
154506 206 
154590 431 
154717 181 
154808 1050 
154884 1141 
155143 456 
155157 64 
155334 498 
155346 0 
156016 398 
156154 232 
156240 171 
156583 177 
156888 110 
156968 797 
158277 293 
158682 72 
158742 41 
158907 319 
159506 70 
159692 1118 
159720 116 
159854 88 
160318 15 
160513 105 
161097 8101 
161930 381 
161939 2730 
164004 646 
164018 1404 
164559 81 
164627 89 
164627 157 
165514 580 
165667 49 
166324 422 
166488 92 
167448 521 
167584 1294 
167694 8528 
167782 286 
167819 128 
167841 258 
168091 1494 
168410 27 
169593 178 
169602 271 
170845 404 
170881 227 
171230 884 
171337 41 
171378 307 
171435 237 
172278 7620 
172355 3457 
172418 72 
172598 337 
173871 161 
173986 194 
176229 294 
176343 211 
176903 236 
177237 71 
177395 91 
177852 115 
178139 17 
178419 3774 
179310 1421 
179774 381 
179853 374 
180055 1649 
180121 577 
180169 346 
180206 87 
181037 288 
181222 223 
182725 958 
184823 92 
186158 3750 
186278 59 
186379 732 
187033 23 
187199 198 
190299 218 
190634 80 
191426 499 
193847 270 
194882 150 
195159 364 
195825 135 
195827 271 
196047 56 
197113 150 
197264 194 
197821 18 
198391 59 
199068 212 
199506 72 
200112 614 
200353 206 
200771 88 
201348 300 
203166 1938 
203963 73 
204151 17 
207487 36 
209391 178 
210124 1415 
213517 126 
215055 135 
215059 941 
217611 37 
218193 146 
218589 96 
220676 796 
222961 221 
223420 121 
224251 174 
224947 62 
226122 211 
228143 109 
228845 192 
234754 133 
235000 3 
235537 150 
235786 103 
236754 774 
236793 96 
237580 247 
239115 26 
240239 178 
240494 837 
240587 499 
240957 430 
241024 736 
241734 186 
243754 821 
247419 171 
249516 54 
249750 21 
249972 695 
251512 615 
251998 1615 
255360 240 
255574 3396 
255600 510 
255653 402 
256533 200 
256823 172 
257263 791 
257274 93 
257673 955 
257721 2138 
257805 444 
257849 82 
258829 1187 
259094 1621 
259107 492 
259215 614 
259589 874 
261529 221 
261898 153 
262783 541 
263286 46 
263317 308 
264484 398 
264698 113 
265009 1747 
265254 557 
265351 847 
265668 159 
265860 151 
266151 707 
266309 315 
266475 314 
266626 1235 
267098 353 
267444 215 
267503 390 
269506 788 
269527 451 
269621 93 
270693 1426 
270799 162 
271276 401 
272176 72 
272535 379 
273988 456 
274621 62 
275045 208 
275743 327 
275807 22 
276982 142 
277324 73 
278659 235 
278914 341 
279234 584 
279291 279 
279434 240 
279914 129 
280214 341 
280560 218 
281076 1242 
281416 77 
281696 201 
282292 1570 
283042 881 
284139 141 
284242 180 
284673 69 
287173 317 
287545 638 
288205 118 
288698 134 
289749 164 
290035 126 
291919 235 
293806 208 
293806 208 
297110 52 
297624 1195 
302222 109 
304258 214 
306585 155 
309431 159 
311510 59 
313213 179 
314017 101 
314388 1265 
316241 341 
316855 128 
321672 55 
321832 211 
323736 118 
325052 190 
325328 154 
328571 333 
328776 13 
331561 544 
333101 37 
333592 367 
333766 2605 
333840 4 
333964 152 
334062 883 
335338 76 
335414 74 
336465 85 
336679 187 
336689 74 
336836 124 
336920 209 
336933 93 
337614 684 
339740 373 
341571 496 
341992 1095 
342452 465 
342815 59 
343126 736 
344629 352 
344730 352 
346291 563 
346490 1037 
348692 266 
349351 76 
349439 131 
349473 10677 
349575 127 
349694 1276 
350324 304 
350362 156 
350617 399 
351199 1608 
352825 221 
359258 68 
363306 39 
363421 835 
363709 232 
364642 195 
364805 156 
364833 187 
364950 130 
364966 228 
364974 716 
365006 164 
365288 71 
365564 1659 
367567 150 
368446 268 
368495 445 
369503 43 
371789 1225 
371851 1168 
371860 1380 
371873 3962 
371876 387 
371971 301 
371977 838 
372033 394 
372111 894 
372248 62 
372351 254 
376397 1629 
376427 218 
379033 21 
379193 296 
379316 150 
379702 36 
381095 151 
384785 166 
384816 1773 
384963 2726 
385093 489 
385114 1047 
385914 108 
386088 295 
390434 219 
399039 114 
399060 282 
406694 151 
409688 499 
410033 87 
410839 309 
417475 85 
421438 100 
424879 114 
425678 309 
425765 88 
426923 21 
430000 132 
430288 928 
430315 245 
430505 83 
432148 173 
432212 488 
434191 249 
434935 43 
435017 679 
437712 1622 
437757 228 
442244 12 
442316 122 
442743 166 
442906 67 
442917 428 
442986 158 
443009 945 
443024 753 
443032 3816 
443037 46 
443167 599 
443199 193 
443329 369 
443433 162 
444037 140 
444464 495 
446381 321 
447217 202 
447315 538 
449795 152 
450885 263 
450927 211 
451506 69 
463296 4891 
463550 156 
463924 249 
463949 363 
464048 53 
464105 490 
464203 134 
464263 465 
464336 357 
464424 214 
464426 359 
464675 109 
464905 130 
465012 1359 
465342 156 
465685 423 
468215 138 
468388 239 
471209 84 
475146 1279 
475423 10927 
475454 3056 
475933 2102 
481602 18 
481712 97 
484191 186 
486982 37 
487424 140 
488082 626 
489798 170 
490822 145 
494210 436 
494873 101 
495767 61 
498094 1195 
498844 4954 
498882 563 
501519 375 
502332 1082 
502955 116 
504347 891 
504370 21 
507756 27 
512039 512 
512517 82 
513109 71 
513178 206 
513648 1023 
513673 652 
514657 31027 
514792 479 
514840 1872 
514842 969 
514849 340 
514917 371 
514988 3567 
515054 1259 
515081 1499 
515170 872 
516100 198 
519903 767 
520340 154 
520416 694 
520892 153 
524839 211 
528610 206 
528892 252 
529289 623 
529809 912 
530089 15 
530473 127 
531866 235 
532519 10 
534605 401 
537242 4 
537251 212 
537298 1217 
540587 182 
541594 1538 
541756 1152 
542594 259 
543487 671 
543516 291 
548518 1789 
549801 89 
553791 595 
556598 313 
556641 937 
564872 43 
566521 197 
568131 72 
570999 31 
588239 71 
589818 167 
591586 394 
594266 11 
594641 69 
596769 599 
596769 599 
596951 149 
597170 317 
599151 224 
601098 205 
