2273 1.08230324074
0 17200 
34 66 
46 3078 
47 60 
100 18 
108 224 
108 706 
110 284 
121 141 
127 259 
131 38 
144 419 
145 103 
178 192 
245 517 
261 86 
267 77 
284 34 
295 1014 
306 357 
327 314 
419 282 
447 54 
455 101 
501 60 
501 85 
515 425 
533 40 
575 92 
602 110 
671 414 
682 166 
706 204 
710 287 
734 436 
764 186 
764 73 
773 577 
801 191 
827 1331 
839 180 
856 38 
876 85 
883 75 
917 510 
931 306 
931 844 
949 167 
975 175 
977 65 
979 649 
998 456 
1001 540 
1043 76 
1077 178 
1080 271 
1131 232 
1134 55 
1172 193 
1178 129 
1184 126 
1292 313 
1312 124 
1313 42 
1326 213 
1329 1023 
1337 1081 
1392 248 
1447 331 
1461 354 
1506 54 
1575 95 
1585 145 
1586 153 
1590 86 
1596 167 
1695 3431 
1727 82 
1757 48 
1767 160 
1807 121 
1830 22 
1877 107 
1914 97 
2036 31 
2163 14 
2175 767 
2437 16605 
2460 30 
2522 147 
2540 24 
2542 102 
2558 66 
2614 166 
2634 200 
2661 1169 
2720 606 
2771 1276 
3014 1157 
3101 131 
3211 118 
3817 161 
3929 56 
3949 650 
4033 378 
4041 42 
4042 147 
4043 49 
4076 97 
4081 81 
4115 611 
4116 122 
4123 8 
4151 783 
4204 13 
4204 1973 
4206 72 
4220 37 
4251 31 
4254 28 
4294 486 
4301 206 
4311 19 
4340 129 
4356 1130 
4368 1060 
4398 711 
4405 29 
4409 104 
4440 104 
4464 1 
4468 387 
4488 211 
4490 2675 
4506 734 
4512 1483 
4517 21 
4520 318 
4523 33 
4528 14 
4529 120 
4556 366 
4564 251 
4590 2007 
4607 460 
4609 35 
4625 30 
4643 179 
4699 2 
4777 2377 
4806 509 
4806 893 
4809 27 
4811 39 
4814 152 
4816 49 
4847 173 
4884 59 
4885 73 
4896 67 
4903 319 
4926 367 
4961 6279 
5014 83 
5039 22 
5047 1644 
5074 83 
5077 1333 
5077 214 
5088 84 
5088 94 
5089 301 
5098 667 
5103 71 
5115 271 
5127 205 
5130 748 
5141 34 
5161 917 
5170 97 
5173 56 
5178 70 
5180 65 
5190 127 
5193 434 
5200 120 
5207 224 
5224 11 
5236 28 
5248 101 
5283 2228 
5293 50 
5299 512 
5300 127 
5301 412 
5303 373 
5308 694 
5313 2187 
5317 295 
5317 78 
5321 64 
5331 293 
5337 117 
5363 4 
5380 281 
5384 21 
5394 68 
5395 144 
5399 583 
5431 97 
5443 50 
5447 22 
5465 76 
5480 245 
5492 584 
5495 2 
5496 14401 
5517 657 
5549 35 
5549 31 
5554 185 
5555 10 
5561 188 
5571 794 
5574 154 
5575 35 
5587 143 
5591 120 
5601 32 
5617 75 
5625 11 
5626 6 
5629 489 
5639 1942 
5655 921 
5658 118 
5665 51 
5668 337 
5688 47 
5699 1363 
5707 137 
5711 32 
5716 35 
5732 111 
5733 61 
5747 486 
5749 30 
5753 130 
5756 533 
5765 15 
5788 885 
5790 223 
5811 39 
5823 304 
5825 31 
5829 1444 
5830 281 
5838 36 
5843 45 
5843 1770 
5849 712 
5863 123 
5871 519 
5895 17 
5909 248 
5938 112 
5940 120 
5950 228 
5965 73 
5969 20 
5988 1060 
5989 218 
5995 95 
6015 239 
6040 45 
6084 66 
6097 128 
6107 152 
6115 17 
6118 881 
6119 52 
6129 73 
6131 56 
6144 396 
6147 73 
6168 111 
6169 46 
6171 367 
6186 327 
6189 320 
6193 161 
6198 111 
6216 81 
6217 12 
6231 315 
6243 186 
6262 200 
6264 853 
6267 209 
6272 50 
6282 27 
6294 150 
6297 399 
6301 1047 
6325 159 
6326 116 
6336 408 
6338 39 
6341 96 
6347 20 
6348 58 
6350 644 
6357 1169 
6365 184 
6375 152 
6391 244 
6412 4 
6438 91 
6443 79 
6449 206 
6484 124 
6491 124 
6493 129 
6506 323 
6536 119 
6559 25 
6581 688 
6607 98 
6626 127 
6629 126 
6632 1660856 
6634 156 
6635 62 
6641 201 
6644 337 
6649 1148 
6650 266 
6656 124 
6659 400 
6667 71 
6670 100 
6672 121 
6680 278 
6689 184 
6693 2229 
6695 167 
6697 82 
6700 691 
6705 21 
6707 25 
6707 182 
6709 96 
6713 50 
6717 168 
6719 248 
6724 27 
6726 549 
6728 84 
6729 133 
6730 42 
6734 25 
6735 816 
6737 155 
6737 101 
6740 126 
6753 102 
6753 51 
6755 306 
6755 48 
6760 12 
6763 51 
6763 31 
6764 365 
6765 26 
6767 9 
6769 344 
6770 35 
6770 178 
6771 54 
6773 75 
6776 58 
6779 291 
6782 56 
6784 134 
6787 79 
6788 70 
6788 507 
6788 179 
6792 30 
6792 153 
6794 241 
6796 82 
6798 11 
6798 74 
6799 177 
6802 63 
6802 39 
6805 36 
6806 237 
6807 147 
6809 59 
6810 1043 
6811 42 
6814 6 
6815 146 
6816 224 
6816 21 
6816 329 
6817 180 
6819 27 
6823 90 
6825 55 
6825 984 
6829 358 
6830 319 
6831 802 
6833 31 
6834 80 
6835 1377 
6835 830 
6836 28 
6836 49 
6838 31 
6843 87 
6843 130 
6848 871 
6849 155 
6850 130 
6854 29 
6855 89 
6858 1567 
6858 186 
6858 99 
6863 130 
6863 59 
6866 53 
6868 81 
6871 88 
6874 11 
6874 132 
6885 296 
6886 449 
6891 145 
6892 44 
6895 250 
6898 218 
6900 285 
6903 154 
6903 391 
6905 37 
6905 70 
6909 505 
6910 367 
6916 259 
6918 20 
6922 0 
6936 189 
6936 351 
6937 77 
6937 232 
6941 17 
6942 286 
6944 33 
6944 48 
6948 35 
6951 77 
6951 46 
6952 15 
6953 404 
6953 181 
6957 240 
6961 112 
6963 78 
6964 26 
6965 26 
6969 178 
6970 59 
6975 56 
6976 72 
6981 21 
6984 88 
6985 242 
6988 41 
6990 249 
6995 108 
6996 17 
6996 550 
7007 345 
7011 43 
7012 41 
7014 3809 
7016 334 
7017 430 
7027 86 
7028 24 
7031 721 
7033 207 
7033 449 
7034 2336 
7035 385 
7035 32 
7035 15 
7037 127 
7043 91 
7044 13 
7049 94 
7053 159 
7056 178 
7057 60 
7065 47 
7066 5 
7070 3177 
7075 64 
7075 124 
7077 160 
7077 142 
7080 555 
7085 41 
7088 1041 
7089 116 
7097 25 
7101 67 
7103 267 
7111 328 
7111 15 
7112 179 
7113 46 
7117 34 
7117 47 
7118 59 
7118 90 
7119 153 
7129 273 
7133 123 
7135 352 
7140 4 
7141 85 
7144 42 
7144 70 
7145 45 
7147 148 
7147 151 
7147 122 
7148 321 
7149 349 
7153 21 
7154 156 
7154 23 
7157 282 
7160 2610 
7162 4 
7164 236 
7172 395 
7173 31 
7178 468 
7184 70 
7188 47 
7189 18 
7191 369 
7193 18 
7196 344 
7201 2 
7202 96 
7203 156 
7208 260 
7215 28 
7226 183 
7228 144 
7234 151 
7235 1 
7236 247 
7238 593 
7245 201 
7250 176 
7260 119 
7262 9 
7264 9 
7276 259 
7280 971 
7285 671 
7285 91 
7290 34 
7291 68 
7305 79 
7307 2124 
7317 114 
7317 1042 
7320 1056 
7325 144 
7331 42 
7334 235 
7336 569 
7338 293 
7339 66 
7359 62 
7360 66 
7361 33 
7362 1101 
7363 408 
7365 34 
7371 89 
7378 9 
7383 26 
7385 227 
7387 154 
7399 105 
7401 89 
7401 126 
7404 70 
7404 387 
7409 164 
7414 64 
7417 37 
7422 168 
7426 16 
7437 118 
7442 49 
7453 52 
7463 16 
7463 3371 
7465 5 
7469 1265 
7474 142 
7482 271 
7485 90 
7486 19 
7491 627 
7498 462 
7500 1041 
7501 49 
7501 252 
7505 52 
7509 58 
7511 937 
7522 141 
7526 440 
7535 464 
7538 55 
7540 498 
7544 133 
7547 3 
7548 52 
7548 222 
7554 746 
7561 172 
7561 7499 
7564 161 
7565 57 
7569 249 
7572 230 
7574 20 
7577 70 
7577 109 
7578 1072 
7582 250 
7582 248 
7586 85 
7611 76 
7625 21 
7634 10 
7636 47 
7637 43 
7641 389 
7643 1142 
7648 30 
7654 107 
7656 216 
7659 348 
7660 312 
7660 267 
7662 70 
7662 633 
7663 36 
7669 255 
7675 184 
7683 98 
7688 185 
7691 791 
7693 214 
7694 20 
7697 55 
7697 123 
7711 429 
7720 21 
7730 303 
7739 818 
7740 91 
7742 751 
7742 95 
7745 706 
7758 209 
7776 576 
7783 182 
7786 163 
7790 928 
7794 77 
7795 78 
7802 837 
7803 339 
7804 118 
7806 73 
7806 278 
7816 29 
7818 6 
7819 324 
7828 7 
7834 49 
7836 219 
7837 36 
7838 63 
7850 40 
7852 311 
7854 47 
7856 146 
7858 21 
7863 255 
7865 13 
7874 27 
7880 1 
7883 288 
7899 322 
7903 85 
7909 32 
7912 166 
7913 354 
7918 102 
7937 92 
7938 262 
7938 101 
7951 0 
7951 62 
7959 36 
7970 228 
7994 297 
7997 68 
7999 186 
8003 63 
8011 5 
8012 171 
8017 372 
8018 167 
8028 44 
8030 81 
8034 55 
8034 116 
8036 90 
8049 2267 
8051 346 
8058 27 
8068 315 
8073 39 
8076 44 
8083 11 
8090 49 
8095 41 
8101 84 
8103 40 
8107 252 
8110 257 
8113 47 
8114 372 
8115 84 
8130 22 
8132 385 
8135 31 
8138 908 
8143 410 
8146 108 
8146 172 
8147 129 
8148 80 
8152 54 
8163 135 
8164 89 
8166 41 
8185 244 
8195 127 
8208 379 
8231 95 
8243 176 
8255 116 
8258 20 
8263 298 
8271 21 
8276 260 
8283 908 
8287 118 
8291 15 
8294 411 
8296 73 
8298 6 
8312 148 
8314 447 
8318 152 
8326 31 
8327 338 
8336 17 
8349 4 
8352 172 
8363 99 
8367 993 
8367 29 
8369 97 
8373 1784 
8375 76 
8375 92 
8385 121 
8386 557 
8408 921 
8409 25 
8419 232 
8435 61 
8436 796 
8439 73 
8442 1589 
8452 260 
8453 35 
8474 335 
8480 59 
8482 5544 
8490 111 
8491 24 
8499 223 
8503 54 
8524 334 
8524 19 
8524 9 
8532 64 
8537 1275 
8541 3 
8550 4943 
8550 8 
8551 115 
8552 36 
8560 295 
8562 45 
8564 218 
8592 389 
8602 485 
8602 59 
8603 385 
8605 66 
8611 10 
8613 47 
8637 48 
8647 598 
8649 70 
8650 39 
8657 159 
8680 1573 
8689 257 
8695 19 
8696 29 
8700 42 
8702 22 
8714 302 
8717 9 
8720 16 
8722 60 
8732 277 
8755 357 
8756 16 
8764 1164 
8779 39 
8785 90 
8790 143 
8798 94 
8814 6 
8819 77 
8823 840 
8829 24 
8845 1190 
8845 3015 
8884 31 
8892 129 
8899 162 
8900 96 
8905 109 
8907 234 
8912 77 
8912 436 
8919 49 
8923 2815 
8923 9 
8938 329 
8950 625 
8952 43 
8954 22 
8974 115 
8977 173 
8994 178 
9000 112 
9005 13 
9022 90 
9022 109 
9028 18 
9028 314 
9034 222 
9040 7 
9064 37 
9065 74 
9079 22 
9083 347 
9102 93 
9109 185 
9112 42 
9113 93 
9123 145 
9129 3 
9139 67 
9144 268 
9170 110 
9180 70 
9180 22 
9191 22 
9202 109 
9203 66 
9210 12 
9217 1875 
9225 37 
9227 67 
9234 17 
9241 352 
9260 182 
9269 106 
9280 74 
9285 119 
9315 267 
9328 181 
9339 162 
9347 57 
9348 78 
9348 29 
9364 168 
9372 64 
9373 42 
9374 53 
9378 235 
9382 106 
9384 248 
9393 331 
9398 212 
9399 48 
9402 101 
9442 17 
9445 11 
9464 13 
9467 37 
9478 300 
9479 51 
9480 549 
9480 179 
9499 103 
9515 47 
9519 40 
9526 0 
9534 229 
9540 78 
9573 147 
9587 226 
9591 881 
9616 7 
9618 142 
9620 254 
9635 56 
9638 14 
9639 93 
9644 102 
9667 55 
9692 77 
9711 158 
9713 387 
9714 14 
9717 90 
9721 160 
9737 41 
9739 74 
9748 78 
9758 70 
9760 314 
9791 25 
9795 111 
9802 146 
9848 102 
9850 224 
9861 26 
9868 141 
9869 2580 
9871 278 
9872 24 
9876 1360 
9896 43 
9898 39 
9906 1061 
9926 204 
9929 33 
9939 167 
9952 165 
9964 3 
9970 207 
9970 209 
9973 2 
9981 10 
9989 190 
10006 587 
10008 1710 
10017 14 
10027 356 
10040 17 
10047 14 
10069 220 
10076 34 
10077 31 
10097 33 
10104 78 
10117 14 
10117 561 
10119 262 
10127 245 
10131 154 
10135 398 
10135 70 
10136 80 
10157 353 
10164 1402 
10177 74 
10180 57 
10183 67 
10186 144 
10192 99 
10200 15 
10212 212 
10237 138 
10239 27 
10250 663 
10276 78 
10303 167 
10310 66 
10317 34 
10334 53 
10336 30 
10339 89 
10353 222 
10359 3 
10369 320 
10379 19 
10384 719 
10400 15 
10404 167 
10406 49 
10409 1248 
10432 155 
10438 1632 
10460 87 
10462 144 
10486 477 
10506 135 
10512 33 
10515 1147 
10523 693 
10533 13 
10534 58 
10552 179 
10560 305 
10568 137 
10593 12 
10600 20 
10600 20 
10610 139 
10610 139 
10659 26 
10659 26 
10666 1190 
10666 1190 
10681 382 
10698 133 
10713 34 
10713 47 
10716 66 
10718 29 
10742 18 
10752 165 
10759 14 
10765 390 
10776 39 
10795 4 
10797 39 
10809 8 
10821 17 
10829 377 
10830 97 
10836 93 
10841 264 
10848 68 
10849 99 
10853 46 
10873 380 
10879 86 
10889 100 
10897 75 
10913 52 
10921 120 
10940 1054 
10943 69 
10947 33 
10964 134 
10971 333 
10978 36 
10979 163 
10997 387 
11006 414 
11011 1458 
11017 395 
11024 74 
11024 88 
11040 168 
11043 877 
11045 749 
11058 105 
11089 37 
11093 263 
11093 62 
11103 1 
11117 17 
11129 45 
11145 82 
11164 16 
11166 142 
11188 3 
11232 137 
11237 784 
11242 71 
11255 76 
11258 285 
11262 85 
11280 601 
11294 390 
11298 54 
11323 64 
11326 190 
11333 9 
11358 8 
11375 72 
11382 544 
11388 4 
11395 11 
11398 418 
11408 129 
11427 0 
11438 5684 
11443 89 
11449 29 
11457 137 
11470 28 
11476 118 
11486 144 
11524 156 
11537 303 
11545 443 
11555 1596 
11561 245 
11571 20 
11575 11 
11601 5 
11617 21 
11619 569 
11623 40 
11631 52 
11632 278 
11634 84 
11655 26 
11655 22 
11659 77 
11666 171 
11711 3 
11733 33 
11745 195 
11785 323 
11798 68 
11802 531 
11812 11 
11826 103 
11826 204 
11847 80 
11849 61 
11854 122 
11856 14 
11860 858 
11890 116 
11895 166 
11910 96 
11922 72 
11981 93 
11983 2 
12008 63 
12023 13 
12037 19 
12076 9 
12137 127 
12151 106 
12156 13 
12160 523 
12161 176 
12168 14 
12213 296 
12220 27 
12234 74 
12240 37 
12249 27 
12286 11 
12296 44 
12306 72 
12333 665 
12355 81 
12379 45 
12381 31 
12383 608 
12408 61 
12410 60 
12416 17 
12426 408 
12459 46 
12488 38 
12499 2 
12510 1166 
12511 672 
12514 258 
12518 106 
12524 14 
12525 18 
12530 61 
12531 874 
12551 947 
12582 38 
12633 700 
12636 120 
12666 107 
12693 56 
12720 66 
12720 107 
12730 69 
12730 5 
12779 145 
12796 174 
12833 1007 
12834 114 
12847 17 
12848 512 
12876 435 
12876 44 
12890 43 
12937 87 
12961 30 
12974 87 
12976 63 
12991 418 
12993 105 
13010 333 
13020 30 
13021 56 
13035 19 
13036 31 
13048 2825 
13052 27 
13057 64 
13066 846 
13073 15 
13075 335 
13075 32 
13079 350 
13087 193 
13113 431 
13125 10 
13132 134 
13141 43 
13170 1705 
13183 66 
13239 18 
13258 79 
13295 141 
13299 224 
13301 317 
13319 902 
13348 136 
13372 334 
13395 37 
13404 18 
13424 239 
13440 63 
13489 70 
13505 8 
13539 10237 
13543 86 
13559 151 
13566 846 
13581 56 
13584 10 
13605 128 
13606 36 
13619 251 
13640 56 
13656 15 
13666 455 
13668 133 
13671 844 
13682 90 
13683 77 
13700 71 
13719 39 
13726 188 
13742 75 
13773 464 
13774 27 
13800 349 
13805 142 
13808 1330 
13816 40 
13840 135 
13852 4 
13865 184 
13872 202 
13884 569 
13904 963 
13942 148 
13944 22 
13976 615 
14011 26 
14021 76 
14034 26 
14062 165 
14065 1221 
14079 24 
14084 704 
14085 107 
14100 169 
14104 736 
14120 63 
14139 31 
14153 18 
14163 81 
14244 27 
14267 242 
14267 47 
14306 55 
14327 63 
14339 34 
14346 54 
14348 143 
14360 162 
14374 23 
14464 106 
14511 19 
14560 2357 
14574 52 
14576 281 
14614 59 
14617 208 
14655 36 
14655 150 
14661 25 
14680 130 
14680 1111 
14688 111 
14734 195 
14745 168 
14747 16 
14753 12 
14780 215 
14842 201 
14849 47 
14853 190 
14877 47 
14881 96 
14887 121 
14921 151 
14927 114 
14938 536 
14980 199 
14989 139 
14994 58 
14998 235 
15001 371 
15022 19 
15029 338 
15042 106 
15111 245 
15159 10 
15183 119 
15207 188 
15230 177 
15232 90 
15235 42 
15237 92 
15248 92 
15326 29 
15327 81 
15329 48 
15364 81 
15415 30 
15420 202 
15421 152 
15447 1 
15493 7 
15539 77 
15601 83 
15625 193 
15660 272 
15670 29 
15681 356 
15696 43 
15709 159 
15717 8 
15729 99 
15741 25 
15742 153 
15769 8 
15778 29 
15793 45 
15803 17 
15805 261 
15811 49 
15818 28 
15822 28 
15822 0 
15845 162 
15906 108 
15952 16 
15960 46 
15963 15 
15969 74 
16037 971 
16054 47 
16061 9 
16117 63 
16151 337 
16155 223 
16156 26 
16173 37 
16176 241 
16188 570 
16196 23 
16205 89 
16267 9 
16305 34 
16335 58 
16344 18 
16370 37 
16387 130 
16394 75 
16555 17 
16575 33 
16653 18 
16655 975 
16683 91 
16694 26 
16727 50 
16759 253 
16814 69 
16931 6 
16934 132 
16953 286 
16987 33 
16994 804 
17004 60 
17004 42 
17030 211 
17095 80 
17107 50 
17144 3 
17164 826 
17168 65 
17190 117 
17212 67 
17216 232 
17226 105 
17240 73 
17242 224 
17289 51 
17317 48 
17369 88 
17389 99 
17405 261 
17433 1903 
17434 441 
17443 10 
17471 359 
17478 17 
17484 160 
17486 90 
17489 184 
17532 125 
17581 341 
17640 48 
17686 14 
17723 40 
17745 34 
17776 6 
17785 70 
17798 1309 
17812 53 
17835 141 
17842 207 
17894 1 
17956 663 
17992 106 
18002 6 
18028 129 
18028 138 
18111 1072 
18154 562 
18198 91 
18203 717 
18230 81 
18236 127 
18258 13 
18259 133 
18301 334 
18365 443 
18465 48 
18496 157 
18540 237 
18579 11 
18580 822 
18605 17 
18670 19 
18719 91 
18765 11 
18775 313 
18794 129 
18794 47 
18799 45 
18827 113 
18837 51 
18905 92 
18907 11 
18959 3 
18998 527 
19003 146 
19009 159 
19096 6 
19098 30 
19142 28 
19154 57 
19160 1656 
19178 9 
19190 7 
19207 269 
19226 1005 
19306 5 
19333 4 
19344 157 
19364 5 
19371 521 
19396 211 
19412 71 
19461 980 
19465 136 
19471 12 
19490 32 
19493 292 
19501 367 
19522 14 
19523 15 
19552 46 
19560 5628 
19584 3863 
19593 3 
19634 116 
19661 3 
19663 57 
19683 33 
19718 233 
19743 86 
19771 68 
19792 64 
19851 101 
19919 36 
19964 177 
19999 116 
20033 5 
20039 47 
20040 348 
20062 99 
20074 1472 
20082 34 
20084 140 
20090 1020 
20114 113 
20118 47 
20140 61 
20201 4035 
20209 86 
20237 312 
20242 289 
20249 75 
20276 797 
20286 88 
20304 679 
20309 336 
20331 182 
20334 96 
20337 75 
20355 1851 
20405 386 
20430 62 
20442 3095 
20473 37 
20508 16 
20521 1487 
20522 72 
20557 214 
20619 116 
20634 181 
20682 63 
20687 813 
20698 1739 
20796 479 
20798 6 
20835 41 
20875 379 
20879 112 
20901 828 
20919 450 
20923 2195 
21115 10 
21124 6 
21148 355 
21222 281 
21234 3535 
21319 84 
21322 259 
21330 287 
21337 57 
21352 129 
21393 217 
21404 639 
21418 66 
21474 34 
21482 21 
21488 36 
21531 68 
21594 245 
21624 14 
21850 69 
21856 21 
21889 1096 
22041 0 
22047 57 
22088 117 
22107 344 
22158 896 
22196 154 
22235 563 
22432 159 
22570 310 
22686 384 
22711 52 
22729 75 
22793 174 
22830 116 
22875 57 
22896 9 
22960 35 
22969 172 
23082 164 
23105 224 
23192 50 
23197 146 
23220 39 
23394 34 
23501 14 
23678 990 
23736 64 
23755 268 
23784 333 
23870 72 
24034 170 
24155 4 
24177 61 
24217 28 
24264 240 
24325 60 
24574 97 
24614 45 
24692 10 
24766 10 
24980 2 
25096 97 
25108 61 
25118 51 
25140 23 
25141 25 
25181 224 
25215 76 
25498 88 
25687 69 
25870 0 
25957 278 
26235 170 
26369 215 
26385 16 
26622 184 
26646 13 
26728 47 
26890 3 
27282 28 
27826 153 
27911 13 
27923 57 
28158 42 
28942 18 
29776 74 
30454 18 
30657 32 
30953 1303 
31478 44 
32239 32 
32258 9 
32458 217 
32644 65 
32792 39 
32815 185 
32985 2 
33001 162 
33061 79 
33159 10 
33342 247 
33514 102 
33601 10 
33678 100 
33687 2548 
33763 1051 
33851 11 
34041 12 
34143 606 
34166 212 
34260 133 
34372 131 
34511 41 
34542 141 
34555 3 
34572 2588 
34893 575 
34908 12 
34924 109 
35124 513 
35134 252 
35461 79 
35497 74 
35655 94 
35796 7 
35918 2 
36050 31 
36054 303 
36187 1272 
36277 873 
36283 2015 
36402 719 
36423 2634 
36424 0 
36480 354 
36596 934 
36684 7 
37205 202 
37255 63 
37292 91 
37353 445 
37402 248 
37728 1230 
37822 290 
37824 52 
37838 11 
37929 30 
37953 37 
37975 18 
38304 1160 
38339 169 
38390 47 
38532 4 
38536 219 
38628 296 
38729 45 
38812 68 
38908 9 
39184 659 
39333 105 
39362 84 
39402 400 
39452 324 
39511 54 
39594 30 
39608 82 
39667 19 
39778 29 
39844 17 
39849 78 
40006 29 
40101 187 
40109 7 
40176 203 
40293 56 
40322 2 
40400 513 
40401 15 
40422 25 
40643 27 
40766 1773 
40791 314 
40846 129 
40859 192 
40888 165 
40925 21 
40963 856 
40965 274 
40983 76 
41038 748 
41040 250 
41110 58 
41163 226 
41449 318 
41474 593 
41502 438 
41524 1984 
41666 172 
41779 115 
41863 157 
41907 456 
41912 54 
41968 12 
41974 463 
42019 1003 
42454 19 
42520 8 
42554 15 
42906 130 
42987 39 
43056 27 
43121 79 
43312 27 
43317 10 
43376 84 
43602 18 
44106 26 
44118 6054 
44198 1116 
44237 82 
44254 6 
44423 435 
44540 3204 
44544 672 
44582 28 
44651 3 
44784 1037 
44821 155 
44908 2759 
44962 398 
45032 117 
45052 248 
45069 314 
45190 29 
45432 16 
45454 1662 
45500 463 
45603 174 
45676 189 
45724 20 
46044 1 
46206 812 
46299 219 
46317 618 
46367 116 
46538 368 
46564 133 
46831 302 
47093 360 
47135 1722 
47337 272 
47372 92 
47380 275 
47451 189 
47482 100 
47536 207 
47550 189 
47599 99 
47609 44 
47671 194 
47679 398 
47901 69 
47963 1436 
48014 817 
48015 38 
48100 47 
48144 81 
48185 857 
48295 69 
48295 402 
48302 201 
48316 877 
48346 1338 
48395 254 
48413 1157 
48421 971 
48460 388 
48478 14 
48517 165 
48715 135 
48888 166 
49191 373 
49245 0 
49468 16 
49559 326 
49560 918 
49920 92 
49960 148 
50014 14 
50184 161 
50275 835 
50358 522 
50359 64 
50449 17 
50740 189 
50856 309 
50945 709 
51002 678 
51085 449 
51124 1027 
51184 714 
51198 119 
51255 72 
51335 307 
51468 92 
51480 7 
51502 38 
51573 70 
51576 1620 
51643 131 
51715 18 
51746 19 
51897 15 
52085 88 
52087 184 
52301 266 
52883 3693 
52937 15 
52986 32 
53064 343 
53127 146 
53180 57 
53288 101 
53486 185 
53494 379 
53524 13 
53542 525 
53581 138 
53589 267 
53662 18 
53768 86 
53889 43 
53925 14 
54122 910 
54186 1129 
54353 363 
54377 777 
54394 168 
54422 1381 
54482 84 
54530 761 
54607 26 
54649 135 
54740 76 
54792 97 
54792 97 
54936 6 
55135 33 
55206 121 
55500 43 
55825 91 
55941 78 
56328 168 
56448 171 
56662 71 
56728 1345 
56934 6 
57050 126 
57053 3 
57114 13 
57420 47 
57493 13 
58091 14 
58174 42866 
58812 2 
58980 104 
59075 0 
59107 70 
59704 25 
59994 8 
60221 32 
60314 134 
60361 137 
60647 9 
61078 282 
61120 267 
61140 299 
61981 6 
62024 76 
62688 118 
62847 35998 
62885 175 
62903 268 
62942 1296 
62993 80 
63035 18 
63046 364 
63062 16 
63068 178 
63078 303 
63083 127 
63085 39 
63124 222 
63125 91 
63190 483 
63274 381 
63279 38 
63302 170 
63303 30 
63333 12 
63345 245 
63363 56 
63365 256 
63394 46 
63404 45 
63467 40 
63556 6 
63721 318 
63993 148 
64010 31 
64692 389 
64989 675 
65581 18 
65652 78 
66100 99 
66854 190 
67515 18 
68791 12 
69794 872 
69996 264 
70033 1405 
70047 1148 
70103 220 
70114 2391 
70169 1090 
70169 1090 
70195 273 
70195 273 
70206 46 
70206 46 
70271 299 
70385 333 
70434 268 
70435 97 
70736 273 
70753 216 
70753 223 
71051 245 
71139 301 
71338 84 
71845 42 
72064 177 
72708 8933 
72776 37 
73065 12 
75215 27 
76735 1064 
79016 24 
79518 84 
79953 0 
82071 198 
83539 0 
83866 801 
84033 60 
84599 60 
84849 2 
85327 4 
85626 69 
87106 31 
87887 1185 
88602 10 
89468 216 
89995 770 
90413 625 
92234 75 
93382 15 
94116 53 
95643 7 
95773 25 
97882 37 
98797 114 
99552 1068 
99552 1068 
100579 36 
100695 147 
101215 48 
101951 41 
102076 93 
104056 17 
105760 28 
106825 995 
106946 512 
106952 2726 
107069 126 
107236 44 
107489 121 
107637 62 
113343 119 
117280 221 
120891 18 
122613 82 
128511 2 
130732 938 
131865 20 
132339 456 
133777 10946 
133804 11006 
133821 8401 
133852 333 
133859 353 
133861 762 
133908 258 
133909 168 
133917 8179 
133922 266 
133935 426 
133947 167 
133950 204 
133960 281 
134004 599 
134023 246 
134030 191 
134035 137 
134042 9 
134050 361 
134071 117 
134085 231 
134125 9 
134154 355 
134160 18 
134180 213 
134180 383 
134182 1 
134183 163 
134200 307 
134246 95 
134263 172 
134311 129 
134314 13 
134326 726 
134340 654 
134347 35 
134379 100 
134394 239 
134415 842 
134540 224 
134598 26 
134608 315 
134612 34 
134632 840 
134638 38 
134648 30 
134652 284 
134708 18 
134818 61 
134836 865 
134939 177 
135182 66 
135329 148 
135524 121 
135710 96 
135738 119 
136162 46 
137854 105 
137994 1442 
138086 235 
138134 68 
138195 177 
138243 106 
138859 336 
138926 255 
139232 144 
140394 261 
140465 10 
142020 15 
143446 69 
144203 471 
149465 118 
152042 6 
152359 720 
153174 63 
154698 72 
155635 146 
157850 19 
161616 225 
162196 42 
166066 61 
166248 74 
167457 65 
169223 410 
176103 13 
178533 83 
223543 2273 
223606 260 
232540 80 
233159 73 
237130 17719 
237215 202 
237259 323 
237279 16 
237280 186 
237364 37 
237485 186 
237669 192 
237744 29 
238841 128 
245357 10558 
245409 2023 
245452 1613 
245459 570 
245551 1942 
245593 1663 
245679 68 
245682 2927 
245735 1379 
245780 122 
245822 3913 
245831 2446 
245909 165 
246172 180 
246306 271 
246342 217 
246413 93 
246600 111 
246710 27 
246716 60 
246849 1385 
247089 69 
248453 59 
274049 73 
274143 610 
279701 39 
285240 32 
319445 197 
320136 246 
322089 105 
322235 209 
322425 233 
322748 513 
322817 121 
322839 186 
330224 93 
334632 136 
344780 11 
345274 12 
345970 52 
357489 3 
358199 5 
442597 58 
460066 35 
462110 94 
464767 0 
483782 499 
484391 499 
494937 1016 
498917 139 
527223 25 
604606 163 
