2481 7.41688657407
0 4643800 
25 276 
26 1604 
29 266 
37 140 
40 143 
43 226 
46 1736 
49 76196 
50 209 
55 331 
57 28 
59 228 
63 332 
69 212 
72 243 
72 210 
73 899 
75 1302 
77 233 
77 83 
78 3593 
79 28 
80 640 
83 88 
85 138 
87 334 
91 290 
92 750 
93 347 
95 46 
96 164 
100 2377 
101 70 
101 1137 
101 59 
103 185 
103 40 
104 16 
106 566 
106 46 
106 81 
107 307 
107 91 
108 106 
108 63 
110 243 
110 335 
110 334 
111 1685 
112 444 
113 29 
113 227 
114 29 
117 1173 
117 728 
118 462 
119 156 
124 109 
124 114 
124 90 
125 61 
125 260 
126 409 
126 1765 
128 280 
129 672 
130 127 
133 47 
133 243 
134 541 
135 390 
136 549 
137 312 
139 566 
141 611 
146 374 
146 628 
149 1139 
150 322 
151 145 
153 253 
155 194 
156 116 
158 231 
159 336 
159 4321 
159 363 
160 24 
160 246 
161 1659 
164 159 
164 3130 
164 930 
164 82 
165 89 
167 614 
167 128 
168 503 
169 270 
171 675 
172 45 
179 257 
182 651 
183 379 
184 12 
186 169 
187 254 
189 4 
189 54 
194 565 
194 240 
195 127 
195 253 
196 51 
201 957 
201 402 
203 161 
204 259 
204 260 
205 287 
206 299 
208 441 
213 231 
218 23 
222 156 
224 217 
227 712 
227 190 
230 164 
233 167 
233 78 
234 203 
236 306 
238 1279 
240 118 
247 112 
248 130 
249 1232 
250 98 
252 273 
252 291 
255 6 
256 190 
260 162 
260 130 
262 199 
264 414 
267 101 
269 572 
270 71 
273 62 
273 735 
274 568 
274 466 
283 111 
288 129 
291 24 
294 98 
296 31 
299 42 
305 4184 
308 478 
313 54 
313 259 
316 430 
320 310 
332 5844 
341 168 
344 81 
350 3653 
352 751 
353 311 
355 112 
355 81 
356 165 
357 965 
361 594 
362 43 
364 141 
368 77 
375 405 
384 956 
386 16 
386 101 
388 184 
388 68 
390 274 
390 220 
392 115 
393 692 
394 1373 
395 92 
397 68 
399 60 
404 170 
407 189 
410 348 
410 460 
411 235 
411 530 
412 953 
414 211 
414 1456 
419 7 
419 86 
430 429 
430 550 
433 64 
442 162 
444 187 
446 94 
450 2187 
455 14 
462 122 
465 2257 
469 17548 
469 200 
472 4391 
480 293 
481 241 
483 524 
489 188 
489 130 
497 1203 
505 199 
510 231 
511 92 
520 262 
524 1119 
532 77 
537 299 
538 213 
548 103 
550 33 
554 75 
558 62 
577 71 
585 1523 
587 47 
591 546 
593 643 
602 85 
605 183 
616 122 
618 59 
622 247 
624 117 
628 521 
638 367 
648 1253 
649 27 
663 285 
665 204 
666 446 
669 227 
681 335 
681 322 
682 459 
688 157 
690 791 
692 38 
693 145 
695 166 
714 283 
715 110 
716 204 
723 131 
724 192 
726 352 
736 69 
747 199 
751 39 
759 245 
759 3183 
769 1429 
774 110 
775 271 
780 1079 
786 34 
787 221 
791 95 
795 142 
797 76 
799 181 
801 333 
805 265 
810 284 
813 64 
818 68 
837 324 
844 300 
854 125 
855 684 
856 128 
858 87 
861 226 
869 91 
873 345 
876 15 
879 417619 
880 38 
881 820 
886 1921 
888 188 
900 613 
904 109 
906 35 
911 914 
916 231 
918 285 
922 233 
925 103 
925 767 
926 1212 
932 381 
933 16 
950 282 
958 337 
965 194 
966 58 
971 171 
976 170 
987 191 
1001 221 
1003 59 
1005 513 
1033 138 
1035 86 
1055 1239 
1062 82 
1072 6 
1082 633 
1084 4 
1093 164 
1093 302 
1108 152 
1113 232 
1115 2023 
1120 337 
1121 775 
1128 193 
1133 1391 
1138 300 
1145 932 
1147 141 
1148 358 
1151 835 
1156 654 
1159 119 
1162 137 
1166 101 
1166 192 
1172 74 
1172 111 
1174 184 
1193 1218 
1196 38 
1197 242 
1200 573 
1247 285 
1257 159 
1258 3697 
1260 2920 
1266 279 
1276 1998 
1296 354 
1309 53 
1321 152 
1325 1082 
1329 3047 
1350 170 
1357 507 
1359 1989 
1360 85 
1364 270 
1366 24 
1368 1533 
1370 2508 
1375 11 
1389 279 
1398 200 
1398 161 
1399 511 
1420 43 
1422 2625 
1430 499 
1430 894 
1455 747 
1483 201 
1498 372 
1499 1040 
1508 215 
1531 294 
1545 161 
1546 469 
1548 69 
1557 563 
1561 56 
1566 150 
1594 2307 
1594 82 
1595 243 
1602 332 
1603 1 
1611 48 
1614 43 
1634 415 
1640 214 
1651 77 
1665 1715 
1682 145 
1711 22 
1712 336 
1714 1478 
1714 63 
1722 779 
1729 1738 
1736 38 
1756 271 
1759 165 
1761 202 
1808 5326 
1840 373 
1891 1250 
1894 97 
1896 363 
1896 73 
1900 235 
1905 681 
1928 216 
1929 251 
1933 35 
1962 1176 
1975 191 
1985 262 
1992 190 
1993 62 
1995 86 
2008 309 
2030 731 
2036 24 
2045 1103 
2048 985 
2055 87 
2057 3675 
2067 50 
2068 301 
2102 61 
2104 87 
2117 241 
2124 193 
2134 249 
2145 1411 
2172 1285 
2200 868 
2207 1400 
2208 199 
2211 309 
2212 280 
2213 600 
2220 286 
2227 39 
2235 718 
2237 74 
2243 1617 
2246 835 
2256 114 
2341 370 
2345 125 
2347 1755 
2354 460 
2355 426 
2358 178 
2370 1155 
2378 522 
2382 1081 
2391 131 
2394 192 
2405 23 
2417 204 
2429 1220 
2437 912 
2440 437 
2451 264 
2461 108 
2463 231 
2470 103 
2470 1058 
2480 889 
2497 15604 
2501 240 
2513 563 
2526 66 
2528 758 
2538 158 
2542 661 
2549 447 
2570 26644 
2570 170 
2588 167 
2594 6 
2601 76 
2606 2136 
2621 266 
2644 748 
2650 468 
2656 853 
2677 213 
2688 177 
2692 72 
2704 206 
2732 265 
2740 26 
2742 78 
2763 174 
2775 158 
2781 954 
2788 250 
2792 146 
2801 21 
2803 872 
2816 290 
2838 1228 
2845 253 
2861 25 
2869 5424 
2877 98 
2889 163 
2899 1693 
2901 456 
2901 274 
2943 41 
2947 227 
2966 124 
2978 197 
2990 303 
3000 286 
3005 115 
3033 182 
3047 3769 
3059 305 
3098 20 
3099 23 
3121 275 
3140 355 
3166 869 
3178 2116 
3209 131 
3214 38 
3227 148 
3234 62 
3239 35 
3241 97 
3255 96 
3258 58 
3279 139 
3312 1034 
3320 98 
3385 876 
3387 456 
3387 1688 
3401 821 
3406 236 
3425 372 
3431 132 
3459 50 
3488 249 
3488 245 
3507 402 
3507 123 
3563 538 
3565 232 
3575 385 
3593 19 
3595 548 
3597 65 
3598 1145 
3616 250 
3626 99 
3627 6 
3654 2930 
3665 368 
3677 360 
3699 719 
3711 2756 
3723 38 
3742 16108 
3757 215 
3778 2 
3798 720 
3833 145 
3848 277 
3856 263 
3868 2781 
3875 2171 
3893 296 
3904 271 
3916 128 
3933 106 
3949 39 
3950 69 
3962 228 
3969 88 
3978 172 
3996 111 
4022 85 
4046 289 
4080 1892 
4082 3123 
4105 68 
4160 81 
4168 110 
4178 267 
4203 225 
4219 1847 
4236 428 
4325 207 
4353 12 
4370 309 
4393 125 
4432 639 
4437 160 
4461 1542 
4477 2429 
4527 863 
4537 386 
4543 209 
4548 107 
4620 1590 
4705 103 
4736 1356 
4740 1718 
4750 282 
4775 303 
4813 557 
4819 54 
4831 466 
4918 71 
4921 332 
4964 144 
5025 87 
5041 442 
5053 199 
5104 153 
5126 28 
5128 7616 
5159 240 
5171 67 
5180 644 
5189 2045 
5214 27 
5216 1021 
5255 14 
5265 0 
5288 154 
5318 501 
5448 646 
5455 938 
5498 367 
5500 596 
5511 220 
5599 180 
5635 316 
5637 67 
5695 161 
5785 204 
5803 136 
5890 91 
5916 2482 
5917 26 
5924 67 
5937 452 
5983 3320 
5993 220 
6061 54 
6073 73 
6073 207 
6112 347 
6113 810 
6129 456 
6190 1625 
6196 48 
6198 20 
6202 31 
6223 66 
6242 485 
6284 308 
6287 953 
6295 11 
6316 348 
6317 854 
6354 61 
6367 266 
6377 1640 
6390 11049 
6404 11 
6408 816 
6420 121 
6438 7162 
6444 118 
6460 4641 
6500 1278 
6518 172 
6521 1743 
6531 114 
6573 1931 
6618 50 
6646 599 
6691 41 
6717 1021 
6723 95 
6801 161 
6801 1091 
6813 214 
6871 2965 
6872 331 
6972 24 
6983 769 
6989 157 
6997 10514 
7004 114 
7013 975 
7038 1552 
7065 143 
7176 125 
7208 153 
7228 100 
7252 244 
7280 68 
7331 801 
7379 1759 
7390 193 
7528 6130 
7548 1099 
7575 81 
7627 6282 
7761 119 
7763 926 
7765 207 
7776 96 
7783 143 
7888 1847 
7963 220 
8069 63 
8192 1267 
8216 217 
8304 6230 
8345 2651 
8390 100 
8462 1 
8476 1518 
8480 28 
8497 6397 
8507 343 
8540 406 
8600 2240 
8608 1939 
8700 510 
8884 61 
9172 1353 
9211 177 
9291 51 
9333 19 
9381 2791 
9397 103 
9406 1411 
9436 93 
9532 66 
9535 478 
9601 246 
9613 36 
9640 192 
9646 1930 
9661 5642 
9768 336 
9782 2717 
9830 8691 
9842 182 
9844 116 
9853 3924 
9863 157 
9952 604 
9971 283 
10123 698 
10159 1081 
10172 1386 
10241 475 
10249 4574 
10259 1593 
10374 61 
10396 53 
10424 1442 
10716 55 
10724 523 
10834 27 
10854 694 
11149 112 
11193 22716 
11308 1559 
11308 531 
11313 2397 
11336 340 
11339 330 
11351 1602 
11354 1673 
11364 205 
11371 853 
11385 703 
11431 1128 
11449 123 
11469 730 
11473 94 
11499 295 
11519 536 
11589 1837 
11628 1280 
11661 854 
11668 237 
11762 343 
11769 66 
11780 623 
11871 1025 
11878 113 
12027 3945 
12213 65 
12271 249 
12335 3262 
12338 459 
12346 332 
12379 2025 
12394 150 
12405 36 
12419 2302 
12432 345 
12444 299 
12451 16986 
12460 22 
12474 43 
12483 44 
12499 383 
12529 185 
12540 198 
12596 4 
12621 48 
12637 969 
12657 1224 
12804 247 
12823 203 
12827 5327 
12833 234 
12838 1638 
12880 206 
12880 764 
12894 10 
12895 25 
13045 933 
13104 119 
13110 181 
13147 26 
13169 797 
13186 206 
13204 324 
13215 2946 
13217 290 
13217 421 
13243 428 
13248 24081 
13309 428 
13314 690 
13320 59 
13344 2149 
13350 78 
13366 162 
13390 33 
13414 334 
13460 442 
13471 145 
13546 3 
13565 76 
13643 221 
13690 1249 
13693 6742 
13752 3019 
13764 28 
13786 430 
13831 151 
13869 277 
13881 2254 
13963 536 
14014 245 
14032 127 
14082 712 
14179 4831 
14222 7851 
14236 1333 
14487 266 
14492 458 
14557 984 
14626 891 
14650 606 
14690 281 
14700 1496 
14720 0 
14783 161 
14794 912 
14856 362 
14866 56 
14888 1010 
14924 3 
14983 134 
15030 9419 
15069 448 
15118 1304 
15159 48 
15194 98 
15286 812 
15297 1307 
15301 146 
15351 1106 
15375 1382 
15397 270 
15459 452 
15471 1523 
15480 526 
15512 34 
15627 1924 
15630 190 
15683 302 
15702 74 
15730 279 
15737 1956 
15802 1419 
15814 122 
15815 1071 
15827 319 
15868 3735 
15890 119 
15953 1263 
15970 692 
16052 477 
16144 1196 
16152 110 
16155 1726 
16243 659 
16247 1311 
16255 2373 
16299 59 
16320 44 
16333 356 
16365 777 
16382 6148 
16388 243 
16390 99 
16454 225 
16494 2504 
16530 359 
16542 562 
16542 2083 
16546 298 
16559 367 
16574 216 
16665 1189 
16734 42 
16758 113 
16816 260 
16832 231 
16849 2907 
16857 158 
16992 177 
17034 1362 
17038 1267 
17060 1265 
17062 477 
17064 579 
17070 1686 
17083 271 
17089 271 
17126 453 
17313 303 
17362 138 
17380 559 
17418 61 
17421 946 
17496 203 
17514 383 
17562 189 
17583 187 
17632 184 
17640 841 
17667 1459 
17704 4004 
17718 1084 
17724 187 
17738 221 
17801 988 
17803 3750 
17878 2760 
17886 180 
17896 167 
17912 535 
18037 373 
18104 636 
18127 143 
18153 486 
18225 480 
18257 2679 
18296 679 
18372 2579 
18378 131 
18392 10107 
18409 26 
18467 86 
18516 778 
18557 3862 
18570 346 
18584 547 
18602 486 
18611 331 
18633 329 
18634 733 
18687 663 
18690 1578 
18694 23 
18709 1663 
18749 125 
18883 292 
18889 2078 
18893 80 
18908 471 
18909 132 
18920 339 
18921 249 
18923 101 
19040 83 
19057 25 
19096 521 
19154 1052 
19198 236 
19222 17 
19269 1692 
19278 114 
19278 2832 
19367 293 
19430 142 
19436 7232 
19442 475 
19470 1915 
19475 1470 
19488 653 
19541 2861 
19545 1092 
19570 355 
19594 70 
19615 57 
19657 288 
19685 516 
19686 268 
19722 101 
19724 50 
19800 836 
19839 2888 
19843 147 
19866 181 
19876 15 
19877 1436 
19913 58 
19930 118 
19978 1595 
20098 207 
20104 265 
20123 848 
20147 41 
20154 49 
20164 294 
20169 213 
20269 529 
20300 124 
20315 417 
20345 154 
20440 742 
20479 77 
20516 2561 
20527 69 
20540 673 
20559 3 
20562 180 
20584 51 
20602 352 
20618 1542 
20671 1299 
20692 407 
20776 2013 
20785 906 
20790 1117 
20814 1097 
20892 158 
20892 158 
20906 269 
20906 269 
20920 3801 
20920 3801 
21005 106 
21007 457 
21023 224 
21097 441 
21113 1292 
21114 6383 
21168 14457 
21172 514 
21175 2526 
21248 474 
21255 737 
21281 304 
21317 199 
21331 300 
21355 1431 
21364 18 
21437 815 
21463 1489 
21473 851 
21480 92 
21484 11 
21550 952 
21586 1201 
21591 99 
21613 1710 
21694 502 
21701 89 
21745 525 
21750 2990 
21772 1646 
21835 417 
21925 66 
21949 295 
21965 1670 
21975 918 
22002 748 
22035 2392 
22098 342 
22216 924 
22238 1112 
22270 133 
22314 792 
22350 94 
22360 1604 
22363 1226 
22398 1665 
22403 62 
22432 136 
22435 912 
22439 1088 
22532 359 
22533 11 
22536 862 
22550 410 
22570 305 
22620 1251 
22622 50 
22631 270 
22634 2740 
22637 252 
22644 85 
22685 1146 
22717 368 
22725 510 
22735 82 
22767 624 
22819 3333 
22828 857 
22890 173 
22934 1553 
22995 148 
23015 4522 
23061 1303 
23074 18 
23107 328 
23131 78 
23168 78 
23184 234 
23186 421 
23291 92 
23335 118 
23385 83 
23388 241 
23450 348 
23452 1186 
23501 207 
23578 66 
23620 162 
23639 523 
23699 983 
23709 305 
23717 301 
23742 4757 
23757 93 
23785 444 
23811 98 
23816 804 
23869 204 
23941 1229 
24015 1370 
24110 1232 
24118 51 
24137 460 
24143 318 
24154 767 
24167 1019 
24185 457 
24254 253 
24314 54 
24378 649 
24410 2551 
24457 105 
24475 209 
24509 269 
24522 699 
24533 66 
24559 190 
24567 129 
24588 864 
24603 1871 
24604 398 
24633 9 
24644 62 
24676 58 
24702 4027 
24728 47 
24747 954 
24760 355 
24762 211 
24770 19 
24791 2673 
24800 1181 
24815 2592 
24838 809 
24864 350 
24878 100 
24907 243 
24940 185 
24951 703 
25009 1855 
25044 699 
25079 947 
25089 1080 
25163 213 
25262 45 
25283 91 
25329 8 
25333 60 
25349 768 
25365 476 
25375 170 
25387 748 
25414 256 
25423 185 
25470 81 
25481 379 
25572 755 
25597 257 
25604 445 
25619 717 
25639 147 
25678 529 
25694 46 
25779 259 
25780 604 
25781 532 
25841 3259 
25843 3223 
25848 1469 
25864 1131 
25930 569 
25941 325 
25956 475 
25956 1133 
25971 2892 
25981 1160 
25993 45 
26060 292 
26121 144 
26141 284 
26161 610 
26341 1013 
26348 923 
26386 632 
26527 5122 
26544 124 
26563 4967 
26583 2478 
26584 161 
26611 967 
26632 9 
26633 960 
26753 259 
26801 546 
26816 77 
26828 2034 
26835 766 
26848 808 
26956 166 
27050 594 
27171 74 
27195 2533 
27219 212 
27269 838 
27315 187 
27611 1244 
27649 161 
27650 1436 
27653 402 
27695 120 
27707 5644 
27721 467 
27780 113 
27839 1282 
27867 68 
27905 610 
27906 1503 
27913 105 
28018 829 
28072 916 
28101 68 
28172 557 
28201 98 
28249 145 
28253 42 
28263 778 
28270 6154 
28290 100 
28308 1094 
28326 326 
28339 2216 
28377 919 
28477 2815 
28497 30 
28512 3548 
28523 399 
28531 1241 
28535 625 
28550 916 
28701 2709 
28719 1273 
28726 514 
28822 794 
28840 3049 
28925 818 
28972 85 
29133 1282 
29171 530 
29213 329 
29303 64 
29393 1591 
29505 1149 
29520 1408 
29526 701 
29529 466 
29550 2965 
29561 863 
29647 75 
29654 375 
29661 1390 
29708 2165 
29720 865 
29764 3572 
29803 1001 
29933 1369 
29934 407 
30085 280 
30104 1077 
30119 47 
30227 96 
30258 175 
30314 1741 
30316 982 
30543 1560 
30583 951 
30666 85 
30832 576 
30887 580 
30896 218 
30897 139 
30903 1979 
30923 124 
30983 27 
31193 575 
31198 625 
31308 6 
31328 5136 
31376 169 
31429 1329 
31544 4702 
31551 171 
31583 940 
31589 1089 
31595 709 
31597 200 
31622 518 
31752 1726 
31780 1021 
31832 1447 
31885 10 
31900 462 
31940 679 
31965 275 
31986 324 
32078 1032 
32116 1387 
32167 3046 
32167 1084 
32179 261 
32236 206 
32287 309 
32309 1400 
32344 205 
32438 3258 
32442 702 
32443 1506 
32453 23 
32480 1818 
32500 1169 
32550 470 
32563 4125 
32571 1406 
32654 347 
32662 245 
32673 2171 
32699 159 
32704 711 
32713 1630 
32790 1368 
32804 131 
32806 1253 
32825 523 
32827 379 
32830 97 
32840 350 
32840 333 
32847 1046 
32852 231 
32854 243 
32883 360 
32888 498 
32889 2095 
32891 1791 
32914 690 
32917 1135 
32961 418 
32962 781 
32965 432 
33089 159 
33197 611 
33218 718 
33237 434 
33344 511 
33498 2336 
33538 2486 
33555 1198 
33573 1985 
33599 1783 
33600 2110 
33611 5212 
33682 105 
33705 153 
33713 458 
33741 5093 
33756 1848 
33767 423 
33793 435 
33863 272 
33897 804 
33930 2414 
33952 1092 
34110 28 
34120 219 
34232 926 
34256 1736 
34269 237 
34284 111 
34309 2443 
34357 565 
34366 261 
34466 492 
34544 348 
34608 788 
34709 1052 
34712 12 
34747 1834 
34774 715 
34776 768 
34814 402 
34824 228 
34887 1088 
35075 184 
35161 881 
35183 666 
35392 96 
35405 863 
35434 2641 
35453 2546 
35626 895 
35765 636 
35813 858 
35820 492 
36092 3126 
36102 579 
36111 1539 
36144 678 
36144 806 
36145 1423 
36173 65 
36175 165 
36200 1302 
36297 47 
36316 2058 
36325 8645 
36382 302 
36382 979 
36385 172 
36392 246 
36426 168 
36444 108 
36444 19 
36447 168 
36448 189 
36472 894 
36476 3 
36476 134 
36482 7101 
36505 728 
36521 61 
36544 2987 
36568 67 
36637 345 
36656 43 
36658 1271 
36678 1959 
36691 33 
36855 470 
36856 785 
36884 294 
36898 786 
36900 478 
36917 769 
36944 4060 
36948 1878 
36964 1415 
36974 7428 
36997 832 
37002 164 
37019 288 
37024 949 
37047 129 
37051 1307 
37109 519 
37195 746 
37272 50 
37327 228 
37351 262 
37356 2434 
37406 527 
37423 405 
37466 597 
37514 2369 
37523 122 
37554 570 
37589 2388 
37591 1690 
37603 1557 
37625 667 
37692 57 
37715 71 
37835 112 
37856 819 
37912 564 
37923 435 
37938 773 
37984 535 
37988 560 
38042 475 
38043 785 
38046 3352 
38047 79 
38171 226 
38199 254 
38330 563 
38338 259 
38444 360 
38457 352 
38477 756 
38531 132 
38614 1867 
38618 234 
38650 780 
38664 312 
38726 1051 
38842 648 
38880 229 
38884 163 
38901 279 
38904 245 
38930 31 
38973 1557 
39189 501 
39198 776 
39220 808 
39227 1538 
39276 4733 
39294 2366 
39410 283 
39432 260 
39434 3195 
39534 1470 
39572 192 
39696 322 
39812 64 
39840 2739 
39847 53 
39878 604 
39912 339 
39966 1835 
39974 813 
40076 222 
40161 104 
40297 65 
40314 999 
40324 1493 
40362 91 
40363 907 
40364 3574 
40392 440 
40396 2337 
40500 213 
40577 5 
40741 1384 
40748 8107 
40771 551 
40804 533 
41090 453 
41221 1151 
41226 393 
41249 96 
41283 417 
41325 2278 
41345 1564 
41351 7885 
41475 1631 
41506 83 
41570 1733 
41572 1450 
41581 71 
41633 279 
41695 1301 
41704 1988 
41706 3 
41730 66 
41743 638 
41785 1278 
41840 852 
41855 194 
41871 1309 
41972 675 
42057 1307 
42084 164 
42088 53 
42097 716 
42104 57 
42110 1253 
42176 1141 
42247 553 
42395 73 
42396 1003 
42500 150 
42638 456 
42648 6822 
42798 330 
42848 727 
42884 281 
42888 403 
43157 1081 
43287 1171 
43349 516 
43389 910 
43395 107 
43650 2867 
43784 167 
43814 1282 
43921 1117 
44102 888 
44145 178 
44456 816 
44498 545 
44721 1977 
44736 8510 
44744 335 
44770 644 
44807 914 
44834 611 
44879 974 
44946 956 
44974 812 
44998 137 
45005 1651 
45036 8121 
45054 1103 
45100 474 
45133 2393 
45172 1951 
45181 361 
45201 1040 
45338 191 
45346 805 
45366 156 
45521 99 
45533 551 
45611 956 
45700 1478 
45800 466 
45923 86 
46124 537 
46422 2206 
46479 267 
46516 3523 
46580 1758 
46728 81 
46750 86 
46759 126 
46994 369 
47086 149 
47149 627 
47220 131 
47266 56 
47317 45 
47326 330 
47369 135 
47417 764 
47539 2229 
47677 138 
47728 1974 
47793 1538 
47799 1635 
47831 532 
47833 1309 
47837 858 
47926 195 
47958 187 
48068 240 
48245 8214 
48325 128 
48351 392 
48459 886 
48516 688 
48526 155 
48720 71 
48802 1753 
48897 303 
48973 425 
48987 312 
48997 6 
49213 1169 
49335 1972 
49534 737 
49605 2827 
49695 387 
49785 130 
49940 108 
50046 1279 
50048 1921 
50058 955 
50065 3545 
50076 2407 
50093 166 
50095 3439 
50254 663 
50448 1147 
50448 1147 
50504 1542 
50520 110 
50784 9037 
50925 2315 
50980 899 
51092 1428 
51109 1736 
51166 491 
51271 272 
51277 14261 
51306 593 
51312 1717 
51317 532 
51378 1095 
51401 108 
51465 310 
51505 1057 
51522 650 
51644 949 
51664 151 
51682 448 
51769 198 
51789 484 
51958 1427 
52151 106 
52318 1654 
52357 179 
52477 1692 
52510 305 
52561 1887 
52661 3442 
52674 742 
52730 215 
52734 2048 
52744 4368 
52888 82 
52976 2573 
53001 684 
53021 596 
53164 502 
53187 166 
53203 9101 
53210 9664 
53377 6552 
53398 22 
53404 171 
53423 113 
53438 3329 
53596 43 
53764 747 
53779 914 
53790 1576 
53826 1576 
53951 176 
54033 27 
54097 1339 
54129 114 
54160 362 
54286 186 
54343 1053 
54575 1076 
54602 1056 
54635 147 
54738 1553 
55594 1086 
55904 243 
56001 210 
56167 836 
56173 21 
56195 132 
56254 22 
56326 410 
56345 403 
56460 793 
56671 953 
56696 292 
56751 1737 
56827 470 
57040 1875 
57375 3829 
57425 1201 
57471 323 
57476 1894 
57484 265 
57542 95 
57641 3306 
57656 2860 
57663 39 
57688 146 
57690 108 
57722 360 
57751 581 
57794 1136 
57807 5164 
57833 207 
57863 1679 
57889 744 
57890 897 
57912 411 
57975 407 
58350 108 
58404 538 
58889 2076 
59126 247 
59630 335 
59636 2 
59652 2292 
60217 3820 
60464 505 
60833 50 
60848 655 
61481 563 
61524 1722 
61602 2247 
61749 1678 
61780 670 
61781 172 
61851 197 
61917 228 
61947 88 
61957 434 
62030 374 
62169 975 
62260 8006 
62405 84 
62895 204 
62928 1444 
63046 854 
63463 553 
63470 331 
63570 475 
63593 833 
63775 430 
64267 140 
64364 302 
64611 1333 
64631 2287 
64675 105 
64704 163 
64797 82 
65008 105 
65942 6210 
65984 284 
66188 2117 
66380 1129 
66585 704 
67291 54 
67564 69 
67711 142 
68007 6737 
68773 167 
69050 545 
69071 282 
69808 354 
70338 3162 
70534 1272 
71279 339 
72955 260 
73136 193 
73265 980 
73654 6443 
74061 146 
74210 343 
74307 261 
75441 687 
75601 5409 
76053 556 
76066 74 
76745 19360 
77330 1778 
77984 685 
78968 38 
79300 354 
79313 399 
79820 6221 
80461 23 
81015 3390 
81059 418 
81066 920 
81074 1344 
81096 504 
81105 290 
81105 488 
81139 982 
81456 480 
82857 1497 
83286 1162 
84532 149 
84616 332 
85444 177 
86453 2214 
87385 451 
87549 9 
87808 195 
89221 615 
89668 718 
90319 1108 
90439 1129 
90494 1036 
91411 469 
92755 1268 
93555 219 
94252 207 
94574 133 
95786 298 
96303 249 
96315 97 
96431 694 
96903 1454 
97653 1359 
97682 338 
98313 50 
98832 3891 
98877 1107 
98910 942 
99436 306 
100244 585 
100454 390 
100694 493 
100894 185 
101042 621 
101605 244 
101693 152 
101818 580 
102895 410 
102995 1073 
103854 418 
103895 976 
104215 105 
104419 1105 
104532 2328 
104838 830 
105105 269 
105225 484 
105372 240 
105486 938 
105850 777 
105911 675 
106128 269 
106383 346 
106453 410 
106482 366 
106545 226 
106672 3632 
106742 1320 
107439 1359 
107494 1627 
107850 2425 
107857 1228 
107873 414 
108347 284 
108401 1469 
108674 327 
108894 653 
108905 1972 
109003 381 
109186 2291 
109296 329 
109368 77 
109379 2149 
109404 537 
109854 34 
109943 2040 
110042 185 
110205 1091 
110275 971 
110407 210 
110543 34 
111024 163 
111606 2663 
112174 614 
113224 3072 
113323 786 
113524 1501 
114034 480 
114652 449 
114876 15390 
114900 3012 
115107 430 
115219 483 
115278 634 
115441 173 
115469 418 
115969 1023 
116105 11 
116242 645 
117296 140 
117541 579 
117943 197 
117967 922 
117972 339 
118185 177 
118612 690 
118847 1568 
119463 302 
122037 1910 
122749 267 
123124 938 
123184 440 
123334 6879 
123376 598 
123432 1511 
123449 892 
123471 391 
123610 693 
123680 1198 
123752 137 
123752 137 
124036 229 
124189 576 
125253 323 
125640 238 
125744 564 
125767 577 
125789 856 
125822 723 
127221 1766 
127314 821 
127758 254 
127867 1290 
128274 958 
128655 205 
129695 958 
129802 257 
129802 41 
129913 290 
129921 9 
130019 1262 
130076 1509 
130244 755 
130369 3074 
131337 471 
131359 301 
132004 95 
132033 3558 
132465 62 
132973 646 
133495 1379 
133901 1761 
133923 1091 
134108 196 
134210 668 
134216 231 
134571 235 
134985 2592 
135009 4141 
135078 923 
135129 261 
135301 169 
135471 2278 
135713 2887 
135830 2084 
135876 663 
137671 935 
139025 33 
139088 488 
139144 25108 
139543 156 
139623 554 
139687 24 
139942 1837 
140067 457 
140182 534 
140766 1581 
141807 371 
142310 128 
142353 226 
142848 1279 
142936 1348 
143011 192 
143038 350 
143102 47 
143197 1305 
143226 3616 
143697 50 
143937 124 
144552 104 
145558 489 
145952 210 
146074 226 
146146 557 
147081 243 
147501 1025 
147817 70 
148249 764 
148662 278 
148918 245 
149074 178 
149398 215 
149398 378 
149694 1551 
149825 929 
149946 25 
150157 210 
150263 1591 
150519 60 
150651 15101 
150703 415 
150710 680 
150750 83 
150839 273 
150914 414 
150948 98 
151064 690 
151425 23051 
151599 429 
152117 237 
152473 573 
153358 396 
153411 42 
156851 1790 
157555 651 
158371 909 
160248 62 
160388 16 
162228 139 
164083 847 
165179 947 
165414 173 
166363 745 
166491 3227 
168592 1539 
171629 139 
172311 1155 
172634 143 
175041 1613 
175633 2614 
175668 717 
175697 195 
175705 878 
175722 552 
175835 87 
177064 570 
177734 1507 
177957 945 
178929 493 
180251 565 
181850 179 
183619 32 
183685 2252 
183768 1964 
183871 396 
183927 160 
184626 329 
184685 319 
185122 284 
185393 1124 
186385 366 
189412 54 
189459 465 
192258 155 
192532 794 
192815 433 
193030 202 
194161 4752 
194194 23 
194905 435 
195182 964 
197745 327 
198730 4278 
198914 232 
199883 487 
200212 399 
200213 1235 
201320 577 
201748 467 
202473 429 
202613 713 
204471 814 
204481 239 
204527 1162 
204736 1293 
205501 71 
205698 1777 
205967 227 
206277 2299 
206308 1079 
206373 1911 
206587 116 
207502 594 
207525 1025 
208203 330 
208338 294 
210792 42 
211004 35 
211120 28 
211421 116 
212767 2880 
213867 72 
213999 315 
214305 172 
215370 440 
215692 279 
216186 1094 
216842 12130 
218365 90 
218739 508 
220274 3410 
220580 292 
220583 324 
222214 432 
222232 408 
222381 155 
223218 591 
223258 4822 
223266 512 
223492 314 
224476 1838 
224725 1067 
226439 645 
226498 14 
227750 699 
228255 1394 
228727 44 
230050 2276 
230352 85 
230409 755 
230424 1695 
230703 182 
232301 1572 
232503 386 
232692 1299 
232938 258 
234759 76 
235385 2050 
235570 833 
237034 503 
238265 408 
238470 184 
239951 1765 
242429 859 
243116 326 
246890 307 
247055 1015 
249104 646 
249716 850 
256837 4553 
258493 288 
262968 279 
264017 924 
264124 317 
265939 329 
266005 487 
269739 1582 
270989 235 
271536 657 
271728 47 
272211 1212 
273139 1152 
273676 6 
275315 934 
275593 1728 
276496 46 
278299 810 
278932 324 
280631 219 
283393 1332 
284026 1436 
284057 687 
284209 312 
284309 224 
284925 57 
285722 433 
285977 1386 
287340 2008 
288749 378 
288920 1 
289145 111 
290848 25 
290874 438 
291309 88 
291522 93 
293234 6580 
293989 2072 
294211 169 
294288 61 
294615 348 
294891 118 
295096 530 
295417 641 
295878 2718 
296399 304 
298162 3 
298188 201 
298686 425 
299455 463 
300716 370 
300946 215 
303315 1399 
303320 117 
303334 11031 
303369 129 
303407 671 
303810 222 
303832 640 
304063 239 
304608 983 
305956 462 
306351 522 
306918 139 
307306 84 
307654 5026 
307678 1493 
310511 5993 
310948 1270 
311691 191 
311857 545 
312035 575 
312408 1813 
312508 396 
313884 1421 
314980 283 
315631 161 
316397 32 
316713 153 
319703 184 
320532 46 
321044 307 
322745 1425 
326809 206 
327708 218 
328808 243 
331634 298 
331853 687 
332653 98 
336095 212 
336854 204 
336928 838 
338507 32 
339502 318 
345340 4163 
350290 1490 
350912 426 
351759 948 
353909 46 
356501 150 
360024 1203 
364246 257 
368546 2109 
368904 1213 
368928 126 
373067 2 
376862 151 
379727 4 
381835 1028 
381869 2620 
382435 1476 
390358 17 
391063 1587 
393452 1209 
398043 486 
403653 44 
407033 237 
409677 449 
411757 1738 
412128 941 
422058 238 
423245 111 
427823 520 
428702 177 
442547 812 
443007 352 
444339 207 
453892 719 
456102 2 
460460 418 
462233 1490 
463222 2066 
467229 881 
467894 612 
476486 1942 
478936 450 
481201 296 
482743 2203 
483775 234 
486051 769 
486992 0 
494441 471 
530924 526 
541855 263 
544370 206 
544466 255 
545630 804 
546303 16 
547023 46 
556760 423 
559501 1745 
559662 1744 
559714 122 
559891 1025 
560156 225 
561437 1215 
562293 202 
563966 223 
564721 6347 
564758 1755 
564852 2628 
565996 0 
570525 596 
571966 1210 
575379 100 
577824 317 
595971 245 
596971 113 
599016 196 
599963 196 
