2516 7.15525462963
0 2256436 
14 559 
18 1445 
20 179 
22 25 
23 93 
23 772 
25 729 
26 632 
26 165 
26 252 
27 572 
27 115 
30 459 
33 2089 
33 429 
33 749 
34 146 
35 1142 
35 63 
36 116 
37 501 
37 2885 
38 325 
38 333 
39 285 
39 57 
39 303 
40 1725 
40 215 
40 77 
43 3549 
44 284 
45 187 
45 644 
46 409 
46 1777 
46 421 
47 896 
48 772 
48 1301 
48 1782 
48 25 
49 438 
49 89 
52 111 
53 3632 
58 432 
58 133 
59 178 
60 360 
60 276 
61 329 
61 495 
62 409 
65 1164 
67 406 
68 123 
70 725 
71 129 
71 262 
74 186 
74 407 
74 176 
74 1999 
76 713 
78 31 
78 122 
78 3 
81 14590 
82 932 
83 242 
83 96 
84 149 
84 39 
85 2981 
89 153 
89 992 
90 269 
92 204 
92 35 
93 173 
94 124 
94 810 
96 53 
98 398 
99 69 
99 2285 
102 119 
102 219 
105 177 
105 1720 
105 1214 
106 412 
106 3898 
107 351 
108 87 
109 2915 
110 125 
111 49 
112 4750 
113 150 
114 145 
117 1632 
118 130 
118 579 
118 4908 
119 338 
121 285 
122 22 
122 132 
122 3182 
123 135 
123 261 
123 106 
124 129 
126 141 
127 219 
128 519 
131 2844 
131 280 
131 3939 
131 51 
131 1121 
133 5270 
136 440 
137 201 
139 704 
140 29 
142 272 
142 619 
144 117 
146 100 
149 105 
151 903 
151 1763 
152 127 
152 205 
152 96 
155 193 
155 176 
155 603 
157 263 
160 268 
161 298 
165 151 
168 145 
170 77 
170 155 
172 2715 
172 232 
173 382 
180 435 
181 725 
181 327 
181 551 
183 93 
183 3836 
183 377 
196 556 
198 98 
199 386 
201 291 
201 99 
202 8524 
205 499 
207 1605 
207 202 
212 56 
213 709 
214 1377 
216 328 
217 216 
220 9 
233 67 
248 1225 
248 101 
250 22 
253 32 
259 230 
264 96 
269 203 
270 1627 
270 421 
271 416 
272 304 
273 9 
275 12309 
279 20047 
282 17971 
283 157 
290 778 
291 1534 
292 410 
297 1052 
299 156 
303 563 
304 295 
313 29 
316 842 
318 877 
319 76 
332 1474 
332 205 
340 134 
359 78 
365 59 
375 2082 
380 2314 
383 44 
386 1665 
387 75 
389 57 
393 5343 
394 2762 
396 3107 
405 153 
406 306 
408 660 
416 514 
418 694 
429 1276 
436 89 
448 3506 
461 3211 
461 2109 
463 1539 
473 73 
487 342 
487 2423 
492 266 
515 180 
523 430 
524 232 
528 459 
528 153 
531 189 
533 990 
541 1129 
550 3517 
560 6978 
579 775 
592 507 
601 258 
610 732 
612 1192 
618 300 
629 573 
642 1035 
654 402 
665 127 
666 1316 
684 885 
690 962 
690 317 
700 220 
707 88 
726 2718 
736 841 
763 157 
785 5156 
786 479 
814 428 
918 161 
926 2811 
941 3161 
969 1340 
1390 828 
1390 2173 
1390 3758 
1398 353 
1405 1176 
1434 6 
1446 269 
1453 123 
1457 194 
1466 973 
1511 24 
1521 552 
1549 1952 
1613 228 
1624 149 
1643 1658 
1656 744 
1725 229 
1727 157 
1750 129 
1782 2864 
1795 1271 
1804 65 
1815 1165 
1818 29301 
1832 173 
1879 521 
1902 174 
1961 2240 
1970 3275 
1975 1117 
2002 405 
2005 87 
2013 230 
2023 925 
2025 14781 
2052 1581 
2057 40 
2096 352 
2101 369 
2119 244 
2124 42716 
2130 299 
2186 155 
2218 6088 
2270 169 
2287 2560 
2311 468 
2318 9749 
2328 240 
2331 285 
2358 340 
2481 14591 
2590 595 
2659 232 
2684 169 
2714 1612 
2791 395 
2808 46 
2839 1030 
2900 18 
2913 7019 
2924 79 
2934 13401 
3106 1145 
3126 44 
3217 404 
3398 1538 
3476 1147 
3869 1976 
3909 2238 
4091 3 
4276 78 
4471 708 
4971 4541 
5049 501 
5270 1713 
5616 57 
5699 666 
5852 1267 
6231 289 
6346 921 
6358 4722 
6385 873 
6564 137 
6656 194 
6700 1922 
7217 1518 
7558 2151 
7710 4306 
7738 1859 
8992 420 
9459 966 
9899 78 
10104 296 
10150 19487 
10319 1033 
10675 5716 
10786 369 
11511 617 
11689 695 
11779 72 
11890 458 
11905 221 
13552 217 
13865 5 
15072 458 
16323 522 
17665 348 
17778 383 
17842 552 
18281 3615 
18417 155 
18578 9545 
18940 604 
18960 48 
19072 349 
19101 295 
19196 459 
19287 446 
19289 156 
19419 337 
19446 192 
19709 1036 
19923 402 
20041 203 
20091 181 
20390 2926 
20638 2906 
20694 190 
20696 1235 
20774 113 
20792 126 
20851 720 
20916 4630 
21400 206 
21465 1815 
21627 2486 
21823 212 
21884 497 
21944 766 
22085 534 
22213 2742 
22264 977 
22347 1170 
22630 783 
22689 132 
22755 2475 
22896 1728 
23041 426 
23158 635 
23304 2322 
23382 1409 
23388 144 
23419 167 
23423 2408 
23615 106 
23681 494 
23742 3444 
23743 2070 
23794 504 
24008 130 
24032 280 
24057 786 
24085 1440 
24088 10339 
24104 568 
24227 153 
24343 67 
24384 4792 
24542 640 
24634 6028 
24835 1801 
24871 2082 
24888 2399 
24937 516 
25083 188 
25101 231 
25272 596 
25323 1053 
25488 1602 
25590 126 
25684 3441 
25753 1731 
25761 354 
25766 2262 
25890 2970 
25919 3882 
26039 64 
26249 2067 
26290 4657 
26322 12162 
26367 124 
26444 314 
26469 336 
26721 436 
26848 1938 
26903 71 
27042 1428 
27053 717 
27080 4695 
27105 283 
27124 2857 
27231 141 
27291 167 
27313 108 
27329 265 
27519 1477 
27540 1170 
27630 2309 
27751 445 
27767 5579 
27769 880 
27804 748 
27860 627 
27906 16946 
27909 1369 
28186 1207 
28186 1207 
28419 118 
28442 457 
28478 8843 
28479 600 
28503 403 
28509 344 
28570 85 
28572 330 
28623 27 
28686 322 
28717 2274 
28733 663 
28733 1097 
28754 2218 
28789 351 
28882 13 
28909 864 
28926 1837 
28987 136 
28991 559 
28998 895 
29028 12701 
29036 471 
29073 578 
29139 2334 
29197 132 
29216 241 
29262 28 
29362 358 
29423 1699 
29425 100 
29484 1026 
29507 86 
29524 4277 
29524 294 
29567 381 
29577 496 
29583 327 
29622 1240 
29640 2204 
29645 1785 
29645 2949 
29665 147 
29688 1946 
29698 142 
29705 34 
29745 230 
29762 1670 
29810 380 
29870 854 
29881 857 
29994 2364 
30044 1600 
30048 152 
30181 1122 
30216 195 
30241 335 
30336 307 
30371 448 
30540 317 
30554 794 
30598 182 
30650 1927 
30653 519 
30691 878 
30947 54 
30949 1096 
31009 2823 
31012 283 
31159 1623 
31341 11091 
31361 1794 
31410 696 
31422 1269 
31423 256 
31450 963 
31481 4122 
31554 1057 
31581 126 
31688 77 
31816 156 
32175 2282 
32219 1368 
32371 224 
32392 213 
32531 3505 
32544 545 
32554 1249 
32600 2 
32640 490 
32649 2 
32667 387 
32702 132 
32760 3425 
32791 133 
32809 240 
32839 375 
32878 682 
32945 265 
32989 2425 
33001 1010 
33011 471 
33038 1799 
33054 35 
33074 391 
33144 474 
33228 117 
33357 2116 
33387 88 
33398 2325 
33417 1206 
33435 546 
33478 654 
33542 1425 
33588 1322 
33907 3485 
33922 1283 
34086 8 
34171 2015 
34172 312 
34203 173 
34246 849 
34256 4734 
34294 65 
34316 1338 
34316 129 
34322 1953 
34348 164 
34390 229 
34457 553 
34487 418 
34529 240 
34552 1684 
34556 565 
34567 62 
34602 11 
34656 1472 
34700 3660 
34701 1338 
34722 2139 
34734 263 
34753 3316 
34772 1524 
34774 733 
34787 710 
34815 2342 
34847 404 
34847 184 
34853 1675 
34937 46 
34946 1136 
34966 12418 
34966 1034 
34982 36 
35021 123 
35051 759 
35081 293 
35086 8623 
35093 1242 
35141 2303 
35223 726 
35226 270 
35243 259 
35265 523 
35271 1496 
35278 2087 
35278 205 
35284 4240 
35287 1112 
35307 896 
35311 134490 
35384 594 
35396 96 
35398 1546 
35407 233 
35415 11159 
35420 227 
35426 125 
35427 1780 
35469 297 
35483 583 
35508 500 
35532 472 
35541 338 
35570 2068 
35602 99 
35616 142 
35690 1498 
35693 1301 
35705 132 
35708 192 
35717 645 
35755 1006 
35768 60 
35782 565 
35809 3506 
35819 148 
35834 139 
35839 418 
35870 1956 
35884 988 
35888 2864 
35893 331 
35921 733 
35931 1165 
35933 53 
35952 924 
35981 2319 
35986 592 
35992 8140 
36009 41 
36014 392 
36019 644 
36021 498 
36030 367 
36030 1863 
36045 83 
36057 296 
36060 0 
36084 6281 
36096 3057 
36123 1390 
36133 185 
36143 1733 
36144 899 
36159 582 
36163 2793 
36167 546 
36167 202 
36220 229 
36231 280 
36252 365 
36279 115 
36281 969 
36284 143 
36413 5137 
36413 1210 
36445 265 
36472 198 
36501 3540 
36509 1380 
36538 1762 
36553 3693 
36605 1238 
36647 573 
36649 135 
36661 6718 
36671 5943 
36682 290 
36683 187 
36707 1713 
36742 1035 
36760 1883 
36782 1413 
36785 71 
36803 126 
36821 231 
36842 474 
36858 247 
36859 49 
36910 248 
36930 106 
36997 107 
37069 510 
37091 3330 
37128 736 
37158 58 
37211 265 
37249 1503 
37282 272 
37294 256 
37297 1094 
37304 62 
37319 1687 
37327 9719 
37353 495 
37365 372 
37428 46 
37431 11810 
37451 188 
37455 466 
37512 1865 
37546 132 
37571 1771 
37618 4117 
37670 380 
37677 404 
37723 82 
37752 1862 
37764 749 
37784 324 
37837 1254 
37905 2618 
37912 83 
37922 737 
37933 3204 
37940 709 
37942 510 
37945 346 
37992 3892 
38009 491 
38041 275 
38045 281 
38074 281 
38087 6856 
38105 6166 
38116 475 
38125 401 
38157 320 
38173 6943 
38189 263 
38199 296 
38276 1660 
38412 370 
38441 131 
38468 1244 
38480 193 
38496 1152 
38499 466 
38501 5036 
38523 97 
38526 1181 
38530 128 
38557 272 
38561 397 
38570 356 
38582 331 
38593 2648 
38624 154 
38634 40 
38701 204 
38746 261 
38758 1884 
38786 745 
38816 2747 
38828 556 
38860 825 
38875 74 
38932 1123 
38964 274 
38978 141 
39046 218 
39142 4463 
39190 195 
39229 333 
39293 2937 
39305 776 
39335 837 
39391 723 
39393 284 
39410 0 
39475 306 
39486 536 
39535 1434 
39553 1184 
39590 132 
39643 829 
39653 1359 
39719 1315 
39734 1545 
39757 1443 
39757 267 
39783 805 
39831 193 
39833 5257 
39849 57 
39853 278 
39869 1339 
39914 1233 
40029 5655 
40102 6404 
40132 118 
40137 261 
40149 433 
40151 1856 
40220 17419 
40242 144 
40258 341 
40263 207 
40276 1737 
40276 90 
40282 61 
40282 119 
40284 37 
40307 416 
40310 4996 
40321 1125 
40337 408 
40384 985 
40388 777 
40399 645 
40412 175 
40424 296 
40429 5489 
40458 205 
40462 1050 
40478 139 
40483 834 
40495 693 
40541 10218 
40564 43 
40594 1267 
40596 1014 
40597 5089 
40622 2646 
40629 571 
40714 243 
40722 1970 
40767 48 
40798 920 
40799 737 
40822 356 
40842 17494 
40863 121 
40875 1016 
40882 237 
40884 146 
40899 198 
40924 390 
40927 1491 
40974 2167 
41004 217 
41014 223 
41015 582 
41096 79 
41126 1091 
41126 370 
41136 162 
41159 284 
41163 4086 
41165 1387 
41208 59 
41216 1715 
41230 854 
41332 554 
41339 17 
41413 760 
41464 1590 
41474 943 
41505 412 
41534 1682 
41583 1768 
41627 339 
41657 318 
41694 174 
41711 864 
41711 4554 
41712 1411 
41735 428 
41747 304 
41760 77 
41773 380 
41775 305 
41838 1146 
41842 1328 
41867 2987 
41910 6 
41914 124 
41918 950 
41928 460 
41946 188 
41992 135 
42030 82 
42042 191 
42076 4565 
42084 911 
42086 72 
42127 309 
42163 1441 
42212 5166 
42215 579 
42228 252 
42383 344 
42383 135 
42397 225 
42439 1132 
42478 185 
42481 5762 
42500 629 
42516 122 
42518 360 
42545 6098 
42562 185 
42571 766 
42582 28 
42592 3901 
42606 5722 
42609 174 
42648 170 
42668 226 
42678 2614 
42679 1010 
42681 85 
42721 214 
42738 941 
42739 2216 
42752 98 
42768 1866 
42778 1833 
42797 251 
42802 4860 
42852 2405 
42853 6637 
42866 274 
42871 2124 
42873 247 
42884 330 
42886 4878 
42901 2706 
42948 597 
42954 452 
43013 1484 
43016 3704 
43017 673 
43051 5567 
43074 297 
43082 879 
43085 6755 
43093 550 
43115 8691 
43122 1293 
43158 130 
43163 2142 
43182 61 
43196 304 
43218 62 
43270 152 
43275 523 
43281 362 
43314 96 
43333 110 
43340 119 
43364 2242 
43436 2564 
43453 6415 
43474 1345 
43481 2022 
43481 2022 
43488 751 
43488 751 
43498 216 
43498 216 
43500 457 
43500 457 
43502 265 
43502 265 
43527 3544 
43532 306 
43548 848 
43600 3374 
43606 86 
43628 629 
43647 5373 
43666 11978 
43671 32 
43732 1180 
43746 48 
43790 2816 
43809 237 
43814 332 
43826 1933 
43845 2965 
43874 91 
43887 208 
43901 6596 
43941 2352 
43946 1748 
43963 46 
44008 319 
44016 2321 
44028 157 
44040 144 
44040 1088 
44056 151 
44109 2755 
44126 174 
44131 322 
44184 57 
44321 361 
44321 2742 
44327 960 
44347 2869 
44359 696 
44366 313 
44372 97 
44440 3835 
44474 1950 
44478 27 
44480 1569 
44484 100 
44505 2663 
44545 2609 
44559 6419 
44562 853 
44575 57 
44602 1012 
44603 4231 
44609 291 
44627 222 
44632 354 
44660 156 
44681 311 
44681 142 
44689 1048 
44718 836 
44718 2721 
44758 183 
44763 232 
44771 33 
44791 693 
44842 249 
44854 9090 
44895 3089 
44902 236 
44924 1276 
44955 1476 
44963 52 
44973 168 
44977 3404 
44978 460 
44988 194 
45008 167 
45030 1674 
45037 428 
45061 411 
45061 1741 
45064 2030 
45068 327 
45095 406 
45124 1842 
45128 484 
45154 1529 
45162 459 
45169 515 
45201 348 
45203 191 
45207 597 
45216 533 
45239 664 
45262 43 
45267 103 
45271 1618 
45278 595 
45288 368 
45290 156 
45292 650 
45292 224 
45342 625 
45345 1964 
45377 877 
45384 4878 
45394 3134 
45410 677 
45415 221 
45434 600 
45438 250 
45456 412 
45505 303 
45521 362 
45538 2242 
45543 159 
45577 55 
45629 662 
45639 4 
45644 1195 
45669 772 
45673 451 
45675 135 
45694 1957 
45715 1709 
45734 64 
45752 736 
45765 691 
45821 1538 
45856 322 
45916 133 
46011 350 
46034 225 
46065 298 
46113 635 
46151 649 
46161 167 
46167 336 
46191 219 
46200 2124 
46240 193 
46281 119 
46328 86 
46341 567 
46369 1378 
46374 108 
46383 2268 
46409 986 
46442 101 
46453 246 
46461 2597 
46479 403 
46481 1086 
46484 356 
46499 250 
46502 947 
46517 537 
46531 21 
46532 1166 
46540 255 
46603 1035 
46638 460 
46691 443 
46692 178 
46707 2795 
46710 3758 
46736 61 
46753 208 
46768 1510 
46778 279 
46796 1244 
46806 145 
46835 638 
46861 158 
46879 174 
46883 695 
46884 326 
46908 1285 
46909 1438 
46920 1010 
46939 818 
46954 233 
46961 6268 
46978 159 
46983 865 
46985 116 
47003 806 
47065 279 
47136 278 
47138 216 
47138 922 
47157 12 
47167 734 
47173 311 
47249 1883 
47275 471 
47298 838 
47304 1563 
47371 881 
47425 1214 
47425 326 
47562 4731 
47578 358 
47579 1319 
47596 374 
47599 9148 
47610 880 
47615 2022 
47667 922 
47695 198 
47738 812 
47762 936 
47788 183 
47839 47 
47851 55 
47884 2248 
47887 153 
47915 3164 
47984 2401 
48044 233 
48055 151 
48121 42 
48122 1567 
48179 360 
48186 307 
48194 321 
48232 1381 
48235 2592 
48300 2871 
48309 338 
48350 239 
48373 163 
48402 358 
48402 64 
48405 84 
48408 1451 
48420 426 
48444 356 
48460 49 
48555 371 
48575 857 
48583 1010 
48607 211 
48664 234 
48708 79 
48758 176 
48822 379 
48842 85 
48891 758 
48902 1114 
48947 1565 
48957 104 
48965 142 
48967 584 
48994 586 
49004 197 
49012 141 
49063 195 
49089 1865 
49118 104 
49134 538 
49173 116 
49210 216 
49284 141 
49313 1577 
49329 3489 
49349 755 
49361 294 
49436 3176 
49445 20529 
49457 1564 
49521 1255 
49580 2641 
49589 726 
49606 141 
49637 418 
49671 1162 
49725 802 
49749 316 
49761 1475 
49764 3250 
49766 1631 
49787 125 
49897 287 
49917 1897 
49941 148 
49950 188 
49959 630 
50016 485 
50035 1542 
50059 868 
50068 310 
50086 1342 
50088 839 
50103 814 
50117 88 
50131 1637 
50146 2454 
50171 1206 
50211 5165 
50237 8986 
50258 10967 
50268 722 
50295 461 
50311 70 
50344 388 
50346 6211 
50451 56 
50458 110 
50515 2416 
50536 2167 
50589 330 
50651 323 
50793 409 
50806 876 
50858 1232 
50908 2960 
50979 2184 
51025 730 
51160 1517 
51226 3231 
51236 294 
51248 105 
51266 60 
51283 1161 
51317 5286 
51339 160 
51354 2763 
51376 109 
51419 1075 
51441 1249 
51457 139 
51497 194 
51503 6324 
51541 356 
51576 119 
51596 2017 
51657 29 
51673 810 
51703 104 
51800 27 
51913 304 
51949 614 
52031 576 
52085 7381 
52105 3372 
52160 1713 
52227 1937 
52283 283 
52298 319 
52301 303 
52316 964 
52317 2960 
52347 719 
52409 1266 
52413 2112 
52498 4198 
52503 153 
52540 642 
52602 963 
52615 302 
52713 1164 
52744 552 
52777 572 
52859 56 
52922 96 
52953 547 
53004 1190 
53012 1887 
53089 651 
53102 667 
53177 242 
53189 1310 
53262 369 
53273 53 
53299 299 
53314 355 
53353 278 
53520 113 
53635 598 
53656 437 
53706 56 
53755 157 
53859 129 
53901 65 
53936 671 
53951 518 
53955 2049 
53956 2252 
53975 1570 
53988 32 
54105 3260 
54144 23 
54156 196 
54172 4113 
54189 2457 
54191 269 
54213 7648 
54223 1354 
54237 11 
54577 171 
54647 1533 
54654 3 
54663 258 
54755 94 
54790 56 
54817 8 
54835 2455 
54961 191 
55009 550 
55012 443 
55034 186 
55066 47 
55131 25 
55260 612 
55315 316 
55336 1345 
55376 225 
55449 839 
55569 1753 
55630 466 
55657 51 
55699 10510 
55760 7284 
55789 4121 
55794 122 
55811 2571 
55823 62 
55830 1885 
55835 176 
55849 381 
55863 108 
55888 362 
55893 222 
55943 117 
55976 163 
55990 1392 
55991 333 
56015 129 
56040 521 
56137 145 
56170 1801 
56338 3254 
56352 780 
56359 77 
56416 1290 
56434 21 
56435 1589 
56445 6060 
56450 1119 
56518 178 
56566 315 
56573 636 
56608 324 
56641 352 
56691 2022 
56696 10242 
56715 391 
56730 312 
56745 202 
56785 270 
56902 43 
56942 764 
56944 240 
57010 3090 
57019 1585 
57027 262 
57040 151 
57081 441 
57089 177 
57096 271 
57116 1613 
57153 538 
57161 1614 
57284 206 
57305 592 
57315 6366 
57317 1949 
57327 44 
57367 431 
57396 138 
57426 157 
57457 1031 
57687 3339 
57856 245 
57927 180 
57947 1197 
58087 130 
58104 101 
58258 178 
58258 178 
58276 1170 
58276 1170 
58318 525 
58507 1737 
58523 984 
58548 698 
58581 2047 
58626 1313 
58635 97 
58663 1149 
58685 127 
58710 597 
58735 4006 
58754 92 
58833 411 
58836 157 
58839 1349 
58859 310 
58900 23 
59012 736 
59061 3034 
59079 140 
59081 242 
59096 107 
59103 710 
59267 63 
59273 927 
59285 1283 
59314 1327 
59436 94 
59471 5215 
59510 337 
59540 678 
59608 373 
59664 312 
59690 580 
59747 420 
59780 366 
59825 41 
59834 107 
59850 705 
59931 1928 
59948 400 
59972 3026 
60050 2118 
60232 423 
60256 3568 
60317 6041 
60389 1300 
60395 1522 
60426 6927 
60469 1706 
60570 145 
60610 486 
60637 5616 
60695 1706 
60704 4105 
60716 2688 
60735 713 
60797 129 
60809 312 
60816 998 
60817 251 
60826 185 
60885 5559 
60932 142 
61041 830 
61043 221 
61111 3446 
61111 675 
61121 7610 
61136 207 
61175 195 
61191 130 
61253 165 
61280 372 
61287 138 
61425 750 
61428 1546 
61608 474 
61612 73 
61665 104 
61680 454 
61773 122 
61858 1174 
62012 1228 
62145 284 
62186 3852 
62213 1761 
62266 424 
62291 42 
62301 3868 
62328 2679 
62351 1599 
62366 417 
62416 280 
62459 1131 
62597 31 
62637 102 
62654 168 
62695 294 
62768 195 
62827 417 
62841 5 
63006 1285 
63243 921 
63288 121 
63514 181 
63526 214 
63527 1469 
63551 1877 
63576 302 
63605 1021 
63622 133 
63874 95 
63971 75 
64035 208 
64066 137 
64180 752 
64268 809 
64324 114 
64363 641 
64364 917 
64373 4206 
64406 991 
64444 177 
64461 24 
64517 111 
64581 410 
64614 1620 
64629 105 
64637 393 
64644 2 
64647 470 
64654 561 
64767 84 
64821 971 
64856 151 
64860 73 
64929 1104 
64940 24 
64996 413 
65061 3089 
65134 462 
65156 233 
65259 890 
65266 405 
65301 262 
65350 569 
65376 1229 
65444 5317 
65456 2438 
65513 2143 
65521 1239 
65557 1681 
65572 1681 
65608 467 
65616 76 
65617 1880 
65626 736 
65779 2124 
65794 3961 
65795 188 
65841 496 
65848 1008 
65911 292 
65919 1388 
65952 716 
65993 849 
66016 263 
66037 90 
66038 818 
66049 217 
66085 2415 
66187 670 
66236 119 
66254 113 
66425 107 
66428 243 
66438 1119 
66484 340 
66516 821 
66556 213 
66590 1388 
66591 269 
66604 768 
66647 73 
66665 3982 
66704 431 
66743 707 
66747 136 
66783 602 
66791 5098 
66803 128 
66825 824 
66978 11821 
67005 4853 
67055 148 
67065 3404 
67096 57 
67164 486 
67279 387 
67360 78 
67536 253 
67564 1904 
67587 232 
67674 264 
67688 197 
67883 330 
67883 541 
67898 195 
67929 1352 
67975 376 
68025 820 
68045 558 
68119 673 
68155 153 
68168 318 
68220 532 
68249 417 
68284 528 
68285 968 
68313 908 
68336 444 
68488 59 
68501 21 
68514 3048 
68525 350 
68544 1029 
68596 568 
68627 406 
68695 292 
68695 1902 
68731 0 
68740 105 
68759 486 
68850 1078 
69026 434 
69065 544 
69148 2454 
69215 314 
69230 136 
69253 650 
69341 361 
69367 209 
69379 1681 
69379 458 
69482 1223 
69497 351 
69593 373 
69618 4116 
69642 155 
69670 177 
69731 668 
69744 329 
69904 176 
69961 638 
70120 131 
70164 698 
70216 565 
70219 764 
70249 559 
70407 924 
70412 157 
70433 509 
70485 317 
70530 939 
70533 218 
70541 410 
70568 448 
70634 498 
70636 122 
70663 4400 
70812 366 
70846 147 
70850 102 
70941 91 
70967 261 
70972 157 
71012 1369 
71065 88 
71111 3050 
71205 3164 
71245 3425 
71248 9390 
71266 279 
71305 34 
71318 92 
71363 483 
71364 154 
71385 3422 
71392 1085 
71398 146 
71404 127 
71430 120 
71557 1087 
71702 152 
71743 267 
71775 147 
71787 1860 
71831 99 
71871 43 
72052 357 
72082 2736 
72085 591 
72095 1961 
72102 202 
72143 100 
72160 247 
72225 2640 
72226 1522 
72242 993 
72253 260 
72293 5758 
72311 216 
72377 265 
72413 148 
72503 373 
72530 6422 
72590 2907 
72621 1660 
72676 251 
72724 134 
72776 32 
72856 4674 
72916 1601 
73154 786 
73236 0 
73359 429 
73446 233 
73552 1183 
73586 391 
73592 545 
73764 1305 
73791 4182 
73843 92 
74186 92 
74304 795 
74456 750 
74467 248 
74609 240 
74628 127 
74713 651 
74887 73 
74892 86 
75002 135 
75028 1685 
75182 104 
75190 1299 
75206 2350 
75228 105 
75384 66 
75425 101 
75598 585 
75602 348 
75750 221 
75776 377 
75780 173 
75794 60337 
75824 460 
75844 3905 
75858 3578 
76020 5154 
76041 134 
76098 156 
76192 49 
76252 1861 
76299 2349 
76458 1639 
76492 395 
76493 945 
76565 324 
76639 573 
76784 217 
76843 2399 
76899 233 
77061 1103 
77101 2679 
77114 196 
77140 267 
77149 135 
77193 3841 
77194 101 
77402 315 
77459 297 
77577 2179 
77650 553 
77658 261 
77683 120 
77723 7710 
78031 55 
78104 63 
78197 48 
78239 192 
78282 2753 
78299 488 
78319 368 
78322 2644 
78346 138 
78360 51 
78458 607 
78683 163 
79017 1225 
79482 34 
79493 303 
79498 256 
79509 347 
79544 1046 
79663 1434 
79737 187 
79757 142 
79815 629 
79862 267 
79875 1337 
79923 391 
80004 42 
80080 312 
80372 1256 
80382 1295 
80395 63 
80467 405 
80576 2343 
80664 772 
80711 233 
80805 256 
80863 6258 
80890 1021 
80981 2287 
81041 149 
81185 282 
81366 148 
81507 57 
81547 225 
81578 112 
81615 1114 
81730 1629 
81969 154 
82005 107 
82145 922 
82208 1047 
82288 223 
82581 1630 
82738 1630 
82821 82 
82893 406 
82987 987 
83048 146 
83067 1202 
83151 640 
83264 1209 
83281 217 
83286 622 
83387 525 
83530 287 
83592 349 
83839 63 
83846 42 
83917 683 
83991 3853 
83992 130 
84205 593 
84222 510 
84338 3318 
84427 297 
84459 801 
84536 162 
84629 2 
84937 1168 
85121 203 
85138 351 
85293 16511 
85307 240 
85417 707 
85763 178 
85845 2063 
86020 247 
86080 260 
86153 34 
86254 727 
86266 133 
86369 463 
87044 2851 
87126 376 
87185 594 
87366 2842 
87571 293 
87712 201 
88160 305 
89069 0 
89354 119 
89646 153 
90099 389 
90106 1739 
91104 1661 
92632 854 
92776 37 
93234 111 
93253 1208 
93275 3201 
93294 256 
96365 140 
109613 1244 
110452 269 
113973 421 
114056 257 
114414 1039 
115406 240 
117777 153 
118706 33 
119400 649 
119743 323 
120565 879 
121151 157 
121845 5441 
121902 1165 
122117 1667 
122185 768 
122220 382 
122933 260 
123615 100 
123866 227 
124143 113 
124203 310 
124214 1861 
124293 143 
124518 59 
124686 40 
124912 1614 
125505 1298 
125558 1353 
125586 3206 
125610 35 
126506 297 
126645 1118 
127077 482 
127749 71 
127970 135 
128200 2162 
128211 205 
128303 103 
128455 2154 
128491 444 
128841 1427 
128872 191 
128882 623 
128888 162 
128908 101 
129512 887 
129689 1357 
129714 60 
129919 0 
130085 137 
130099 84 
130241 233 
130399 18 
130432 717 
130611 140 
131335 864 
131550 430 
131607 1164 
131627 716 
131656 111 
132033 82 
132781 81 
132925 307 
133190 1008 
133283 257 
133300 314 
133314 101 
133351 107 
133895 5767 
133953 617 
133992 56 
134241 786 
134582 223 
134721 96 
134850 1150 
134884 315 
134930 613 
134942 237 
135567 118 
136303 237 
136832 607 
137158 862 
137201 473 
137225 173 
137273 304 
137595 1973 
137614 168 
137637 1187 
137640 23 
137663 1656 
137829 90 
138325 158 
138837 476 
138879 2659 
139022 138 
139572 4717 
139593 183 
139907 549 
140685 192 
140771 245 
140801 329 
141128 141 
141305 1229 
141319 1988 
141337 533 
141355 2267 
141377 158 
141815 50 
141867 56 
141940 533 
144936 135 
144988 379 
145000 1179 
145031 204 
145080 357 
145111 157 
145645 623 
145892 148 
146079 2471 
146368 66 
146368 66 
146405 2485 
146524 51 
146548 116 
146612 294 
146630 249 
146630 1376 
146835 10112 
146849 314 
146854 122 
146876 419 
146882 172 
146977 1809 
147045 3366 
147376 77 
147493 2335 
147551 16 
147692 977 
147906 90 
148001 154 
148068 246 
148207 1028 
148328 1542 
148354 202 
148823 250 
149347 102 
150026 365 
150108 3407 
150161 346 
150182 1 
150322 1511 
150630 389 
150679 2845 
150754 391 
150808 837 
150847 2171 
150898 3968 
150900 177 
151520 189 
151946 1779 
151970 148 
152234 56 
152856 475 
153211 855 
153274 66 
153435 90 
153724 136 
154637 85 
154837 64 
155349 217 
156529 455 
156551 147 
156815 146 
157101 1746 
157146 470 
157260 854 
157316 2088 
157830 5319 
157922 275 
158049 1159 
158431 459 
158898 106 
159411 983 
159872 826 
159912 200 
160721 30 
162216 21489 
162290 248 
162298 215 
162415 296 
162496 376 
162574 1255 
162752 252 
163016 530 
163729 217 
164084 377 
164387 2489 
165318 2323 
165697 173 
165897 224 
165931 102 
166277 6 
167297 110 
168005 56 
169034 2 
171827 887 
172148 871 
174276 172 
175183 1216 
175459 53 
177141 251 
178561 14378 
183669 122 
199841 261 
200198 227 
200209 381 
200265 515 
200436 1887 
202590 285 
203626 247 
206346 405 
206515 93 
206573 2338 
206853 168 
206960 823 
207616 858 
207707 56 
208738 235 
208786 1122 
210613 1948 
210771 530 
211477 262 
211596 169 
212586 31 
212846 1138 
213543 4323 
213545 735 
214298 1926 
214445 357 
214455 139 
215370 111 
220315 281 
220553 73 
220771 272 
222112 66 
222487 158 
223204 356 
224103 266 
224358 757 
224795 194 
224860 109 
226003 46 
226377 1949 
226666 603 
227098 58 
227507 8 
227528 151 
227590 534 
227636 1176 
228036 434 
228075 1854 
228253 282 
228264 2637 
228392 108 
229163 4 
230088 150 
231378 3060 
231390 4490 
231423 189 
231509 317 
231773 1296 
231938 798 
231956 6999 
232000 193 
232614 1658 
232621 316 
232814 200 
234931 568 
234974 77 
235070 2161 
235526 196 
235672 1838 
235674 230 
235688 810 
235712 174 
237390 767 
238513 203 
240161 367 
240279 777 
242516 199 
243366 1959 
243407 1319 
243935 1120 
244021 287 
246082 68 
246896 84 
247043 157 
247096 23 
247405 288 
248480 622 
251408 1216 
255035 2940 
258231 36 
265395 97 
268803 2479 
279357 145 
284262 271 
285237 346 
285352 464 
286304 2033 
286396 4873 
286468 1535 
289331 189 
290145 250 
298085 88 
298088 446 
298622 756 
298646 396 
302784 53 
304468 183 
305268 37 
307899 128 
308152 166 
309460 402 
309625 344 
310348 408 
311752 141 
311822 271 
311898 5 
311907 434 
311931 1108 
312033 36 
313432 178 
313454 118 
314337 1686 
314834 603 
317197 532 
317676 117 
318470 2604 
318567 64 
321316 4083 
322123 49 
322788 248 
323482 661 
323597 193 
324445 26 
327410 58 
327599 972 
327803 193 
329329 3156 
330782 311 
330798 116 
330905 301 
331212 0 
332073 446 
332470 2056 
332573 132 
332939 2621 
334442 145 
334670 229 
334815 1043 
339900 1459 
342651 109 
343752 166 
344467 559 
350260 228 
358191 39 
366561 3291 
366992 43 
371178 83 
373580 558 
374072 269 
374984 335 
375664 92 
377265 646 
378385 58 
378990 343 
381346 452 
381783 652 
381852 157 
382452 145 
383653 137 
387342 128 
388019 152 
388024 3110 
388039 187 
388480 1748 
388483 66 
388828 21 
390879 593 
392201 1335 
392316 116 
392327 494 
392948 85 
393699 4682 
393701 852 
396487 264 
398280 580 
398385 92 
399568 196 
400382 70 
400913 345 
401281 12 
402171 2579 
402296 17 
403674 766 
405855 167 
406635 0 
406754 860 
408760 83 
411511 138 
412245 405 
412681 590 
422425 119 
422829 212 
425108 422 
426108 47 
427160 0 
429764 21 
430848 282 
430874 3215 
430893 707 
430909 1831 
433141 104 
455659 1110 
458594 3897 
473214 464 
473461 3132 
481407 267 
483119 1827 
483172 1430 
485226 237 
485528 190 
485846 53 
487737 368 
491244 1550 
493903 45 
495588 1456 
496399 15 
498959 82 
499344 2150 
499831 364 
501440 1208 
504732 81 
505544 192 
505831 21 
508202 551 
509844 613 
510215 94 
511142 597 
511179 327 
511246 59 
515556 488 
515591 1221 
515603 735 
521691 182 
524175 1471 
556425 312 
556432 702 
557466 126 
557635 356 
557685 139 
558533 639 
560234 464 
560413 0 
561174 313 
561758 98 
566719 126 
566719 126 
566734 646 
566773 427 
568183 158 
571339 1336 
574148 228 
574172 213 
574885 227 
575426 251 
577856 743 
581665 297 
582085 902 
586060 902 
586163 491 
586251 44 
586491 4504 
587731 170 
588602 918 
588702 157 
588810 75 
589354 352 
590156 119 
590665 1003 
599748 302 
602209 19 
