2227 7.12298611111
0 61814 
10 90 
12 274 
14 323 
14 44 
16 103 
22 3632 
26 154 
26 446 
29 246 
31 258 
35 1526 
35 54 
38 154 
38 11941 
39 49 
41 175 
41 309 
41 230 
42 195 
42 444 
43 1849 
43 302 
45 138 
47 37 
47 138 
51 705 
54 166 
54 49 
56 385 
60 224 
62 352 
62 127 
64 75 
65 417 
69 211 
73 113 
80 412 
81 74 
83 72 
84 35 
85 56 
85 102 
85 493 
86 8903 
91 144 
91 41 
94 333 
98 270 
99 970 
100 22 
102 966 
104 2635 
107 48 
115 645 
118 358 
119 374 
121 304 
126 454 
127 98 
129 53 
130 56 
135 1478 
138 53 
139 282 
144 142 
148 224 
153 220 
154 408 
165 222 
168 209 
170 1658 
171 564 
182 43 
183 459 
186 101 
187 120 
194 121 
196 447 
202 306 
203 480 
205 93 
208 63 
211 365 
216 81 
221 272 
223 99 
230 186 
232 55 
236 2033 
237 2112 
244 346 
248 152 
251 166 
255 168 
255 281 
275 90 
277 218 
279 400 
283 1237 
286 21 
292 117 
292 373 
293 149 
293 136 
296 223 
297 25 
301 1452 
302 175 
303 72 
303 133 
306 279 
316 182 
320 76 
325 389 
329 1968 
336 524 
336 126 
340 67 
346 3800 
347 72 
347 69 
352 245 
354 38 
358 891 
360 234 
363 568 
368 269 
377 68 
391 101 
403 697 
403 5997 
404 2 
404 25 
406 83 
415 42 
418 96 
423 1082 
426 525 
432 766 
432 862 
446 520 
447 450 
449 120 
450 136 
455 61 
460 526 
468 49 
479 84 
480 96 
481 432 
483 62 
487 95 
491 153 
500 428 
509 188 
510 31 
512 19 
514 84 
514 422 
525 203 
535 350 
544 744 
550 268 
551 102 
555 116 
557 311 
561 177 
562 1209 
562 179 
564 2564 
565 303 
576 144 
578 220 
579 93 
580 1338 
584 444 
584 227 
586 204 
594 167 
596 171 
600 74 
657 99 
675 101 
684 355 
684 2106 
684 355 
684 2106 
691 137 
691 137 
695 116 
695 116 
695 113 
695 113 
696 33 
696 33 
711 815 
711 815 
713 1482 
717 414 
723 1537 
773 288 
773 111 
793 51 
794 88 
796 196 
796 207 
799 60 
799 10 
802 135 
810 4813 
810 785 
811 93 
818 609 
822 128 
822 68 
822 67 
828 80 
848 15 
849 16872 
853 179 
858 105 
860 106 
861 1967 
863 112 
864 244 
865 173 
865 1856 
870 546 
872 517 
873 30 
874 102 
879 1170 
880 2607 
881 71 
881 35 
882 87 
883 11 
884 31 
886 131 
892 149 
894 110 
894 129 
895 67 
895 509 
896 284 
900 278 
901 197 
913 267 
917 106 
918 169 
918 180 
921 663 
926 266 
927 1584 
928 36 
929 111 
936 207 
939 105 
942 109 
943 70 
943 105 
943 457 
946 191 
948 32 
949 96 
965 113 
967 363 
986 232 
987 56 
988 34 
996 723 
996 491 
997 241 
998 125 
1011 1174 
1018 260 
1033 48 
1042 237 
1046 395 
1047 665 
1057 242 
1059 37 
1063 33 
1066 788 
1066 105 
1067 10 
1068 61 
1069 365 
1070 167 
1072 48 
1079 168 
1081 27 
1101 66 
1102 192 
1103 275 
1109 162 
1111 170 
1124 527 
1141 138 
1142 245 
1145 68 
1148 47 
1149 435 
1152 74 
1155 160 
1174 762 
1176 181 
1181 104 
1182 48 
1216 326 
1216 22 
1219 183 
1223 125 
1231 25 
1233 32 
1240 548 
1249 1268 
1254 759 
1254 194 
1264 58 
1265 359 
1265 197 
1273 134 
1284 233 
1295 98 
1296 100 
1312 227 
1313 292 
1325 57 
1331 306 
1343 1108 
1349 166 
1359 140 
1363 13 
1365 43 
1374 248 
1387 146 
1389 123 
1396 133 
1402 574 
1410 149 
1410 109 
1431 407 
1439 17 
1445 3118 
1446 56 
1457 191 
1462 326 
1466 61 
1466 298 
1467 6 
1479 211 
1505 72 
1534 93 
1535 240 
1545 61 
1552 23 
1557 27 
1568 214 
1569 191 
1583 115 
1587 2324 
1588 357 
1623 85 
1624 345 
1628 243 
1630 35 
1631 141 
1635 237 
1637 187 
1638 616 
1641 110 
1645 317 
1645 392 
1646 1015 
1647 55 
1660 517 
1662 38 
1662 64 
1678 119 
1697 35 
1706 466 
1708 177 
1730 157 
1753 121 
1765 125 
1765 732 
1766 225 
1766 1523 
1770 282 
1778 4608 
1781 194 
1792 74 
1799 395 
1801 42 
1804 505 
1809 69 
1812 52 
1812 106 
1814 187 
1815 3964 
1818 143 
1824 114 
1839 138 
1844 93 
1844 149 
1847 73 
1851 552 
1856 64 
1860 314 
1861 41 
1877 57 
1878 257 
1881 67 
1888 213 
1906 226 
1924 206 
1932 538 
1934 35 
1940 15 
1940 193 
1965 77 
1965 110 
1967 69 
1988 531 
1990 296 
1992 25 
1994 131 
1999 616 
2012 855 
2012 258 
2013 127 
2015 81 
2023 779 
2048 44 
2055 173 
2076 410 
2086 153 
2088 137 
2097 41 
2109 248 
2113 192 
2115 260 
2118 1096 
2119 80 
2124 541 
2126 73 
2136 388 
2145 561 
2146 67 
2161 212 
2188 284 
2212 54 
2212 13 
2223 361 
2227 790 
2229 239 
2234 44 
2245 65 
2246 155 
2247 262 
2249 55 
2254 34 
2258 27 
2259 75 
2278 229 
2293 211 
2295 47 
2298 948 
2317 421 
2329 525 
2330 34 
2332 77 
2336 313 
2354 817 
2354 351 
2356 71 
2357 212 
2358 105 
2378 529 
2386 215 
2417 583 
2424 257 
2425 228 
2425 272 
2431 712 
2442 174 
2451 979 
2458 158 
2459 1318 
2466 93 
2488 186 
2511 951 
2511 224 
2514 197 
2518 591 
2521 95 
2529 1187 
2560 142 
2574 106 
2579 679 
2582 49594 
2583 106 
2599 677 
2603 85 
2623 429 
2628 309 
2633 18 
2634 43 
2646 322 
2650 286 
2659 291 
2659 128 
2671 177 
2671 480 
2676 565 
2677 248 
2690 179 
2696 565 
2700 44 
2708 1016 
2746 169 
2748 110 
2763 57 
2769 123 
2808 49 
2839 6 
2850 119 
2856 22 
2866 97 
2870 84 
2875 136 
2877 976 
2880 74 
2887 149 
2892 352 
2919 70 
2920 69 
2946 58 
2960 204 
2966 83 
2978 41 
2979 253 
3021 137 
3034 840 
3045 60 
3068 119 
3073 627 
3074 161 
3082 258 
3092 144 
3097 173 
3123 34 
3136 1034 
3166 100 
3176 116 
3180 58 
3185 6 
3197 29 
3197 187 
3205 115 
3229 21 
3236 135 
3248 257 
3260 74 
3268 140 
3272 355 
3273 86 
3280 166 
3298 199 
3301 136 
3302 164 
3318 1996 
3318 248 
3336 226 
3343 67 
3345 60 
3380 322 
3384 132 
3393 100 
3408 204 
3416 144 
3431 150 
3443 120 
3453 668 
3495 49 
3505 24 
3511 186 
3530 182 
3538 53 
3542 168 
3554 401 
3562 227 
3567 64 
3599 156 
3601 133 
3606 1815 
3610 491 
3612 341 
3617 175 
3624 350 
3638 122 
3655 189 
3666 335 
3674 240 
3712 324 
3746 5935 
3749 359 
3751 49 
4181 146 
4215 138 
4279 300 
4284 131 
4295 959 
4300 17 
4317 36 
4318 74 
4318 491 
4331 235 
4354 80 
4379 185 
4384 118 
4389 217 
4406 69 
4413 169 
4421 660 
4430 133 
4442 139 
4449 359 
4474 106 
4478 642 
4504 196 
4544 27 
4596 263 
4633 43 
4662 103 
4670 175 
4695 52 
4732 18 
4741 233 
4747 173 
4753 63 
4754 25 
4761 179 
4771 22 
4787 39 
4848 392 
4859 302 
4860 32 
4866 178 
4870 71 
4886 45 
4895 314 
4897 78 
4903 854 
4908 59 
4916 24 
4951 130 
4970 56 
5011 92 
5029 32 
5047 246 
5053 949 
5059 83 
5060 2020 
5072 213 
5078 89 
5096 239 
5135 163 
5147 100 
5154 128 
5169 197 
5204 30 
5311 131 
5312 137 
5322 24 
5350 61 
5370 48 
5395 203 
5453 385 
5453 382 
5466 48 
5471 294 
5510 447 
5600 1490 
5601 296 
5611 39 
5628 70 
5636 554 
5694 27 
5696 14 
5696 68 
5727 213 
5746 172 
5753 121 
5802 374 
5810 95 
5816 171 
5816 47 
5857 8 
5870 147 
5877 37 
5878 82 
5885 167 
5894 165 
5901 61 
5967 106 
5984 59 
6016 46 
6036 18 
6043 378 
6059 16 
6091 71 
6094 5 
6154 141 
6193 250 
6204 65 
6213 66 
6241 307 
6261 156 
6261 43 
6282 146 
6327 516 
6347 45 
6349 44 
6361 124 
6384 77 
6387 59 
6448 44 
6473 223 
6478 95 
6532 147 
6557 220 
6566 429 
6575 1671 
6599 186 
6608 83 
6619 100 
6627 213 
6630 80 
6633 230 
6676 252 
6693 34 
6696 21 
6728 63 
6743 127 
6752 69 
6764 45 
6839 134 
6847 1081 
6855 166 
6895 43 
6899 118 
6912 37 
6919 205 
6932 66 
6962 45 
6962 13 
6982 43 
7025 278 
7038 40 
7061 20 
7062 69 
7089 116 
7092 69 
7097 37 
7105 136 
7114 189 
7217 145 
7239 39 
7248 133 
7251 158 
7256 109 
7282 150 
7303 41 
7333 44 
7357 589 
7370 532 
7427 118 
7435 79 
7448 172 
7457 78 
7464 92 
7465 21 
7503 77 
7590 106 
7655 170 
7659 114 
7687 19 
7702 8 
7713 29 
7770 173 
7783 130 
7821 355 
7860 20 
7869 42 
7888 3811 
7896 55 
7912 126 
7978 2348 
7982 363 
7994 101 
8008 392 
8016 43 
8045 13 
8046 264 
8064 48 
8076 223 
8088 264 
8127 99 
8153 38 
8155 47 
8172 82 
8192 16 
8226 54 
8311 170 
8340 96 
8342 146 
8349 272 
8356 161 
8368 614 
8375 70 
8376 111 
8407 18 
8413 43 
8444 274 
8461 87 
8467 60 
8482 142 
8515 602 
8531 68 
8544 188 
8578 26 
8592 117 
8603 103 
8617 151 
8654 393 
8688 47 
8699 20 
8701 45 
8718 21 
8740 77 
8753 533 
8756 102 
8758 669 
8759 162 
8793 158 
8847 41 
8872 109 
8872 312 
8901 515 
8931 147 
8958 149 
8962 99 
8968 115 
8983 41 
9000 81 
9018 691 
9032 24 
9040 85 
9045 336 
9075 169 
9078 491 
9101 204 
9154 170 
9170 43 
9184 63 
9207 328 
9211 49 
9246 114 
9253 59 
9256 316 
9272 269 
9273 43 
9323 23 
9333 91 
9511 18 
9513 62 
9514 58 
9645 124 
9651 84 
9668 82 
9696 69 
9710 75 
9712 88 
9712 113 
9739 20 
9746 163 
9762 66 
9767 30 
9805 75 
9805 72 
9810 33 
9830 35 
9856 161 
9868 110 
9869 100 
9889 103 
9894 125 
9946 138 
9957 95 
9965 477 
9988 209 
9992 70 
10044 72 
10049 51 
10060 138 
10072 64 
10084 15 
10100 12 
10156 229 
10168 137 
10177 51 
10213 190 
10218 109 
10231 14 
10255 240 
10287 66 
10295 44 
10301 1 
10316 3497 
10319 300 
10324 669 
10333 3497 
10336 415 
10409 13 
10417 220 
10421 61 
10423 12 
10460 19 
10481 146 
10494 61 
10507 18 
10525 60 
10526 118 
10530 31 
10562 123 
10575 252 
10580 68 
10581 196 
10630 813 
10657 379 
10709 362 
10747 104 
10786 114 
10825 94 
10835 5287 
10899 234 
10901 1948 
10930 49 
10967 111 
11100 24 
11183 26 
11185 35 
11226 872 
11234 125 
11241 51 
11267 39 
11268 146 
11272 33 
11291 15 
11312 17 
11318 40 
11328 285 
11352 77 
11358 150 
11361 950 
11374 97 
11385 90 
11410 369 
11467 448 
11498 171 
11511 20 
11517 408 
11536 1005 
11539 62 
11543 418 
11596 473 
11597 9 
11709 121 
11720 430 
11732 47 
11747 327 
11750 55 
11766 256 
11774 398 
11782 441 
11788 237 
11807 77 
11810 3 
11844 163 
11853 81 
11877 760 
11891 389 
11916 140 
11960 94 
12049 400 
12056 65 
12075 218 
12137 309 
12144 1062 
12209 1233 
12226 211 
12242 238 
12262 441 
12271 62 
12283 165 
12346 46 
12398 72 
12406 119 
12419 1824 
12432 99 
12441 109 
12450 192 
12463 163 
12488 145 
12576 25 
12634 17 
12662 1260 
12670 14 
12710 233 
12722 23 
12805 230 
12822 154 
12840 10 
12899 36 
12907 114 
12936 151 
12937 48 
12958 64 
13035 96 
13037 270 
13043 22 
13093 945 
13105 189 
13127 416 
13135 43 
13141 177 
13159 1379 
13176 84 
13181 367 
13194 110 
13214 59 
13243 60 
13248 1038 
13279 545 
13299 45 
13304 209 
13305 498 
13319 58 
13322 48 
13330 1748 
13335 150 
13353 26 
13356 196 
13358 117 
13369 126 
13385 77 
13395 82 
13406 159 
13418 62 
13419 39 
13419 61 
13427 24 
13435 2513 
13452 48 
13462 121 
13465 352 
13493 160 
13493 162 
13507 377 
13518 194 
13518 169 
13549 418 
13552 740 
13573 84 
13573 155 
13575 55 
13602 6 
13604 356 
13606 2221 
13624 34 
13651 3895 
13669 422 
13674 234 
13684 144 
13695 9 
13698 649 
13705 81 
13713 89 
13713 587 
13727 69 
13728 1435 
13736 365 
13739 448 
13741 1572 
13747 185 
13749 465 
13768 932 
13779 57 
13782 46 
13790 144 
13792 535 
13812 479 
13832 83 
13837 47 
13862 342 
13887 146 
13892 219 
13897 197 
13919 24 
13927 55 
13927 204 
13941 212 
13956 2738 
13966 1362 
13979 107 
14008 454 
14024 101 
14049 116 
14056 105 
14065 239 
14086 135 
14097 34 
14143 238 
14146 442 
14148 250 
14166 56 
14169 341 
14173 28 
14173 5 
14178 52 
14213 146 
14243 147 
14252 29 
14262 52 
14298 72 
14315 10 
14374 150 
14396 28 
14438 997 
14440 30 
14474 40 
14497 72 
14514 254 
14524 76 
14535 91 
14572 79 
14572 120 
14573 11 
14593 106 
14615 1222 
14655 168 
14673 248 
14714 233 
14729 239 
14737 339 
14751 75 
14756 46 
14808 487 
14813 74 
14852 12 
14852 83 
14880 131 
14896 215 
14914 244 
14916 72 
14926 48 
14944 36 
14962 61 
14972 94 
14980 42 
14985 244 
15015 11 
15023 57 
15039 77 
15040 102 
15041 602 
15062 73 
15090 73 
15094 52 
15112 342 
15153 197 
15158 36 
15162 70 
15164 294 
15165 24 
15177 110 
15200 77 
15216 377 
15225 150 
15246 915 
15261 63 
15287 81 
15309 1303 
15334 122 
15356 113 
15379 11 
15395 50 
15440 63 
15452 250 
15474 41 
15510 426 
15520 47 
15601 130 
15666 100 
15736 70 
15776 26 
15800 312 
15830 77 
15839 26 
15842 99 
15844 4 
15891 58 
15905 161 
15905 161 
15925 73 
15925 73 
15985 48 
15985 48 
15989 312 
15989 312 
16009 152 
16021 64 
16032 74 
16076 220 
16110 135 
16157 939 
16180 134 
16202 160 
16211 519 
16251 136 
16256 13 
16262 169 
16293 286 
16330 38 
16366 29 
16378 4001 
16388 55 
16439 192 
16479 55 
16495 473 
16499 340 
16499 41 
16507 172 
16534 41 
16616 65 
16649 364 
16651 107 
16662 104 
16692 167 
16711 75 
16711 148 
16731 287 
16735 210 
16782 193 
16788 17 
16806 184 
16809 39 
16812 64 
16818 128 
16861 541 
16927 53 
16960 84 
16964 84 
16994 30 
17027 40 
17044 373 
17052 15 
17068 63 
17086 311 
17097 75 
17108 35 
17124 9 
17144 18 
17192 149 
17201 18 
17238 732 
17317 98 
17324 101 
17341 301 
17361 275 
17370 18 
17379 289 
17383 4 
17396 126 
17425 86 
17504 128 
17507 83 
17532 49 
17535 42 
17547 113 
17555 182 
17567 669 
17569 47 
17595 99 
17601 77 
17609 57 
17634 688 
17638 316 
17671 137 
17691 214 
17703 76 
17723 211 
17773 58 
17822 179 
17834 137 
17838 20 
17856 114 
17875 160 
17878 4931 
17878 102 
17885 17 
17901 123 
17902 227 
17910 49 
17993 95 
18074 456 
18155 87 
18169 119 
18242 1494 
18248 99 
18249 371 
18279 90 
18282 1407 
18297 132 
18307 22 
18315 918 
18318 174 
18345 38 
18384 46 
18420 375 
18441 281 
18454 60 
18475 212 
18520 22 
18526 94 
18534 200 
18541 94 
18565 1561 
18583 61 
18610 1311 
18613 819 
18639 15 
18692 544 
18700 71 
18704 63 
18725 369 
18764 67 
18787 171 
18801 199 
18815 363 
18816 20 
18849 52 
18878 43 
18912 138 
18922 409 
18978 582 
19004 125 
19062 220 
19090 118 
19146 382 
19223 159 
19253 132 
19261 68 
19267 376 
19270 228 
19288 40 
19319 17 
19388 781 
19398 97 
19399 89 
19407 12 
19410 134 
19414 248 
19504 47 
19509 158 
19513 84 
19582 1638 
19614 55 
19657 65 
19925 80 
20018 69 
20029 260 
20096 152 
20129 25 
20137 54 
20139 161 
20147 102 
20148 33 
20164 156 
20170 171 
20267 194 
20278 243 
20313 136 
20401 211 
20439 85 
20477 58 
20501 319 
20510 89 
20522 204 
20536 126 
20550 91 
20564 150 
20702 195 
20710 78 
20760 27 
20870 66 
20930 246 
20948 14 
20965 59 
21221 86 
21305 70 
21449 65 
21531 11 
21563 145 
21576 336 
21644 14 
21667 827 
21812 35 
21980 35 
22202 322 
22212 143 
22253 141 
22293 51 
22329 8 
22425 38 
22433 150 
22435 51 
22450 39 
22481 170 
22533 20 
22648 44 
22682 362 
22722 27 
22753 7 
22790 785 
22794 62 
22833 122 
22839 138 
22860 22 
22887 45 
22997 18 
23006 240 
23070 73 
23098 40 
23158 83 
23406 291 
23446 26 
23451 37 
23501 123 
23697 419 
23734 31 
23749 74 
23870 321 
23873 61 
23933 68 
23938 24 
23957 53 
24132 648 
24177 176 
24276 29 
24335 216 
24432 173 
24436 101 
24526 58 
24639 50 
24803 51 
24893 155 
24917 621 
24945 82 
25004 244 
25029 453 
25074 782 
25123 506 
25299 189 
25313 832 
25386 17 
25460 158 
25513 76 
25527 22 
25665 221 
25671 4 
25697 4 
25802 94 
25885 80 
25914 101 
25951 190 
25977 372 
26102 105 
26126 938 
26127 40 
26196 48 
26215 10 
26262 153 
26297 3653 
26336 11372 
26384 485 
26453 145 
26515 145 
26543 132 
26603 82 
26633 47 
26737 127 
26751 97 
26861 129 
26862 87 
26871 141 
26943 340 
27126 123 
27143 398 
27171 247 
27194 137 
27214 23 
27261 52 
27315 169 
27484 129 
27517 27 
27530 46 
27642 4 
27682 35 
27797 67 
27817 82 
27873 37 
27906 144 
27951 704 
28074 227 
28080 339 
28146 102 
28149 730 
28150 198 
28250 355 
28295 49 
28298 385 
28335 799 
28339 379 
28383 58 
28402 101 
28546 676 
28593 578 
28646 45 
28655 316 
28698 53 
28699 38 
28725 34 
28802 75 
28827 3 
28872 139 
28920 149 
28929 296 
28944 246 
28944 416 
28955 72 
28964 27 
29047 68 
29071 289 
29083 54 
29240 95 
29422 168 
29622 276 
29665 229 
29704 16 
29896 529 
29988 127 
30087 993 
30098 32 
30149 1391 
30216 71 
30281 639 
30306 248 
30310 14 
30312 280 
30357 811 
30380 164 
30504 47 
30550 110 
30610 247 
30615 540 
30738 66 
30790 15 
30965 55 
30965 55 
31136 68 
31152 376 
31170 550 
31218 49 
31265 188 
31290 142 
31446 36 
31483 12 
31581 76 
31653 72 
31727 40 
31730 101 
31754 484 
31774 53 
31779 59 
31873 279 
31892 100 
31989 131 
32158 9 
32196 533 
32290 291 
32321 75 
32399 92 
32544 268 
32573 9 
32871 91 
32881 1203 
33164 72 
33222 566 
33353 121 
33404 166 
33508 303 
33566 67 
33570 75 
33708 78 
33774 1434 
33808 10 
33876 9 
33894 138 
33898 71 
33970 100 
34029 108 
34061 34 
34133 71 
34145 211 
34149 0 
34270 17 
34961 29 
35273 20 
35418 13 
36161 52 
36321 255 
36391 152 
36702 44 
36775 558 
36804 1752 
36841 11 
36932 139 
37038 116 
37084 143 
37166 85 
37302 10 
37373 478 
37600 72 
37767 111 
37993 14 
38045 32 
38098 118 
38134 57 
38178 119 
38308 104 
38326 145 
38347 137 
38359 315 
38365 20 
38397 176 
38423 265 
38591 3597 
38702 103 
38791 48 
38825 956 
38959 514 
38997 144 
39145 78 
39282 62 
39370 23 
39395 42 
39464 281 
39524 63 
39533 56 
39614 43 
39667 28 
39847 41 
39894 16 
39959 552 
40666 148 
40816 229 
41104 156 
41769 31 
41822 180 
41986 42 
42022 316 
42186 39 
42618 53 
42723 123 
42999 102 
43025 283 
43094 204 
43222 163 
43229 18 
43240 320 
43270 141 
43590 13 
43626 73 
43715 885 
43757 23 
44034 37 
44121 52 
44164 36 
44269 40 
44666 220 
44738 14 
45069 208 
45120 45 
45225 148 
45241 44 
45297 286 
46168 57 
46267 38 
46267 38 
46769 187 
46880 7 
47074 181 
47075 39 
47091 26 
47142 1326 
47190 364 
47249 56 
47285 251 
47333 56 
47380 197 
47466 106 
47467 1280 
47657 84 
47834 58 
47995 128 
48070 40 
48098 31 
48214 17 
48474 97 
48770 66 
48796 22 
48818 47 
48996 150 
49293 80 
49568 53 
49785 55 
50279 442 
50476 266 
51800 93 
51858 9 
51868 29 
52020 33 
52034 47 
52503 110 
52634 17 
53746 2827 
53827 73 
53865 323 
53880 310 
53885 402 
53892 173 
53929 1089 
53939 235 
53947 2556 
53959 204 
53995 646 
54053 217 
54076 341 
54077 293 
54183 238 
54266 119 
54354 67 
54378 1189 
54425 38 
54481 39 
54526 203 
54690 145 
55470 20 
55476 132 
55522 353 
55592 24 
55661 118 
55682 162 
55909 40 
55999 15 
56125 60 
57105 433 
57594 40 
58238 14 
58338 33 
58430 98 
58685 250 
59428 209 
61821 209 
62397 96 
62628 274 
62842 26 
62897 22 
63096 1541 
63159 239 
63428 431 
63599 142 
63610 88 
63781 5709 
63841 34 
63881 61 
63894 165 
63931 428 
63978 204 
64095 188 
64381 58 
64469 69 
64650 21 
65464 64 
65857 53 
65862 560 
65863 25528 
65922 1215 
66096 24 
66434 37 
67606 149 
68182 101 
69186 545 
69532 35 
69613 109 
69767 38 
70229 262 
70257 17 
70384 61 
70442 368 
70503 336 
70517 499 
70617 1356 
71676 296 
72014 88 
72483 200 
72817 235 
72837 1177 
73538 30 
74652 174 
75470 49 
75799 73 
77012 69 
78301 29 
79196 14 
79918 44 
80890 28 
81044 96 
82385 32 
89283 860 
89459 69 
89796 695 
89852 582 
89897 339 
90225 503 
90531 107 
90993 8 
93306 6 
96022 219 
99503 260 
100251 41 
100749 32 
101332 107 
101821 425 
101941 43 
102043 1222 
102082 99 
102124 213 
102234 59 
102542 144 
103138 125 
103283 105 
104585 155 
104614 62 
104810 391 
105196 232 
105751 155 
108097 110 
108547 96 
109554 29 
110352 103 
112804 235 
113109 484 
113570 215 
114142 2203 
114160 489 
114632 36 
115507 284 
115988 175 
121039 957 
121095 3 
121635 618 
121897 58 
122755 9362 
122804 286 
122822 485 
123579 54 
123727 405 
124056 120 
124149 87 
124284 273 
124436 193 
125086 3 
125555 182 
126260 135 
126531 19 
126599 27 
127342 30 
127554 48 
127662 9 
127763 31 
128798 60 
129606 89 
132034 121 
133553 19 
137034 18 
137411 58 
138186 46 
141367 240 
147674 151 
152899 0 
154775 128 
163716 131 
166298 61 
169762 60 
183143 275 
186981 6232 
187166 1421 
187181 399 
187212 541 
187215 256 
187242 704 
187249 1292 
187259 288 
187319 737 
187333 1333 
187349 1182 
187377 3117 
187516 171 
187597 188 
187781 402 
187914 2051 
188034 119 
188377 2225 
188470 283 
188491 109 
188729 308 
188949 219 
188961 203 
188970 1309 
189086 132 
189119 1954 
189126 2072 
189176 52 
189223 208 
189228 196 
189252 29 
189276 62 
189295 1857 
189498 1222 
189529 130 
189793 503 
189857 2144 
189866 715 
189900 72 
189975 88 
190086 97 
190471 65 
190486 747 
190757 33 
190796 9 
190837 257 
191272 221 
191460 114 
191505 746 
191528 5267 
191572 1538 
191574 262 
191610 856 
191706 23 
191784 706 
192305 145 
192399 101 
193344 105 
193894 170 
194719 609 
196707 156 
197209 67 
200690 5 
201377 89 
201625 90 
202716 97 
203025 303 
203388 932 
204425 299 
204947 120 
205010 675 
205171 60 
205273 3 
205440 204 
205489 17 
205580 103 
206907 69 
211674 13 
211765 945 
212432 247 
212458 51 
214314 334 
214881 29 
221493 33 
221544 140 
225680 160 
229298 84 
231113 526 
231172 154 
231301 6 
231523 209 
232236 1583 
232413 491 
232673 74 
249426 0 
252458 30 
255526 201 
256059 474 
256904 187 
256906 1014 
257060 99 
257873 2630 
258002 215 
258125 365 
258162 1472 
258190 660 
258856 426 
259305 5384 
259444 129 
259624 70 
259899 214 
260181 33 
260449 33 
260593 251 
260677 67 
260696 398 
260737 177 
260975 105 
261553 125 
261678 33 
261808 53 
261856 76 
262012 194 
262234 19 
263080 655 
263196 246 
263380 54 
263522 431 
263880 62 
266066 4235 
266079 244 
266228 33 
266449 214 
266625 146 
266760 144 
266839 151 
266980 81 
267394 599 
267900 93 
268160 43 
268319 562 
268324 356 
268545 170 
269692 223 
269729 45 
270690 73 
271744 37 
272819 76 
273560 199 
274664 102 
279630 6397 
279639 3742 
279673 581 
279676 75 
279680 1000 
279684 990 
279685 644 
279707 8423 
279724 104 
279740 1719 
279758 425 
279788 245 
279788 38 
279788 406 
279808 99 
279829 448 
279880 585 
279923 3057 
280003 1529 
280025 108 
280050 198 
280062 825 
280162 36 
280227 2725 
280298 59 
280389 48 
280494 42 
280609 291 
280666 108 
280691 115 
280695 1502 
280772 425 
280774 53 
280910 1603 
280916 169 
280962 86 
281218 180 
281322 487 
281418 16 
281486 68 
281715 639 
281828 279 
281884 1524 
281909 47 
281977 1299 
282261 64 
282449 95 
282612 126 
282904 78 
283233 189 
283536 195 
284207 757 
284223 204 
284265 40 
285088 418 
285307 802 
285477 278 
285685 272 
286220 37 
286250 551 
287618 155 
287944 596 
289202 325 
289236 152 
289706 54 
289734 131 
289926 1439 
289975 223 
290488 53 
290686 68 
291121 47 
291193 192 
291574 76 
291606 66 
292062 101 
292354 131 
292808 519 
293146 249 
293363 56 
293364 1059 
293612 513 
293638 324 
293885 225 
294034 211 
294352 70 
294372 260 
294444 244 
294677 360 
294904 64 
294911 62 
295080 475 
295261 16 
296445 206 
297070 2449 
297096 153 
297140 392 
297258 144 
297265 142 
297277 17 
297302 635 
297302 142 
297306 52 
297558 355 
297622 129 
297698 61 
298044 138 
298094 5 
298246 113 
298716 143 
298856 44 
298999 165 
299212 116 
299776 17 
300226 424 
300568 82 
301835 391 
306317 11 
312128 137 
312279 154 
312501 53 
314582 219 
328443 198 
329956 50 
345987 162 
352917 10 
359300 30 
360201 6 
360807 98 
365399 229 
365535 329 
365564 213 
365954 121 
366966 1138 
367330 54 
367712 134 
370088 14 
370969 2 
373205 393 
376561 15 
381805 355 
383710 4 
388384 57 
391091 46 
396823 468 
400543 64 
413095 9 
420715 27 
481210 35 
481290 34 
489767 902 
533388 241 
538059 87 
538335 277 
551756 17 
556667 0 
558414 55 
582055 0 
598934 0 
