8647 5.85328703704
0 7655001 
13 255 
15 863 
16 299 
18 518 
19 1017 
20 1001 
20 181 
20 164 
21 168 
21 44 
22 745 
24 5997 
24 216 
26 26 
26 32 
27 456 
27 57 
27 169 
28 32 
28 17 
29 1695 
30 348 
30 174 
30 457 
30 539 
31 61 
31 99 
31 1336 
31 1245 
31 59 
32 756 
32 80 
32 27 
33 42 
34 342 
34 25 
34 193 
35 24 
35 5502 
35 348 
35 19 
36 96 
36 143 
37 42 
37 3866 
37 47 
37 679 
38 191 
39 21 
39 287 
39 1619 
39 492 
39 90 
39 397 
40 77 
41 287 
41 36 
41 198 
42 2247 
42 924 
43 123 
43 1759 
43 531 
44 131 
44 116 
45 4 
45 24 
46 254 
46 82 
46 222 
47 300 
47 189 
47 410 
47 231 
48 149 
48 259 
48 48 
48 4 
49 162 
50 1066 
50 209 
50 211 
51 546 
51 82 
51 766 
51 60 
52 61 
52 646 
52 505 
52 87 
52 127 
52 644 
52 181 
53 545 
53 73 
53 576 
53 363 
54 68 
54 61 
54 179 
54 9335 
54 80 
54 136 
55 216 
55 73 
55 331 
55 9 
55 182 
55 65 
56 115 
56 158 
56 256 
57 1034 
57 112 
57 60 
58 107 
58 1510 
59 262 
59 48 
59 283 
59 406 
60 280 
61 55 
61 209 
61 105 
61 92 
62 3 
62 377 
62 151 
63 105 
63 125 
63 330 
63 857 
64 24 
64 9537 
64 172 
64 6 
64 248 
65 3226 
65 167 
66 4211 
66 82 
66 18 
66 29 
67 104 
67 200 
67 857 
67 108 
67 115 
67 329 
68 14417 
68 49 
68 162 
69 930 
69 341 
69 511 
69 971 
69 83 
69 33798 
70 7752 
70 223 
70 39 
70 58 
71 159 
71 304 
71 409 
71 1726 
72 685 
72 13 
72 1404 
72 293 
72 34 
72 23190 
72 160 
73 237 
73 600 
73 128 
74 144 
74 273 
74 386 
74 199 
75 61 
75 190 
75 2826 
75 727 
76 331 
76 87 
76 89 
77 495 
77 34 
77 133 
78 119 
78 45 
78 254 
78 1226 
78 403 
80 187 
80 232 
80 107 
80 778 
80 177 
80 441 
81 258 
81 85 
81 3956 
81 114 
81 16 
81 108 
81 723 
81 41 
82 203 
82 634 
82 186 
82 53 
82 34 
82 138 
83 156 
83 12 
83 345 
84 1698 
84 171 
84 76 
85 543 
86 188 
86 1121 
86 172 
86 161 
86 11 
87 207 
88 347 
88 269 
88 597 
88 104 
88 32 
88 6 
88 598 
89 649 
89 165 
89 7082 
89 235 
89 525 
90 146 
90 246 
90 8 
90 284 
90 1139 
90 767 
90 335 
90 200 
91 77 
91 90 
91 30 
91 145 
91 42 
91 294 
91 32 
91 1058 
92 617 
92 128 
92 251 
92 38 
92 52 
93 120 
93 73 
94 53 
94 329 
95 8723 
95 29 
95 56 
95 17 
95 238 
96 30 
96 619 
96 13 
96 1865 
96 15 
96 853 
96 501 
97 93 
97 204 
97 1326 
98 1300 
98 241 
98 1645 
98 43 
99 34 
99 135 
99 138 
99 550 
99 45 
99 1609 
100 282 
101 100 
101 9427 
102 79 
104 49 
104 21 
104 153 
105 427 
105 1248 
105 119 
105 300 
105 140 
106 80 
106 147 
106 84 
106 530 
106 1249 
107 44 
107 622 
107 433 
107 1087 
107 550 
107 171 
108 95 
108 66 
108 67 
108 116 
109 252 
109 228 
109 1716 
109 41 
109 181 
110 2654 
110 114 
110 485 
110 15 
110 165 
110 88 
110 75 
110 12 
110 226 
111 152 
111 170 
111 537 
112 938 
112 265 
112 143 
112 955 
112 139 
113 557 
113 289 
113 349 
113 2240 
113 290 
114 263 
114 93 
114 231 
114 82 
115 440 
115 33 
115 482 
115 630 
116 313 
116 163 
116 160 
116 124 
117 48 
118 17 
118 160 
118 631 
118 715 
119 1127 
120 387 
120 20 
120 187 
120 24 
120 9 
120 136 
121 248 
121 273 
121 24 
121 577 
121 438 
121 491 
121 7182 
121 4340 
121 1226 
121 327 
122 55 
122 231 
122 176 
122 462 
123 282 
123 207 
123 204 
123 694 
124 21 
124 31 
124 90 
124 383 
124 18 
125 119 
125 493 
125 84 
126 986 
126 126 
127 314 
127 745 
127 349 
127 146 
128 1940 
128 324 
129 102 
129 361 
129 381 
129 59 
129 348 
130 395 
130 13 
130 606 
131 1559 
131 39 
131 240 
131 11 
131 256 
131 42 
131 96 
131 286 
132 181 
132 60 
132 36 
133 196 
133 103 
133 120 
133 94 
133 261 
133 129 
134 192 
134 169 
134 61 
134 103 
134 316 
135 268 
135 428 
135 128 
135 24 
136 22 
136 189 
136 35 
136 1905 
136 237 
136 13 
137 1552 
137 52 
137 10 
137 1983 
138 9 
138 170 
138 76 
139 516 
139 69 
140 330 
140 19 
140 676 
140 86 
141 245 
141 6 
141 133 
141 657 
141 127 
142 288 
143 208 
143 3153 
143 94 
143 134 
143 97 
143 602 
144 7 
144 70 
144 798 
145 136 
145 79 
146 239 
146 172 
147 127 
147 1120 
147 185 
147 10 
147 112 
148 59 
148 1752 
148 107 
148 34 
148 33 
148 134 
148 77 
148 66 
149 168 
149 319 
149 653 
149 178 
149 187 
150 492 
150 165 
150 26 
150 1386 
150 543 
150 28 
150 4716 
150 107 
151 353 
151 97 
151 52 
151 182 
151 23 
152 232 
152 959 
153 26 
153 124 
153 182 
153 96 
153 853 
153 45 
153 153 
154 222 
154 40 
155 104 
156 410 
156 109 
156 438 
157 75 
157 1030 
157 471 
157 1724 
158 142 
158 248 
158 54 
159 69 
159 96 
159 204 
159 84 
159 63 
159 108 
159 577 
160 96 
160 1120 
160 34 
160 138 
160 52 
160 88 
161 449 
161 129 
161 201 
161 863 
162 196 
162 632 
162 189 
163 1625 
163 10 
163 182 
164 10 
164 72 
165 623 
165 171 
165 318 
165 56 
166 210 
166 305 
166 117 
167 31 
167 2380 
168 24 
168 330 
168 100 
168 86 
169 616 
169 37 
169 151 
170 182 
170 200 
170 218 
171 64 
171 181 
171 303 
171 73 
171 1613 
172 923 
172 204 
172 95 
172 7385 
173 142 
173 215 
174 13 
174 107 
174 68 
174 31260 
175 87 
175 749 
175 57 
176 192 
177 2991 
177 719 
178 141 
179 27 
181 35 
181 240 
181 125 
182 750 
182 81 
182 30 
182 83 
183 94 
183 16 
183 120 
183 79 
184 159 
184 20 
184 276 
185 1228 
185 900 
185 58 
186 290 
187 3791 
187 1001 
187 8 
187 1898 
187 249 
187 1121 
187 176 
188 1130 
188 2788 
188 113 
189 95 
189 2955 
189 13 
189 4484 
190 34 
190 191 
191 369 
191 17 
191 3 
192 141 
192 35 
192 1697 
193 149 
193 15 
193 1464 
193 144 
194 16 
194 169 
195 155 
195 200 
196 17 
196 7481 
196 89 
197 56 
197 486 
198 72 
199 1624 
199 6948 
199 64 
200 3 
201 193 
203 35581 
203 309 
203 6 
204 376 
205 4428 
205 29 
205 788 
205 14 
206 235 
206 656 
206 1564 
206 28 
206 144 
207 455 
207 1525 
208 53 
208 333 
209 86 
209 2061 
210 121 
210 20 
211 206 
211 48 
211 120 
211 84 
211 765 
211 268 
211 29 
211 190 
212 25 
212 175 
212 334 
213 98 
213 476 
213 30 
213 208 
213 224 
214 1348 
214 1031 
216 21 
216 37 
217 56 
217 544 
217 273 
217 34 
218 528 
220 154 
220 4360 
220 86 
221 32 
221 249 
221 355 
221 91 
222 134 
222 69 
222 59 
222 104 
222 18 
222 89 
223 763 
223 12 
224 61 
224 15 
224 1388 
225 586 
225 555 
225 180 
226 617 
227 1519 
227 20 
228 200 
229 336 
229 529 
230 214 
230 159 
230 489 
230 134 
230 304 
231 155 
231 80 
231 319 
231 362 
232 260 
232 78 
233 22 
233 314 
233 76 
234 137 
234 237 
234 486 
235 27 
235 2289 
235 20 
236 39 
236 16 
236 380 
237 56 
237 101 
238 1099 
238 224 
239 51 
240 749 
241 11 
241 8458 
242 690 
243 99 
244 59 
245 1015 
245 67 
245 19 
245 99 
246 206 
246 167 
246 1744 
246 1296 
247 370 
247 705 
247 92 
248 378 
249 183 
249 1081 
249 416 
249 66 
249 422 
250 2288 
250 68 
251 9 
251 32 
253 163 
253 68 
253 181 
253 30005 
254 478 
254 38 
255 1716 
255 40 
255 63 
257 64 
257 39 
257 10445 
258 1766 
260 783 
260 121 
261 133 
261 142 
261 546 
262 1252 
262 268 
263 114 
263 208 
263 25 
263 682 
263 41 
264 1190 
264 3194 
264 147 
265 342 
265 2418 
266 897 
267 353 
267 191 
270 631 
270 108 
272 52 
272 64 
274 34 
274 39 
274 744 
274 27 
275 487 
275 1787 
275 110 
276 208 
277 63 
277 50 
278 416 
278 2097 
278 5 
279 576 
280 267 
280 559 
281 171 
281 908 
282 25 
282 19 
283 66 
283 101 
283 3497 
283 72 
285 285 
285 431 
285 15 
285 423 
286 22 
287 828 
287 626 
288 147 
289 24 
289 1591 
289 302 
289 67 
290 155 
290 3898 
290 210 
290 369 
290 128 
292 3760 
292 259 
293 18 
294 859 
294 121 
294 56 
294 640 
295 29 
295 127 
297 84 
298 6854 
299 69 
299 60 
299 65 
300 7 
300 3545 
301 59 
301 101 
301 1486 
303 774 
304 145 
304 3647 
305 5365 
305 2128 
305 607 
306 25 
306 36 
307 2040 
307 42 
309 562 
309 4343 
309 7 
310 3900 
310 329 
313 13074 
314 25 
316 1377 
316 102 
316 87 
316 82 
316 190 
317 6594 
317 41 
318 1379 
319 835 
323 1737 
324 1542 
324 39 
325 5 
326 358 
327 66 
327 464 
329 2278 
329 194 
329 184 
330 69 
330 1779 
331 1505 
332 8695 
333 62 
333 21 
335 374 
335 266 
335 205 
335 88 
336 64 
336 37 
337 72 
337 39 
338 113 
339 444 
340 745 
340 1676 
341 124 
342 15 
342 11 
343 50 
343 37 
343 1784 
343 123 
344 140 
344 487 
345 68 
345 406 
346 2586 
346 1004 
346 105 
346 29 
347 32 
347 1931 
347 423 
347 314 
350 1207 
351 46 
352 37 
353 10 
353 484 
354 58 
354 1331 
354 1100 
354 1359 
356 768 
358 13 
359 165 
359 629 
360 497 
361 5084 
362 3279 
365 150 
366 2865 
366 235 
367 270 
367 906 
369 1351 
371 121 
371 425 
371 1241 
372 1679 
373 776 
373 343 
374 327 
375 13 
375 1170 
375 516 
375 18 
376 1543 
376 745 
376 67 
377 430 
378 291 
378 1498 
378 44 
378 1896 
378 300 
378 172 
381 5103 
381 1386 
382 44 
383 213 
383 1369 
383 119 
384 213 
384 4790 
385 455 
385 37 
386 1061 
386 144 
388 85 
389 29 
390 24426 
391 21 
391 919 
392 753 
393 1485 
393 52 
393 79 
394 38 
396 1523 
396 2615 
397 50 
398 182 
398 50 
398 2269 
399 211 
399 2573 
401 12 
402 8 
402 332 
403 101 
403 353 
405 556 
405 108 
405 25711 
406 204 
406 565 
406 7 
407 0 
407 4073 
407 2853 
407 153 
407 154 
407 14 
408 1206 
408 2126 
409 2369 
409 5216 
410 82 
411 18 
411 37 
413 94 
413 782 
414 62 
414 16391 
416 21 
417 871 
417 4 
419 1213 
420 96 
420 1002 
421 926 
421 19 
422 6 
423 22 
423 620 
424 70 
425 222 
426 111 
426 215 
427 1216 
427 2593 
428 2955 
429 103 
429 148 
429 1066 
430 182 
430 369 
432 1909 
433 74 
435 212 
435 173 
435 33 
436 83 
436 63 
437 1157 
437 6001 
438 323 
438 366 
438 1527 
438 35 
438 570 
440 603 
441 181 
441 406 
442 1149 
443 813 
443 1359 
444 111 
444 1087 
446 567 
446 323 
449 45 
451 1115 
451 554 
452 367 
452 2205 
454 732 
454 405 
454 0 
455 172 
455 56 
456 667 
457 5294 
458 1115 
458 1537 
459 423 
460 151 
460 74 
461 2498 
461 1313 
463 9256 
464 2201 
464 124 
464 24 
465 33 
467 14 
468 286 
468 15 
468 197 
469 1217 
469 567 
469 1007 
470 30 
470 1036 
470 1127 
471 1145 
471 6 
472 164 
472 227 
473 461 
476 389 
476 308 
476 900 
478 4624 
478 15 
479 158 
480 648 
481 476 
482 292 
482 17 
482 11987 
482 186 
483 26 
483 4389 
484 1 
484 586 
485 2673 
487 8357 
487 16 
487 466 
487 1457 
488 601 
488 2339 
489 658 
489 31 
491 113 
494 23165 
494 141 
494 112 
495 7185 
495 29 
496 26 
497 1413 
497 1151 
497 701 
498 361 
499 60 
500 44 
500 176 
500 182 
500 155 
500 114 
502 205 
502 416 
502 989 
505 168 
505 146 
505 117 
505 388 
506 2007 
506 58 
507 118 
507 114 
508 2157 
509 11647 
509 16 
509 802 
510 34 
511 871 
511 142 
513 3933 
514 276 
515 133 
516 11 
516 3925 
517 38 
517 601 
517 432 
518 933 
518 186 
519 436 
519 355 
519 41 
520 97 
520 93 
522 1388 
522 593 
522 86 
525 2348 
526 10495 
527 503 
528 117 
528 12 
528 171 
530 1372 
530 3132 
530 192 
532 89 
532 16 
533 364 
534 176 
535 458 
535 913 
535 77 
536 404 
537 37 
538 60 
539 3845 
540 2007 
541 35 
542 278 
543 71 
545 22 
545 1384 
546 2244 
547 473 
547 434 
548 97 
548 37 
549 479 
550 708 
554 2944 
554 481 
555 90 
556 39 
556 38 
557 63 
557 645 
557 497 
558 578 
558 12 
558 5493 
558 995 
560 1233 
562 443 
563 2842 
563 95 
565 1038 
565 1176 
566 145 
566 50 
566 42 
567 116 
567 8 
568 11391 
568 156 
570 21 
571 22 
571 861 
572 423 
574 164 
574 286 
576 109 
576 20 
577 153 
577 471 
577 32 
577 95 
578 1752 
578 44 
579 1293 
583 137 
586 1497 
587 2376 
587 903 
588 294 
589 91 
591 287 
592 256 
593 9 
594 213 
596 3 
597 106 
599 549 
605 251 
607 2061 
610 902 
612 203 
614 355 
615 324 
615 511 
616 7 
616 239 
616 26 
617 325 
618 19 
619 40 
619 22 
620 451 
620 176 
625 7895 
626 1190 
628 62 
629 341 
630 141 
634 264 
634 324 
635 237 
635 24 
636 13 
637 92 
638 1043 
639 112 
639 223 
639 45 
640 2147 
641 241 
642 4831 
643 715 
644 478 
646 242 
647 1327 
650 436 
651 423 
651 1036 
652 15 
652 34 
652 1750 
652 503 
653 948 
654 470 
654 64 
654 147 
655 213 
657 831 
658 12682 
658 733 
658 694 
659 101 
661 2215 
661 7448 
663 23 
666 64 
667 360 
668 55 
668 53 
668 286 
668 11 
670 168 
671 614 
672 49 
672 309 
673 1316 
674 99 
675 2820 
676 299 
679 138 
681 155 
681 3251 
683 173 
684 23 
684 6267 
684 1376 
686 487 
689 5243 
692 187 
693 74 
694 1540 
694 236 
694 28 
697 1101 
697 1500 
698 58 
700 62 
701 71 
704 210 
706 107 
706 31 
707 6544 
708 21 
709 25 
710 145 
710 293 
713 10380 
713 3962 
713 48 
713 492 
714 176 
714 78 
714 1151 
717 305 
718 239 
719 790 
719 4509 
721 1078 
722 60 
722 1416 
723 574 
725 1182 
729 327 
730 1037 
732 70 
732 358 
732 652 
733 37 
739 345 
739 2615 
740 28 
741 266 
741 1232 
744 95 
744 79 
744 24 
745 2378 
748 999 
748 1774 
750 3953 
752 119 
755 1186 
756 205 
757 183 
760 4 
760 1057 
760 4 
762 888 
763 765 
765 443 
765 1373 
765 192 
766 185 
766 708 
766 1767 
766 2466 
767 1550 
767 9 
767 278 
767 27 
768 606 
769 383 
771 733 
771 1648 
773 1037 
774 206 
776 143 
776 299 
781 23 
782 145 
783 29 
785 11 
786 46084 
786 464 
790 556 
792 60 
793 1561 
794 31 
794 220 
795 1002 
796 1107 
796 202 
797 219 
797 57 
798 1267 
800 4544 
802 787 
803 545 
804 52 
805 1215 
805 209 
807 384 
808 257 
809 57 
809 691 
810 14825 
811 36 
811 136 
811 101 
813 883 
813 194 
813 2784 
814 37 
816 756 
817 132 
818 1114 
820 1221 
820 274 
822 1916 
823 6 
824 1235 
824 3481 
827 1121 
827 30768 
830 244 
832 40 
833 648 
835 124 
837 44 
837 265 
838 445 
838 159 
838 828 
839 6 
839 287 
839 1513 
839 2137 
839 1 
841 252 
844 461 
844 383 
845 18 
847 2444 
849 46 
851 753 
851 15 
851 399 
851 7138 
851 77 
853 75 
853 1168 
854 963 
854 96 
855 382 
856 378 
857 755 
858 928 
858 62 
860 31 
860 432 
861 243 
862 157 
863 36 
867 49 
869 616 
871 5703 
875 475 
876 2178 
876 11 
879 100 
880 4 
883 5283 
884 458 
885 15 
886 721 
887 49 
888 695 
888 227 
890 1285 
891 562 
892 111 
892 1171 
894 120 
894 9 
895 1866 
896 936 
898 10 
900 97 
902 1152 
905 412 
905 2003 
906 1955 
907 15 
911 289 
913 1484 
916 32 
917 380 
919 670 
920 332 
921 496 
925 169 
926 613 
927 451 
928 147 
928 281 
929 728 
930 487 
932 2344 
941 77 
943 262 
943 97 
945 1267 
950 4163 
951 93 
951 26 
954 1695 
954 77 
957 2738 
957 14 
958 1 
959 393 
962 4 
963 25 
963 163 
967 3570 
968 641 
969 238 
969 125 
970 1839 
970 119 
972 130 
974 1285 
975 92 
977 220 
978 83 
978 250 
979 174 
980 300 
981 379 
981 457 
982 131 
982 3564 
984 108 
996 139 
997 0 
1000 5581 
1001 1 
1002 234 
1005 69 
1008 346 
1009 684 
1012 269 
1015 20 
1017 130 
1017 146 
1019 18654 
1021 1500 
1021 637 
1024 560 
1026 765 
1029 131 
1029 94 
1034 163 
1036 872 
1038 25 
1039 394 
1039 1401 
1040 12156 
1041 347 
1043 372 
1045 981 
1045 2148 
1048 742 
1049 128 
1050 14814 
1051 2383 
1052 131 
1053 3 
1054 0 
1054 127 
1054 166 
1055 2934 
1056 229 
1056 20 
1057 517 
1057 55 
1058 99 
1061 1416 
1061 1313 
1061 105 
1061 3 
1062 722 
1062 10816 
1062 878 
1066 609 
1067 1316 
1070 163 
1071 645 
1071 906 
1078 346 
1078 477 
1083 1685 
1083 115 
1085 48 
1089 207 
1089 358 
1091 506 
1091 64 
1094 204 
1102 558 
1102 80 
1104 352 
1104 16 
1105 23 
1106 68 
1108 6 
1110 839 
1111 563 
1111 124 
1113 1720 
1114 9080 
1116 851 
1116 211 
1116 1161 
1120 1110 
1120 1168 
1124 1781 
1127 4938 
1128 89 
1128 133 
1130 1092 
1131 152 
1132 314 
1133 273 
1135 230 
1135 25 
1136 832 
1136 41 
1139 79 
1139 53 
1140 213 
1141 943 
1148 940 
1155 65 
1157 1241 
1157 97 
1158 685 
1160 450 
1162 20 
1164 2596 
1164 269 
1164 2418 
1164 200 
1164 28 
1167 53 
1167 24 
1171 6584 
1171 90 
1171 6070 
1172 229 
1173 1392 
1173 559 
1174 378 
1176 160 
1180 106 
1181 9 
1183 679 
1185 67 
1186 66 
1188 9 
1188 50 
1188 205 
1191 120 
1191 70 
1194 125 
1198 523 
1199 57 
1207 1048 
1209 3818 
1213 70 
1214 644 
1214 3120 
1218 273 
1222 1663 
1224 62 
1228 156 
1233 457 
1234 4 
1234 99 
1237 103 
1239 439 
1240 5149 
1242 531 
1245 3312 
1247 32 
1247 1611 
1248 173 
1250 71 
1252 545 
1254 63 
1255 771 
1258 1126 
1258 4424 
1261 265 
1264 1015 
1264 18 
1267 286 
1267 199 
1267 781 
1269 147 
1274 58 
1275 194 
1275 76 
1278 47 
1280 895 
1285 1122 
1288 107 
1289 107 
1289 85 
1290 7764 
1290 530 
1290 127 
1290 71 
1291 35 
1293 180 
1294 1103 
1296 1208 
1297 2638 
1298 93 
1299 28 
1299 869 
1300 9 
1303 727 
1305 40 
1317 57 
1319 1077 
1321 86 
1325 4 
1325 187 
1332 171 
1338 1178 
1338 185 
1340 70 
1349 17 
1349 1190 
1351 169 
1353 137 
1354 666 
1356 165 
1357 21 
1358 101 
1359 85 
1362 595 
1366 92 
1370 56 
1370 1135 
1373 73 
1374 208 
1377 130 
1379 6 
1379 118 
1379 50 
1380 9569 
1382 61 
1382 535 
1385 744 
1389 386 
1389 1106 
1392 2593 
1392 1201 
1392 3 
1394 103 
1400 527 
1402 54 
1403 9129 
1404 1833 
1405 2850 
1414 672 
1415 258 
1415 7 
1419 833 
1419 3982 
1422 2627 
1423 33 
1424 73 
1425 2820 
1425 1644 
1428 345 
1428 29 
1430 1522 
1435 970 
1435 6699 
1435 197 
1437 170 
1440 294 
1451 575 
1455 151 
1456 1218 
1458 786 
1462 894 
1463 350 
1464 2483 
1465 659 
1465 23 
1465 38 
1467 1091 
1467 239 
1476 1249 
1477 5 
1479 775 
1479 1625 
1480 1049 
1482 410 
1484 844 
1487 8 
1488 141 
1490 66 
1494 1581 
1495 238 
1495 1653 
1498 90 
1498 71 
1503 288 
1509 72 
1511 80 
1515 1059 
1516 36 
1521 319 
1522 1179 
1522 190 
1526 65 
1529 261 
1541 68 
1543 254 
1544 81 
1547 101 
1550 1315 
1550 31 
1551 1370 
1552 52 
1553 84 
1553 30 
1558 511 
1558 838 
1567 86 
1568 16 
1569 16 
1573 179 
1573 1713 
1574 51 
1578 145 
1581 55 
1582 357 
1583 12 
1584 56 
1587 40 
1587 77 
1596 245 
1596 695 
1600 3022 
1601 1069 
1603 587 
1603 1371 
1606 507 
1618 686 
1621 8474 
1632 8 
1638 13 
1639 368 
1643 0 
1646 162 
1646 779 
1656 581 
1659 80 
1663 1865 
1664 722 
1667 29 
1669 261 
1671 508 
1672 552 
1673 295 
1675 294 
1678 324 
1678 2031 
1681 35 
1689 9 
1691 91 
1692 10524 
1698 1938 
1701 134 
1701 770 
1701 908 
1708 556 
1708 642 
1709 3 
1713 146 
1714 510 
1720 350 
1724 3 
1724 1060 
1725 37 
1728 194 
1733 15 
1737 40 
1740 222 
1740 7 
1742 23 
1744 846 
1752 201 
1753 104 
1757 65 
1757 318 
1757 140 
1771 5 
1776 27 
1777 797 
1780 1716 
1781 751 
1786 185 
1787 658 
1789 400 
1792 1488 
1792 764 
1793 1046 
1797 730 
1800 512 
1801 162 
1802 259 
1804 354 
1808 5655 
1810 235 
1811 83 
1812 16 
1813 144 
1815 59 
1817 3704 
1818 5218 
1821 23 
1822 1450 
1828 1128 
1835 13 
1835 325 
1840 356 
1840 118 
1843 4063 
1847 996 
1848 1972 
1848 84 
1848 0 
1849 1134 
1851 27 
1854 94 
1855 57480 
1856 78 
1860 2799 
1860 238 
1865 6 
1870 1959 
1873 481 
1873 764 
1874 4 
1875 796 
1880 303 
1881 42 
1883 187 
1883 74 
1886 311 
1893 4792 
1895 641 
1896 9 
1898 14 
1901 14473 
1904 801 
1905 811 
1908 4442 
1908 1 
1911 1310 
1912 1098 
1912 53 
1913 3120 
1915 66 
1916 250 
1918 31 
1919 1221 
1924 31 
1924 860 
1928 854 
1929 388 
1932 236 
1940 301 
1941 54 
1946 1460 
1947 108 
1951 840 
1955 325 
1958 436 
1961 1993 
1963 485 
1965 1066 
1969 50 
1969 819 
1974 323 
1974 100 
1975 1117 
1978 515 
1985 1283 
1987 58 
1988 461 
1989 1108 
1990 1165 
1991 262 
2008 39 
2010 66 
2011 516 
2012 227 
2017 1439 
2019 988 
2023 240 
2028 768 
2028 15194 
2028 620 
2034 1937 
2037 5 
2040 272 
2041 1311 
2045 6780 
2047 2675 
2058 234 
2060 3455 
2062 17 
2063 315 
2065 789 
2067 361 
2069 4224 
2072 1285 
2078 447 
2083 1100 
2083 7 
2089 17 
2092 3963 
2104 202 
2104 1886 
2106 20 
2106 426 
2108 311 
2110 1146 
2114 1124 
2115 1334 
2115 850 
2117 1617 
2121 2886 
2121 48638 
2123 25 
2124 241 
2133 5824 
2135 132 
2138 1048 
2141 41 
2144 67 
2145 909 
2147 2250 
2150 31 
2152 42 
2154 1583 
2156 1626 
2156 11 
2157 257 
2159 1616 
2160 29 
2162 282 
2170 188 
2179 322 
2180 131 
2180 1287 
2180 100 
2182 107 
2185 41 
2189 283 
2191 237 
2200 11 
2200 91 
2201 528 
2203 852 
2203 38 
2205 1026 
2211 76 
2212 489 
2217 1353 
2221 108 
2226 149 
2234 287 
2236 331 
2239 77 
2240 946 
2242 310 
2242 3323 
2244 550 
2245 1622 
2249 112 
2249 461 
2249 108 
2253 21 
2256 38 
2260 2096 
2260 5092 
2260 571 
2272 7 
2274 716 
2274 123 
2279 115 
2279 45 
2286 69 
2287 25234 
2290 1252 
2291 1937 
2292 37 
2297 18 
2300 54 
2300 51 
2301 463 
2301 151 
2302 1852 
2302 1358 
2305 209 
2305 1162 
2305 2296 
2309 119 
2314 190 
2319 419 
2319 376 
2321 10036 
2323 3 
2323 107 
2327 53 
2331 321 
2332 1213 
2335 71 
2336 1024 
2338 11 
2340 512 
2340 1033 
2343 507 
2343 107 
2344 694 
2349 1270 
2350 3085 
2351 431 
2358 167 
2360 875 
2364 2055 
2371 445 
2372 5808 
2373 38 
2374 1660 
2374 303 
2375 345 
2376 44 
2377 1356 
2378 154 
2379 582 
2386 19 
2388 709 
2389 31 
2392 225 
2396 1396 
2400 2384 
2403 340 
2405 9 
2407 379 
2410 212 
2411 189 
2420 7963 
2421 34 
2421 1276 
2422 293 
2426 314 
2427 228 
2430 4517 
2432 4566 
2436 21 
2438 36 
2439 1359 
2440 1890 
2443 1680 
2446 14 
2448 79 
2450 571 
2450 256 
2451 739 
2452 954 
2453 1588 
2455 159 
2456 112 
2460 172 
2465 65 
2470 927 
2470 567 
2471 9 
2478 490 
2491 1014 
2491 172 
2492 1601 
2498 279 
2499 8 
2502 3480 
2510 174 
2515 399 
2517 115 
2522 56 
2528 19 
2530 114 
2545 4 
2546 383 
2549 132 
2552 301 
2556 30 
2558 344 
2562 64 
2578 769 
2584 188 
2584 158 
2584 288 
2586 23 
2589 1726 
2593 591 
2601 1077 
2606 420 
2607 34 
2612 814 
2615 1432 
2622 110 
2629 10 
2634 411 
2634 2 
2635 661 
2642 90 
2646 87 
2648 63 
2650 705 
2658 2775 
2661 20 
2670 59 
2680 107 
2680 701 
2692 509 
2695 1096 
2695 1113 
2698 1212 
2698 1164 
2701 134 
2708 632 
2715 195 
2720 1553 
2727 410 
2732 19 
2735 985 
2740 31 
2740 743 
2741 171 
2746 1053 
2754 525 
2756 2 
2759 1842 
2761 87 
2764 2566 
2765 7 
2765 506 
2768 2014 
2779 1201 
2780 152 
2781 3 
2795 208 
2797 371 
2798 229 
2801 32 
2802 74 
2802 1533 
2803 238 
2809 476 
2816 231 
2816 474 
2822 973 
2825 4412 
2826 421 
2827 3087 
2830 1789 
2831 2692 
2833 646 
2835 110 
2837 73 
2837 57 
2838 538 
2843 37 
2848 109 
2849 0 
2849 20 
2850 104 
2855 195 
2856 83 
2863 20 
2873 219 
2874 297 
2875 34 
2876 195 
2882 9 
2882 285 
2892 109 
2892 1361 
2892 1182 
2899 1086 
2905 1707 
2909 1 
2910 10 
2911 35 
2920 4 
2924 31 
2926 963 
2926 2298 
2934 136 
2945 56 
2948 44 
2959 1766 
2967 33 
2969 270 
2976 88 
2976 8 
2978 2160 
2982 647 
2987 1717 
2988 188 
2998 21 
3013 24 
3013 7932 
3015 5142 
3024 1355 
3024 1071 
3026 969 
3033 12933 
3039 1180 
3041 1198 
3042 13 
3059 1345 
3061 235 
3061 1323 
3062 239 
3073 4 
3075 907 
3076 110 
3083 46 
3083 29 
3089 217 
3089 12 
3095 166 
3101 2813 
3104 1002 
3105 53 
3106 7983 
3115 142 
3115 212 
3117 1283 
3119 20 
3126 396 
3130 98 
3135 776 
3141 196 
3141 113 
3143 18669 
3146 244 
3149 276 
3149 69 
3150 62 
3154 1425 
3159 119 
3162 234 
3163 261 
3165 550 
3169 51 
3172 136 
3176 712 
3184 39 
3187 776 
3189 315 
3200 4963 
3203 129 
3204 122 
3205 694 
3219 21815 
3220 103 
3226 1361 
3237 676 
3244 287 
3247 74 
3249 903 
3264 469 
3266 1224 
3268 456 
3273 288 
3281 437 
3288 291 
3293 209 
3299 746 
3300 1611 
3302 254 
3306 10810 
3308 16 
3322 96 
3323 1621 
3325 407 
3326 39 
3339 115 
3342 738 
3346 4522 
3357 1430 
3364 2219 
3371 24 
3371 1375 
3371 668 
3380 337 
3380 384 
3384 367 
3392 7 
3399 154 
3401 440 
3412 1182 
3412 768 
3418 9 
3421 57 
3422 29 
3427 88 
3428 6 
3431 1045 
3433 12 
3434 39 
3439 7 
3444 552 
3446 338 
3448 54016 
3451 1428 
3451 866 
3452 1805 
3457 25 
3458 60 
3459 18 
3463 903 
3466 1577 
3467 6 
3473 210 
3474 202 
3476 503 
3477 209 
3478 2726 
3481 10 
3489 27 
3500 66 
3503 2214 
3508 1374 
3530 18 
3537 46 
3540 302 
3547 157 
3552 248 
3567 134 
3568 0 
3572 34 
3588 65 
3597 69 
3598 78 
3604 118 
3605 585 
3608 19 
3609 1311 
3609 2887 
3609 82 
3612 4183 
3624 1279 
3626 206 
3628 1130 
3629 46 
3631 14 
3650 571 
3659 1151 
3664 784 
3670 2261 
3677 51 
3678 3693 
3688 500 
3688 3828 
3694 43 
3698 932 
3700 78 
3700 25 
3704 629 
3708 203 
3709 1465 
3711 296 
3718 1862 
3720 916 
3720 142 
3721 95 
3728 5 
3729 171 
3729 94 
3736 1078 
3744 25 
3752 1341 
3755 54 
3766 1880 
3767 904 
3777 574 
3778 1078 
3778 18 
3784 50 
3785 154 
3789 11831 
3791 1486 
3795 44 
3796 802 
3806 323 
3809 1206 
3827 79 
3834 866 
3836 74 
3838 3985 
3851 1176 
3865 65 
3867 454 
3870 30 
3876 316 
3877 85 
3883 63 
3890 1959 
3893 1663 
3894 47 
3908 585 
3910 527 
3913 26 
3916 6070 
3927 417 
3948 307 
3951 94 
3959 125 
3961 1914 
3980 268 
3982 22 
3984 1764 
3990 1363 
3992 767 
4012 63 
4016 1129 
4017 201 
4018 579 
4018 20 
4027 1 
4042 0 
4045 69 
4048 551 
4052 1780 
4054 17 
4054 40 
4056 17 
4062 409 
4071 24 
4073 58 
4079 7475 
4079 584 
4083 17 
4086 1684 
4089 281 
4093 5 
4094 3 
4095 1122 
4096 557 
4098 89 
4098 4804 
4099 8067 
4100 303 
4111 1737 
4112 56 
4118 1012 
4130 143 
4131 165 
4132 1294 
4134 15 
4135 133 
4144 736 
4146 48 
4149 793 
4159 1243 
4164 1099 
4167 1168 
4174 91 
4179 598 
4194 746 
4196 535 
4198 3 
4207 34 
4220 75 
4220 1007 
4225 66 
4234 570 
4237 3894 
4239 1040 
4241 47 
4242 942 
4244 192 
4246 34 
4250 1501 
4258 256 
4264 2114 
4265 240 
4269 951 
4271 591 
4273 1336 
4274 7541 
4277 860 
4278 1128 
4279 594 
4283 1400 
4287 737 
4291 20 
4297 48 
4298 2094 
4300 1338 
4300 163 
4320 671 
4321 2924 
4326 30 
4327 203 
4327 1063 
4328 323 
4330 253 
4332 10187 
4334 895 
4338 693 
4342 8351 
4346 4 
4352 166 
4359 7 
4363 713 
4364 7 
4366 986 
4372 87745 
4373 1149 
4388 2693 
4396 9 
4403 1549 
4406 114 
4406 155 
4409 48 
4416 779 
4418 163 
4419 177 
4421 194 
4422 647 
4427 276 
4430 1 
4431 936 
4445 4 
4454 6309 
4460 74 
4464 574 
4469 1707 
4472 161 
4473 655 
4476 1363 
4477 457 
4481 1 
4482 1927 
4495 207 
4497 3749 
4506 1608 
4509 644 
4518 1393 
4527 264 
4544 1077 
4546 30379 
4553 815 
4561 10221 
4563 703 
4566 159 
4579 207 
4587 2707 
4587 80 
4590 83 
4593 558 
4593 259 
4597 75 
4607 815 
4613 9191 
4616 193 
4638 420 
4639 410 
4643 412 
4649 18 
4651 11 
4652 2561 
4657 61 
4660 12 
4661 3209 
4664 209 
4667 2697 
4677 839 
4681 73 
4685 723 
4685 106 
4685 5948 
4694 610 
4694 609 
4698 4 
4698 1544 
4702 1558 
4702 185 
4702 1056 
4713 49 
4716 1778 
4721 292 
4748 796 
4753 327 
4781 739 
4782 3132 
4788 815 
4793 320 
4794 2 
4798 885 
4800 1807 
4807 1041 
4807 362 
4812 662 
4812 1651 
4814 59 
4815 45 
4818 9 
4819 756 
4823 2867 
4824 14 
4826 3 
4831 11 
4833 898 
4836 240 
4841 14394 
4845 614 
4846 44 
4852 56 
4855 607 
4858 1461 
4863 10 
4868 230 
4876 770 
4876 211609 
4876 290 
4879 263 
4879 8 
4882 1134 
4885 248 
4892 30 
4900 616 
4909 539 
4909 10 
4916 303 
4917 178 
4933 398 
4938 2866 
4940 773 
4947 17 
4957 224 
4968 1406 
4971 1039 
4972 822 
4977 731 
4980 139 
4981 1640 
4986 22 
4987 49 
5007 352 
5015 3964 
5024 5 
5027 216 
5033 378 
5038 600 
5043 149 
5051 238 
5055 71 
5059 807 
5081 277 
5085 1177 
5088 567 
5089 474 
5097 188 
5115 1589 
5118 179 
5119 716 
5121 28 
5123 232 
5124 921 
5127 2052 
5127 2052 
5138 121 
5138 121 
5139 116 
5139 116 
5142 89 
5142 89 
5147 272 
5147 272 
5149 183 
5149 183 
5154 498 
5154 498 
5159 31 
5159 31 
5160 284 
5160 284 
5169 392 
5169 392 
5189 47 
5189 47 
5192 3495 
5192 3495 
5193 721 
5193 721 
5199 0 
5205 59 
5213 32 
5222 6 
5235 1240 
5240 75 
5244 846 
5246 534 
5250 190 
5269 11 
5274 841 
5277 410 
5288 106 
5289 538 
5295 135 
5297 78 
5298 76 
5299 42 
5309 35 
5310 83 
5312 113 
5322 199 
5326 1202 
5328 422 
5334 1050 
5336 767 
5347 15 
5353 1762 
5359 242 
5362 147 
5365 5 
5372 671 
5380 130 
5383 5141 
5387 75 
5394 273 
5405 267 
5410 220 
5413 392 
5414 33 
5416 7 
5422 26 
5425 21 
5434 77 
5454 7813 
5458 11 
5463 5899 
5464 136 
5480 26 
5488 75 
5492 139 
5517 58 
5521 193 
5527 2125 
5531 170 
5540 83 
5555 266 
5573 573 
5585 1663 
5592 522 
5598 76 
5604 576 
5614 69 
5625 441 
5641 120 
5650 1105 
5660 110 
5669 0 
5669 138 
5674 17 
5677 2301 
5681 40 
5691 289 
5691 1325 
5695 7336 
5703 591 
5709 43 
5711 2876 
5718 8736 
5723 2 
5724 2218 
5730 1960 
5737 37 
5740 811 
5747 1792 
5753 1946 
5756 870 
5769 1954 
5771 99 
5774 97 
5778 129 
5783 910 
5792 745 
5798 749 
5800 106 
5808 836 
5837 245 
5842 1128 
5870 1000 
5885 21 
5895 6 
5896 652 
5900 673 
5909 800 
5913 5 
5916 130 
5921 1469 
5935 4447 
5937 411 
5938 106 
5951 1609 
5954 3719 
5973 905 
5975 253 
5977 843 
5978 207 
5980 89 
5987 134 
5994 32 
6025 116 
6025 3573 
6039 129 
6042 126 
6050 338 
6050 2858 
6051 862 
6071 27 
6077 22 
6098 410 
6103 27 
6110 974 
6113 56 
6122 785 
6135 6 
6146 446 
6149 3330 
6156 2 
6162 304 
6165 4702 
6168 317 
6176 240 
6179 371 
6181 141 
6189 191 
6189 851 
6195 2246 
6206 80 
6213 83 
6215 192 
6217 18 
6219 928 
6224 78 
6234 3 
6238 3385 
6249 10 
6252 147 
6255 18032 
6259 1348 
6269 378 
6276 63 
6278 649 
6284 56 
6290 124 
6291 198 
6297 451 
6302 1774 
6303 1515 
6311 224 
6319 234 
6344 383 
6351 0 
6367 63 
6368 5480 
6370 473 
6374 1350 
6379 597 
6381 288 
6382 13 
6386 8050 
6395 1374 
6396 112 
6400 640 
6404 20 
6404 3 
6416 405 
6439 1717 
6460 33 
6464 163 
6468 98 
6468 842 
6475 68 
6478 576 
6480 2618 
6489 19 
6495 104 
6496 2334 
6520 304 
6523 22 
6526 657 
6546 3287 
6548 1110 
6555 8350 
6580 66 
6599 0 
6603 667 
6613 16 
6615 965 
6627 180 
6635 10 
6657 108 
6662 26 
6671 129 
6676 967 
6682 616 
6685 442 
6696 1320 
6705 3120 
6720 1461 
6725 133 
6727 116 
6756 34 
6764 1253 
6797 3380 
6801 2087 
6802 95 
6803 5 
6804 2562 
6814 851 
6817 241 
6817 3303 
6818 28 
6820 432 
6823 168 
6825 687 
6828 499 
6828 528 
6832 85 
6844 92 
6846 1577 
6846 3220 
6865 1136 
6868 205 
6889 116 
6906 121 
6909 289 
6911 773 
6934 31 
6937 70 
6940 1249 
6948 2865 
6954 11 
6956 3233 
6958 826 
6967 1113 
6975 1220 
6976 23 
6979 271 
6982 4146 
6984 748 
6985 1002 
6999 2353 
7000 45 
7004 256 
7017 769 
7025 32 
7034 226 
7035 2835 
7037 378 
7060 36 
7081 3 
7081 1111 
7085 1629 
7089 308 
7098 2 
7102 3425 
7109 143 
7112 5 
7113 1296 
7113 32 
7115 108 
7155 1411 
7159 392 
7161 9 
7164 100 
7167 171 
7173 3248 
7176 1459 
7178 15 
7179 3955 
7187 2 
7204 64 
7213 9 
7217 268 
7222 216 
7223 71 
7224 1292 
7228 651 
7229 0 
7230 291 
7238 0 
7239 940 
7249 62 
7251 70 
7256 10103 
7276 2737 
7283 494 
7283 244 
7296 1175 
7308 1433 
7309 28 
7310 803 
7313 268 
7320 133 
7321 116 
7329 253 
7333 52 
7338 26 
7364 562 
7372 114 
7377 409 
7377 11 
7381 348 
7389 171 
7396 966 
7396 26 
7434 351 
7461 205 
7475 227 
7481 3 
7483 247 
7497 113 
7507 42 
7518 18794 
7550 218 
7555 13 
7569 123 
7580 110 
7582 123 
7595 186 
7608 209 
7627 717 
7629 1294 
7634 21 
7641 19 
7643 81 
7643 557 
7644 25283 
7644 802 
7646 80 
7661 180 
7674 282 
7681 164 
7683 271 
7685 288 
7695 276 
7709 268 
7710 548 
7722 10232 
7731 141 
7733 2066 
7736 2992 
7754 15 
7757 553 
7761 566 
7767 65 
7784 26 
7787 115 
7799 1 
7808 113 
7818 4087 
7820 33 
7822 341 
7826 69 
7829 217 
7837 335 
7837 2166 
7840 942 
7846 79 
7850 431 
7865 679 
7878 1116 
7889 1982 
7890 1212 
7893 114 
7897 1507 
7905 318 
7918 327 
7929 879 
7941 783 
7943 953 
7952 398 
7959 496 
7963 167 
7965 608 
7977 124 
7978 631 
7996 2845 
8001 3138 
8002 32 
8006 130 
8012 321 
8013 694 
8016 1335 
8025 76 
8032 1206 
8037 141 
8039 88 
8041 451 
8051 292 
8059 19 
8065 3588 
8066 42 
8070 1921 
8070 164 
8082 290 
8101 577 
8102 199 
8103 12638 
8114 332 
8115 355 
8130 524 
8136 2928 
8136 811 
8145 23 
8146 165 
8147 2530 
8152 640 
8157 17 
8160 3395 
8161 472 
8165 11 
8176 53 
8191 146 
8201 11 
8201 799 
8211 2534 
8211 176 
8219 7 
8224 2 
8224 241 
8224 150 
8234 2663 
8237 1820 
8265 1174 
8266 5258 
8271 506 
8274 755 
8292 330 
8293 2035 
8299 168 
8311 325 
8333 1526 
8344 329 
8344 750 
8354 137 
8368 352 
8374 3474 
8387 226 
8395 2 
8404 1359 
8414 443 
8432 462 
8451 2538 
8452 7 
8454 51920 
8458 583 
8465 5 
8466 253 
8472 1121 
8473 180 
8487 517 
8492 871 
8498 817 
8502 2497 
8511 78 
8514 1 
8514 280 
8514 1227 
8517 8 
8526 34 
8526 54 
8531 125 
8545 638 
8561 341 
8566 339 
8568 929 
8572 182 
8572 110 
8583 2280 
8592 93 
8609 952 
8609 692 
8621 93 
8622 17729 
8624 223 
8627 2 
8645 575 
8658 771 
8660 227 
8682 82 
8683 87 
8686 619 
8689 214 
8691 452 
8699 400 
8703 423 
8709 30 
8721 1432 
8724 207 
8732 2429 
8737 1254 
8747 85 
8748 109 
8757 609 
8761 14 
8763 1486 
8763 911 
8765 895 
8772 99 
8794 10 
8806 32 
8806 3137 
8807 1470 
8813 768 
8822 160 
8826 49 
8827 15 
8830 1141 
8834 900 
8858 979 
8875 446 
8886 1220 
8887 1705 
8888 573 
8889 152 
8904 513 
8915 394 
8915 89 
8927 155 
8929 720 
8944 532 
8949 181 
8950 72 
8964 344 
8985 14791 
8990 180 
8995 55 
9002 100 
9007 75 
9013 183 
9023 480 
9033 574 
9053 69 
9078 4079 
9084 19 
9084 363 
9089 337 
9102 1798 
9108 22 
9115 2542 
9123 18 
9125 389 
9127 215 
9136 2187 
9139 1671 
9144 266 
9144 9420 
9146 763 
9150 355 
9169 74 
9173 2616 
9174 797 
9181 1838 
9183 237 
9188 26 
9195 169 
9214 453 
9233 104 
9240 252 
9263 38 
9265 1077 
9272 16 
9290 797 
9298 5946 
9323 22 
9328 175 
9333 1745 
9358 467 
9359 378 
9359 385 
9370 14 
9372 800 
9380 238 
9393 2056 
9396 16 
9414 798 
9418 130 
9418 10 
9421 2115 
9421 424 
9421 357 
9435 99 
9436 799 
9453 527 
9458 16214 
9477 1374 
9478 816 
9478 93 
9483 1135 
9485 491 
9488 7552 
9496 463 
9505 650 
9509 66 
9514 190 
9514 308 
9515 50 
9515 1130 
9531 2063 
9538 640 
9546 849 
9554 11 
9564 142 
9565 1388 
9566 2052 
9578 3622 
9581 71 
9581 15 
9589 819 
9601 712 
9606 390 
9610 2455 
9616 450 
9627 281 
9633 114 
9640 705 
9647 22 
9647 314 
9651 1046 
9654 15 
9661 32 
9675 1270 
9679 312 
9691 435 
9694 825 
9700 431 
9710 241 
9719 363 
9728 523 
9731 419 
9744 564 
9746 16 
9747 583 
9755 92 
9767 159 
9770 645 
9789 11996 
9796 2265 
9815 126 
9817 91 
9819 1405 
9823 112 
9825 132 
9837 117 
9844 813 
9849 4344 
9853 8758 
9855 328 
9857 2582 
9858 34 
9865 406 
9869 341 
9873 1288 
9878 754 
9880 1885 
9880 1226 
9880 222 
9883 787 
9883 3323 
9883 230 
9885 8 
9889 1563 
9894 847 
9895 394 
9905 489 
9909 1318 
9913 142 
9915 156 
9944 6913 
9945 619 
9949 70 
9961 21 
9964 740 
9965 273 
9966 48 
9978 8412 
9980 567 
9982 957 
9985 734 
10006 755 
10013 1550 
10018 244 
10019 974 
10020 77 
10033 1021 
10042 825 
10043 39 
10052 19 
10068 15 
10069 278 
10070 150 
10079 219 
10087 1369 
10106 906 
10118 1776 
10126 438 
10134 36 
10136 183 
10148 112 
10152 541 
10183 623 
10191 344 
10191 999 
10200 499 
10222 125 
10232 20 
10244 30 
10251 456 
10256 1 
10268 47 
10271 355 
10296 2 
10300 1217 
10300 7 
10309 160 
10318 11 
10333 2403 
10364 1266 
10368 860 
10376 10 
10378 948 
10385 1751 
10387 466 
10402 53 
10413 15 
10426 2360 
10435 668 
10447 16 
10454 205 
10459 4109 
10465 124 
10494 12 
10508 329 
10534 276 
10547 99 
10559 375 
10561 45918 
10565 355 
10571 49 
10582 1036 
10589 21 
10593 1023 
10594 0 
10595 514 
10597 294 
10602 180 
10618 1405 
10621 121 
10623 10 
10630 262 
10635 434 
10637 46 
10639 98 
10641 2808 
10645 209 
10647 44 
10655 159 
10657 285 
10658 1479 
10662 31376 
10662 1442 
10672 264 
10680 2092 
10699 156 
10700 698 
10702 595 
10715 65 
10727 721 
10731 250 
10734 500 
10735 578 
10742 4 
10758 658 
10760 690 
10763 3833 
10774 163 
10776 1266 
10781 1089 
10790 452 
10799 2910 
10811 185 
10828 4507 
10830 239 
10841 444 
10844 832 
10846 446 
10851 1344 
10865 21 
10877 743 
10877 655 
10884 1384 
10892 1280 
10894 817 
10918 2453 
10931 149 
10933 253 
10938 182 
10953 17407 
10977 399 
10982 106 
10993 938 
11000 972 
11017 97 
11034 323 
11044 371 
11072 1561 
11079 152 
11085 22 
11112 321 
11118 4234 
11123 35 
11141 2075 
11148 5313 
11178 260 
11180 134 
11185 2137 
11187 270 
11192 1275 
11210 55 
11213 969 
11221 7 
11221 25 
11221 71 
11239 468 
11240 574 
11246 322 
11256 1043 
11265 6806 
11267 1080 
11278 46 
11284 457 
11297 461 
11298 426 
11305 62 
11308 222 
11315 1508 
11317 237 
11318 156 
11330 93 
11334 308 
11334 1105 
11352 102 
11368 360 
11369 1290 
11386 298 
11400 1449 
11415 879 
11444 49 
11468 204 
11490 367 
11496 19 
11513 554 
11529 462 
11639 55 
11647 36 
11666 784 
11675 12 
11714 2777 
11715 1154 
11719 903 
11727 19531 
11740 0 
11747 11 
11775 2117 
11775 1591 
11777 1871 
11779 1258 
11791 1537 
11794 1055 
11794 32 
11822 2180 
11832 1233 
11850 149 
11856 267 
11873 115 
11880 575 
11883 1635 
11896 204 
11901 3690 
11905 6 
11919 260 
11919 664 
11921 1472 
11921 1460 
11928 1089 
11929 50 
11935 275 
11938 787 
11940 293 
11940 876 
11942 0 
11955 1429 
11975 341 
11986 5 
11996 150 
12009 27 
12036 1706 
12037 87 
12037 475 
12041 469 
12080 453 
12100 3431 
12122 215 
12129 33 
12134 2260 
12136 16 
12144 2546 
12154 159 
12157 305 
12160 31 
12164 948 
12178 354 
12182 3 
12193 106 
12209 396 
12242 4 
12251 229 
12254 6812 
12267 1555 
12276 193 
12278 60 
12298 490 
12303 964 
12344 300 
12361 39 
12379 3193 
12379 1908 
12381 2 
12388 237 
12418 38 
12427 2755 
12431 326 
12434 330 
12451 132 
12458 800 
12487 7 
12500 1689 
12506 1867 
12508 188 
12509 566 
12510 460 
12520 487 
12529 29 
12536 457 
12543 228 
12552 565 
12559 20 
12571 1331 
12578 1278 
12606 46 
12621 324 
12631 676 
12646 1038 
12653 1585 
12674 597 
12677 303 
12694 1414 
12701 2399 
12705 88 
12724 878 
12727 674 
12730 2370 
12741 152 
12794 180 
12800 27 
12810 1136 
12821 343 
12852 257 
12878 174 
12915 19 
12920 96 
12922 208 
12943 534 
12950 1206 
12952 487 
12958 55 
12966 4 
12978 691 
12996 3940 
13015 259 
13038 2534 
13047 36 
13049 160 
13054 29797 
13055 1861 
13063 1123 
13066 10 
13081 7388 
13085 0 
13103 584 
13103 526 
13107 2587 
13108 753 
13125 113 
13159 1243 
13166 24 
13167 31 
13178 8 
13190 329 
13218 207 
13221 25 
13231 491 
13236 614 
13246 395 
13256 329 
13260 593 
13270 1288 
13273 39 
13287 1153 
13288 743 
13297 238 
13302 1504 
13313 12 
13318 1252 
13325 326 
13333 308 
13349 46 
13355 642 
13374 89 
13384 1003 
13404 3869 
13410 214 
13420 696 
13422 2482 
13423 1143 
13434 25 
13435 2101 
13500 276 
13507 29 
13519 181 
13529 2302 
13531 222 
13555 292 
13559 1473 
13573 64 
13586 224 
13590 381 
13615 13 
13618 1047 
13628 2386 
13629 4 
13635 195 
13659 8 
13671 208 
13687 545 
13692 365 
13698 283 
13716 2118 
13720 1554 
13725 33 
13727 846 
13743 987 
13748 227 
13753 644 
13779 419 
13779 79 
13792 558 
13798 1406 
13799 64 
13808 5 
13809 877 
13854 1013 
13887 220 
13912 226 
13916 242 
13919 147 
13922 1102 
13925 70223 
13936 251 
13945 975 
13952 383 
13954 343 
13955 1821 
13971 562 
13978 145 
13987 980 
13990 1272 
14012 878 
14016 689 
14037 231 
14043 221 
14046 1057 
14056 2980 
14062 418 
14065 279 
14066 778 
14071 112 
14085 273 
14085 760 
14097 677 
14099 21 
14100 264 
14103 204 
14107 708 
14139 29667 
14142 1689 
14155 156 
14155 447 
14159 1992 
14170 2248 
14177 3507 
14187 1804 
14189 632 
14199 210 
14207 108 
14215 710 
14233 480 
14235 16 
14253 135 
14263 701 
14264 688 
14279 65 
14280 2821 
14281 3088 
14288 4142 
14291 487 
14293 31 
14312 281 
14313 667 
14319 68 
14321 146 
14333 334 
14336 138 
14336 350 
14344 245 
14353 881 
14359 2643 
14360 293 
14360 639 
14368 464 
14375 566 
14380 17 
14392 2748 
14395 328 
14411 725 
14420 178 
14420 529 
14430 415 
14444 309 
14447 186 
14448 1500 
14450 26 
14454 1040 
14460 61 
14476 236 
14502 1407 
14504 54 
14506 6691 
14507 1417 
14509 230 
14510 1421 
14528 1169 
14532 74 
14533 326 
14558 233 
14559 285 
14580 485 
14587 112 
14594 639 
14597 2230 
14602 176 
14609 1389 
14615 265 
14624 657 
14632 372 
14632 65 
14652 89 
14670 340 
14679 137 
14684 13522 
14689 89 
14693 1661 
14694 1369 
14702 317 
14742 232 
14749 69 
14752 18 
14762 124 
14778 481 
14779 6479 
14797 813 
14809 314 
14819 77 
14822 93 
14833 110 
14840 643 
14846 1 
14861 2154 
14865 15 
14866 5 
14896 1262 
14916 499 
14916 805 
14933 459 
14940 7 
14964 2320 
14969 1356 
14970 128 
14971 388 
14973 658 
15007 85 
15034 945 
15094 20 
15140 347 
15146 162 
15154 5700 
15171 50 
15194 16713 
15208 3100 
15218 829 
15228 234 
15242 1296 
15245 388 
15248 2 
15249 155 
15257 156 
15262 223 
15284 279 
15287 369 
15292 1079 
15305 615 
15312 1089 
15342 134 
15345 26 
15356 316 
15366 25 
15382 492 
15428 234 
15434 622 
15436 405 
15454 92 
15460 3704 
15477 156 
15481 56 
15511 2033 
15525 996 
15543 111 
15544 196910 
15554 1038 
15562 69 
15563 721 
15564 536 
15575 70 
15577 199 
15578 1228 
15581 402 
15588 791 
15589 1040 
15596 239 
15600 321 
15606 1240 
15614 1537 
15628 320 
15632 241 
15648 115 
15652 1027 
15711 106 
15732 853 
15771 413 
15817 276 
15834 724 
15842 3725 
15861 1489 
15864 1063 
15879 1208 
15893 1305 
15909 33967 
15942 278 
15943 86 
15944 1252 
15948 218 
15951 385 
15953 289 
15958 833 
15963 1518 
15965 853 
15981 588 
15985 691 
15988 1024 
15990 2193 
15991 136 
16005 277 
16008 16107 
16022 1013 
16032 281 
16038 241 
16043 5141 
16051 340 
16059 1486 
16063 337 
16078 933 
16083 59 
16096 462 
16105 184 
16110 851 
16126 1810 
16149 993 
16178 1 
16221 11 
16247 4616 
16260 625 
16269 40 
16276 2050 
16286 1687 
16296 967 
16300 997 
16304 131 
16332 118 
16337 653 
16376 8 
16377 242 
16378 83 
16379 339 
16380 616 
16416 70 
16425 1323 
16440 396 
16487 757 
16496 4 
16511 1041 
16521 57 
16524 831 
16550 21 
16565 472 
16575 63 
16597 525 
16615 70 
16635 28 
16649 111 
16657 1830 
16690 1630 
16706 9 
16721 612 
16752 1469 
16765 833 
16766 555 
16778 2060 
16824 2511 
16838 285 
16846 2078 
16868 931 
16904 2123 
16920 869 
16932 42 
16933 513 
16934 89 
16938 828 
16938 4 
16966 811 
16969 11 
16995 283 
17021 120 
17031 594 
17055 4519 
17066 92 
17081 374 
17089 289 
17096 1242 
17097 262 
17102 845 
17108 1397 
17109 6486 
17110 758 
17142 468 
17154 12 
17155 168 
17159 4 
17182 1282 
17183 629 
17190 837 
17215 268 
17217 6 
17217 1594 
17230 120 
17234 231 
17234 1396 
17235 556 
17236 2079 
17243 2374 
17264 137 
17276 55 
17284 4962 
17290 6 
17295 643 
17321 1044 
17324 1388 
17338 220 
17401 19 
17416 178 
17429 32 
17432 501 
17432 116 
17442 807 
17468 3527 
17478 713 
17511 1753 
17526 1009 
17537 2376 
17538 11 
17546 856 
17583 329 
17588 12 
17604 124 
17675 406 
17693 238 
17698 55 
17715 76 
17748 387 
17765 110 
17766 206 
17796 621 
17816 39 
17823 80 
17824 52 
17828 931 
17870 1124 
17881 985 
17881 70 
17887 639 
17889 1612 
17914 109 
17924 1254 
17931 649 
17932 337 
17940 349 
17943 22 
17959 1131 
17968 10 
17970 175 
17974 108 
17977 910 
17981 290 
17984 1238 
17998 420 
18001 131 
18004 252 
18019 239 
18023 85 
18024 633 
18027 66 
18033 1804 
18034 724 
18041 387 
18060 428 
18077 1448 
18092 277 
18099 854 
18102 648 
18105 57 
18109 707 
18117 69 
18125 2188 
18125 501 
18133 149 
18133 1136 
18157 1641 
18169 882 
18188 1133 
18195 602 
18203 781 
18214 19 
18239 42 
18274 848 
18276 37 
18276 102 
18278 1137 
18282 143 
18283 328 
18289 1044 
18290 1571 
18295 144 
18310 330 
18313 753 
18325 15 
18334 55124 
18346 270 
18366 320 
18366 39 
18374 802 
18378 341 
18396 602 
18397 660 
18398 72 
18399 1003 
18427 8621 
18435 402 
18449 616 
18452 1419 
18456 170 
18471 139 
18475 110 
18475 410 
18478 3525 
18491 7 
18493 1 
18513 517 
18515 827 
18530 913 
18534 49 
18537 104 
18564 245 
18566 1077 
18572 114 
18573 209 
18578 588 
18580 190 
18596 504 
18606 47 
18626 628 
18633 76 
18654 1840 
18664 16 
18667 21 
18678 3391 
18683 329 
18712 338 
18731 769 
18743 429 
18745 103 
18766 222 
18777 81 
18782 1094 
18784 21 
18792 19 
18863 3366 
18901 482 
18921 1095 
18949 4489 
18954 553 
18974 584 
18981 464 
18983 578 
18991 1760 
19028 1572 
19058 218 
19097 98 
19142 311 
19156 512 
19173 854 
19176 411 
19214 2492 
19239 528 
19314 305 
19341 151 
19346 10 
19350 1153 
19385 30 
19393 220 
19396 647 
19412 201 
19425 3439 
19438 131 
19445 295 
19451 714 
19460 260 
19479 928 
19511 35 
19521 209 
19528 81 
19537 24 
19561 114 
19582 129 
19593 373 
19599 4715 
19602 572 
19606 2034 
19611 115 
19612 1800 
19615 332 
19739 138 
19741 1297 
19742 907 
19799 177 
19808 612 
19847 377 
19874 143 
19896 70 
19913 586 
19922 145 
19950 89 
19986 199 
20018 111 
20032 64 
20065 3581 
20074 218 
20074 2607 
20087 498 
20103 739 
20104 1946 
20106 93 
20121 342 
20124 1436 
20155 477 
20197 1209 
20197 1209 
20201 93 
20201 93 
20202 1526 
20202 1526 
20236 127 
20298 2496 
20306 319 
20317 194 
20331 632 
20342 35 
20347 239 
20352 340 
20364 227 
20373 1231 
20379 304 
20413 3247 
20416 56 
20421 1090 
20433 545 
20434 10 
20441 2974 
20458 220 
20500 988 
20514 1056 
20532 54 
20580 152 
20606 58 
20607 110 
20618 444 
20633 320 
20660 2 
20698 5200 
20704 89 
20734 208 
20748 28 
20757 30 
20823 665 
20825 210 
20833 41 
20847 666 
20851 587 
20858 111 
20880 1778 
20888 198 
20896 13 
20913 351 
20939 934 
20967 9109 
20976 1133 
21032 737 
21034 1753 
21053 552 
21083 342 
21103 80 
21103 76 
21112 1061 
21126 193 
21126 1297 
21133 1681 
21180 6 
21260 524 
21265 1111 
21275 37 
21277 46 
21282 851 
21298 87 
21304 1041 
21321 19 
21353 3061 
21355 443 
21377 43 
21413 64 
21429 66 
21450 692 
21457 8 
21483 570 
21498 759 
21499 223 
21506 8 
21520 355 
21524 1305 
21546 7826 
21551 175 
21563 135 
21574 112 
21575 433 
21586 115 
21588 482 
21591 612 
21592 930 
21599 1054 
21602 1 
21613 480 
21619 1549 
21648 962 
21650 834 
21654 216 
21664 105 
21672 660 
21698 28 
21721 851 
21735 789 
21747 801 
21752 1102 
21756 86 
21761 4033 
21781 72 
21786 7423 
21796 79 
21802 323 
21803 238 
21806 1345 
21810 110 
21819 121 
21826 537 
21828 323 
21830 905 
21834 664 
21852 54 
21853 4858 
21869 1070 
21877 1037 
21880 23 
21885 560 
21889 218 
21907 233 
21910 1064 
21912 1380 
21919 280 
21926 9275 
21928 359 
21945 153 
21973 61 
21992 745 
21992 1413 
21998 60 
22007 68 
22014 559 
22020 1183 
22025 43 
22038 254 
22045 5179 
22051 3789 
22058 322 
22060 4099 
22083 2452 
22083 1664 
22089 359 
22120 268 
22123 1263 
22127 1511 
22148 346 
22157 18 
22177 200 
22182 2722 
22183 60 
22188 1 
22202 1190 
22215 218 
22232 169 
22232 1149 
22240 576 
22243 43 
22245 451 
22258 2168 
22259 1809 
22277 4861 
22281 3985 
22293 980 
22306 200 
22307 393 
22309 1380 
22316 59 
22364 700 
22365 1147 
22374 233 
22406 313 
22442 1266 
22468 360 
22490 200 
22501 299 
22511 2780 
22522 321 
22524 401 
22534 197 
22563 151 
22598 764 
22606 13 
22620 19267 
22624 3130 
22651 128 
22652 271 
22654 3406 
22664 406 
22689 735 
22695 8 
22696 379 
22731 179 
22767 2292 
22796 1605 
22846 130 
22888 80 
22906 18 
22919 1096 
22924 415 
22993 150 
23086 220 
23097 372 
23122 2710 
23124 52 
23126 656 
23126 104 
23131 93 
23139 1758 
23152 447 
23176 4352 
23184 3008 
23191 223 
23195 870 
23199 5663 
23206 62 
23227 510 
23250 851 
23266 74 
23280 130 
23314 37 
23360 216 
23362 44543 
23393 1266 
23455 240 
23464 1009 
23482 26 
23515 114 
23523 140 
23528 100 
23553 1358 
23563 1611 
23593 396 
23612 124 
23617 1040 
23636 309 
23647 887 
23648 267 
23659 88 
23683 54 
23708 122 
23717 482 
23765 17 
23767 459 
23784 550 
23809 32 
23820 1359 
23890 759 
23908 288 
23918 153 
23921 5672 
23924 6435 
23934 135 
23950 312 
23955 1376 
23966 125 
23971 11 
23972 467 
23976 3286 
23995 3015 
24007 1181 
24018 252 
24089 70 
24098 42 
24101 377 
24167 1574 
24180 1694 
24190 284 
24192 559 
24195 2092 
24247 1617 
24249 1050 
24257 673 
24282 1480 
24282 486 
24293 242 
24322 314 
24331 13 
24347 29 
24349 8 
24350 848 
24359 21 
24369 962 
24378 27 
24382 703 
24400 148 
24424 1000 
24439 105 
24464 5670 
24496 437 
24510 1805 
24511 479 
24525 110 
24531 2142 
24532 1734 
24535 1882 
24540 34 
24552 1862 
24553 307 
24555 400 
24574 1041 
24616 702 
24635 586 
24639 261 
24673 1157 
24680 2023 
24707 369 
24711 146 
24722 577 
24744 35 
24760 266 
24778 1397 
24785 89 
24804 251 
24839 552 
24856 526 
24881 43 
24894 706 
24898 304 
24971 3884 
24993 373 
24997 2019 
25012 1859 
25015 63 
25018 370 
25025 690 
25115 1173 
25115 2134 
25145 2076 
25171 3342 
25202 562 
25223 238 
25256 1814 
25275 570 
25325 340 
25344 86 
25345 1192 
25390 888 
25463 1445 
25514 2288 
25534 1153 
25570 1948 
25645 109 
25675 77 
25677 412 
25691 61 
25691 501 
25700 115 
25712 1255 
25730 525 
25776 70 
25894 803 
25924 26 
25980 38 
26069 1 
26157 739 
26194 29 
26195 556 
26220 2479 
26266 66 
26276 564 
26296 10474 
26333 328 
26362 52 
26406 927 
26497 108 
26503 573 
26523 346 
26545 766 
26571 654 
26592 186 
26593 391 
26624 3 
26643 2654 
26670 391 
26678 42 
26701 3483 
26726 101 
26800 874 
26845 7677 
26857 1522 
26865 243 
26903 815 
26913 2316 
26931 180 
26940 523 
26956 1413 
27013 259 
27015 594 
27024 210 
27050 151 
27053 26 
27077 242 
27097 234 
27157 14 
27198 305 
27212 236 
27232 1585 
27298 196 
27314 435 
27343 280 
27449 1023 
27463 106 
27555 31 
27643 2044 
27671 3 
27672 375 
27681 6501 
27703 642 
27787 438 
27806 130 
27844 2 
27938 912 
27953 422 
27993 179 
28005 11393 
28021 266 
28083 8350 
28115 5530 
28121 295 
28153 1750 
28166 385 
28202 315 
28223 821 
28231 881 
28276 1996 
28280 30 
28286 1596 
28339 524 
28483 265 
28553 174 
28584 110 
28587 38 
28653 515 
28749 4275 
28753 96 
28761 324 
28785 29 
28841 728 
28902 436 
28922 2722 
28996 426 
29004 6 
29100 36 
29102 39 
29136 1079 
29171 1085 
29227 3330 
29351 1341 
29368 737 
29393 84 
29514 1130 
29575 2504 
29586 205 
29853 14 
29897 132 
29925 560 
29938 766 
30093 19 
30130 1079 
30175 80 
30222 151 
30259 164 
30282 25 
30309 1042 
30337 1045 
30379 1207 
30406 4292 
30421 0 
30428 659 
30460 719 
30486 2248 
30642 1690 
30669 5987 
30679 166 
30699 3226 
30716 418 
30741 106 
30770 1923 
30808 28 
30835 484 
30886 127 
30933 1934 
30943 394 
30951 2334 
30968 1292 
31002 6485 
31053 373 
31071 2682 
31089 220 
31091 401 
31110 23 
31143 1852 
31240 271 
31260 280 
31297 1387 
31312 27885 
31331 371 
31361 164 
31400 881 
31413 958 
31452 2461 
31472 79 
31487 503 
31518 569 
31532 3517 
31549 327 
31616 255 
31667 85 
31779 78 
31810 261 
31843 709 
31928 21 
31938 305 
31988 626 
32021 339 
32093 2050 
32171 7 
32171 1005 
32193 3376 
32343 157 
32351 1000 
32371 871 
32632 298 
32676 1808 
32722 987 
32792 1157 
32801 117 
32901 2552 
32959 632 
33002 43 
33040 164 
33076 459 
33141 326 
33231 3 
33252 767 
33291 855 
33316 1581 
33615 148 
33707 743 
33714 199 
33799 2042 
33809 34 
33814 276 
33821 828 
33907 99 
33915 12 
33951 167 
33986 145 
34080 205 
34196 357 
34199 813 
34344 1069 
34350 10961 
34361 805 
34462 2289 
34473 1025 
34569 69 
34649 328 
34691 458 
34721 292 
34759 6737 
34773 1127 
34791 684 
34796 402 
34813 87 
34826 439 
35062 964 
35275 2490 
35275 2490 
35276 7091 
35276 7091 
35353 279 
35353 279 
35397 561 
35402 523 
35404 295 
35499 40986 
35577 74 
35580 84 
35590 4357 
35598 1270 
35688 132 
35830 1114 
35934 439 
36010 537 
36136 2064 
36242 169 
36245 12 
36263 178 
36297 1925 
36346 146 
36348 1210 
36366 810 
36469 1068 
36493 3443 
36569 2171 
36613 6326 
36621 56 
36633 811 
36719 931 
36802 134 
36982 783 
37117 564 
37145 1974 
37159 2864 
37235 66 
37251 346 
37264 260 
37324 2763 
37396 765 
37436 2222 
37465 422 
37510 263 
37561 154 
37717 37 
37884 345 
37890 636 
37986 186 
37996 9 
38009 188 
38040 530 
38056 1408 
38330 1216 
38367 3504 
38375 34 
38406 4 
38468 1194 
38613 1453 
38728 42 
38734 533 
38809 536 
38823 227 
38846 182 
38887 372 
38927 820 
38927 313 
38929 10767 
38976 216 
39021 1779 
39088 1498 
39160 821 
39171 12 
39256 1032 
39296 167 
39321 751 
39474 56 
39490 1151 
39491 23 
39552 158 
39579 14116 
39637 100 
39767 1637 
39811 106 
39868 145 
39944 129 
40019 2131 
40032 206 
40047 28 
40097 424 
40230 305 
40288 706 
40289 832 
40301 145 
40357 115 
40427 506 
40548 114 
40584 16 
40586 2515 
40587 8219 
40612 905 
40640 11283 
40648 104 
40661 554 
40700 744 
40710 467 
40711 1507 
40723 163 
40731 704 
40749 690 
40755 2357 
40889 1738 
40906 56 
40908 7273 
40912 248 
40916 225 
40988 20697 
41049 1863 
41052 0 
41140 152 
41147 3349 
41342 416 
41552 116 
41705 96 
41782 188 
41826 352 
41878 350 
41889 1211 
41892 485 
41904 79 
41977 256 
41978 354 
42019 457 
42087 376 
42214 176 
42309 376 
42353 27 
42482 453 
42541 562 
42601 417 
42627 2567 
42689 707 
42706 2313 
42714 932 
42810 927 
42847 7468 
42860 301 
42885 266 
42912 572 
42963 4387 
43000 3496 
43020 651 
43036 1127 
43042 89 
43065 14309 
43085 1981 
43106 666 
43111 629 
43113 11 
43114 2068 
43165 2856 
43177 1613 
43200 811 
43250 93 
43292 590 
43298 211 
43302 350 
43340 3197 
43366 11948 
43476 52 
43633 260 
43645 47 
43778 7 
43827 1817 
43844 1704 
43848 358 
43874 1378 
43936 2375 
43979 52 
44003 774 
44062 298 
44108 551 
44114 926 
44150 211 
44154 721 
44265 565 
44481 161 
44529 646 
44542 332 
44572 817 
44574 632 
44650 3387 
44672 2206 
44774 2638 
44833 718 
44931 215 
44933 425 
44991 591 
44994 117 
45008 434 
45010 1278 
45023 1635 
45042 337 
45093 275 
45203 1397 
45232 2326 
45378 686 
45471 887 
45482 285 
45503 519 
45526 1865 
45530 1473 
45571 1223 
45588 227 
45733 3437 
45745 13 
45767 81 
45779 267 
45822 612 
45831 1778 
45883 862 
45918 435 
45980 108 
46084 1979 
46119 275 
46121 56 
46149 121 
46189 670 
46233 2878 
46280 397 
46379 846 
46411 295 
46543 2 
46552 346 
46591 943 
46658 58 
46739 14223 
46750 308 
46787 1189 
46795 1168 
46803 2919 
46865 200 
46906 673 
46906 2460 
46923 35 
47095 1742 
47173 32964 
47206 252 
47208 472 
47239 1268 
47242 694 
47280 580 
47485 170 
47515 502 
47610 13 
47651 5501 
47726 2276 
47771 1674 
47799 640 
47817 46 
47825 364 
47900 834 
47901 286 
47954 3612 
47960 1293 
47966 918 
48026 1362 
48044 555 
48050 1872 
48097 322 
48100 1081 
48138 1745 
48208 159 
48255 202 
48299 525 
48333 715 
48390 8 
48436 702 
48513 20 
48520 705 
48538 1062 
48615 1256 
48680 543 
48699 339 
48711 1226 
48781 84 
48879 356 
48883 2021 
48973 2521 
49009 253 
49039 1288 
49068 791 
49106 2 
49112 952 
49175 284 
49181 321 
49217 157 
49252 27 
49268 2716 
49300 152 
49405 1752 
49444 515 
49450 154 
49476 1455 
49562 67 
49574 266 
49625 1122 
49651 844 
49674 707 
49694 290 
49695 1369 
49750 993 
49840 115 
49864 39 
49901 41 
50033 210 
50056 28 
50113 216 
50221 1262 
50252 336 
50260 5562 
50266 233 
50325 117 
50334 773 
50366 329 
50367 525 
50387 1066 
50592 989 
50642 932 
50684 3122 
50804 289 
50805 43 
50877 1338 
50913 4822 
50936 2053 
51003 350 
51211 811 
51257 69 
51272 4822 
51281 157 
51287 588 
51354 770 
51365 1 
51389 24016 
51421 1397 
51424 6637 
51484 301 
51501 155 
51547 791 
51569 195 
51670 339 
51691 134 
51695 198 
51716 169 
51814 45 
51845 1690 
51884 3085 
51979 5634 
52019 301 
52055 1544 
52068 240 
52085 2040 
52113 1312 
52309 2293 
52336 332 
52344 1652 
52347 233 
52360 32560 
52395 229 
52400 688 
52406 248 
52407 20 
52415 3548 
52416 489 
52416 51 
52418 231 
52438 648 
52472 1454 
52486 600 
52508 3377 
52523 1396 
52526 1052 
52531 1123 
52612 97 
52653 106 
52661 6 
52715 1296 
52752 577 
52763 528 
52838 100 
52847 379 
52888 57 
52925 1110 
52937 141 
52977 480 
52994 4580 
52996 3094 
52996 396 
53007 249 
53183 839 
53221 10 
53223 461 
53251 634 
53276 87 
53288 332 
53291 834 
53307 74 
53351 2591 
53365 435 
53413 91 
53460 685 
53460 1504 
53463 1770 
53472 131 
53477 627 
53486 661 
53496 782 
53511 525 
53525 381 
53545 1188 
53553 598 
53555 357 
53593 177 
53636 12 
53656 153 
53667 681 
53696 66 
53699 423 
53727 2012 
53756 4 
53776 1785 
53792 261 
53820 2124 
53821 669 
53843 2145 
53927 395 
53955 77 
53978 241 
53984 731 
53985 597 
53988 251 
53989 1816 
54106 36 
54120 223 
54126 1018 
54176 862 
54185 356 
54218 9030 
54244 347 
54287 168 
54305 215 
54319 413 
54349 4 
54434 282 
54471 266 
54565 1261 
54568 14199 
54609 2292 
54611 5610 
54625 2488 
54653 704 
54653 4137 
54701 149 
54711 1064 
54752 224 
54791 1608 
54806 35 
54821 6049 
54854 1149 
54857 405 
54921 135 
54926 59 
54935 535 
54943 1938 
54958 2652 
54995 119 
55015 101 
55043 346 
55123 33 
55154 491 
55211 1479 
55252 453 
55268 10 
55309 1051 
55373 367 
55374 954 
55377 179 
55479 696 
55492 909 
55507 1030 
55511 22 
55518 641 
55531 619 
55538 30 
55566 906 
55591 460 
55591 630 
55613 184 
55645 317 
55670 404 
55682 409 
55686 54 
55691 465 
55692 751 
55744 912 
55755 295 
55773 98 
55836 1833 
55854 936 
55907 218 
55947 114 
55959 1323 
55990 1214 
56056 3342 
56082 763 
56093 89 
56112 693 
56122 606 
56142 1865 
56150 2739 
56179 2256 
56191 1753 
56215 528 
56220 0 
56223 468 
56231 2350 
56296 233 
56300 286 
56361 988 
56448 140 
56470 539 
56482 1564 
56496 880 
56497 437 
56501 2043 
56512 832 
56532 839 
56551 53 
56605 7395 
56606 69 
56618 41 
56629 1238 
56637 188 
56653 1683 
56653 1324 
56662 594 
56668 391 
56705 797 
56708 114 
56721 19 
56742 157 
56758 1141 
56771 667 
56799 773 
56806 305 
56852 487 
56863 427 
56868 21510 
56898 1458 
56904 353 
56908 12125 
56912 1023 
56940 3426 
56941 173 
56951 915 
56956 234 
56964 1490 
56967 169 
56971 1056 
56990 241 
57001 542 
57009 438 
57022 896 
57060 7999 
57113 2107 
57139 365 
57146 71 
57154 947 
57170 413 
57185 835 
57212 388 
57258 586 
57297 1173 
57339 806 
57346 806 
57365 252 
57390 392 
57409 780 
57411 232 
57424 439 
57436 40 
57439 1634 
57445 127 
57448 393 
57453 547 
57470 1151 
57482 139 
57518 46883 
57535 314 
57547 256 
57553 267 
57566 1121 
57578 243 
57582 887 
57583 88 
57588 799 
57614 39 
57615 1098 
57631 3107 
57638 51 
57645 55 
57679 171 
57692 1362 
57705 158 
57777 2579 
57787 1433 
57799 520 
57802 649 
57834 2430 
57857 625 
57869 1750 
57874 472 
57890 4953 
57912 1987 
57921 140 
57956 1110 
57967 534 
57988 756 
57991 2312 
57993 397 
58015 306 
58025 131 
58027 148 
58099 1107 
58120 1117 
58151 1031 
58164 413 
58164 974 
58186 79 
58197 403 
58208 1780 
58214 67 
58256 300 
58268 1679 
58273 434 
58281 209 
58284 310 
58318 2255 
58353 138 
58378 1337 
58379 161 
58470 2730 
58480 1 
58586 960 
58595 1010 
58616 1167 
58721 2595 
58751 580 
58766 39 
58775 599 
58822 1524 
58839 748 
58859 542 
58873 2087 
58879 837 
58966 175 
58966 1224 
59036 1909 
59036 465 
59040 4050 
59084 3685 
59165 43 
59186 1670 
59214 100 
59218 694 
59219 6421 
59219 1988 
59249 153 
59285 1127 
59310 1196 
59359 159 
59364 809 
59381 452 
59391 1759 
59441 241 
59514 230 
59518 223 
59563 9078 
59570 1535 
59640 4680 
59677 1346 
59689 416 
59711 426 
59729 88 
59735 4 
59755 296 
59768 194 
59792 88 
59804 199 
59815 434 
59927 2899 
59940 979 
59949 105 
59991 1589 
60003 1261 
60005 597 
60014 1590 
60022 22121 
60038 2736 
60055 14 
60058 1090 
60061 453 
60077 1017 
60082 268 
60092 391 
60096 494 
60103 1415 
60114 295 
60118 2032 
60139 233 
60173 49 
60181 1227 
60184 1039 
60191 281 
60206 5063 
60227 27 
60283 434 
60285 258 
60322 7554 
60330 640 
60346 170 
60346 1169 
60392 58 
60431 631 
60448 324 
60515 413 
60533 90 
60536 480 
60554 220 
60565 1095 
60599 162 
60666 957 
60678 74 
60696 543 
60705 3940 
60734 79 
60808 79 
60818 741 
60865 1220 
60867 670 
60887 127 
60895 4258 
60921 760 
60935 442 
60944 229 
61043 956 
61113 816 
61153 6808 
61155 555 
61190 5504 
61237 1725 
61243 509 
61263 341 
61295 2966 
61313 405 
61336 356 
61343 1157 
61372 1370 
61398 1705 
61470 1099 
61495 265 
61514 15088 
61524 171 
61560 238 
61568 3350 
61571 624 
61614 154 
61614 1013 
61620 1294 
61639 207 
61656 394 
61669 940 
61795 41 
61868 156 
61927 1076 
61942 715 
62001 10 
62016 73 
62031 36 
62094 2106 
62115 587 
62126 2755 
62203 1539 
62213 2345 
62232 285 
62256 31 
62266 1970 
62281 8953 
62283 211 
62291 380 
62298 1006 
62311 128 
62323 309 
62323 255 
62326 414 
62326 826 
62464 80 
62513 208 
62672 7 
62746 727 
62762 715 
62873 1197 
62887 88 
62895 4070 
62898 58 
62972 85 
62980 810 
63015 1825 
63055 545 
63087 477 
63097 1168 
63098 132 
63109 406 
63166 11 
63190 827 
63204 663 
63241 460 
63392 81 
63439 618 
63462 473 
63464 27567 
63478 2807 
63489 296 
63504 391 
63504 2502 
63508 497 
63511 1121 
63539 168 
63542 531 
63550 2481 
63565 1307 
63577 10317 
63579 1618 
63638 1175 
63639 1321 
63644 1614 
63664 152 
63669 655 
63713 22 
63758 4539 
63763 3719 
63800 477 
63800 3734 
63912 148 
63919 56 
63919 531 
63956 598 
63961 1556 
64110 637 
64110 678 
64133 123 
64140 1251 
64273 377 
64279 282 
64305 3039 
64317 61 
64430 1510 
64433 229 
64459 942 
64518 71 
64568 1720 
64577 211 
64618 361 
64646 248 
64651 2 
64678 960 
64694 170 
64717 116 
64718 263 
64731 653 
64773 263 
64776 272 
64833 551 
64853 572 
64879 464 
64888 5 
64968 27 
64971 41547 
64984 452 
64994 256 
65056 266 
65068 581 
65075 656 
65101 837 
65131 536 
65225 439 
65283 1099 
65288 1756 
65290 729 
65346 220 
65357 1847 
65368 677 
65390 785 
65391 4 
65407 174 
65481 1157 
65548 312 
65562 531 
65596 1918 
65629 107 
65639 850 
65701 281 
65779 3791 
65832 120 
65855 333 
65878 710 
65921 900 
65942 122 
65944 3101 
66018 74 
66042 741 
66107 1866 
66143 3347 
66147 4202 
66176 1302 
66180 340 
66192 846 
66206 410 
66220 1720 
66258 232 
66288 1089 
66320 46 
66375 237 
66411 1093 
66500 322 
66547 607 
66568 1791 
66627 138 
66633 251 
66652 512 
66669 403 
66670 321 
66709 167 
66731 30 
66772 261 
66866 194 
66892 142 
66946 1192 
66986 177 
66987 455 
67044 32 
67047 2213 
67079 2389 
67098 181 
67135 10 
67202 10 
67220 171 
67227 9414 
67254 986 
67398 381 
67420 290 
67433 2899 
67479 796 
67500 247 
67521 2605 
67522 3087 
67531 225 
67535 84 
67539 414 
67561 952 
67681 552 
67714 1425 
67733 106 
67740 27318 
67769 325 
67798 595 
67810 2683 
67813 2242 
67862 718 
67874 327 
67940 2707 
68021 8 
68049 752 
68073 1062 
68086 640 
68092 383 
68110 7691 
68123 331 
68169 32 
68169 1107 
68225 368 
68267 1391 
68275 405 
68278 3583 
68305 731 
68316 1089 
68321 1807 
68329 932 
68334 2029 
68352 408 
68453 195 
68458 2323 
68472 313 
68498 1072 
68499 347 
68506 1137 
68517 313 
68551 170 
68568 252 
68603 178 
68617 71 
68677 816 
68696 5265 
68713 5183 
68717 1636 
68763 11353 
68766 100 
68767 580 
68781 4306 
68857 2676 
68894 132 
68912 447 
68914 364 
68914 148 
68930 136 
68932 174 
68964 592 
68981 3 
69010 140 
69064 376 
69077 820 
69155 606 
69188 756 
69205 3496 
69243 407 
69273 925 
69295 85 
69349 3858 
69351 11 
69353 477 
69373 307 
69378 866 
69426 307 
69525 1905 
69640 3134 
69657 303 
69680 393 
69717 50 
69733 74 
69765 1517 
69834 415 
69883 1347 
69955 32 
69998 9924 
70006 0 
70008 11586 
70013 194 
70040 1081 
70040 2292 
70053 75 
70109 637 
70115 455 
70143 8 
70146 635 
70146 1572 
70160 372 
70206 88 
70249 2372 
70258 658 
70262 4668 
70285 380 
70295 1213 
70334 32 
70400 44 
70408 223 
70475 1272 
70500 1803 
70522 60 
70696 560 
70766 1441 
70802 481 
70812 1411 
70813 271 
70826 361 
70880 1938 
70985 195 
70993 1036 
71015 87 
71018 1004 
71049 31 
71065 570 
71088 551 
71090 2198 
71116 1663 
71149 3003 
71152 667 
71165 1406 
71174 5664 
71204 4280 
71208 834 
71213 665 
71223 969 
71229 2015 
71277 243 
71292 29 
71316 2329 
71458 39 
71459 1144 
71527 1341 
71579 259 
71665 283 
71667 88 
71700 1422 
71715 15 
71745 41 
71776 51761 
71811 2828 
71815 194 
71835 326 
71840 1875 
71861 993 
71869 82 
71872 5696 
71876 458 
71886 7 
71916 2536 
71936 2780 
71966 14 
71986 1767 
71986 1067 
72009 115 
72034 507 
72041 230 
72067 218 
72108 1039 
72118 722 
72163 315 
72228 266 
72267 426 
72284 393 
72354 303 
72404 689 
72414 183 
72414 75 
72463 926 
72497 248 
72506 957 
72653 1912 
72734 835 
72755 464 
72784 750 
72789 358 
72791 3126 
72815 1409 
72824 10 
72854 370 
72859 71 
72899 1278 
72900 1132 
72983 1753 
73013 186 
73044 185 
73048 948 
73060 150 
73092 339 
73275 420 
73291 971 
73313 307 
73316 49 
73320 201 
73325 850 
73353 1253 
73354 963 
73367 1124 
73431 824 
73553 403 
73568 597 
73612 41832 
73612 3570 
73616 431 
73650 322 
73652 461 
73675 4 
73718 774 
73729 1789 
73751 1160 
73780 596 
73783 29 
73788 1760 
73789 620 
73804 770 
73809 810 
73815 1811 
73834 1032 
73836 1275 
73864 198 
73865 515 
73893 505 
73897 156 
73930 2317 
73942 1293 
73982 999 
73995 1099 
74008 15 
74039 122 
74049 140 
74108 0 
74122 726 
74128 1168 
74141 2077 
74158 286 
74261 307 
74282 285 
74292 107 
74296 2166 
74339 161 
74342 2287 
74351 4622 
74360 688 
74360 7045 
74379 254 
74385 25 
74433 441 
74452 645 
74485 750 
74513 859 
74534 3986 
74544 5028 
74558 1469 
74561 392 
74603 28761 
74626 591 
74648 102 
74651 235 
74677 78 
74681 790 
74701 923 
74708 1473 
74724 69 
74733 761 
74750 1952 
74752 2658 
74760 10 
74776 1985 
74791 36 
74798 1048 
74805 607 
74821 512 
74861 230 
74884 1041 
74918 1254 
74935 161 
74990 1192 
75003 3185 
75004 1199 
75006 1302 
75015 484 
75019 12079 
75028 322 
75030 66 
75043 1215 
75061 1836 
75072 1369 
75096 3072 
75103 1524 
75110 462 
75121 359 
75130 27 
75137 577 
75150 777 
75172 1954 
75181 725 
75190 138 
75246 885 
75264 85 
75268 956 
75270 874 
75293 191 
75294 452 
75323 1799 
75372 245 
75381 105 
75388 180 
75413 2589 
75434 1249 
75449 1816 
75476 310 
75486 2399 
75526 1435 
75563 1468 
75601 376 
75621 23 
75693 729 
75765 1762 
75816 45 
75824 815 
75850 1273 
75905 3370 
75956 464 
76106 1444 
76148 672 
76258 10 
76297 6188 
76331 513 
76389 303 
76397 2874 
76438 1259 
76457 91 
76484 685 
76502 1412 
76512 307 
76543 34 
76579 679 
76589 1232 
76617 5335 
76620 384 
76658 503 
76672 445 
76676 1052 
76683 336 
76716 112799 
76727 854 
76746 365 
76758 142 
76759 12020 
76774 995 
76776 1378 
76784 351 
76786 496 
76787 41 
76787 11 
76791 931 
76793 349 
76794 34 
76797 6437 
76803 106 
76805 256 
76809 5042 
76810 137 
76815 2776 
76817 39 
76817 3639 
76835 1168 
76847 41 
76863 2078 
76864 1091 
76876 125 
76878 340 
76886 503 
76887 199 
76887 655 
76897 21580 
76900 277 
76903 828 
76911 87 
76919 260 
76919 67 
76928 417 
76957 1365 
76958 719 
76985 54 
77026 265 
77058 145 
77062 317 
77078 1031 
77085 240 
77100 134 
77103 1461 
77106 2389 
77106 398 
77138 16687 
77138 698 
77158 2564 
77183 739 
77192 230 
77197 181 
77197 1178 
77318 89 
77319 1762 
77343 91 
77346 453 
77350 48 
77379 930 
77395 299 
77399 1630 
77435 434 
77494 1473 
77510 22 
77511 6271 
77534 359 
77538 7692 
77539 539 
77540 1851 
77545 929 
77559 308 
77561 1219 
77561 145 
77569 135 
77590 2021 
77600 336 
77601 1603 
77612 850 
77633 188 
77635 338 
77672 103 
77687 222 
77688 283 
77754 6028 
77818 378 
77822 54 
77838 141 
77867 887 
77869 1209 
77876 975 
77893 1823 
77959 1069 
77991 318 
78029 572 
78090 1482 
78172 1565 
78179 424 
78221 176 
78392 363 
78397 317 
78411 2340 
78436 773 
78497 274 
78543 1073 
78551 971 
78617 455 
78761 356 
78841 9 
78844 0 
78872 4 
78872 981 
78901 1583 
78915 267 
78923 610 
78953 7325 
78977 190 
78986 456 
78992 507 
79145 140 
79192 741 
79193 315 
79221 45 
79231 2004 
79237 596 
79272 692 
79287 899 
79289 2608 
79307 1417 
79317 20 
79376 317 
79387 117 
79398 1233 
79439 2723 
79494 1572 
79549 247 
79584 3063 
79614 1085 
79702 1039 
79731 594 
79741 530 
79826 1025 
80012 4277 
80020 104 
80127 214 
80199 7 
80239 93 
80258 552 
80306 191 
80337 799 
80348 358 
80362 2054 
80393 504 
80443 1131 
80444 405 
80525 457 
80578 122 
80654 3236 
80703 232 
80703 752 
80706 101 
80786 696 
80787 275 
80791 768 
80805 1308 
80827 343 
80844 233 
80845 1047 
80869 217 
80901 2701 
80933 178 
81033 1049 
81114 279 
81123 98 
81140 1151 
81150 347 
81157 1613 
81158 1286 
81166 526 
81169 688 
81231 55 
81256 230 
81327 663 
81365 281 
81365 281 
81378 1317 
81378 1317 
81383 67 
81383 67 
81442 178 
81491 663 
81537 1248 
81567 360 
81591 2036 
81600 623 
81625 145 
81646 1063 
81651 364 
81702 289 
81809 772 
81819 141 
81862 1125 
81928 4920 
81974 973 
81980 423 
81981 406 
81995 538 
82021 199 
82040 795 
82042 2460 
82060 848 
82061 4282 
82078 1360 
82086 349 
82109 380 
82149 621 
82158 3737 
82211 821 
82260 684 
82303 1047 
82348 60 
82390 3112 
82436 516 
82468 878 
82472 384 
82497 1659 
82499 301 
82509 2812 
82518 744 
82609 1204 
82615 3854 
82626 161 
82640 3984 
82650 192 
82664 1878 
82668 3264 
82669 1618 
82700 182 
82704 204 
82707 263 
82730 271 
82736 13 
82746 36461 
82751 31 
82760 2213 
82774 281 
82776 449 
82776 747 
82781 882 
82793 2686 
82805 1754 
82812 184 
82813 780 
82816 138 
82817 422 
82818 789 
82823 1454 
82854 7 
82908 1147 
82921 10 
82967 514 
82985 307 
83073 195 
83075 57 
83077 76 
83082 90 
83159 2044 
83170 2470 
83205 405 
83418 1606 
83419 628 
83427 460 
83453 718 
83484 1466 
83539 3592 
83546 281 
83642 748 
83708 184 
84134 392 
84223 1015 
84288 2137 
84316 883 
84328 5230 
84330 123 
84358 355 
84361 786 
84484 240 
84546 484 
84636 173 
84648 2278 
84716 119 
84844 17090 
84886 1048 
84897 395 
84926 2152 
85112 0 
85123 1268 
85128 7472 
85141 575 
85176 61 
85245 391 
85268 9986 
85301 232 
85317 653 
85321 380 
85542 655 
85568 1088 
85637 1434 
85687 490 
85700 501 
85727 134 
85809 635 
85824 1346 
85834 789 
85894 4426 
86019 130 
86064 307 
86083 939 
86091 80 
86168 408 
86203 406 
86215 1087 
86291 2181 
86311 674 
86335 246 
86396 551 
86441 144 
86445 2400 
86463 1274 
86537 187 
86596 245 
86658 1490 
86686 12 
86753 787 
86796 1193 
86799 291 
86833 549 
86915 247 
86951 238 
87019 271 
87055 366 
87165 294 
87187 2465 
87221 189 
87236 24634 
87244 5416 
87250 9497 
87258 663 
87270 969 
87279 26 
87282 59 
87294 71 
87318 185 
87320 1471 
87321 2259 
87324 202 
87326 335 
87331 139 
87354 2629 
87389 360 
87409 1071 
87472 103 
87512 785 
87648 1998 
87662 148 
87668 168 
87678 123 
87691 1081 
87707 115 
87719 14 
87719 209 
87757 88 
87807 2075 
87876 3955 
87877 607 
87919 355 
87922 91 
87992 8 
87993 113 
87998 504 
88029 479 
88097 7716 
88156 364 
88166 3259 
88199 796 
88241 735 
88335 829 
88359 713 
88462 1453 
88561 757 
88596 309 
88617 384 
88706 23 
88744 815 
89166 33 
89203 259 
89268 9262 
89271 1435 
89279 570 
89290 1427 
89294 563 
89305 4803 
89310 95 
89317 301 
89514 19 
89543 3932 
89587 1047 
89720 1027 
89750 1749 
89766 103 
89794 437 
89917 65 
89938 489 
89976 1016 
90022 1664 
90049 606 
90296 211 
90303 16 
90317 1214 
90319 1086 
90380 154 
90397 264 
90544 1327 
90567 61 
90712 4638 
90724 2916 
90725 2185 
90756 4958 
90779 4019 
90787 312 
90849 413 
90875 143 
90892 398 
90905 952 
90942 1184 
90963 548 
91047 77 
91060 59 
91072 59 
91148 1460 
91171 132 
91190 60 
91197 397 
91214 91 
91222 321 
91266 19 
91457 112 
91476 367 
91500 862 
91587 703 
91615 493 
91627 3024 
91663 2986 
91696 21 
91720 1331 
91728 1482 
91785 847 
91836 1 
91839 287 
91900 398 
91954 2295 
92070 186 
92081 992 
92107 1642 
92119 580 
92122 4496 
92127 352 
92133 34 
92151 1747 
92167 1527 
92176 409 
92183 1778 
92187 561 
92271 2969 
92288 1327 
92320 1524 
92330 225 
92377 70 
92507 2092 
92529 246 
92529 634 
92541 1275 
92557 5343 
92583 395 
92589 1082 
92628 469 
92648 132 
92665 2103 
92703 1554 
92714 231 
92916 1123 
92925 798 
92963 1397 
92974 267 
92976 5356 
92986 3079 
92997 600 
93015 547 
93015 164 
93071 17 
93107 954 
93159 46 
93180 519 
93258 416 
93301 520 
93374 342 
93557 2530 
93676 3177 
93691 2464 
93698 949 
93723 19 
93771 92 
93775 1496 
93776 7927 
93802 354 
93806 599 
93842 128 
93861 303 
93902 321 
93929 971 
93956 7 
94085 269 
94129 39 
94143 1025 
94189 590 
94191 1324 
94215 785 
94234 1071 
94252 1348 
94265 127 
94320 1207 
94457 118 
94497 7273 
94521 102 
94541 110 
94703 4234 
94728 173 
94729 3574 
94769 2 
94771 1378 
105273 457 
105304 2256 
105316 445 
105344 350 
105536 726 
105555 69304 
105585 473 
105588 485 
105591 828 
105595 166 
105601 1032 
105606 88 
105659 742 
105671 856 
105674 263 
105708 207 
105724 1757 
105844 355 
105856 788 
105901 1335 
105917 1711 
105922 1483 
106001 300 
106232 255 
106290 220 
106454 142 
106506 194 
106719 119 
106727 207 
106792 1671 
106816 236 
106843 784 
106876 1069 
106919 610 
106935 925 
106951 1267 
106953 808 
106974 997 
106988 2113 
107084 804 
107105 337 
107115 128 
107153 188 
107159 9783 
107204 1579 
107260 1980 
107269 197 
107285 5689 
107299 480 
107299 376 
107303 301 
107310 1101 
107335 4 
107377 161 
107390 661 
107411 166 
107448 583 
107538 177 
107545 7929 
107573 585 
107669 2026 
107699 411 
107758 1036 
107891 1 
108013 225 
108153 277 
108355 2887 
108369 241 
108407 64 
108444 5723 
108547 1214 
108629 148 
108668 2867 
108681 7 
108715 19 
108731 148 
108756 4405 
108775 520 
108810 83 
108849 164 
109294 1649 
109367 2280 
109430 1 
109476 240 
109557 351 
109661 180 
109896 264 
109953 115 
110076 3392 
110259 8 
110400 156 
110400 156 
110421 908 
110783 551 
110819 976 
110822 1773 
110875 254 
110966 1156 
111183 2433 
111188 75 
111201 116 
111259 205 
111261 47 
111290 167 
112064 91 
112201 490 
112208 295 
112224 561 
112351 167 
112362 41 
112456 389 
112656 1427 
112788 201 
112829 610 
112992 132 
112998 170 
113031 19 
113221 141 
113310 235 
113352 313 
113932 123 
114009 345 
114027 104 
114092 276 
114099 331 
114158 1721 
114417 361 
114609 98 
114627 342 
114752 359 
114758 1046 
114818 2091 
114852 33 
114898 964 
114983 137 
115330 855 
115466 408 
115846 323 
115934 576 
115998 350 
116049 615 
116240 938 
116341 715 
116497 34 
116581 826 
116704 572 
116710 1373 
116754 1931 
116754 1593 
116902 2371 
117170 1502 
117186 3217 
117251 5536 
117314 296 
117377 1280 
117604 10 
117711 474 
117821 538 
118001 699 
118081 375 
118094 944 
118102 156 
118643 93 
118647 910 
118659 386 
118768 272 
118835 648 
118836 76 
119111 90 
119152 383 
119294 142 
119339 1121 
119539 1832 
119625 150 
119756 2641 
119763 663 
119779 2401 
119821 1427 
119837 238 
119854 730 
119928 171 
119983 1175 
120034 174 
120096 860 
120135 975 
120159 657 
120229 4647 
120236 592 
120292 1028 
120312 345 
120341 4 
120379 238 
120397 333 
120422 1880 
120500 1829 
120529 1362 
120534 538 
120559 631 
120583 1146 
120620 659 
120634 20 
120666 1717 
120674 766 
120758 468 
120821 196 
120875 1336 
120917 344 
120944 2 
121054 163 
121194 320 
121203 1381 
121268 250 
121292 646 
121333 217 
121639 865 
122156 618 
122414 2741 
122423 41025 
122491 336 
122522 497 
122533 1170 
122549 1621 
122567 3177 
122582 560 
122584 2853 
122699 176 
122925 6 
122925 479 
123249 432 
123394 678 
123436 414 
123476 39 
124186 122 
124364 11 
124467 1347 
124483 643 
124599 79 
124687 704 
124941 660 
125365 87 
125432 123 
125563 422 
126004 1730 
126187 1816 
126298 939 
126330 1402 
126515 154 
126534 912 
126573 381 
126630 872 
126670 445 
126755 443 
127082 1347 
127086 474 
127468 427 
127870 221 
127925 4101 
128013 597 
128144 279 
128351 32 
128748 44 
129501 83 
130113 8308 
130186 5 
130318 8 
130445 1030 
130593 465 
130686 307 
130854 293 
131225 221 
131550 322 
131882 421 
131906 32 
132681 11 
133105 214 
133277 311 
133775 611 
133987 166 
134082 354 
134151 199 
134330 835 
134442 227 
134740 4322 
135168 801 
135280 248 
135368 276 
135386 43 
136388 248 
136855 1474 
136930 1434 
137103 540 
137691 509 
137719 1095 
137776 1495 
138018 2188 
138044 844 
138122 45 
138426 2014 
138469 55 
138514 506 
138585 823 
138899 567 
139207 1119 
139777 1097 
139826 507 
139831 155 
139973 1324 
140015 568 
140020 1046 
140056 48 
140088 698 
140249 145 
140346 1814 
140391 1228 
140424 227 
140507 599 
140544 581 
140602 42 
140853 176 
141416 511 
142674 1130 
142866 2128 
143264 10989 
143268 39 
143347 575 
143421 426 
143432 544 
143451 1040 
143488 74 
143556 498 
143840 119 
143867 7783 
143958 31 
144280 806 
144811 548 
145189 612 
145331 508 
145459 120 
146649 2 
147285 10148 
147522 152 
147524 6787 
147642 522 
147659 1892 
148231 859 
148260 770 
148457 916 
148481 878 
148488 146 
148561 1063 
148570 305 
148602 540 
148602 933 
148636 442 
148943 971 
149060 102 
149315 399 
149478 652 
149749 48 
149753 117 
150120 246 
150444 531 
150639 123 
150671 956 
150731 43 
151021 849 
151264 276 
151547 676 
151549 2474 
151576 261 
151636 166 
151662 2205 
151748 1446 
152168 207 
152283 371 
152396 1008 
152428 0 
152456 934 
152496 512 
152533 647 
152635 37 
152747 749 
152842 394 
152849 48 
152989 1757 
153178 7 
153212 1191 
153246 500 
153479 276 
153499 21 
153597 4109 
153637 1965 
153647 197 
153671 77 
153812 46 
153928 248 
153958 363 
154010 499 
154014 84 
154123 530 
154240 4022 
154362 668 
154478 791 
154703 58 
154804 1252 
154885 1060 
154931 6016 
154957 88 
155054 841 
155081 64 
155107 251 
155181 204 
155182 64 
155184 137 
155215 269 
155251 196 
155261 1910 
155273 1072 
155308 60 
155437 21 
155460 1510 
155538 816 
155566 826 
155597 50 
155682 5171 
155688 217 
155717 1710 
155755 721 
155804 237 
155807 551 
155827 3333 
155882 1020 
155907 939 
155919 165 
155929 812 
155950 1127 
155966 348 
155968 258 
155968 258 
155984 159 
155984 159 
155988 69 
155988 69 
155991 138 
155991 138 
155997 467 
155997 467 
155998 406 
155998 406 
156052 269 
156082 308 
156106 305 
156185 813 
156186 337 
156244 222 
156318 478 
156341 490 
156410 1127 
156453 536 
156504 234 
156529 1232 
156593 752 
156628 8038 
156637 1142 
156902 1005 
157064 1870 
157229 68 
157303 294 
157361 882 
157401 3672 
157432 241 
157486 558 
157490 177 
157633 233 
157704 129 
157778 241 
157939 1182 
157976 143 
158122 243 
158268 423 
158333 93 
158348 1136 
158409 283 
158505 3903 
158649 262 
158794 2616 
158823 455 
158868 289 
158926 468 
159048 564 
159163 1048 
159606 1558 
159643 769 
159762 1765 
159798 1209 
159994 493 
160052 126 
160164 786 
160216 150 
160240 1862 
160298 662 
160413 296 
160576 877 
160621 1330 
160743 1464 
160763 1905 
160799 54 
160854 880 
160913 770 
160960 1135 
161066 4139 
161185 601 
161455 1654 
161606 234 
161730 35 
161762 485 
161822 240 
161837 306 
161861 145 
161874 436 
161925 4038 
162082 73 
162088 177 
162197 91 
162210 697 
162408 198 
162797 1439 
162879 2687 
162954 247 
162976 74 
162981 87 
163048 5164 
163151 11 
163182 98 
163379 3288 
163675 117 
163718 838 
163728 29 
163763 580 
163769 333 
163893 806 
163912 37 
163927 514 
164194 3777 
164245 84 
164291 203 
164350 1713 
164374 390 
164379 74 
164501 577 
164574 1507 
164606 1137 
164751 136 
165038 404 
165074 233 
165184 702 
165447 1137 
165474 221 
165557 839 
165873 7 
165985 175 
166268 66 
166316 1117 
166484 5359 
166496 40 
166508 631 
166509 1390 
166557 377 
166591 201 
166626 1425 
166648 32 
166649 130 
166667 21 
166672 857 
166684 547 
166701 929 
166743 124 
166797 92 
166798 598 
166815 438 
166985 220 
167041 597 
167219 1390 
167219 1390 
167264 4156 
167319 534 
167420 147 
167451 72 
167461 993 
167465 848 
167538 48 
167634 127 
167660 268 
167905 3269 
167958 63 
168027 832 
168105 2727 
168131 1063 
168360 796 
168422 2487 
168467 269 
168526 181 
168619 891 
168625 42 
168625 7456 
168644 5103 
168648 1648 
168669 4547 
168683 2575 
169129 180 
169207 801 
169393 351 
169429 1092 
169479 3609 
169494 152 
169508 486 
169606 653 
169640 317 
169666 280 
169675 783 
169690 1076 
169719 1849 
169749 763 
169750 890 
169968 960 
170018 509 
170074 537 
170279 756 
170306 917 
170354 1695 
170375 1001 
170378 208 
170389 467 
170424 242 
170437 427 
170459 160 
170588 226 
170671 1021 
170683 4 
170884 1034 
170986 9 
171322 68 
171375 219 
171470 161 
171513 794 
171635 299 
171700 294 
171875 87 
171987 820 
172063 907 
172146 57 
172166 579 
172183 830 
172200 244 
172268 493 
172376 3096 
172418 423 
172639 130 
173065 475 
173305 527 
173388 263 
173409 7811 
173427 2199 
173447 599 
173470 141 
173489 551 
173492 498 
173578 123 
173622 64 
173656 232 
174392 218 
174481 265 
174692 639 
175109 43 
175276 1669 
175434 103 
175469 11483 
175504 1503 
175516 1097 
175526 3409 
175547 1908 
175831 701 
175922 255 
176014 61 
176225 43 
176229 461 
176239 491 
176705 1486 
176739 854 
176798 831 
176838 416 
176917 33953 
176941 1069 
177001 680 
177011 173 
177036 303 
177071 426 
177082 578 
177105 345 
177174 410 
177286 704 
177375 200 
177375 79 
177579 439 
178044 454 
178083 5636 
178133 5335 
178140 4048 
178177 150 
178188 55 
178306 570 
178385 364 
178434 571 
178623 166 
179069 2268 
179283 107 
179325 0 
179384 1896 
179473 32 
179667 866 
179878 187 
179940 7 
179968 14 
180296 1850 
180330 975 
180621 309 
181028 491 
181204 1077 
181401 650 
181661 469 
181678 598 
181726 1659 
181726 1659 
181767 1012 
181778 388 
181976 7 
182164 437 
182170 362 
182298 2088 
182345 46 
182432 127 
182470 1093 
182654 22 
182684 87 
182694 274 
182718 1265 
182745 241 
182967 97 
182975 271 
183125 373 
183468 63 
183616 301 
183667 1738 
183921 60 
184015 563 
184073 901 
184114 60 
184321 1063 
184425 7037 
184426 871 
184484 1632 
184503 105 
184559 62 
184564 121 
184924 834 
185075 6 
185120 361 
185240 1187 
185259 7357 
185338 941 
185403 25 
185491 203 
185932 430 
186082 11 
186127 751 
186692 821 
186743 485 
187149 1098 
187772 6289 
187793 559 
187863 125 
187878 1729 
187939 152 
187994 531 
187998 105 
188044 926 
188095 543 
188137 1042 
188670 32 
188747 77 
188972 11 
189103 3694 
189130 234 
189272 178 
189661 1894 
190122 390 
190281 1326 
190524 19 
190650 705 
190752 180 
191339 428 
191656 215 
191695 2371 
191724 1006 
191763 269 
192022 1130 
192351 1016 
192725 17 
192962 559 
193604 2278 
193890 1049 
194129 474 
194416 462 
195591 1165 
195715 0 
195715 1170 
195947 532 
196000 4 
196010 436 
196050 302 
196193 171 
196414 131 
196491 138 
196544 618 
196571 3213 
196596 819 
196679 226 
197077 1806 
197098 212 
197286 858 
197341 23 
197995 1016 
198033 12 
198080 519 
198152 170 
198158 2502 
198229 1528 
198329 60 
198331 342 
198673 609 
199194 195 
199230 28 
199277 332 
199384 351 
199410 1672 
199420 101 
200388 1445 
200425 349 
200797 5843 
200797 5843 
200857 347 
201661 192 
202394 911 
202829 121 
202837 574 
202845 106 
202877 212 
204626 51 
205285 3162 
205355 644 
205491 2540 
205564 1406 
205619 321 
205740 481 
205762 921 
206757 839 
207084 763 
207919 203 
207932 236 
208135 14669 
208557 246 
208890 178 
209413 28 
209922 14 
209997 735 
210176 136 
210821 864 
211156 1640 
211645 628 
212467 119 
213143 106 
213457 169 
214492 3703 
215428 253 
215469 926 
217099 810 
217901 8410 
217980 494 
218002 3928 
218052 2763 
218089 755 
218182 296 
218242 398 
218862 208 
219083 744 
219221 1434 
219255 40 
220399 2069 
220464 2152 
220586 812 
220811 1676 
220935 594 
220995 205 
221399 181 
221993 859 
222000 907 
222684 1548 
224656 194 
225933 1090 
226101 99 
226204 572 
226318 22 
227194 78 
227330 74 
227350 862 
227541 910 
227609 50 
227629 541 
227701 476 
227977 370 
228283 48 
230034 32 
230479 911 
230746 150 
231221 1139 
231400 1998 
232392 566 
234210 918 
234604 1447 
235270 680 
235534 68 
235724 325 
235859 252 
236848 737 
236864 694 
236917 65 
237249 1017 
237865 38 
237959 122 
237975 256 
237993 1117 
238030 96 
238293 2001 
238591 32 
238733 266 
239100 848 
239487 254 
239705 2328 
240962 405 
240977 306 
241679 202 
242504 1376 
242672 1363 
242772 537 
242883 7106 
243247 77 
243446 238 
243720 575 
243775 564 
243837 86 
243882 1520 
243964 3570 
244442 1474 
244498 2435 
245047 7054 
245069 743 
245277 115 
245414 380 
245522 2210 
245913 329 
245954 1174 
245981 6265 
246025 701 
246030 1300 
246063 889 
246284 853 
246333 1434 
246452 771 
246505 209 
246760 3000 
246789 3437 
246806 1079 
247411 1577 
247434 1469 
247613 311 
247645 239 
247726 343 
247937 4044 
247952 4375 
248064 1184 
248082 1098 
248090 12615 
248109 227 
248154 167 
248218 841 
248289 456 
248339 22 
248380 355 
248731 689 
248983 272 
249067 1500 
249304 117 
249316 1500 
249407 153 
249418 143 
249947 88 
250432 552 
250453 1151 
250489 454 
250491 978 
250519 306 
250538 326 
250542 189 
250617 290 
250673 836 
250707 7937 
250730 1537 
250738 1783 
250755 335 
250819 2183 
251150 1781 
251172 156 
251204 79 
251833 828 
251908 2277 
252295 495 
252632 7 
252637 73 
253166 1380 
253695 139 
253914 431 
254035 1 
254287 96 
254499 136 
256417 974 
256855 140 
256904 512 
257814 548 
258266 224 
258745 1264 
258937 687 
259118 300 
259476 38 
259615 304 
259782 247 
260299 400 
260693 105 
260796 2067 
260964 1187 
261398 1269 
261770 623 
262672 424 
262761 495 
263711 38 
263722 268 
263793 1082 
263812 268 
263961 65 
264016 181 
264098 7449 
264195 1567 
264351 654 
264534 459 
264817 4088 
264856 983 
264879 1389 
264977 76 
265162 294 
265336 201 
265578 124 
265616 999 
265720 1941 
265797 1759 
265892 105 
265906 682 
266162 92 
266343 265 
266751 35 
266880 640 
267958 3632 
267975 850 
268035 392 
268038 77 
268159 4255 
268221 704 
268465 1334 
268633 495 
268692 474 
268785 267 
269013 306 
269080 904 
269361 708 
270628 1855 
270838 2277 
271021 1685 
271042 999 
271055 696 
271416 248 
271648 1015 
271732 898 
271935 162 
272019 279 
272150 488 
272653 326 
274369 1050 
274369 1050 
274442 397 
274465 220 
275217 698 
275239 38 
275283 1154 
275482 1507 
275639 469 
275723 3563 
275740 707 
275745 284 
276106 405 
276193 159 
276514 171 
277192 636 
277494 216 
277536 101 
277747 366 
277865 342 
278545 178 
279938 107 
280215 54 
281078 3938 
281198 2309 
281774 181 
281811 37 
282778 655 
282792 317 
283051 215 
283915 646 
284162 493 
284236 201 
285221 1430 
285238 96 
285330 85 
285365 638 
285412 1573 
285628 373 
286078 199 
286080 975 
286114 2958 
286647 682 
286904 54 
286931 433 
287462 1197 
288325 423 
288639 30 
288945 724 
289009 4878 
289063 180 
289063 180 
289087 1441 
289087 1441 
289486 1282 
290855 1645 
290986 773 
293345 126 
293591 1562 
293958 265 
296496 136 
297015 155 
297065 950 
297085 2048 
297167 527 
297213 307 
298390 93 
299761 4266 
300397 1428 
302116 498 
302255 1740 
302289 135 
302328 519 
302751 26 
303288 102 
304360 58 
304662 578 
304773 865 
305248 296 
305922 3398 
307766 2182 
309650 706 
309822 134 
309954 587 
310617 399 
311386 1077 
311406 412 
311606 582 
311658 405 
311774 319 
311805 551 
312048 367 
312073 1397 
312197 195 
312209 143 
312699 124 
314352 843 
314714 520 
314815 723 
314836 724 
314855 561 
314866 247 
316666 3179 
316856 1255 
316873 260 
319120 262 
319196 455 
319662 324 
319720 254 
319780 380 
320592 1865 
320618 1049 
320998 268 
321054 515 
321152 824 
321278 330 
321352 105 
322212 4256 
322293 187 
322827 1432 
322991 119 
323178 245 
323285 239 
323423 1390 
323646 203 
323712 536 
325052 74 
325765 9630 
326192 575 
326421 302 
326511 286 
327598 192 
329142 66 
329292 1008 
330942 159 
331519 210 
333428 171 
336439 1362 
336569 0 
336628 1686 
337068 5671 
337332 395 
339823 3350 
340172 223 
340321 576 
340848 286 
340955 38874 
340979 137 
340993 216 
341020 1031 
341175 362 
341251 448 
341416 144 
341463 31 
341862 891 
342052 260 
342486 1266 
343161 1698 
343355 347 
344021 339 
344304 12 
344925 228 
345984 42 
346456 2071 
347036 748 
347048 682 
347858 11 
348007 32 
348110 129 
348575 31 
348584 359 
348772 187 
349026 599 
349056 287 
349770 1153 
350631 1179 
351279 909 
351343 1758 
352047 396 
352447 964 
352634 406 
352859 727 
352982 1021 
353006 8 
353256 190 
354090 907 
354411 3025 
354512 94 
355552 114 
355682 68 
356218 14 
356413 1039 
356652 705 
356682 2200 
356736 2692 
356765 310 
356944 188 
357354 741 
357481 682 
357576 45 
357770 46 
358565 977 
358809 461 
360071 106 
360140 874 
360592 23 
360799 382 
361871 741 
362127 1187 
362906 586 
363987 372 
364822 403 
364892 40 
364953 42 
365356 182 
365444 737 
365669 2 
365897 1123 
367583 252 
368176 34 
368361 4807 
368377 2154 
368530 97 
368756 957 
368883 71 
373173 163 
373660 372 
373831 4 
374288 1921 
374324 1286 
374345 6133 
374379 1593 
374692 877 
378692 50 
378840 303 
381584 10 
381702 437 
382901 365 
383411 1 
383461 184 
385115 271 
386820 1291 
387826 536 
389356 1944 
391279 57 
393190 3481 
393337 933 
393864 2035 
393963 25316 
394025 731 
394038 216 
394050 550 
394093 132 
394136 433 
394222 730 
394357 110 
394371 83 
394656 735 
395354 269 
395471 59 
395471 59 
396795 406 
397526 173 
398049 932 
398866 16373 
400404 1331 
401485 1098 
402738 1588 
402794 810 
402927 993 
403524 655 
405552 30 
407044 135 
408200 187 
408240 342 
408435 908 
408919 2150 
410105 367 
410266 190 
410448 846 
412985 921 
414049 1233 
414541 6 
415926 2304 
415987 1721 
416234 60 
416854 743 
416890 520 
416953 6098 
418299 732 
418396 432 
418410 28 
418704 2159 
418790 387 
418943 478 
419158 54 
419164 6 
419603 638 
419726 226 
419956 4326 
420296 178 
420691 907 
420959 2051 
421224 1255 
421294 297 
421315 311 
421364 5672 
421392 1467 
421435 327 
421962 406 
422483 441 
422550 1141 
422559 2140 
422631 400 
422966 680 
422995 1133 
423271 359 
423756 262 
424736 562 
425037 2448 
425179 2392 
425257 1081 
425261 1445 
425397 5617 
425575 349 
425627 1960 
426116 102 
426343 70 
426412 4328 
426454 341 
426645 91 
427776 6069 
427815 1554 
427869 750 
427909 915 
428108 89 
428147 329 
428517 2616 
428951 889 
430406 1110 
430537 1121 
431331 172 
432141 131 
433336 125 
433569 307 
434617 349 
435060 43 
436783 1153 
437425 1232 
438132 384 
438281 540 
438577 111 
438725 582 
439379 156 
440085 1194 
440522 0 
441317 52 
442243 1357 
443275 99 
443514 9 
443693 506 
443751 710 
443770 756 
444721 1537 
444745 83 
444757 108 
445032 375 
445299 883 
445433 309 
445686 162 
445974 1602 
446040 275 
446316 503 
446956 580 
447220 545 
447292 83 
447442 1136 
447497 1678 
447568 161 
449037 2120 
450722 58 
450913 62 
452024 597 
452621 439 
452759 311 
453322 412 
453853 283 
454231 1409 
454247 820 
455029 138 
455368 158 
455831 3 
456997 172 
457043 348 
457137 3090 
457392 86 
457671 443 
458131 1180 
458184 97 
458399 783 
458661 735 
458953 1686 
459777 159 
462027 895 
462430 544 
462632 277 
464547 529 
465007 288 
466048 650 
466361 381 
467466 575 
467935 875 
470574 514 
472434 12 
472896 0 
473207 467 
474351 523 
476548 523 
477104 42 
478169 9051 
478255 565 
478272 821 
480025 265 
480102 795 
481422 269 
482414 27 
482597 1553 
483153 242 
483156 596 
483458 84 
483946 696 
484063 1957 
484267 1137 
485521 154 
486039 360 
486127 60 
486902 652 
487439 556 
487501 1526 
487554 674 
487881 704 
488006 184 
489097 271 
489195 1949 
489228 134 
491635 888 
491668 1049 
491880 4102 
492222 187 
492239 1289 
492703 256 
492841 1317 
493217 350 
493274 179 
494132 134 
494667 416 
494932 2577 
495223 92 
495252 52 
495258 1322 
499086 2 
500000 64 
501282 249 
502644 164 
503430 372 
503563 302 
504474 1736 
505338 1488 
505420 9300 
506547 555 
506578 2269 
506624 1305 
506825 1374 
507027 515 
507031 393 
507131 329 
507508 1851 
507579 294 
507580 7 
508126 3209 
508248 290 
508294 129 
508452 176 
508658 1548 
509203 1323 
509484 970 
511109 317 
513113 247 
514385 1619 
514976 332 
516440 1305 
516985 1112 
517552 145 
517568 304 
520456 454 
520459 1505 
520864 62 
520868 1051 
520940 21 
521707 34 
523231 1169 
523753 544 
524593 775 
525226 742 
525702 8490 
525713 273 
525723 220 
525726 1179 
525736 265 
525789 415 
525911 4597 
525975 789 
526743 123 
528014 413 
528531 163 
529079 596 
531642 141 
534139 581 
535135 429 
535690 46 
536217 728 
537387 74 
537584 772 
540392 970 
541765 370 
542794 68 
543035 287 
544649 909 
545168 169 
547427 720 
550213 4583 
551988 858 
552158 842 
552514 11 
553472 143 
564074 453 
564313 1362 
566539 108 
569313 125 
571231 643 
573418 1035 
573635 34158 
573653 425 
573682 1288 
573687 1183 
573702 1294 
573804 344 
574017 1121 
574140 350 
576598 15 
577687 30 
578959 797 
579187 677 
579862 224 
582326 61 
583414 366 
584641 1941 
586050 544 
586173 17 
589861 231 
591761 0 
592477 330 
592627 0 
594100 12476 
594136 114 
594609 723 
595370 3385 
595464 219 
595696 40 
595779 1647 
596483 90 
597170 274 
598428 109 
598455 319 
598607 168 
599210 3712 
599258 2561 
599263 487 
599526 111 
601193 1531 
602452 1600 
603082 1257 
603385 274 
604423 281 
