2821 5.74063657407
0 3917597 
8 1648 
9 636 
10 91 
10 305 
12 1072 
18 110 
19 8 
20 256 
21 68 
21 230 
24 34 
26 70 
27 440 
29 144 
30 26 
30 60 
31 642 
31 729 
32 232 
33 13 
33 107 
33 91 
34 22 
35 77 
36 43 
36 86 
37 106 
37 890 
38 50 
38 27 
39 418 
39 52 
39 151 
40 49 
41 30 
42 172 
46 146 
46 53 
49 926 
50 6 
51 209 
51 57 
52 160 
52 36 
53 22 
55 1399 
55 131 
55 19 
55 24 
56 56 
58 293 
60 34 
60 126 
60 54 
61 73 
61 46 
62 378 
63 1506 
64 73 
64 419 
64 81 
66 79 
67 50 
67 33 
67 77 
68 173 
68 38 
69 407 
69 35 
70 12 
71 20 
72 51 
72 46 
72 187 
72 148 
73 121 
73 39 
74 74 
74 165 
74 68 
75 62 
75 153 
75 100 
75 94 
75 21 
76 100 
76 40 
76 285 
77 60 
77 106 
77 36 
78 66 
78 242 
78 1006 
79 49 
79 293 
79 383 
80 51 
80 88 
80 43 
81 100 
81 39 
81 25 
81 21 
82 193 
83 169 
83 121 
84 151 
85 54 
85 332 
86 149 
86 48 
87 17 
88 116 
89 140 
89 172 
89 58 
91 70 
91 1514 
91 324 
92 72 
92 219 
93 149 
94 189 
95 152 
95 89 
96 39 
96 509 
96 301 
96 94 
97 89 
98 52 
99 67 
100 70 
101 148 
102 60 
103 11 
103 275 
104 1608 
104 74 
104 391 
104 353 
105 22 
106 240 
107 418 
107 202 
107 57 
107 253 
107 186 
108 251 
108 37 
111 161 
112 270 
113 71 
113 66 
115 48 
115 71 
115 253 
116 37 
117 417 
117 43 
117 10 
117 399 
118 135 
118 202 
119 322 
119 109 
119 160 
120 144 
120 53 
120 90 
121 286 
121 22 
121 46 
123 114 
124 105 
125 86 
125 89 
126 100 
126 55 
127 55 
128 19 
128 117 
129 17 
129 9 
130 57 
131 46 
131 53 
131 83 
132 310 
132 147 
132 223 
133 53 
134 31 
134 9 
135 507 
135 707 
135 197 
135 366 
137 528 
137 353 
138 182 
138 95 
139 41 
139 3720 
139 54 
140 42 
140 567 
140 14 
141 326 
141 44 
143 472 
143 38 
143 394 
146 623 
147 97 
147 401 
147 54 
147 62 
148 1103 
149 3306 
150 452 
150 55 
151 36 
151 230 
152 85 
153 478 
153 236 
154 139 
155 224 
156 16 
157 112 
158 76 
158 134 
160 404 
160 60 
160 86 
161 95 
161 28 
161 22 
161 110 
162 175 
164 42 
164 15 
165 87 
165 93 
166 505 
166 160 
167 376 
167 65 
167 18 
168 65 
168 38 
170 19 
171 9 
172 112 
172 256 
172 685 
173 52 
173 39 
174 13 
174 66 
174 5252 
174 126 
175 165 
175 72 
175 141 
175 120 
175 798 
176 56 
177 68 
177 356 
177 70 
178 23 
178 109 
179 95 
179 205 
179 179 
181 41 
181 430 
181 186 
182 47 
182 3997 
183 26 
183 80 
184 36 
185 48 
185 224 
187 66 
187 28 
188 99 
188 57 
188 33 
190 339 
190 181 
192 100 
192 166 
192 95 
194 32 
195 76 
196 332 
198 309 
198 201 
198 68 
199 74 
200 164 
201 11 
201 110 
202 46 
202 159 
202 163 
205 1643 
205 16 
205 22 
205 108 
206 36 
207 76 
207 63 
208 217 
208 38 
208 39 
209 128 
212 95 
214 39 
214 120 
214 322 
214 43 
215 73 
217 448 
217 31 
217 47 
218 264 
220 25 
221 114 
221 43 
222 24 
223 138 
225 57 
226 31 
226 122 
227 37 
228 23 
229 627 
229 41 
229 42 
229 62 
231 42 
231 172 
232 259 
233 16 
233 38 
234 117 
235 152 
235 53 
236 79 
236 17 
237 15 
237 225 
237 236 
238 140 
239 502 
239 60 
240 100 
240 279 
241 115 
242 79 
242 50 
243 453 
243 77 
244 85 
244 35 
245 77 
246 209 
248 169 
249 184 
249 37 
250 132 
250 631 
250 26 
250 17 
253 150 
253 21 
253 18 
254 154 
255 64 
255 77 
256 286 
257 217 
257 408 
258 39 
260 297 
260 437 
261 264 
261 448 
262 224 
262 20 
267 9 
271 9 
271 331 
272 48 
273 13 
274 37 
275 393 
276 56 
277 35 
278 74 
279 57 
279 445 
280 126 
281 39 
281 72 
282 154 
282 1038 
282 89 
284 81 
285 41 
286 73 
287 27 
287 35 
288 345 
290 56 
290 95 
290 86 
291 35 
292 26 
292 268 
293 8878 
293 32 
296 569 
296 928 
297 207 
302 80 
302 246 
303 39 
303 65 
303 175 
305 15 
305 95 
306 61 
308 55 
309 1494 
309 370 
311 61 
311 35 
316 201 
316 49 
316 84 
317 65 
318 52 
319 97 
319 90 
320 30 
321 26 
322 96 
322 43 
323 25 
323 42 
326 29 
328 5129 
330 40 
333 24 
335 185 
335 67 
340 259 
341 258 
342 135 
346 303 
346 203 
347 48 
347 9 
348 176 
348 403 
348 86 
348 92 
348 719 
350 141 
354 101 
355 21 
355 19 
355 1267 
358 82 
359 38 
359 79 
360 58 
361 154 
361 148 
362 28 
362 343 
365 55 
368 96 
369 572 
369 4 
369 68 
371 22 
371 17 
372 71 
373 244 
376 129 
377 197 
377 323 
378 445 
378 64 
381 41 
386 84 
386 39 
387 67 
387 2986 
388 1096 
390 105 
390 35 
391 8 
391 49 
391 62 
392 169 
394 53 
395 10 
396 281 
399 49 
399 895 
399 60 
400 150 
401 153 
402 27 
404 40529 
404 168 
406 24 
406 95 
407 1828 
408 36 
409 18 
410 49 
414 212 
416 19 
416 45 
416 80 
420 111 
424 54 
425 242 
427 43 
428 64 
430 72 
433 19 
435 213 
436 1528 
437 466 
437 265 
437 86 
437 148 
438 497 
439 111 
440 141 
440 34 
442 99 
443 136 
444 41 
446 69 
446 43 
448 46 
448 626 
450 86 
450 21 
451 52 
454 69 
454 105 
455 82 
456 133 
457 15 
459 575 
462 73 
463 86 
464 133 
466 79 
469 179 
470 18 
470 92 
471 35 
471 122 
472 93 
474 116 
475 81 
476 105 
477 188 
477 391 
477 76 
478 7 
480 37 
482 256 
482 2 
487 183 
488 178 
489 135 
490 23 
491 5 
491 104 
491 101 
492 158 
493 1132 
496 57 
496 17 
496 153 
498 95 
500 101 
503 91 
506 255 
506 60 
508 238 
509 249 
509 1070 
510 50 
511 338 
512 193 
514 250 
514 21 
514 31 
516 26 
517 56 
520 19 
520 38 
522 3254 
523 133 
525 88 
527 527 
527 24 
528 69 
533 38 
534 434 
536 226 
537 84 
538 119 
539 13 
540 36 
544 60 
547 213 
550 33 
550 62 
551 170 
553 46 
555 115 
556 116 
557 63 
558 129 
562 171 
565 100 
565 88 
566 136 
567 216 
567 108 
569 36 
569 16 
573 97 
575 83 
585 202 
592 47 
592 22 
593 84 
596 74 
596 49 
599 110 
601 117 
603 546 
603 227 
604 115 
605 14 
606 329 
607 300 
613 177 
614 155 
616 84 
617 171 
620 49 
620 85 
622 41 
622 13 
622 42 
623 111 
624 38 
628 141 
628 288 
629 16 
631 45 
633 74 
635 38 
636 219 
639 65 
640 169 
640 45 
641 59 
641 42 
650 18 
653 23 
653 64 
656 27 
658 16 
670 60 
671 113 
672 18 
675 3627 
676 17 
677 635 
680 225 
682 125 
683 141 
685 57 
687 81 
688 37 
688 10 
688 160 
691 167 
691 77 
693 30 
693 67 
693 108 
695 285 
697 43 
701 111 
703 1105 
708 189 
710 83 
714 90 
715 130 
724 74 
725 81 
728 22 
729 1080 
730 16 
734 128 
739 328 
743 319 
743 321 
743 69 
747 124 
749 103 
753 76 
754 85 
754 141 
756 52 
756 22 
758 22 
762 58 
769 113 
770 17 
770 180 
771 148 
772 43 
778 348 
780 51 
781 103 
791 239 
793 20 
793 113 
794 163 
795 38 
795 24 
798 27 
799 15 
800 67 
811 30 
813 46 
821 253 
825 55 
826 33 
827 33 
831 532 
831 112 
832 155 
834 28 
835 32 
838 12 
840 91 
848 93 
848 392 
850 62 
853 22 
856 54 
857 113 
862 31 
867 249 
869 32 
873 70 
879 672 
880 86 
881 107 
882 164 
888 140 
888 62 
892 38 
893 86 
895 48 
896 415 
901 42 
904 26 
905 133 
906 285 
907 4 
912 54 
919 83 
923 589 
930 59 
932 102 
937 138 
938 61 
942 109 
946 113 
952 70 
952 39 
957 68 
959 19 
963 539 
968 12 
968 264 
968 145 
976 31 
977 171 
982 13 
986 26 
998 72 
1006 93 
1006 56 
1008 217 
1009 62 
1012 111 
1014 26 
1018 18 
1018 64 
1018 35 
1021 63 
1022 36 
1024 97 
1039 30 
1040 184 
1040 138 
1041 51 
1042 24 
1042 46 
1046 103 
1048 66 
1048 204 
1050 171 
1050 12 
1054 168 
1054 31 
1055 407 
1058 39 
1058 149 
1059 26 
1069 38 
1085 10 
1088 41 
1089 131 
1089 93 
1090 105 
1096 1110 
1100 120 
1103 92 
1108 74 
1109 6 
1110 149 
1112 38 
1114 218 
1115 31 
1115 109 
1118 118 
1119 24 
1122 149 
1124 49 
1127 139 
1130 83 
1135 39 
1137 396 
1138 36 
1141 59 
1145 33 
1149 113 
1150 10 
1152 537 
1154 128 
1159 692 
1163 14 
1170 23 
1175 92 
1181 27 
1184 18 
1192 232 
1193 127 
1206 29 
1208 232 
1210 633 
1213 153 
1215 89 
1217 45 
1219 68 
1219 121 
1219 199 
1220 100 
1222 49 
1223 32 
1224 40 
1228 33 
1231 223 
1232 281 
1234 419 
1235 36 
1236 123 
1240 24 
1240 68 
1252 176 
1254 467 
1260 573 
1263 64 
1264 139 
1266 105 
1266 4 
1267 102 
1271 22 
1274 24 
1275 38 
1289 203 
1291 9 
1294 56 
1297 717 
1297 51 
1305 235 
1307 22 
1315 68 
1316 74 
1317 140 
1318 20 
1319 1085 
1319 53 
1319 62 
1321 72 
1326 44 
1327 108 
1327 160 
1328 64 
1329 39 
1332 39 
1333 126 
1342 19 
1346 9 
1348 53 
1349 133 
1352 36 
1354 140 
1355 106 
1355 53 
1363 160 
1364 1161 
1365 646 
1374 70 
1374 167 
1378 88 
1381 281 
1382 213 
1387 21 
1388 29 
1393 216 
1394 200 
1402 44 
1403 218 
1406 149 
1406 60 
1406 441 
1416 59 
1418 24 
1422 80 
1422 71 
1426 49 
1426 18 
1431 55 
1434 77 
1436 27 
1436 8 
1440 126 
1440 178 
1441 13 
1441 35 
1444 335 
1457 16 
1464 22 
1465 443 
1467 70 
1470 277 
1471 636 
1474 108 
1478 136 
1481 160 
1484 32 
1487 204 
1487 63 
1491 78 
1491 49 
1507 120 
1508 40 
1511 4 
1517 6 
1520 142 
1520 1089 
1524 31 
1525 112 
1528 66 
1532 62 
1533 60 
1534 12 
1535 13 
1535 4 
1536 151 
1542 34 
1548 46 
1549 20 
1549 114 
1552 67 
1553 202 
1554 43 
1557 93 
1563 119 
1564 70 
1565 90 
1566 77 
1566 12 
1568 67 
1572 245 
1573 23 
1578 65 
1578 76 
1583 20 
1583 35 
1585 494 
1592 111 
1600 32 
1601 34 
1606 331 
1610 18 
1610 2461 
1612 143 
1616 31 
1617 462 
1621 85 
1622 67 
1623 20 
1628 54 
1629 47 
1632 168 
1632 22 
1636 298 
1636 67 
1643 329 
1643 39 
1646 87 
1648 10 
1649 212 
1650 85 
1652 18 
1656 38 
1657 9 
1658 124 
1660 67 
1660 23 
1662 199 
1667 52 
1669 32 
1683 94 
1684 155 
1685 81 
1686 40 
1687 108 
1687 203 
1688 6761 
1694 25 
1696 39 
1697 7 
1701 23 
1702 51 
1706 288 
1708 53 
1711 196 
1712 60 
1713 94 
1719 16 
1722 35 
1722 46 
1722 78 
1734 49 
1735 34 
1738 230 
1741 170 
1742 6 
1743 35 
1743 42 
1744 13 
1744 142 
1747 55 
1748 78 
1750 105 
1751 21 
1754 86 
1754 34 
1754 687 
1755 27 
1757 28 
1760 69 
1761 50 
1762 185 
1767 1264 
1771 187 
1773 48 
1780 140 
1780 56 
1781 202 
1784 1408 
1789 491 
1792 14 
1803 138 
1804 49 
1808 341 
1811 66 
1815 28 
1816 27 
1827 67 
1831 25 
1831 52 
1836 17 
1839 1477 
1839 204 
1841 75 
1841 137 
1842 148 
1843 390 
1846 61 
1848 13 
1852 700 
1854 97 
1860 30 
1860 40 
1863 176 
1865 232 
1869 69 
1869 227 
1870 63 
1871 63 
1872 210 
1874 16 
1875 502 
1875 90 
1877 58 
1877 381 
1879 138 
1879 177 
1884 82 
1892 31 
1893 2504 
1894 46 
1895 96 
1896 1769 
1902 77 
1907 295 
1907 105 
1907 12 
1908 72 
1911 778 
1914 76 
1915 162 
1919 4 
1920 122 
1923 199 
1940 145 
1944 9 
1945 226 
1950 9 
1951 3 
1954 38 
1954 80 
1954 475 
1957 28 
1957 310 
1961 50 
1962 95 
1966 81 
1968 86 
1972 76 
1974 51 
1983 599 
1991 1136 
1993 46 
1995 31 
1995 32 
2001 93 
2002 69 
2017 406 
2020 23 
2021 23 
2022 220 
2029 80 
2031 116 
2033 70 
2034 115 
2042 76 
2044 269 
2044 58 
2049 145 
2059 85 
2063 245 
2070 112 
2072 81 
2073 21 
2086 222 
2089 613 
2097 29 
2103 37 
2104 101 
2106 218 
2109 89 
2112 155 
2112 22 
2114 41 
2115 27 
2116 113 
2117 51 
2119 113 
2123 119 
2136 202 
2136 3417 
2138 94 
2141 582 
2148 141 
2149 225 
2153 84 
2156 124 
2158 339 
2159 25 
2162 51 
2162 94 
2164 101 
2164 203 
2171 142 
2172 28 
2172 26 
2174 234 
2179 82 
2179 194 
2180 82 
2180 53 
2183 46 
2186 70 
2194 87 
2196 185 
2198 71 
2199 393 
2199 133 
2202 39 
2203 171 
2204 154 
2207 52 
2212 84 
2214 282 
2214 1586 
2216 95 
2217 193 
2224 1665 
2226 419 
2228 1737 
2235 40 
2243 1622 
2247 160 
2254 156 
2255 87 
2259 148 
2262 1218 
2264 281 
2266 19 
2267 85 
2269 222 
2279 112 
2279 138 
2283 312 
2288 38 
2289 39 
2290 936 
2290 36 
2292 7 
2294 4 
2295 282 
2296 84 
2297 29 
2300 64 
2303 44 
2307 112 
2309 80 
2316 25 
2320 30 
2331 40 
2331 26 
2337 72 
2339 10 
2340 466 
2341 62 
2342 15 
2343 75 
2350 43 
2356 74 
2360 112 
2360 120 
2360 79 
2373 22 
2376 134 
2386 184 
2388 1049 
2395 38 
2416 118 
2421 116 
2424 11 
2435 31 
2439 17 
2445 34 
2452 112 
2455 36 
2456 177 
2459 276 
2461 15 
2462 43 
2463 22 
2463 112 
2465 102 
2466 19 
2468 84 
2469 99 
2470 6 
2472 31 
2473 70 
2477 51 
2480 59 
2483 14 
2483 565 
2492 3308 
2493 86 
2504 110 
2505 22 
2506 96 
2525 720 
2525 64 
2527 228 
2530 21 
2533 7 
2535 588 
2540 45 
2540 4790 
2545 128 
2545 54 
2545 155 
2549 61 
2552 37 
2558 632 
2558 279 
2564 20 
2571 94 
2576 236 
2583 53 
2585 194 
2591 38 
2595 75 
2597 9 
2600 54 
2607 28 
2612 77 
2619 125 
2624 32 
2627 53 
2627 274 
2630 165 
2632 200 
2633 108 
2633 77 
2634 64 
2634 129 
2643 235 
2647 82 
2652 480 
2653 40 
2656 67 
2674 130 
2676 137 
2676 466 
2679 27 
2681 43 
2688 110 
2690 64 
2717 191 
2724 148 
2748 47 
2751 2142 
2762 21 
2764 63 
2765 78 
2772 69 
2780 85 
2794 79 
2809 1637 
2813 188 
2820 88 
2822 9 
2833 65 
2844 48 
2849 89 
2851 68 
2851 68 
2861 50 
2874 82 
2877 59 
2878 77 
2882 31 
2883 111 
2885 23 
2887 31 
2900 72 
2901 175 
2904 46 
2923 71 
2932 45 
2939 3786 
2939 70 
2948 27 
2956 24 
2959 160 
2970 37 
2977 57 
2991 103 
3013 69 
3017 58 
3018 141 
3019 20 
3032 273 
3037 36 
3042 6 
3051 356 
3057 163 
3076 11 
3080 151 
3081 53 
3086 54 
3088 137 
3090 129 
3091 941 
3092 39 
3092 12 
3100 86 
3100 115 
3108 65 
3111 30 
3115 119 
3133 88 
3134 23 
3147 266 
3153 62 
3162 9 
3165 28 
3183 58 
3185 40 
3193 111 
3194 28 
3198 19 
3199 512 
3201 34 
3203 105 
3216 15 
3216 202 
3221 82 
3221 49 
3228 9 
3233 259 
3242 101 
3242 338 
3244 65 
3245 102 
3246 101 
3270 139 
3270 103 
3273 110 
3275 5 
3284 64 
3293 130 
3311 10 
3314 68 
3316 29 
3339 25 
3344 93 
3347 118 
3352 56 
3353 36 
3353 40 
3355 35 
3363 59 
3363 20 
3364 40 
3368 170 
3384 172 
3385 476 
3389 195 
3392 720 
3412 8 
3427 32 
3428 1192 
3431 8 
3432 408 
3440 51 
3444 1963 
3459 31 
3464 1276 
3474 135 
3480 97 
3484 152 
3488 78 
3506 20 
3516 92 
3524 1523 
3529 239 
3534 32 
3536 62 
3542 235 
3542 36 
3544 358 
3556 73 
3557 222 
3557 32 
3568 866 
3574 280 
3575 101 
3578 218 
3583 55 
3585 80 
3591 171 
3594 25 
3601 148 
3614 84 
3619 277 
3623 23 
3626 39 
3629 74 
3635 20 
3641 86 
3643 76 
3646 287 
3676 215 
3695 73 
3728 77 
3736 47 
3764 66 
3767 69 
3776 142 
3789 78 
3796 154 
3799 29 
3800 29 
3805 128 
3814 23 
3819 42 
3824 102 
3829 25 
3829 90 
3830 110 
3839 354 
3840 24 
3857 29 
3858 636 
3867 689 
3872 57 
3878 67 
3880 19 
3882 31 
3886 23 
3898 67 
3911 13 
3921 14 
3934 43 
3939 31 
3943 33 
3954 18 
3957 61 
3969 35 
3969 106 
3986 227 
3996 13 
4006 24 
4021 241 
4030 52 
4037 277 
4044 350 
4051 77 
4058 34 
4062 421 
4075 20 
4076 143 
4078 206 
4112 73 
4114 15 
4115 84 
4122 92 
4128 422 
4151 7 
4159 271 
4163 24 
4167 63 
4178 231 
4190 41 
4197 3 
4203 26 
4215 121 
4228 279 
4229 1078 
4235 235 
4251 222 
4256 108 
4276 14 
4278 40 
4281 57 
4281 92 
4283 8 
4287 464 
4287 374 
4291 144 
4312 18 
4330 462 
4333 20 
4335 41 
4345 73 
4349 632 
4356 214 
4367 91 
4367 152 
4378 20 
4379 173 
4380 83 
4406 3 
4406 1606 
4410 187 
4412 44 
4414 987 
4415 20 
4429 18 
4440 4254 
4448 6 
4456 49 
4457 68 
4460 1641 
4460 76 
4476 29 
4479 24 
4489 224 
4491 184 
4494 316 
4495 37 
4496 101 
4496 108 
4508 66 
4523 56 
4544 70 
4552 86 
4558 16 
4562 179 
4566 43 
4568 19 
4575 142 
4580 55 
4617 197 
4655 89 
4661 231 
4666 62 
4671 78 
4686 98 
4706 24 
4709 119 
4709 47 
4712 21 
4716 93 
4720 49 
4723 1437 
4727 63 
4750 301 
4754 96 
4758 215 
4769 65 
4777 178 
4785 53 
4824 25 
4824 18 
4833 13 
4839 706 
4857 129 
4868 146 
4873 11 
4876 117 
4882 92 
4882 158 
4882 209 
4890 317 
4914 34 
4923 56 
4947 137 
4953 64 
4958 37 
4961 101 
4963 16 
4978 37 
4985 67 
4998 86 
5014 12 
5021 24 
5022 196 
5025 158 
5027 77 
5037 147 
5038 17 
5041 2 
5061 59 
5066 11 
5073 21 
5074 35 
5081 53 
5086 86 
5094 258 
5127 813 
5129 20 
5133 196 
5160 90 
5172 18 
5177 50 
5235 28 
5244 212 
5249 57 
5252 660 
5258 122 
5288 199 
5289 108 
5291 14 
5317 122 
5318 168 
5320 90 
5323 29 
5333 189 
5344 61 
5361 63 
5396 362 
5403 26 
5413 36 
5416 38 
5421 65 
5430 38 
5448 164 
5454 70 
5454 59 
5458 67 
5468 41 
5470 51 
5474 845 
5481 45 
5487 191 
5492 22 
5505 109 
5514 189 
5519 389 
5534 15 
5536 16 
5539 86 
5552 117 
5583 26 
5587 95 
5596 27 
5601 27 
5604 125 
5618 235 
5620 7 
5625 53 
5629 48 
5632 15 
5637 6 
5639 9 
5644 148 
5648 435 
5650 47 
5659 90 
5674 127 
5686 179 
5688 1817 
5705 277 
5707 44 
5718 182 
5727 70 
5731 53 
5732 70 
5732 63 
5743 28 
5774 147 
5788 459 
5789 13 
5793 128 
5830 226 
5831 1180 
5833 19 
5855 55 
5859 7305 
5864 12 
5875 106 
5883 105 
5894 451 
5916 65 
5988 43 
6005 54 
6006 384 
6015 157 
6016 193 
6036 71 
6044 49 
6048 134 
6074 21 
6095 61 
6096 56 
6097 107 
6101 60 
6102 55 
6107 297 
6115 57 
6123 154 
6124 368 
6125 971 
6129 19 
6154 132 
6156 368 
6169 279 
6170 185 
6177 26 
6184 1940 
6201 16 
6203 50 
6215 2040 
6218 1226 
6223 48 
6241 94 
6245 39 
6252 41 
6260 145 
6281 31 
6283 32 
6293 273 
6317 86 
6326 187 
6340 9 
6341 31 
6347 289 
6349 106 
6359 21 
6361 68 
6361 33 
6394 79 
6395 47 
6407 106 
6431 136 
6442 1071 
6450 144 
6451 17 
6462 75 
6487 16 
6488 746 
6492 42 
6493 47 
6493 62 
6494 54 
6533 89 
6548 78 
6556 10 
6557 4 
6563 40 
6563 55 
6570 33 
6580 51 
6592 104 
6595 70 
6600 159 
6601 11 
6602 43 
6605 173 
6615 30 
6620 82 
6620 37 
6625 355 
6644 28 
6655 77 
6689 86 
6694 72 
6695 904 
6703 111 
6706 81 
6717 60 
6745 136 
6759 36 
6793 62 
6796 2 
6802 241 
6814 59 
6818 207 
6822 12 
6822 132 
6829 14 
6844 85 
6848 20 
6859 32 
6862 1117 
6870 190 
6900 59 
6906 31 
6910 53 
6918 182 
6922 130 
6925 120 
6930 86 
6943 10 
6950 73 
6961 34 
6969 599 
6971 6 
6971 52 
6976 54 
6976 133 
6980 662 
6985 37 
6997 41 
7004 7 
7009 34 
7016 45 
7024 744 
7034 37 
7037 606 
7061 236 
7065 28 
7076 169 
7081 130 
7082 396 
7091 175 
7099 80 
7104 55 
7145 372 
7149 3104 
7154 185 
7162 64 
7184 61 
7189 74 
7207 1185 
7223 15 
7226 95 
7250 42 
7251 157 
7251 22 
7252 285 
7259 25 
7276 130 
7277 134 
7280 36 
7288 13 
7298 53 
7329 36 
7329 106 
7354 124 
7368 62 
7369 157 
7376 41 
7385 25 
7385 10 
7399 216 
7419 104 
7433 200 
7446 67 
7468 15 
7484 45 
7510 108 
7527 61 
7545 35 
7546 7 
7549 175 
7553 93 
7558 13 
7564 130 
7565 52 
7567 72 
7587 30 
7589 7 
7590 10 
7591 27 
7595 210 
7609 35 
7610 65 
7621 296 
7636 220 
7638 182 
7645 55 
7665 83 
7680 49 
7682 99 
7691 2048 
7691 19 
7739 33 
7749 87 
7754 33 
7775 25 
7817 10 
7836 60 
7855 5 
7862 870 
7873 469 
7878 29 
7883 42 
7899 7 
7918 33 
7932 97 
7933 81 
7933 50 
7934 14 
7944 100 
7949 34 
7953 22 
7962 623 
7964 44 
7970 76 
7972 11 
8009 106 
8015 72 
8026 25 
8033 66 
8055 240 
8081 101 
8081 78 
8083 253 
8124 38 
8157 61 
8168 26 
8169 21 
8182 112 
8183 103 
8207 35 
8217 51 
8220 202 
8236 12 
8243 68 
8258 111 
8275 253 
8278 71 
8295 101 
8311 14 
8313 115 
8326 14 
8370 46 
8380 147 
8390 18 
8391 43 
8400 77 
8404 13 
8407 10 
8412 25 
8416 12 
8453 1885 
8479 107 
8481 7 
8482 102 
8511 41 
8550 79 
8560 215 
8565 66 
8570 9 
8575 34 
8578 848 
8589 210 
8601 3 
8605 423 
8621 36 
8624 134 
8641 265 
8677 84 
8688 162 
8704 11 
8725 255 
8794 17 
8799 4 
8826 85 
8836 18 
8850 1503 
8871 10 
8873 13 
8893 50 
8897 209 
8925 153 
8945 289 
8974 13 
8978 9 
9043 300 
9055 22 
9059 9 
9084 512 
9087 419 
9129 295 
9160 13 
9182 760 
9207 41 
9208 6 
9217 62 
9242 18 
9247 228 
9249 1673 
9261 447 
9266 65 
9277 32 
9284 855 
9311 33 
9331 290 
9333 63 
9378 89 
9400 68 
9403 188 
9406 373 
9421 26 
9428 37 
9443 38 
9505 2497 
9544 48 
9553 273 
9580 12 
9600 90 
9608 293 
9617 2097 
9618 19 
9620 56 
9624 52 
9625 16 
9627 1436 
9631 62 
9633 22 
9640 302 
9647 34 
9647 135 
9665 222 
9668 1428 
9669 36 
9671 161 
9695 3 
9704 48 
9726 7 
9734 147 
9763 317 
9764 596 
9773 196 
9777 510 
9783 124 
9784 120 
9817 43 
9817 38 
9832 32 
9854 278 
9871 42 
9878 54 
9900 422 
9915 41 
9916 140 
9916 28 
9940 228 
9961 2007 
9962 177 
9977 199 
9980 14 
9997 118 
10006 12 
10008 36 
10012 17 
10018 23 
10019 252 
10022 373 
10035 76 
10050 27 
10057 36 
10065 113 
10067 236 
10074 12 
10101 18 
10124 19 
10127 94 
10139 85 
10166 15 
10192 44 
10203 251 
10215 17 
10219 48 
10244 15 
10251 873 
10262 8 
10284 178 
10294 66 
10296 307 
10308 58 
10357 32 
10359 144 
10387 19 
10421 29 
10493 8 
10497 119 
10604 66 
10605 49 
10609 8 
10615 36 
10639 84 
10648 13 
10649 53 
10658 24 
10662 95 
10671 27 
10729 55 
10755 47 
10772 25 
10849 684 
10861 180 
10864 48 
10924 127 
10994 101 
11003 43 
11011 64 
11015 31 
11017 582 
11026 52 
11038 786 
11049 25 
11066 1623 
11066 145 
11084 91 
11086 165 
11102 12 
11118 109 
11118 3312 
11162 86 
11197 14 
11207 29 
11209 140 
11258 42 
11273 1650 
11274 397 
11279 5 
11370 120 
11373 10 
11380 116 
11388 16 
11395 43 
11409 57 
11413 49 
11436 124 
11463 308 
11483 16 
11502 1160 
11516 60 
11521 1540 
11571 99 
11574 34 
11605 36 
11606 52 
11624 333 
11628 74 
11645 99 
11650 140 
11655 162 
11680 11 
11687 26 
11690 82 
11703 65 
11735 52 
11767 33 
11787 463 
11797 73 
11803 19048 
11832 461 
11858 1357 
11876 370 
11892 62 
11907 38 
11914 127 
11937 165 
11951 43 
11963 77 
11975 91 
12036 1042 
12041 249 
12071 20 
12072 177 
12089 241 
12095 879 
12111 9 
12112 30 
12118 442 
12145 34 
12154 215 
12157 13 
12163 59 
12178 275 
12196 54 
12205 996 
12239 74 
12299 294 
12305 129 
12317 236 
12339 25 
12354 65 
12355 87 
12377 30 
12378 35 
12426 22 
12432 74 
12460 199 
12470 122 
12474 51 
12519 147 
12551 79 
12555 11 
12568 197 
12572 129 
12600 117 
12606 59 
12608 69 
12629 590 
12648 79 
12652 3 
12660 946 
12688 8 
12703 50 
12722 75 
12723 126 
12724 4 
12805 1024 
12818 26 
12821 90 
12860 58 
12865 115 
12895 229 
12896 542 
12940 15 
12942 38 
12952 11 
12971 23 
12993 28 
13009 106 
13019 69 
13026 55 
13027 26 
13053 288 
13068 60 
13080 29 
13112 9 
13146 13 
13147 278 
13155 30 
13207 32 
13211 121 
13212 213 
13215 61 
13265 83 
13284 70 
13335 150 
13382 219 
13417 111 
13431 9 
13435 21 
13445 119 
13445 306 
13466 5 
13468 19 
13469 3091 
13473 87 
13486 67 
13500 18 
13506 14655 
13516 231 
13519 90 
13519 229 
13521 92 
13539 36 
13543 66 
13548 238 
13555 241 
13555 33 
13558 49 
13558 66 
13563 135 
13576 36 
13577 214 
13590 85 
13599 111 
13637 26 
13643 173 
13643 149 
13646 96 
13653 25 
13655 14 
13665 64 
13688 12 
13695 53 
13697 35 
13700 1116 
13707 14 
13715 22 
13727 16 
13728 468 
13735 30 
13742 20 
13750 103 
13759 30 
13767 23 
13776 93 
13795 78 
13799 39 
13804 422 
13806 73 
13808 23 
13817 95 
13830 56 
13841 64 
13857 153 
13864 43 
13876 13 
13884 28 
13885 52 
13887 23 
13904 126 
13910 54 
13935 26 
13935 290 
13950 913 
13954 389 
13954 31 
13966 190 
13979 51 
13988 68 
14004 423 
14043 17 
14071 42 
14102 13 
14111 95 
14132 51 
14142 124 
14143 32 
14146 84 
14185 20 
14185 1099 
14199 184 
14212 944 
14231 114 
14239 427 
14247 40 
14271 65 
14276 138 
14280 281 
14284 94 
14318 23 
14318 14 
14333 413 
14356 55 
14369 24 
14375 52 
14388 338 
14388 27 
14391 141 
14417 14 
14432 136 
14463 93 
14474 18 
14525 29 
14549 612 
14551 121 
14581 9 
14587 30 
14590 44 
14590 5 
14591 59 
14598 3 
14609 24 
14623 436 
14629 29 
14646 105 
14674 105 
14686 129 
14711 165 
14779 3 
14782 75 
14791 68 
14827 62 
14830 287 
14846 665 
14871 117 
14871 117 
14879 26 
14879 26 
14895 19 
14895 19 
14898 129 
14898 129 
14913 170 
14913 170 
14962 42 
14979 108 
15011 438 
15097 66 
15102 413 
15107 37 
15109 66 
15129 19 
15264 35 
15271 232 
15283 33 
15289 11 
15316 68 
15323 10 
15428 7 
15442 28 
15608 16 
15634 64 
15651 72 
15664 128 
15679 26 
15845 11 
15949 28 
15949 87 
15957 12 
16005 406 
16015 36 
16026 29 
16052 8 
16092 125 
16236 40 
16323 38 
16416 163 
16439 353 
16512 398 
16521 7 
16522 11 
16526 52 
16547 895 
16568 16 
16586 93 
16613 98 
16619 99 
16620 98 
16639 54 
16671 149 
16789 20 
16806 10 
16915 70 
16929 50 
16933 92 
16934 67 
16944 37 
16945 283 
17080 76 
17280 28 
17550 24 
17660 208 
17718 29 
17778 5 
17808 65 
17931 803 
18013 284 
18094 207 
18142 51 
18187 76 
18246 91 
18279 120 
18399 9 
18449 71 
18458 14 
18486 5 
18533 3633 
18631 175 
18643 78 
18893 31 
18921 37 
18958 67 
19012 7 
19047 22 
19188 20 
19194 39 
19246 4 
19253 73 
19272 27 
19296 62 
19388 15 
19459 17 
19479 52 
19613 188 
19736 41 
19865 2 
19896 19 
20030 37 
20059 29 
20217 16 
20277 68 
20347 14 
20354 247 
20464 2 
20570 12 
20574 63 
20723 10 
20826 29 
21028 134 
21098 18 
21121 173 
21254 17 
21259 81 
21389 46 
21472 6 
21716 11 
21716 38 
21725 201 
21889 30 
22041 59 
22065 17 
22177 6 
22266 70 
22339 55 
22754 113 
22872 145 
22997 8 
23055 146 
23141 27 
23229 86 
23241 16 
23246 2494 
23536 3200 
23845 18 
24111 111 
24181 107 
24291 14 
24308 76 
24428 7 
24456 10 
24487 6 
24938 59 
25091 5 
25157 111 
25518 123 
25725 44 
25836 60 
25974 114 
26102 93 
26315 218 
26858 782 
27177 8 
27950 66 
28013 56 
28689 215 
28819 34 
28948 5 
28982 17 
29326 36 
29476 72 
29577 31 
30119 32 
30470 12 
30858 75 
30917 25 
31347 18 
32077 33 
32266 90 
32316 378 
32492 178 
32604 96 
32740 48 
32811 2 
32822 59 
32860 10 
33007 44 
33469 46 
33806 6 
33938 36 
34040 56 
34167 162 
34173 64 
34370 48 
34640 41 
34974 104 
35368 71 
35430 5 
35609 13 
35870 71 
36297 178 
36303 271 
36933 79 
37232 107 
37235 4 
37483 48 
38188 154 
39824 42 
39841 65 
40233 83 
41318 11 
41532 98 
41616 8 
42864 68 
42985 69 
43459 38 
43761 5 
43840 13 
44017 43 
44492 34 
44958 15 
45691 9 
46141 47 
46208 19 
46221 139 
47869 332 
48009 19 
48208 16 
48271 2 
48348 7 
48351 8 
49282 3 
50442 36 
50959 51 
52401 10 
52599 31 
52873 40 
53422 387 
53424 524 
53831 5 
54004 57 
54806 5 
54937 3 
55150 39 
55235 152 
55457 9 
56080 43 
56763 14 
56995 22 
58112 13 
59640 70 
60909 10 
62464 41 
63684 82 
63725 7199 
64724 93 
66585 17 
68313 72 
68860 103 
70702 27 
70773 33 
70925 59 
71049 78 
71784 101 
72443 51 
74694 131 
75257 13 
75599 4 
75973 15 
78536 69 
79355 441 
79549 1 
79900 85 
80135 12 
80293 11 
83171 21 
83926 8 
85193 49 
90061 48 
93363 11 
94038 919 
94084 1262 
95426 41 
96282 79 
97077 3 
97730 460 
101258 114 
104090 399 
116009 47 
120628 17 
123052 22 
147877 160 
152677 14 
163884 230 
164257 206 
164630 344 
164710 148 
168753 57 
176073 15 
179961 37 
183078 66 
186766 104 
187086 128 
202742 30 
215676 58 
221583 74 
221750 119 
222758 93 
223137 39 
225316 1176 
229524 251 
233085 34 
238570 265 
238911 137 
241316 1746 
242523 36 
250989 303 
251124 136 
255052 0 
270120 58 
344612 57 
352907 25 
356231 13 
357167 122 
358653 179 
359908 108 
361011 57 
363647 922 
371305 14 
390998 914 
394340 411 
431167 34 
435825 1380 
435932 716 
436059 191 
505141 48 
525027 411 
528289 591 
561621 0 
594090 39 
