4135 4.97622685185
0 169046 
11 436 
13 153 
15 162 
16 297 
17 263 
18 417 
18 111 
20 144 
20 162 
20 136 
21 87 
21 100 
21 606 
22 56 
22 199 
23 485 
23 77 
23 348 
23 416 
24 74 
24 134 
24 249 
25 1463 
25 195 
25 174 
25 190 
25 236 
25 98 
26 2824 
27 410 
27 113 
27 52 
28 151 
29 40 
29 210 
29 150 
30 133 
31 261 
31 342 
32 536 
32 4176 
32 890 
32 506 
33 135 
35 538 
35 240 
35 670 
35 8 
36 22 
37 296 
37 154 
38 46 
39 11 
40 182 
40 525 
40 2 
40 334 
41 119 
41 373 
42 221 
42 162 
42 28 
42 21 
43 181 
43 57 
43 185 
43 121 
44 67 
44 123 
44 108 
44 94 
44 899 
44 915 
44 527 
46 121 
46 1110 
46 101 
47 129 
48 559 
48 324 
48 183 
49 120 
49 176 
49 36 
49 328 
49 83 
49 1803 
49 127 
50 112 
50 218 
50 9 
51 141 
52 896 
52 132 
53 70 
53 759 
54 228 
54 242 
54 62 
55 155 
55 152 
56 651 
56 79 
56 1285 
57 21770 
57 88 
57 129 
57 4557 
57 115 
58 498 
58 147 
58 216 
59 214 
59 87 
59 107 
59 1172 
59 144 
60 277 
60 21 
60 720 
61 589 
62 51 
62 47 
62 201 
62 263 
62 35 
63 78 
63 120 
63 690 
63 189 
64 20 
64 2211 
65 59 
66 250 
66 911 
67 324 
68 1233 
68 280 
68 360 
68 385 
69 199 
69 210 
69 31 
69 177 
69 41 
70 121 
70 63 
70 116 
71 54 
71 539 
71 59 
71 91 
71 60 
71 304 
72 91 
73 120 
73 60 
73 300 
74 22 
74 2690 
75 19 
76 537 
76 178 
76 57 
76 343 
77 136 
77 160 
77 36 
77 980 
78 224 
78 61 
78 187 
78 129 
78 114 
79 78 
79 133 
80 734 
80 72 
80 1229 
80 103 
80 347 
80 172 
81 190 
81 58 
82 1568 
82 879 
82 25 
82 195 
82 45 
83 67 
84 25 
84 14 
84 453 
84 4 
84 129 
85 65 
85 114 
86 570 
86 148 
86 124 
87 109 
87 284 
87 747 
87 617 
87 287 
87 445 
88 225 
88 2 
89 17 
90 104 
90 764 
90 150 
90 24 
91 69 
91 273 
91 74 
91 335 
92 122 
92 2078 
92 23 
92 133 
92 95 
93 12 
93 136 
94 219 
94 451 
94 464 
94 50 
95 108 
95 33 
95 357 
95 69 
96 271 
96 55 
96 1211 
96 456 
96 45 
96 38 
97 140 
97 3502 
99 63 
100 443 
101 298 
101 257 
102 36 
103 175 
103 33 
103 77 
103 293 
104 282 
104 41 
104 268 
104 195 
104 903 
105 620 
105 174 
105 83 
106 67 
106 1324 
106 1248 
106 148 
107 1493 
108 104 
109 138 
109 149 
109 63 
109 134 
109 134 
109 60 
111 33 
111 55 
111 121 
111 121 
111 214 
112 78 
112 104 
114 116 
114 119 
114 268 
114 252 
114 164 
114 32 
115 191 
115 129 
115 1613 
115 1051 
115 10 
116 444 
116 297 
116 120 
116 71 
116 73 
117 183 
118 1552 
118 452 
119 500 
120 207 
120 98 
121 291 
123 107 
124 19 
124 33 
124 139 
124 34 
125 57 
125 420 
125 143 
125 52 
125 247 
125 22 
126 16 
126 195 
126 219 
126 48 
126 113 
127 174 
128 743 
128 111 
129 1763 
129 12 
129 112 
129 98 
129 254 
130 136 
130 311 
131 355 
131 9 
131 155 
132 327 
132 54 
133 426 
133 108 
134 517 
134 223 
134 218 
134 406 
134 249 
134 225 
134 21 
135 396 
137 180 
137 71 
138 508 
138 159 
139 159 
139 543 
139 928 
140 87 
140 296 
141 25 
141 221 
142 230 
143 41 
144 193 
145 13 
145 49 
145 258 
146 285 
146 320 
147 230 
147 80 
147 566 
148 29 
148 53 
148 426 
148 635 
150 128 
150 364 
150 67 
151 54 
151 22 
151 149 
152 117 
152 71 
153 128 
153 138 
153 283 
153 57 
154 180 
154 149 
155 99 
155 795 
155 183 
156 426 
156 20 
156 92 
157 88 
158 259 
159 178 
159 133 
160 95 
160 363 
160 2848 
161 296 
161 791 
162 1690 
162 255 
162 197 
162 74 
162 2597 
163 100 
164 206 
164 93 
165 146 
166 550 
166 548 
166 276 
167 47 
167 264 
170 70 
170 65 
170 240 
171 80 
171 102 
172 1038 
172 120 
172 213 
173 761 
173 10 
174 821 
174 42 
175 65 
176 176 
176 499 
177 121 
177 193 
177 138 
178 493 
179 209 
179 42 
179 39 
180 591 
180 92 
180 102 
180 101 
181 478 
182 82 
182 436 
182 47 
183 44 
184 102 
184 40 
184 137 
184 80 
185 63 
186 8 
186 119 
187 246 
188 81 
188 291 
189 74 
190 136 
190 135 
190 347 
191 373 
192 110 
192 22 
192 103 
192 618 
193 125 
194 18 
194 596 
195 5 
196 674 
196 60 
197 30 
198 127 
198 128 
198 27 
200 46 
200 112 
201 543 
202 128 
202 27 
202 151 
202 37 
202 26 
203 282 
205 45 
207 152 
207 152 
209 2 
209 56 
210 72 
210 266 
211 659 
212 31 
212 152 
213 34 
213 14 
213 1463 
214 96 
214 252 
214 97 
215 31 
215 89 
216 156 
216 144 
216 95 
217 172 
218 45 
218 681 
218 74 
219 276 
219 1168 
220 33 
220 656 
221 39 
221 252 
221 155 
221 36 
222 115 
223 719 
223 456 
223 116 
223 256 
224 167 
224 48 
224 28 
224 51 
229 60 
229 445 
229 13 
230 268 
230 79 
230 66 
231 13 
231 516 
231 26 
232 160 
235 83 
236 106 
236 38 
237 34 
237 433 
237 70 
237 76 
238 78 
238 125 
239 38 
239 3 
240 41 
242 43 
243 89 
243 98 
244 357 
245 77 
245 13 
245 30 
246 43 
246 296 
247 58 
247 282 
248 91 
248 505 
249 165 
249 457 
251 397 
252 8 
252 597 
256 7 
256 82 
256 83 
256 6 
256 479 
258 112 
259 178 
259 15 
260 94 
260 6 
261 471 
263 175 
263 1055 
263 99 
264 38 
264 8 
264 3 
265 143 
265 43 
265 749 
265 247 
266 110 
266 151 
266 92 
267 69 
268 87 
268 11 
268 7 
269 19 
271 41 
272 250 
272 74 
273 34 
274 190 
275 97 
275 267 
275 188 
276 368 
276 118 
279 47 
279 76 
279 74 
281 119 
281 7 
282 221 
282 224 
283 61 
283 27 
283 348 
283 80 
285 43 
287 627 
287 261 
288 8 
288 1588 
288 109 
289 290 
289 942 
292 260 
293 221 
294 285 
294 136 
295 349 
295 11 
296 51 
296 100 
296 24 
297 132 
298 3 
299 28 
300 217 
301 614 
301 125 
301 163 
302 152 
302 635 
303 215 
304 13 
305 1207 
305 86 
306 399 
307 3 
307 109 
308 68 
309 41 
309 0 
309 27 
309 161 
309 690 
309 278 
310 271 
313 14 
313 25 
314 25 
315 154 
316 186 
316 393 
316 340 
318 474 
318 100 
320 949 
322 2347 
324 162 
327 311 
327 113 
327 26 
327 73 
328 199 
329 16 
330 150 
330 290 
330 120 
330 24 
331 277 
332 286 
332 340 
333 191 
334 218 
335 89 
335 103 
336 109 
336 393 
336 818 
337 40 
337 64 
337 469 
338 137 
340 20 
340 206 
340 304 
340 3141 
341 30 
342 383 
343 53 
345 118 
345 54 
346 433 
346 172 
346 1784 
347 81 
347 201 
347 105 
347 2 
349 224 
350 228 
351 78 
352 905 
352 1993 
353 6 
354 80 
355 334 
356 65 
356 103 
356 295 
357 38 
360 253 
360 230 
361 72 
361 386 
363 24 
364 528 
365 88 
369 57 
369 139 
371 164 
373 209 
373 137 
373 97 
376 1 
377 36 
377 2175 
377 138 
377 130 
378 106 
379 180 
379 382 
381 465 
382 816 
382 27 
383 28 
384 148 
384 105 
388 12 
388 191 
389 1 
390 12 
391 85 
391 181 
393 51 
394 31 
396 158 
397 190 
400 156 
402 420 
403 168 
403 44 
404 81 
408 55 
410 220 
410 182 
412 221 
413 113 
413 657 
414 38 
416 235 
416 52 
417 38 
418 285 
419 43 
422 97 
422 75 
423 568 
423 600 
423 201 
427 7 
427 284 
430 55 
431 26 
432 51 
434 170 
436 229 
437 4 
438 117 
439 134 
440 41 
442 126 
444 769 
444 31 
444 200 
444 217 
448 89 
448 31 
451 548 
451 1079 
453 41 
453 142 
453 17 
455 531 
456 156 
457 547 
459 352 
460 478 
461 25 
461 23 
462 39 
466 4 
467 95 
467 418 
468 69 
473 1422 
473 67 
476 160 
477 329 
481 45 
481 301 
482 2492 
482 45 
484 980 
485 757 
485 111 
486 632 
486 136 
486 551 
486 71 
487 145 
488 65 
489 48 
490 416 
491 100 
491 65 
492 135 
493 89 
493 335 
493 608 
494 400 
496 4 
496 63 
497 98 
499 183 
499 57 
499 58 
503 12 
503 45 
504 61 
507 3 
508 8 
509 72 
512 13 
512 301 
513 94 
516 47 
520 30 
521 42 
521 97 
524 851 
524 194 
525 16 
526 2 
528 72 
529 205 
530 301 
530 131 
531 154 
531 105 
532 202 
534 289 
535 72 
536 140 
537 86 
539 589 
539 332 
541 558 
542 24 
544 189 
545 15 
546 957 
547 45 
547 146 
549 132 
550 472 
552 60 
554 63 
555 86 
558 51 
558 901 
558 210 
560 15 
560 95 
561 203 
564 213 
565 272 
566 84 
567 218 
568 522 
569 36 
569 135 
570 26 
571 101 
571 77 
573 51 
573 102 
574 39 
576 608 
576 92 
577 51 
578 18 
579 113 
581 30 
584 77 
585 1365 
585 187 
589 219 
589 14 
589 43 
592 470 
596 78 
599 58 
599 335 
599 25 
601 1188 
605 48 
607 3 
608 343 
609 186 
610 884 
611 216 
614 129 
614 224 
615 126 
616 16 
617 15 
617 125 
619 95 
623 351 
625 279 
627 111 
628 522 
628 891 
628 340 
630 23 
631 60 
632 11 
633 6 
634 149 
634 136 
639 19 
641 48 
642 13 
645 109 
645 83 
646 285 
646 49 
651 62 
656 53 
657 57 
658 11 
661 286 
662 70 
662 198 
663 609 
664 273 
665 214 
667 62 
671 395 
672 69 
674 10 
675 35 
675 178 
678 10 
678 156 
681 203 
683 102 
683 64 
684 1894 
685 28 
686 509 
687 572 
690 3 
690 226 
691 43 
692 211 
694 867 
695 213 
695 42 
696 138 
697 160 
699 40 
701 10 
701 32 
702 107 
703 40 
704 622 
707 56 
709 136 
710 47 
712 52 
713 62 
714 1101 
714 774 
715 102 
716 161 
718 17 
720 149 
721 530 
721 106 
722 18 
725 4 
725 142 
727 124 
728 17 
728 735 
728 43 
730 259 
731 123 
733 759 
734 5 
735 233 
736 22 
736 121 
736 82 
739 81 
742 627 
743 56 
744 285 
746 28 
747 224 
748 31 
750 87 
750 26 
751 272 
753 31 
756 44 
756 713 
756 173 
758 44 
764 80 
765 252 
768 575 
768 86 
771 87 
771 42 
773 323 
777 41 
777 515 
777 140 
778 460 
778 71 
779 372 
780 30 
787 57 
787 43 
788 456 
788 100 
789 89 
789 96 
790 273 
790 12 
792 23 
794 62 
794 50 
795 1466 
795 206 
796 32 
799 316 
804 102 
806 5 
814 203 
815 287 
816 9 
817 83 
817 804 
818 255 
818 1061 
820 26 
820 71 
823 321 
825 403 
826 14 
827 185 
829 190 
831 927 
832 39 
835 291 
839 331 
839 1565 
841 1929 
844 144 
846 178 
847 53 
848 63 
848 15 
849 164 
849 129 
851 72 
851 35 
853 84 
854 26 
859 134 
861 216 
861 59 
865 678 
865 1075 
868 1514 
869 67 
877 51 
878 136 
880 610 
881 142 
881 48 
885 242 
889 25 
891 295 
894 650 
895 28 
895 50 
900 103 
900 611 
900 24 
904 949 
908 21 
909 1317 
910 124 
914 36 
914 100 
914 96 
917 78 
917 86 
918 37 
928 203 
928 105 
930 333 
930 215 
931 60 
938 27 
940 0 
941 102 
942 72 
943 1531 
947 82 
947 218 
948 63 
950 91 
953 422 
953 113 
954 21 
956 410 
957 63 
959 20 
960 14 
960 87 
961 580 
965 12 
967 167 
968 403 
970 54 
976 26 
976 263 
983 15 
986 547 
987 344 
990 44 
995 109 
998 45 
1000 83 
1001 51 
1009 127 
1013 68 
1015 189 
1019 41 
1026 172 
1026 8 
1027 54 
1028 2891 
1030 139 
1034 20 
1034 981 
1035 9 
1036 5 
1037 25 
1041 145 
1042 56 
1042 10 
1046 96 
1047 103 
1048 18 
1051 302 
1054 283 
1061 1463 
1062 103 
1062 1073 
1063 340 
1065 164 
1067 281 
1075 1124 
1077 11 
1079 108 
1081 183 
1082 565 
1084 80 
1084 72 
1086 188 
1087 65 
1087 574 
1092 55 
1095 27 
1098 42 
1101 16 
1104 70 
1105 171 
1106 150 
1111 92 
1117 358 
1118 46 
1118 748 
1121 34 
1122 28 
1122 88 
1122 199 
1124 89 
1124 105 
1130 290 
1133 4 
1135 462 
1141 290 
1147 109 
1148 88 
1149 96 
1150 3 
1153 485 
1156 298 
1157 48 
1161 3740 
1163 91 
1163 29 
1164 170 
1166 87 
1168 125 
1169 18 
1173 120 
1173 444 
1173 75 
1175 21 
1176 176 
1177 271 
1178 268 
1179 7 
1183 727 
1184 504 
1184 9 
1189 55 
1195 19 
1196 106 
1199 19 
1199 348 
1200 0 
1202 125 
1203 30 
1204 477 
1209 54 
1209 106 
1214 5 
1215 20 
1217 142 
1220 19 
1223 159 
1227 6 
1227 874 
1229 219 
1230 7 
1232 449 
1238 369 
1241 735 
1244 71 
1245 72 
1246 22 
1246 21 
1247 10 
1247 24 
1248 20 
1248 896 
1258 120 
1261 413 
1262 68 
1266 6 
1269 538 
1271 152 
1276 1196 
1277 399 
1277 47 
1279 110 
1280 116 
1282 75 
1282 15 
1287 649 
1289 36 
1295 7 
1296 248 
1298 5851 
1300 275 
1307 172 
1309 3 
1312 66 
1312 57 
1315 139 
1317 23 
1319 71 
1319 245 
1320 4 
1329 79 
1330 516 
1333 99 
1336 56 
1342 955 
1345 58 
1349 44 
1350 107 
1350 79 
1354 241 
1354 508 
1362 33 
1363 106 
1366 112 
1367 27 
1370 120 
1373 12 
1374 82 
1376 522 
1377 113 
1378 330 
1381 148 
1386 211 
1392 179 
1399 335 
1401 153 
1402 508 
1407 13 
1410 228 
1414 35 
1414 104 
1414 126 
1434 1322 
1436 15 
1439 200 
1442 14 
1443 65 
1452 100 
1455 10 
1458 172 
1463 459 
1464 113 
1465 244 
1466 157 
1467 303 
1467 34 
1468 84 
1471 489 
1473 153 
1478 130 
1479 18 
1480 223 
1483 457 
1484 4 
1488 489 
1488 135 
1489 2 
1491 83 
1492 93 
1494 628 
1495 9 
1497 247 
1498 143 
1500 65 
1510 159 
1514 14 
1515 397 
1518 414 
1520 310 
1520 1043 
1522 73 
1525 73 
1526 228 
1527 28 
1529 1794 
1530 1911 
1532 127 
1534 24 
1535 1279 
1539 151 
1540 49 
1546 48 
1548 804 
1549 91 
1553 95 
1556 1508 
1559 153 
1566 131 
1572 183 
1577 174 
1579 155 
1579 101 
1584 109 
1587 0 
1589 776 
1593 32 
1598 249 
1598 69 
1600 164 
1601 17 
1605 52 
1617 20 
1618 419 
1622 982 
1623 3724 
1626 41 
1630 108 
1634 21 
1641 28 
1643 177 
1645 142 
1648 79 
1648 257 
1648 89 
1656 23 
1657 954 
1659 136 
1662 27 
1664 97 
1667 12 
1669 22 
1670 16 
1673 90 
1677 259 
1678 336 
1680 1554 
1681 254 
1682 4 
1682 19 
1683 155 
1687 102 
1690 103 
1694 87 
1694 87 
1696 123 
1696 81 
1705 102 
1706 91 
1709 28 
1710 136 
1714 215 
1718 0 
1719 142 
1724 36 
1726 263 
1731 788 
1733 6 
1742 277 
1743 582 
1748 173 
1749 258 
1749 142 
1757 21 
1758 269 
1758 1258 
1759 357 
1763 304 
1766 31 
1780 345 
1780 182 
1781 63 
1783 79 
1783 630 
1783 169 
1786 232 
1797 36 
1804 196 
1804 5 
1805 211 
1809 611 
1818 328 
1821 42 
1825 214 
1829 17 
1830 154 
1832 6098 
1833 94 
1834 519 
1842 39 
1846 43 
1848 7 
1849 262 
1851 248 
1857 133 
1859 83 
1862 34 
1863 960 
1872 127 
1883 274 
1887 12 
1896 94 
1896 195 
1900 562 
1907 81 
1909 66 
1914 74 
1918 3 
1928 20 
1929 53 
1933 223 
1933 329 
1934 349 
1934 26 
1943 128 
1944 2 
1947 331 
1951 205 
1952 33 
1953 204 
1956 463 
1957 121 
1961 484 
1967 127 
1968 285 
1970 28 
1971 46 
1971 130 
1974 575 
1977 992 
1978 2 
1980 280 
1981 14 
1992 132 
2004 73 
2007 225 
2011 1016 
2012 141 
2013 20 
2014 50 
2031 1289 
2034 72 
2034 17 
2034 93 
2035 597 
2040 72 
2047 231 
2062 268 
2065 35 
2067 12 
2076 118 
2089 18 
2089 18 
2096 3 
2098 9 
2108 11 
2109 495 
2111 52 
2117 197 
2122 266 
2124 234 
2126 264 
2126 29 
2129 0 
2182 108 
2183 82 
2187 49 
2192 2 
2204 577 
2207 95 
2208 6 
2219 54 
2221 70 
2221 77 
2230 34 
2237 18 
2239 3453 
2244 47 
2247 1009 
2247 39 
2249 390 
2250 235 
2265 82 
2265 7492 
2270 55 
2273 17 
2276 224 
2276 61 
2279 151 
2298 639 
2301 8 
2306 307 
2307 4 
2309 10 
2313 98 
2316 132 
2321 3 
2323 61 
2324 21 
2326 121 
2335 14 
2341 1 
2343 5 
2345 103 
2347 0 
2365 103 
2365 11 
2365 419 
2367 24 
2373 242 
2378 66 
2384 709 
2389 49 
2393 109 
2400 40 
2400 24 
2416 43 
2417 494 
2429 40 
2436 102 
2440 112 
2444 35 
2444 15 
2451 93 
2457 50 
2465 51 
2474 7 
2487 108 
2487 342 
2550 184 
2564 173 
2576 490 
2583 64 
2585 8 
2586 275 
2587 23 
2588 87 
2588 225 
2589 267 
2595 4 
2597 283 
2598 403 
2599 83 
2601 197 
2605 473 
2615 371 
2627 198 
2631 149 
2639 15 
2647 134 
2648 551 
2654 32 
2654 19 
2657 198 
2658 549 
2661 40 
2662 144 
2665 202 
2666 26 
2686 14 
2687 50 
2687 149 
2690 361 
2708 18 
2709 120 
2712 68 
2723 20 
2724 274 
2724 167 
2739 1100 
2742 74 
2742 74 
2745 3 
2750 132 
2755 122 
2757 594 
2763 46 
2766 4 
2766 12 
2766 199 
2772 311 
2773 798 
2773 184 
2783 2224 
2785 19 
2786 194 
2786 420 
2788 63 
2810 3 
2811 32 
2813 13 
2817 54 
2821 206 
2824 258 
2829 33 
2832 3 
2836 254 
2842 34 
2848 719 
2859 1139 
2860 15 
2867 198 
2867 187 
2871 57 
2878 2036 
2879 141 
2882 258 
2882 184 
2890 3107 
2891 154 
2894 48 
2896 150 
2898 63 
2902 126 
2905 100 
2913 18 
2917 94 
2923 176 
2925 1838 
2983 228 
2984 95 
2985 165 
2985 23 
2987 8 
2993 24 
2995 9 
2996 41 
3006 31 
3020 346 
3020 104 
3026 312 
3027 167 
3031 116 
3044 305 
3044 133 
3056 12 
3060 177 
3064 6 
3081 29 
3089 52 
3099 143 
3102 6 
3102 96 
3156 395 
3174 1087 
3193 542 
3196 65 
3197 20 
3203 236 
3204 198 
3214 149 
3215 143 
3219 328 
3225 590 
3225 46 
3231 118 
3239 424 
3242 458 
3242 384 
3243 164 
3245 586 
3252 140 
3256 63 
3259 986 
3261 145 
3263 14 
3263 1887 
3265 463 
3270 122 
3270 10 
3271 144 
3325 27 
3325 143 
3328 33 
3330 148 
3332 275 
3334 45 
3339 637 
3342 293 
3344 13 
3346 169 
3350 54 
3353 24 
3362 174 
3365 312 
3366 12 
3388 65 
3391 937 
3395 1220 
3400 174 
3401 11 
3407 52 
3408 37 
3412 156 
3413 321 
3416 98 
3419 8 
3422 39 
3477 46 
3485 76 
3489 17 
3490 266 
3501 80 
3502 99 
3502 665 
3505 16 
3506 171 
3516 665 
3529 112 
3534 132 
3543 109 
3551 429 
3560 192 
3562 559 
3562 16 
3565 481 
3576 15 
3579 140 
3582 51 
3585 27 
3589 347 
3595 565 
3597 668 
3597 81 
3603 165 
3607 619 
3612 128 
3620 51 
3628 321 
3634 28 
3657 190 
3717 15 
3723 206 
3737 19 
3738 3087 
3744 57 
3746 56 
3772 109 
3773 146 
3786 45 
3795 165 
3797 130 
3830 58 
3843 1 
3844 3 
3852 13 
3854 1199 
3856 102 
3876 776 
3877 73 
3884 398 
3886 135 
3933 96 
3943 28 
3958 80 
3962 176 
3971 9 
3983 260 
4008 406 
4012 68 
4014 19 
4017 25 
4022 104 
4024 5 
4028 103 
4030 56 
4052 88 
4057 11 
4059 1077 
4065 5654 
4070 109 
4076 22 
4076 12 
4077 48 
4122 81 
4123 128 
4129 380 
4141 112 
4147 2893 
4152 454 
4161 88 
4166 265 
4172 16 
4178 6 
4195 288 
4200 22 
4201 293 
4208 17 
4217 8 
4218 114 
4219 51 
4224 63 
4225 286 
4228 285 
4228 109 
4230 130 
4319 104 
4336 357 
4337 29 
4341 416 
4357 142 
4422 101 
4422 18 
4422 1243 
4431 6 
4434 1314 
4435 369 
4456 176 
4458 44 
4467 30 
4527 212 
4558 500 
4589 85 
4591 156 
4595 177 
4599 1756 
4612 28 
4617 444 
4619 791 
4621 142 
4623 44 
4659 35 
4666 28 
4689 7 
4732 56 
4786 16 
4787 434 
4800 384 
4802 108 
4806 154 
4807 3736 
4828 69 
4830 29 
4833 76 
4835 2618 
4851 109 
4859 28 
4869 143 
4877 426 
4933 277 
4935 262 
4951 221 
4955 623 
4956 33 
4970 251 
4984 175 
4988 99 
4995 249 
4998 51 
5039 25 
5040 7895 
5053 64 
5055 4537 
5056 200 
5060 64 
5062 563 
5073 278 
5078 22 
5092 36 
5092 16 
5092 1514 
5134 44 
5153 523 
5154 416 
5166 30 
5166 271 
5169 704 
5169 26 
5170 63 
5172 292 
5177 82 
5178 44 
5208 204 
5209 192 
5273 55 
5288 42 
5292 319 
5303 228 
5316 257 
5318 1074 
5318 62 
5333 59 
5354 24 
5481 1 
5483 48 
5499 35 
5505 9 
5509 83 
5514 57 
5611 75 
5613 16 
5616 810 
5619 336 
5649 260 
5651 392 
5653 8 
5654 17 
5660 250 
5688 199 
5772 85 
5796 11 
5799 5 
5804 36 
5821 19 
5825 283 
5828 139 
5831 296 
5840 63 
5885 4 
5893 53 
5921 1612 
5927 240 
5938 599 
6001 303 
6024 41 
6026 231 
6039 1870 
6042 41 
6053 28 
6055 351 
6104 351 
6136 361 
6243 7 
6250 190 
6253 26 
6263 553 
6304 1557 
6309 354 
6317 65 
6323 60 
6325 307 
6326 179 
6349 235 
6417 354 
6423 31 
6425 399 
6452 15 
6471 5 
6497 377 
6514 1 
6518 22 
6526 27 
6590 86 
6603 0 
6616 5 
6621 1170 
6625 54 
6666 53 
6674 227 
6764 468 
6831 306 
6835 109 
6865 397 
6869 274 
6871 21 
6875 26 
6877 24 
6926 118 
6943 8 
6964 10 
6986 6 
6993 21 
7053 191 
7098 729 
7102 254 
7104 17 
7115 487 
7136 64 
7225 254 
7228 281 
7238 16 
7256 77 
7315 98 
7327 310 
7341 127 
7347 48 
7351 44 
7352 20 
7361 73 
7385 9 
7412 1128 
7473 184 
7476 481 
7478 32 
7493 34 
7507 623 
7535 12 
7541 126 
7544 5 
7545 173 
7554 30 
7567 24 
7616 85 
7648 149 
7651 1164 
7666 304 
7672 113 
7677 117 
7717 130 
7734 156 
7735 457 
7739 58 
7745 212 
7752 189 
7804 142 
7815 42 
7824 61 
7837 53 
7930 105 
7957 432 
7962 693 
7968 108 
7985 147 
8045 84 
8052 92 
8064 25 
8089 34 
8173 523 
8185 100 
8202 232 
8208 263 
8218 20 
8232 5 
8285 390 
8296 19 
8309 22 
8315 29 
8329 10 
8333 15 
8342 403 
8357 221 
8403 1044 
8439 14 
8440 613 
8443 6 
8451 1 
8468 187 
8535 4 
8550 50 
8586 30 
8656 238 
8658 1196 
8686 754 
8732 226 
8738 462 
8778 801 
8779 1541 
8822 55 
8824 61 
8827 5 
8835 12 
8844 59 
8950 20 
8971 320 
8979 998 
9049 88 
9082 15 
9084 654 
9096 484 
9134 663 
9193 67 
9198 275 
9224 424 
9232 343 
9243 114 
9245 92 
9274 64 
9330 29 
9335 31 
9339 47 
9347 219 
9349 28 
9351 138 
9352 458 
9353 79 
9363 342 
9426 392 
9437 300 
9466 185 
9515 1482 
9585 169 
9585 8 
9594 686 
9598 6 
9627 6 
9630 159 
9778 2021 
9812 5 
9818 12 
9826 92 
9830 13 
9869 124 
9916 212 
9927 125 
9946 2774 
9956 58 
9960 169 
9963 16 
9964 186 
10044 71 
10056 307 
10060 61 
10089 180 
10107 413 
10107 1 
10120 211 
10127 1245 
10157 82 
10224 114 
10287 20 
10330 86 
10344 780 
10344 27 
10358 162 
10429 120 
10430 9 
10459 3 
10479 1447 
10548 27 
10548 22 
10549 262 
10549 62 
10592 568 
10599 204 
10620 2182 
10636 63 
10637 3 
10643 526 
10663 242 
10685 94 
10698 178 
10701 1415 
10736 4 
10747 24 
10750 448 
10775 329 
10790 1074 
10886 255 
10887 108 
10899 42 
10926 555 
10947 17 
10972 55 
11019 19 
11036 120 
11046 201 
11066 36 
11124 293 
11130 13 
11130 387 
11133 487 
11150 1317 
11182 41 
11186 76 
11230 58 
11263 137 
11274 52 
11275 18 
11316 86 
11330 14 
11335 105 
11340 50 
11345 32 
11350 410 
11354 701 
11371 69 
11409 144 
11453 396 
11458 177 
11480 45 
11503 32 
11571 15 
11574 702 
11591 29 
11607 80 
11617 67 
11637 18 
11656 112 
11666 207 
11682 1111 
11698 34 
11707 32 
11750 90 
11771 19 
11789 140 
11821 169 
11825 17 
11871 82 
11884 13 
11896 1002 
11911 55 
12028 240 
12057 39 
12114 422 
12131 306 
12303 17 
12314 3 
12358 139 
12384 179 
12384 545 
12386 69 
12391 439 
12397 179 
12402 44 
12429 66 
12456 92 
12472 134 
12495 285 
12501 5 
12524 2393 
12600 195 
12626 150 
12643 24 
12658 191 
12708 14 
12736 204 
12740 115 
12775 18 
12784 146 
12916 139 
12949 303 
12952 11 
12960 26 
13026 236 
13049 220 
13058 17 
13134 33 
13138 53 
13181 234 
13188 105 
13212 40 
13243 5 
13272 80 
13339 9 
13417 423 
13429 8 
13461 21 
13470 177 
13473 13 
13477 118 
13512 57 
13535 35 
13538 44 
13582 146 
13651 258 
13674 7 
13716 212 
13716 13 
13846 23 
13848 54 
13894 30 
13895 106 
13910 135 
13951 268 
13987 32 
13999 206 
14049 69 
14080 210 
14096 25 
14123 9 
14128 44 
14151 63 
14230 19 
14272 215 
14323 20 
14365 60 
14386 45 
14396 5 
14437 67 
14480 326 
14496 59 
14499 51 
14551 152 
14567 28 
14568 61 
14579 158 
14585 69 
14616 178 
14659 164 
14691 180 
14765 44 
14774 89 
14806 120 
14930 80 
14937 138 
14957 42 
14979 618 
15009 198 
15084 6 
15135 9 
15172 39 
15208 63 
15263 262 
15273 81 
15310 8 
15315 10 
15360 114 
15367 735 
15383 55 
15406 100 
15407 84 
15449 66 
15500 40 
15524 288 
15617 17 
15721 27 
15795 307 
15840 9 
15869 104 
15871 47 
15908 16 
15932 24 
15981 89 
15984 6 
16010 4 
16031 18 
16033 47 
16095 110 
16097 39 
16163 11 
16287 122 
16303 120 
16321 220 
16407 18 
16445 58 
16526 186 
16547 104 
16574 80 
16583 91 
16594 425 
16606 17 
16628 12 
16771 200 
16828 321 
16859 17 
16902 31 
16909 52 
16919 201 
16935 12 
16949 199 
16955 10 
17043 95 
17055 6 
17081 67 
17386 151 
17429 69 
17486 258 
17506 0 
17520 99 
17533 201 
17549 0 
17628 10 
17629 227 
17630 382 
17651 3783 
17669 1165 
17705 587 
17708 421 
17731 46 
17735 59 
17741 52 
17777 111 
17817 541 
17823 60 
17830 104 
17834 27 
17847 74 
17904 323 
17934 149 
17947 319 
17957 227 
18019 28 
18033 67 
18035 43 
18051 509 
18116 70 
18122 282 
18147 8 
18177 1958 
18238 5 
18263 5872 
18319 84 
18349 229 
18398 5 
18477 83 
18503 661 
18534 823 
18678 12 
18777 407 
18805 51 
18853 1003 
18897 53 
18925 833 
18936 82 
18954 232 
18971 18 
18991 134 
19085 240 
19133 244 
19156 63 
19178 24 
19213 60 
19241 276 
19252 104 
19264 1 
19273 16 
19288 26 
19293 1 
19323 4 
19402 132 
19404 9 
19420 9 
19426 115 
19482 1 
19486 8 
19498 1 
19499 69 
19560 324 
19625 0 
19625 251 
19639 1241 
19650 23 
19654 19 
19701 1046 
19724 100 
19747 103 
19766 208 
19849 83 
19863 85 
19865 3 
19942 68 
19942 68 
19943 9 
19943 9 
19970 230 
19970 230 
20044 25 
20092 1162 
20109 148 
20120 14 
20120 146 
20128 147 
20151 741 
20166 166 
20217 371 
20349 193 
20365 847 
20380 6 
20413 3 
20572 4 
20596 181 
20609 28 
20645 121 
20652 59 
20669 15 
20719 390 
20748 25 
20875 336 
20880 436 
20900 192 
20908 154 
21064 29 
21064 4 
21081 152 
21126 73 
21177 573 
21207 1650 
21231 50 
21290 14 
21314 51 
21376 241 
21429 45 
21463 54 
21491 1138 
21564 32 
21573 158 
21598 89 
21620 222 
21625 114 
21634 45 
21641 12 
21643 51 
21648 7 
21674 126 
21769 138 
21867 148 
21869 142 
21935 14 
21948 112 
21955 119 
21993 19 
22006 39 
22062 2277 
22101 26 
22117 43 
22156 374 
22268 32 
22283 39 
22290 167 
22326 33 
22334 9 
22380 218 
22424 0 
22476 2 
22507 144 
22558 27 
22631 57 
22642 7 
22707 784 
22748 16 
22772 183 
22799 50 
22868 31 
22869 371 
22895 7 
22901 173 
22955 79 
22975 18 
22979 90 
23082 37 
23086 147 
23096 43 
23102 2 
23154 6 
23193 189 
23209 1616 
23223 154 
23230 378 
23243 11 
23277 78 
23354 96 
23397 109 
23422 224 
23449 39 
23583 48 
23589 148 
23685 271 
23695 128 
23714 168 
23733 9 
23794 259 
23845 171 
23846 237 
23874 74 
23921 517 
23972 414 
24013 186 
24029 334 
24077 365 
24137 197 
24146 184 
24165 378 
24242 108 
24264 94 
24279 1063 
24323 7 
24362 184 
24381 368 
24408 82 
24448 275 
24473 133 
24484 254 
24488 117 
24507 64 
24514 87 
24531 482 
24544 1033 
24553 630 
24583 2211 
24624 2 
24718 6 
24733 362 
24797 426 
24801 493 
24822 16 
24840 98 
24845 11 
24870 135 
24877 1264 
24900 212 
24967 427 
25030 55 
25045 5 
25053 22 
25058 8 
25086 252 
25089 1219 
25097 174 
25116 485 
25174 12 
25175 53 
25176 97 
25181 48 
25194 266 
25201 348 
25285 38 
25289 77 
25377 165 
25401 17 
25417 11 
25417 17 
25427 76 
25507 152 
25512 69 
25539 261 
25539 318 
25546 215 
25560 77 
25562 357 
25568 6 
25578 93 
25587 52 
25608 53 
25679 143 
25704 275 
25720 62 
25758 295 
25837 168 
25888 1352 
25902 60 
26007 71 
26034 68 
26057 16 
26067 273 
26110 124 
26112 1097 
26175 135 
26212 47 
26246 428 
26258 282 
26357 44 
26453 112 
26467 19 
26506 57 
26529 143 
26566 409 
26574 45 
26585 6 
26633 200 
26711 71 
26713 1571 
26716 13 
26740 0 
26758 97 
26856 532 
26859 402 
26953 253 
26986 209 
27085 51 
27112 18 
27156 102 
27160 88 
27211 198 
27230 257 
27239 92 
27298 55 
27362 20 
27460 151 
27530 129 
27553 399 
27585 90 
27598 950 
27658 36 
27695 2 
27723 650 
27750 248 
27801 128 
27808 1 
27820 9 
27841 600 
27841 504 
27886 853 
27890 173 
27930 214 
27956 132 
28088 11 
28157 58 
28167 188 
28170 191 
28241 8 
28245 32 
28271 207 
28283 154 
28354 80 
28395 336 
28440 266 
28462 217 
28522 29 
28534 89 
28553 20 
28567 357 
28585 5 
28629 75 
28641 8 
28647 210 
28667 25 
28676 33 
28735 108 
28827 37 
28828 102 
28908 136 
28918 1114 
29021 555 
29132 135 
29143 38 
29240 22 
29304 225 
29316 50 
29322 44 
29354 41 
29532 209 
29562 15 
29688 135 
29837 2 
29838 29 
29956 156 
29967 71 
29969 112 
30031 73 
30068 30 
30156 80 
30170 3522 
30275 278 
30321 58 
30469 410 
30489 184 
30510 459 
30524 41 
30527 5 
30583 13 
30589 999 
30637 141 
30678 1511 
30727 17 
30755 38 
30816 166 
30829 5 
30899 159 
30951 119 
31012 333 
31020 59 
31095 41 
31159 17 
31224 59 
31385 50 
31406 8 
31458 232 
31527 201 
31544 1090 
31710 90 
31720 28 
31783 3 
31912 133 
31967 63 
32015 62 
32025 61 
32126 83 
32260 81 
32311 623 
32328 42 
32331 143 
32362 40 
32418 40 
32476 476 
32499 16 
32609 73 
32646 211 
32795 89 
32860 1 
32885 235 
32977 477 
32989 989 
33059 407 
33069 79 
33085 42 
33346 65 
33438 450 
33476 36 
33481 1326 
33485 21 
33568 169 
33590 48 
33672 41 
33722 84 
33806 13 
33854 86 
33858 15 
34173 4 
34323 3276 
34351 114 
34440 27 
34490 58 
34490 2 
34529 28 
34536 32 
34557 569 
34582 112 
34585 6 
34604 15 
34620 5 
34630 171 
34639 125 
34721 238 
34791 86 
34860 108 
34905 21 
34954 217 
34999 437 
35063 81 
35063 81 
35082 200 
35082 200 
35138 134 
35138 134 
35157 70 
35168 558 
35178 265 
35198 764 
35241 35 
35247 0 
35299 29 
35370 3 
35372 23 
35379 56 
35448 1281 
35500 158 
35556 8 
35674 114 
35676 103 
35803 44 
35906 18 
35932 814 
35965 24 
35986 138 
36093 91 
36150 97 
36150 60 
36202 66 
36259 309 
36265 69 
36337 44 
36490 346 
36490 122 
36499 120 
36516 21 
36614 10 
36630 56 
36811 97 
36824 36 
36833 252 
36854 4 
37035 35 
37045 3 
37261 18 
37304 26 
37401 79 
37487 232 
37601 685 
37763 904 
37809 41 
37864 21 
37912 7 
37952 404 
38008 1050 
38295 176 
38435 55 
38467 29 
38591 95 
38599 8 
38620 65 
38688 32 
38778 4 
38786 598 
38825 2743 
38840 431 
38854 1854 
38874 436 
38881 360 
38899 71 
38899 93 
38966 24 
38975 4 
39001 18 
39017 176 
39597 35 
39619 25 
39704 15 
39807 15 
39861 3 
39916 332 
39923 106 
39973 255 
40029 8 
40122 235 
40159 17 
40179 60 
40393 46 
40437 39 
40477 4 
40543 22 
40563 34 
40719 2 
40798 8 
40807 6 
40851 22 
40860 732 
40898 15 
40953 2 
41071 5 
41142 126 
41173 91 
41178 139 
41282 126 
41315 11 
41337 32 
41398 465 
41448 49 
41482 331 
41485 145 
41535 48 
41577 52 
41577 84 
41739 165 
41760 40 
41781 335 
41873 806 
42065 22 
42136 20 
42167 280 
42209 124 
42270 144 
42308 524 
42407 371 
42496 52 
42558 16 
42567 1526 
42590 43 
42763 565 
43042 0 
43086 92 
43329 325 
43351 1027 
43374 23 
43484 188 
43501 603 
43503 146 
43545 67 
43578 3 
43667 14 
43759 76 
43845 152 
43846 13 
43903 97 
43983 1194 
43986 3 
44072 85 
44081 2 
44221 292 
44233 7 
44406 32 
44468 600 
44547 1230 
44569 84 
44577 108 
44591 408 
44659 14 
44670 5 
44697 457 
44998 30 
45011 2836 
45020 137 
45047 375 
45081 1252 
45331 268 
45476 0 
45503 45 
45568 546 
45580 130 
45613 31 
45750 65 
45827 11 
45896 93 
45907 51 
46041 188 
46138 19 
46172 233 
46174 24 
46192 151 
46213 8 
46237 65 
46338 75 
46339 35 
46342 84 
46362 133 
46413 7 
46520 344 
46540 76 
46641 6 
46778 69 
46789 8 
46836 19 
46974 200 
46983 129 
47260 78 
47266 96 
47304 665 
47323 1173 
47415 2 
47416 3 
47442 469 
47479 776 
47510 167 
47563 2238 
47606 203 
47656 327 
47697 588 
47738 562 
47749 14 
47776 68 
48071 77 
48097 454 
48162 35 
48167 12 
48179 622 
48235 42 
48339 209 
48364 0 
48527 198 
48622 1068 
48756 311 
48814 57 
48838 334 
48846 125 
48930 67 
48933 21 
48992 562 
49062 3 
49068 13 
49085 28 
49144 4 
49206 173 
49226 390 
49283 31 
49305 9 
49362 25 
49371 150 
49461 14 
49494 84 
49524 3 
49551 26 
49558 159 
49734 1410 
49798 16 
49828 161 
49846 244 
49899 23 
49918 2 
49940 252 
49981 135 
50001 12 
50036 1 
50040 42 
50051 248 
50128 75 
50133 254 
50147 565 
50166 8 
50241 60 
50277 167 
50308 1960 
50309 18 
50465 34 
50531 100 
50551 195 
50557 1619 
50765 6 
50771 469 
50806 374 
50823 253 
50901 354 
50995 1791 
51077 239 
51080 4 
51094 5 
51207 57 
51257 14 
51261 130 
51342 59 
51377 93 
51407 1 
51453 20 
51553 310 
51575 144 
51595 296 
51601 936 
51602 185 
51639 297 
51660 27 
51691 68 
51702 2 
51727 14 
51764 3 
51785 3 
51813 229 
51839 57 
51915 457 
51938 67 
51979 16 
52138 30 
52237 84 
52263 617 
52292 96 
52332 157 
52390 99 
52432 1384 
52464 26 
52634 51 
52749 13 
52780 82 
52788 21 
52832 453 
52857 20 
52908 46 
53046 78 
53225 16 
53257 8 
53279 5 
53344 128 
53363 128 
53438 1790 
53444 201 
53459 308 
53569 230 
53670 13 
53679 1 
53714 29 
53751 219 
53755 140 
53841 7 
53870 18 
53896 9302 
54023 562 
54114 3131 
54146 7 
54207 38 
54245 383 
54291 24 
54392 535 
54450 438 
54569 1 
54584 27 
54660 3 
54663 28489 
54668 569 
54700 235 
54713 100 
54724 12 
54754 270 
54779 161 
54798 227 
54802 189 
54802 119 
54839 47 
54864 494 
54873 466 
54921 96 
54982 60 
55005 6 
55008 37 
55041 543 
55063 4137 
55087 4 
55187 112 
55250 1659 
55257 375 
55422 256 
55450 134 
55476 176 
55488 143 
55703 42 
55727 1741 
55747 116 
55790 8 
55805 48 
55832 40 
55845 83 
55873 150 
55901 29 
55902 1228 
55905 293 
55942 122 
55998 77 
56064 2 
56080 3 
56080 181 
56096 80 
56115 118 
56209 166 
56229 2012 
56236 6 
56246 173 
56268 0 
56350 4 
56351 68 
56425 287 
56435 69 
56453 13 
56516 357 
56555 75 
56657 160 
56710 104 
56714 992 
56768 318 
56876 780 
56936 184 
56979 174 
56986 37 
57136 69 
57162 7 
57202 28 
57252 596 
57297 99 
57312 17 
57428 1019 
57432 13 
57465 401 
57510 112 
57557 963 
57600 846 
57822 15 
57833 30 
57839 128 
57944 48 
57956 42 
58080 477 
58117 6 
58241 215 
58244 34 
58286 168 
58324 14 
58360 85 
58376 16 
58384 36 
58420 4 
58623 643 
58637 194 
58646 273 
58671 78 
58691 0 
58710 957 
58769 117 
58786 192 
58804 366 
58806 97 
58827 171 
58852 74 
58943 45 
59059 0 
59143 1068 
59188 251 
59230 1175 
59231 75 
59260 45 
59268 243 
59297 244 
59373 265 
59427 45 
59431 661 
59478 2146 
59501 50 
59516 130 
59517 48 
59640 210 
59669 41 
59825 354 
59851 155 
59873 665 
59908 466 
59927 10 
59945 126 
59991 15 
60143 348 
60152 8 
60253 570 
60306 117 
60307 94 
60336 10 
60386 63 
60499 467 
60672 1411 
60790 143 
60880 52 
60919 37 
60926 353 
61022 944 
61091 182 
61148 382 
61165 216 
61167 55 
61179 27 
61251 53 
61296 180 
61393 27 
61422 1097 
61423 44 
61459 316 
61590 76 
61611 53 
61639 228 
61695 187 
61763 29 
61770 700 
61790 126 
61803 126 
61811 21 
61864 25 
61918 140 
61962 18 
62054 387 
62146 308 
62166 45 
62175 12 
62191 150 
62228 103 
62228 19 
62239 3 
62298 353 
62329 178 
62514 42 
62644 21 
62704 28 
62770 42 
62836 104 
62894 106 
62916 14 
62995 372 
63007 257 
63012 73 
63019 512 
63019 44 
63026 452 
63039 628 
63044 156 
63061 80 
63089 563 
63101 42 
63121 1379 
63137 353 
63139 855 
63147 58 
63152 152 
63155 301 
63176 49 
63180 271 
63193 27 
63198 112 
63209 65 
63236 195 
63245 421 
63268 226 
63281 6 
63294 139 
63346 41 
63363 1164 
63410 45 
63414 889 
63423 604 
63446 34 
63463 12 
63513 341 
63538 33 
63547 430 
63567 81 
63585 1193 
63604 63 
63649 20 
63653 324 
63660 425 
63685 79 
63692 42 
63735 153 
63736 308 
63748 1229 
63759 83 
63762 782 
63769 91 
63778 589 
63802 88 
63863 1370 
63870 1537 
63875 252 
63882 243 
63902 873 
63902 841 
63932 37 
63945 338 
63949 6 
63961 19 
63971 42 
63977 1543 
63978 195 
63997 1011 
64024 4 
64037 42 
64048 383 
64050 89 
64103 855 
64155 107 
64207 68 
64266 67 
64268 122 
64298 234 
64368 69 
64386 164 
64568 151 
64599 14 
64622 197 
64655 215 
64727 131 
64730 303 
64735 25 
64776 65 
64800 785 
64914 1168 
64926 623 
64974 16 
64978 5 
64989 51 
65042 67 
65068 903 
65116 9380 
65167 306 
65169 144 
65171 300 
65173 10 
65178 10 
65273 193 
65310 1003 
65329 22 
65398 508 
65436 69 
65534 47 
65534 47 
65553 51 
65599 14 
65606 14 
65665 468 
65753 103 
65785 285 
65785 49 
65882 61 
65910 42 
65927 477 
65985 2 
65990 3 
66104 2049 
66105 1628 
66114 78 
66188 271 
66235 59 
66258 728 
66342 190 
66398 9 
66410 35 
66431 1 
66432 53 
66621 3041 
66625 129 
66725 10 
66831 231 
66878 167 
66908 9 
66927 8 
66927 245 
66957 32 
67049 53 
67099 605 
67148 689 
67187 88 
67288 106 
67367 202 
67392 877 
67408 194 
67415 373 
67461 65 
67472 809 
67493 76 
67560 208 
67692 46 
67814 69 
67819 0 
67893 13 
67898 97 
68111 73 
68146 51 
68222 109 
68256 197 
68403 892 
68508 26 
68526 330 
68584 5 
68684 162 
68837 88 
68859 16 
68902 457 
68949 92 
69073 277 
69235 213 
69290 64 
69478 49 
69541 60 
69558 115 
69676 23 
69694 225 
69768 58 
69775 59 
69879 443 
69970 113 
70160 50 
70331 274 
70357 44 
70367 682 
70391 306 
70523 101 
70665 26 
70700 15 
70847 240 
70909 12 
70922 20 
70947 124 
71013 68 
71047 7 
71094 2 
71263 164 
71278 455 
71778 12 
72018 0 
72023 313 
72041 30 
72107 31 
72155 25 
72321 3 
72358 184 
72415 121 
72930 990 
73015 0 
73095 203 
73105 8 
73399 175 
73415 68 
73430 202 
73435 572 
73437 165 
73463 49 
73487 298 
73542 125 
73668 183 
73804 292 
73848 77 
73899 64 
73901 24 
73916 119 
74050 56 
74348 127 
74385 299 
74459 182 
74634 70 
74777 1272 
74925 127 
74936 137 
75026 87 
75030 244 
75188 160 
75477 68 
75702 197 
75835 74 
75920 101 
75934 214 
75977 457 
76038 19 
76653 634 
76683 633 
76730 1061 
76741 346 
76825 2 
77210 541 
77492 173 
77518 1 
77542 14 
77623 202 
77821 20 
78032 1466 
78122 36 
78170 42 
79086 130 
79293 235 
79327 27 
79587 489 
80376 9 
80777 78 
80864 9 
80882 348 
80890 127 
80937 58 
80937 58 
80985 53 
81060 95 
81089 135 
81102 85 
81230 141 
81354 133 
81468 1167 
81602 388 
81906 44 
81936 87 
81965 456 
81977 18 
81991 153 
82085 194 
82306 17 
82558 165 
82802 661 
82961 2051 
82997 193 
83078 12 
83342 404 
83620 143 
83725 966 
83822 135 
83947 800 
84041 3 
84264 454 
84326 347 
84357 108 
84483 346 
84546 256 
84546 171 
84596 645 
84696 468 
84719 461 
84829 23 
84851 115 
85353 6 
85570 93 
85713 580 
85813 23 
85846 30 
85876 627 
86211 199 
86343 153 
86564 108 
86603 223 
86812 435 
86858 467 
86899 53 
87120 257 
87220 168 
87514 245 
87787 160 
87872 1840 
88052 1476 
88140 635 
88166 249 
88250 351 
88259 154 
88288 1281 
88306 55 
89056 54 
89662 109 
89820 156 
90235 180 
90259 17 
90378 25 
90551 536 
91461 326 
91512 233 
91639 521 
91869 266 
91915 97 
92241 159 
92332 260 
92952 439 
93308 194 
93913 87 
94085 128 
94209 14 
94415 399 
94440 186 
94545 90 
95045 86 
95254 33 
95358 46 
95504 199 
95839 586 
97673 27 
97678 39 
97797 133 
98206 81 
98470 637 
98542 1307 
98625 112 
98626 1266 
98883 215 
98894 7 
99249 14 
100374 120 
100503 28 
102431 154 
102648 77 
102655 704 
103023 121 
103178 249 
103854 518 
104178 767 
104383 251 
104639 243 
104746 567 
105105 161 
105154 212 
105348 411 
105639 131 
105844 241 
106384 158 
106423 62 
107047 71 
107065 28 
107330 17 
108313 13 
108701 767 
110061 129 
110722 136 
110824 335 
112359 21 
113616 304 
113810 7 
114292 592 
114630 7 
114869 121 
116025 24 
117288 96 
117876 36 
119068 17 
119471 41 
120028 2 
120416 33 
120531 18 
121615 24 
121752 115 
125321 129 
127462 154 
127796 200 
128473 68 
129316 97 
129356 1170 
129379 2036 
129442 51 
129621 15 
130039 276 
130157 246 
130956 93 
131605 11 
131630 235 
134011 1075 
135020 52 
135112 22 
135627 241 
135877 27 
135994 118 
136954 10 
137310 136 
137460 37 
137686 123 
137732 17 
138412 202 
138959 32 
139185 54 
139411 294 
140112 357 
140876 12 
141320 18 
141466 329 
141802 48 
142075 489 
142227 442 
142971 50 
143381 29 
143408 1052 
143636 298 
143725 234 
144575 193 
144773 179 
145392 18 
145581 392 
145610 19 
146214 1027 
146308 33 
146458 185 
146465 123 
146697 196 
146731 346 
146812 47 
147308 268 
148880 957 
150335 340 
150795 7 
151554 670 
151623 483 
151953 199 
152150 3 
152466 115 
152564 123 
153842 213 
154075 129 
154355 2143 
155861 200 
156892 89 
157645 112 
157931 211 
158258 146 
158516 555 
158542 15 
158950 71 
158951 4 
159111 729 
161025 18 
161318 286 
161396 47 
161747 23 
163456 835 
163847 481 
165143 154 
167501 443 
167581 7 
167934 43 
184089 1302 
184215 80 
184239 89 
185553 0 
185886 15 
186458 177 
186482 14 
187363 170 
188570 910 
190237 10 
200202 62 
202615 276 
202952 3 
204705 6 
206067 584 
207140 314 
208374 30 
209836 10 
211165 38 
216395 76 
216395 76 
217922 7 
218653 1942 
223127 2 
223821 42 
224713 822 
224805 24 
226138 286 
227858 1627 
227919 2 
229587 2 
229739 27 
230119 6 
230650 151 
230696 244 
231690 5 
236028 918 
236595 27 
238098 254 
238876 2278 
240104 1 
240449 337 
240508 10 
240550 698 
240890 24 
242072 5 
242493 12 
242630 75 
245262 576 
245617 88 
245955 531 
248162 84 
248171 65 
248202 274 
248230 139 
248239 287 
248319 285 
248347 34 
248367 40 
248619 114 
248696 93 
248758 181 
248773 368 
248848 475 
248927 327 
249072 144 
249210 553 
249292 338 
250301 292 
250458 41 
251144 106 
251283 23 
251702 951 
252152 10 
252326 19 
252476 61 
252980 138 
253205 61 
253352 134 
253950 279 
253956 26 
254584 283 
257891 543 
258890 53 
259783 535 
260692 316 
261902 318 
263164 67 
263891 102 
264250 455 
264964 12 
265195 374 
266066 588 
268857 114 
272700 263 
276378 330 
276661 49 
277938 13 
283567 59 
283793 1 
288904 4 
289234 1550 
289295 19 
294543 1204 
298701 10 
305234 39 
307958 31 
311831 353 
313110 32 
313557 18 
314196 65 
314682 1 
315823 54 
316079 132 
316610 985 
317413 1229 
324272 4 
326948 238 
329481 16 
335006 100 
335197 228 
338377 2091 
338380 2091 
338417 223 
338613 34 
338627 34 
340357 9 
340914 280 
341674 148 
342657 1745 
343260 104 
345112 21 
345605 306 
346020 51 
349929 156 
352789 6 
359202 178 
359280 238 
360678 86 
361098 393 
367476 363 
367480 0 
371273 11 
373622 216 
380580 33 
383356 0 
388537 130 
391545 168 
394764 35 
396265 112 
398566 221 
400775 740 
400852 299 
401538 0 
402080 218 
408472 13 
408880 111 
409423 31 
412978 36 
413775 106 
414418 957 
418340 355 
421620 81 
421919 182 
422010 57 
424222 579 
425888 417 
432039 8 
436177 1781 
436311 797 
446205 119 
447606 32 
448476 3 
473971 52 
475505 112 
477897 716 
478168 984 
482148 2 
491727 182 
494602 20 
500621 12 
504756 61 
509022 7 
509124 678 
511572 160 
519570 260 
519953 210 
553105 53 
553134 53 
556927 11 
558154 21 
564052 0 
566675 73 
567360 888 
570691 17 
581663 51 
583595 76 
584028 1074 
584636 2 
588611 22 
596146 642 
598636 20 
599022 67 
604004 45 
