3631 4.53553240741
0 2621 
40 91 
83 1060 
84 87 
138 72 
205 186 
206 393 
277 350 
279 237 
313 73 
370 171 
608 46 
678 25478 
753 441 
770 6807 
774 417 
817 492 
825 18 
850 563 
879 377 
919 1361 
930 44 
991 31 
1035 86 
1089 59 
1097 679 
1159 571 
1238 407 
1307 27 
1341 578 
1360 144 
1728 18 
2042 48 
2226 74 
2236 512 
2353 166 
2368 163 
2499 5 
2787 217 
2857 67 
2892 97 
2918 54 
2961 185 
2991 254 
2994 533 
3010 156 
3051 970 
3098 141 
3167 71 
3204 214 
3286 155 
3292 4143 
3295 630 
3318 180 
3321 50 
3321 1362 
3344 25 
3350 570 
3358 393 
3364 1612 
3399 769 
3473 31 
3484 46 
3505 47 
3506 233 
3531 177 
3558 56 
3633 11 
3636 163 
3657 179 
3677 289 
3692 303 
3790 73 
3812 81 
3863 674 
3899 171 
3938 838 
4004 692 
4123 20 
4127 89 
4158 245 
4159 157 
4198 119 
4245 70 
4249 27 
4278 10 
4282 724 
4294 124 
4300 20 
4315 60 
4411 1460 
4421 27 
4423 66 
4431 198 
4437 332 
4459 131 
4474 192 
4476 291 
4503 200 
4514 114 
4519 1391 
4527 203 
4562 41 
4595 18 
4615 96 
4642 82 
4652 78 
4662 33 
4707 30 
4725 181 
4746 23 
4747 2300 
4748 98 
4755 331 
4779 26 
4784 7 
4805 73 
4810 34 
4886 294 
4900 148 
4923 202 
4961 1114 
4973 44 
4981 91 
4985 996 
5010 2275 
5028 49 
5111 596 
5127 297 
5151 1 
5176 236 
5190 88 
5198 47 
5202 306 
5254 26 
5257 46 
5283 38 
5293 120 
5308 22 
5331 18 
5352 109 
5368 1399 
5375 408 
5388 573 
5390 175 
5401 148 
5410 1839 
5418 62 
5463 105 
5494 72 
5495 42 
5495 215 
5579 423 
5591 47 
5592 46 
5619 18 
5621 435 
5633 52 
5649 419 
5653 108 
5657 28 
5671 181 
5672 124 
5679 167 
5689 81 
5695 320 
5697 3 
5713 484 
5716 65 
5723 45 
5726 29 
5731 6 
5735 1518 
5740 57 
5742 230 
5763 202 
5778 197 
5778 1057 
5778 108 
5797 60 
5830 98 
5840 312 
5849 76 
5863 724 
5882 40 
5888 47 
5895 246 
5946 824 
5951 1088 
5967 334 
5969 52 
5986 1421 
6009 508 
6015 253 
6029 317 
6031 500 
6047 785 
6052 412 
6064 209 
6064 190 
6086 71 
6091 71 
6113 44 
6114 327 
6115 72 
6147 64 
6157 136 
6172 35 
6239 50 
6241 181 
6243 29 
6245 95 
6248 45 
6290 65 
6292 313 
6292 117 
6296 50 
6309 1579 
6337 30 
6344 3610 
6346 171 
6346 403 
6349 60 
6379 126 
6412 168 
6419 94 
6427 758 
6435 464 
6437 1457 
6440 428 
6441 5 
6442 515 
6454 67 
6471 163 
6474 417 
6511 119 
6538 827 
6541 198 
6548 140 
6574 243 
6579 28 
6594 1170 
6624 279 
6636 632 
6650 32 
6650 25 
6662 99 
6664 627 
6667 266 
6670 81 
6683 85 
6706 682 
6718 100 
6780 30 
6780 286 
6788 26 
6796 5840 
6820 150 
6821 320 
6835 236 
6839 245 
6842 199 
6846 237 
6850 706 
6875 17 
6899 384 
6899 51 
6919 7928 
6968 407 
6973 306 
6978 9 
6981 129 
7017 6 
7038 827 
7055 211 
7064 628 
7102 1936 
7103 70 
7109 24 
7117 11 
7121 66 
7122 725 
7123 309 
7135 12 
7140 220 
7142 144 
7145 305 
7147 23 
7147 63 
7149 61 
7149 935 
7153 140 
7171 27 
7185 201 
7213 50 
7214 57 
7229 101 
7230 6 
7232 248 
7233 70 
7241 381 
7245 66 
7260 4138 
7270 673 
7272 159 
7285 1767 
7296 52 
7303 73 
7305 24 
7313 33 
7334 1245 
7337 85 
7347 1819 
7349 2818 
7364 40 
7379 132 
7398 839 
7409 50 
7417 377 
7422 226 
7430 74 
7496 282 
7498 690 
7528 29 
7528 355 
7555 157 
7562 283 
7583 84 
7596 200 
7597 186 
7616 33 
7618 362 
7623 54 
7631 167 
7650 178 
7662 25 
7728 37 
7730 21 
7736 45 
7738 414 
7750 33 
7755 114 
7762 45 
7770 354 
7783 354 
7784 143 
7803 559 
7807 39 
7809 368 
7816 141 
7818 673 
7822 57 
7824 135 
7839 23 
7848 264 
7848 103 
7850 8 
7916 45 
7933 19 
7945 0 
7946 106 
7947 24 
7957 2404 
7960 14 
7962 85 
8017 259 
8019 114 
8025 125 
8050 1538 
8063 923 
8064 543 
8090 48 
8090 79 
8108 162 
8118 71 
8118 76 
8124 123 
8127 79 
8138 333 
8138 25 
8147 156 
8153 114 
8162 617 
8197 33 
8217 131 
8227 29 
8227 422 
8231 58 
8234 973 
8240 36 
8264 359 
8273 61 
8279 3 
8288 221 
8303 40 
8306 321 
8348 458 
8349 25 
8359 83 
8360 108 
8371 5 
8372 110 
8380 24 
8382 239 
8383 24 
8384 78 
8388 82 
8413 43 
8414 1495 
8425 1223 
8432 101 
8435 49 
8441 305 
8445 89 
8446 123 
8455 47 
8459 88 
8467 47 
8479 1162 
8481 183 
8491 60 
8507 152 
8508 330 
8525 493 
8531 18 
8534 255 
8537 303 
8549 35 
8569 247 
8573 61 
8577 96 
8584 43 
8586 93 
8605 102 
8607 244 
8641 96 
8654 99 
8656 63 
8657 93 
8671 73 
8732 156 
8758 305 
8761 20 
8763 17 
8767 75 
8776 247 
8806 276 
8819 311 
8828 175 
8838 417 
8841 256 
8851 138 
8862 70 
8865 293 
8892 50 
8893 683 
8905 295 
8913 141 
8917 132 
8951 50 
8968 23 
8980 83 
8981 91 
8985 73 
8988 436 
8994 22 
8998 194 
9000 355 
9006 155 
9010 123 
9015 91 
9025 106 
9027 96 
9032 140 
9043 159 
9047 9 
9060 235 
9072 101 
9079 38 
9082 1157 
9156 1131 
9174 44 
9176 97 
9177 147 
9195 7 
9201 350 
9216 374 
9216 247 
9224 670 
9237 290 
9269 440 
9276 51 
9290 264 
9300 104 
9350 34 
9362 176 
9363 809 
9371 47 
9374 91 
9390 1192 
9393 507 
9393 73 
9429 27 
9436 1227 
9447 169 
9453 219 
9458 622 
9465 134 
9466 712 
9467 131 
9479 4 
9480 44 
9491 111 
9497 1257 
9521 107 
9531 19 
9537 106 
9538 186 
9542 19 
9571 49 
9595 777 
9605 3182 
9607 111 
9622 123 
9635 330 
9640 38 
9646 94 
9647 123 
9663 199 
9677 31 
9686 102 
9688 334 
9699 862 
9714 158 
9715 46 
9717 322 
9719 36 
9743 1063 
9750 157 
9757 1 
9758 49 
9800 1049 
9809 341 
9811 1824 
9813 46 
9818 876 
9818 575 
9825 246 
9837 2039 
9844 346 
9868 4 
9888 132 
9888 42 
9956 71 
9958 301 
9961 46 
9988 169 
9992 89 
9998 952 
10019 4 
10026 26 
10053 157 
10062 29 
10067 170 
10079 13 
10103 54 
10104 32 
10117 93 
10119 494 
10125 109 
10126 2336 
10169 32 
10170 295 
10193 171 
10197 78 
10203 60 
10228 12 
10234 262 
10245 57 
10255 175 
10258 264 
10268 43 
10304 2269 
10306 1852 
10326 749 
10328 218 
10329 196 
10347 216 
10360 119 
10366 64 
10367 367 
10369 3112 
10388 160 
10393 96 
10401 224 
10411 163 
10417 34 
10420 17 
10433 388 
10444 290 
10473 138 
10488 204 
10489 352 
10490 581 
10506 57 
10508 317 
10514 1238 
10525 106 
10530 416 
10545 373 
10563 177 
10573 43 
10575 116 
10584 104 
10595 133 
10612 376 
10622 39 
10630 121 
10636 618 
10640 156 
10641 343 
10659 240 
10663 88 
10672 2708 
10676 3080 
10688 35 
10704 183 
10717 118 
10718 491 
10742 11 
10746 127 
10748 208 
10766 80 
10770 567 
10779 5510 
10796 383 
10796 0 
10799 53 
10801 5 
10819 4 
10842 799 
10855 416 
10856 29 
10862 24 
10862 93 
10862 68 
10864 382 
10870 64 
10872 33 
10878 58 
10880 773 
10886 94 
10895 181 
10919 296 
10924 103 
10924 650 
10937 511 
10939 207 
11025 26 
11031 30 
11050 19 
11128 1121 
11132 6 
11136 569 
11153 34 
11158 32 
11160 459 
11167 46 
11168 425 
11185 2818 
11194 1028 
11201 132 
11203 3 
11221 110 
11234 468 
11269 292 
11272 24 
11283 126 
11289 287 
11297 13 
11309 25 
11313 803 
11321 458 
11325 139 
11329 7 
11342 118 
11363 110 
11377 119 
11381 39 
11390 387 
11391 66 
11401 187 
11416 99 
11474 32 
11478 47 
11483 95 
11487 30 
11495 63 
11502 121 
11505 33 
11510 18 
11513 571 
11516 41 
11516 187 
11518 269 
11528 0 
11546 18 
11627 31 
11657 272 
11661 39 
11736 792 
11741 176 
11742 215 
11768 70 
11782 846 
11806 1989 
11817 65 
11829 125 
11841 38 
11842 1510 
11863 305 
11879 1 
11883 651 
11903 115 
11903 109 
11910 62 
11911 71 
11911 3204 
11916 315 
11926 892 
11953 21 
11957 119 
11969 10 
11978 56 
11993 913 
12027 309 
12028 149 
12037 102 
12042 315 
12052 54 
12096 85 
12153 153 
12163 60 
12205 635 
12206 131 
12206 254 
12243 124 
12250 72 
12279 31 
12321 100 
12339 427 
12366 65 
12367 134 
12375 81 
12379 112 
12387 113 
12400 54 
12445 87 
12464 231 
12506 368 
12531 97 
12553 241 
12574 7 
12576 184 
12583 44 
12598 515 
12600 62 
12607 71 
12647 16 
12647 22 
12649 750 
12656 44 
12657 565 
12661 155 
12679 17 
12696 227 
12718 14 
12722 305 
12726 26 
12732 16 
12742 28 
12748 22 
12776 128 
12778 25 
12807 1582 
12814 113 
12827 38 
12848 193 
12851 51 
12851 40 
12871 142 
12894 122 
12897 46 
12903 145 
12913 92 
12914 92 
12936 564 
12938 51 
12958 1665 
12979 24 
12986 103 
12986 250 
12990 314 
12990 196 
13009 446 
13067 150 
13098 3682 
13112 196 
13129 15 
13134 88 
13186 186 
13190 1489 
13209 10 
13213 31 
13221 190 
13228 18 
13234 720 
13286 82 
13293 435 
13333 7 
13341 53 
13348 129 
13354 724 
13359 4 
13424 334 
13426 86 
13427 1877 
13456 45 
13484 152 
13484 152 
13546 2142 
13584 235 
13589 4500 
13639 19 
13655 34 
13655 504 
13675 78 
13688 66 
13735 1008 
13736 22 
13745 857 
13752 48 
13766 197 
13775 956 
13797 156 
13803 206 
13834 129 
13853 183 
13877 341 
13896 111 
13914 873 
13979 264 
13980 28 
13986 72 
13989 1079 
14004 123 
14049 513 
14068 53 
14072 115 
14079 558 
14084 358 
14161 97 
14165 249 
14168 88 
14179 451 
14190 108 
14237 415 
14239 307 
14252 156 
14254 473 
14266 1294 
14278 603 
14286 161 
14312 60 
14317 424 
14326 95 
14333 220 
14348 284 
14354 19 
14370 87 
14376 16 
14400 94 
14426 381 
14450 6 
14452 133 
14486 291 
14497 452 
14513 103 
14553 59 
14559 112 
14564 524 
14572 50 
14594 110 
14599 10 
14614 74 
14624 106 
14627 87 
14631 2273 
14641 30 
14652 1125 
14687 186 
14697 548 
14708 100 
14711 132 
14734 89 
14760 274 
14762 21 
14770 0 
14780 298 
14799 95 
14826 27 
14846 429 
14853 118 
14854 206 
14864 30 
14865 138 
14892 491 
14897 337 
14916 118 
14932 70 
14960 54 
14970 55 
14987 169 
15020 153 
15067 200 
15084 399 
15088 62 
15088 40 
15131 85 
15136 225 
15155 135 
15164 52 
15195 163 
15216 302 
15233 165 
15238 78 
15244 95 
15247 82 
15272 52 
15276 68 
15299 40 
15300 118 
15301 62 
15313 18 
15338 32 
15343 625 
15371 145 
15373 2630 
15378 6 
15394 1281 
15426 1383 
15436 261 
15449 94 
15457 12 
15467 868 
15471 63 
15475 144 
15478 303 
15503 10 
15509 729 
15522 17 
15549 15 
15603 310 
15623 745 
15642 824 
15673 152 
15673 40 
15704 212 
15710 134 
15730 366 
15736 1908 
15742 205 
15762 3 
15787 84 
15799 502 
15802 84 
15808 17 
15836 209 
15867 459 
15882 55 
15884 83 
15885 75 
15930 260 
15942 270 
15949 16 
15972 74 
15979 225 
15979 58 
16047 71 
16062 284 
16069 35 
16081 374 
16088 69 
16101 94 
16136 140 
16137 77 
16145 76 
16156 123 
16175 43 
16189 46 
16199 188 
16209 98 
16225 785 
16226 72 
16252 216 
16282 78 
16300 240 
16318 453 
16348 1147 
16349 254 
16360 74 
16395 42 
16404 37 
16415 42 
16415 170 
16445 174 
16457 275 
16466 116 
16483 19 
16490 538 
16499 112 
16521 33 
16530 513 
16537 21 
16604 363 
16618 47 
16663 146 
16667 255 
16687 84236 
16700 187 
16704 96 
16728 329 
16735 350 
16742 57 
16767 655 
16769 79 
16775 41 
16780 229 
16806 463 
16813 52 
16828 567 
16837 340 
16857 95 
16861 337 
16868 83 
16906 17 
16940 15 
16957 27 
16987 120 
16987 103 
16989 77 
16995 17 
17003 408 
17012 5 
17012 566 
17017 29 
17022 114 
17036 14 
17036 5245 
17045 37 
17046 40 
17047 748 
17067 48 
17069 954 
17079 91 
17084 46 
17086 215 
17097 137 
17109 799 
17118 156 
17124 381 
17142 1648 
17147 54 
17150 23 
17155 866 
17156 168 
17159 84 
17181 273 
17184 101 
17190 77 
17214 294 
17219 85 
17219 132 
17249 45 
17273 7 
17279 1215 
17281 586 
17285 118 
17286 95 
17299 52 
17302 120 
17311 140 
17333 13 
17335 126 
17340 114 
17344 149 
17350 87 
17354 62 
17354 77 
17356 412 
17356 17 
17358 375 
17361 1141 
17404 374 
17412 254 
17430 25 
17430 11 
17442 392 
17447 108 
17468 53 
17473 19 
17477 395 
17482 825 
17512 44 
17527 51 
17532 1575 
17542 228 
17544 418 
17545 76 
17551 106 
17559 62 
17589 288 
17597 218 
17622 220 
17653 45 
17654 402 
17657 97 
17667 49 
17706 305 
17728 14 
17747 89 
17750 68 
17760 143 
17761 220 
17763 864 
17783 23 
17804 31 
17809 85 
17856 603 
17861 235 
17885 53 
17892 20 
17893 0 
17898 173 
17917 961 
17928 25 
17954 10 
17954 30 
17960 86 
17982 313 
18015 70 
18021 224 
18025 79 
18027 108 
18055 19 
18072 60 
18097 21 
18135 172 
18158 535 
18167 103 
18189 566 
18204 194 
18222 66 
18276 112 
18278 36 
18291 210 
18292 155 
18294 14 
18309 13 
18340 270 
18354 51 
18369 76 
18370 84 
18416 26 
18424 55 
18432 498 
18439 28 
18444 76 
18444 219 
18444 2645 
18481 49 
18503 237 
18508 197 
18522 28 
18534 13 
18541 56 
18596 82 
18622 68 
18625 57 
18641 4493 
18674 80 
18681 490 
18681 47 
18693 13 
18729 741 
18759 87 
18850 4 
18889 65 
18895 16 
18933 209 
18982 62 
19073 381 
19075 510 
19088 629 
19110 2930 
19135 14 
19139 2576 
19161 441 
19185 43 
19195 7 
19241 173 
19242 531 
19282 1885 
19312 1765 
19350 4 
19357 6 
19364 420 
19376 12 
19395 710 
19407 105 
19439 254 
19446 537 
19462 147 
19463 182 
19486 143 
19490 1 
19494 108 
19494 82 
19496 185 
19502 43 
19526 100 
19527 27 
19540 394 
19565 1145 
19577 101 
19582 58 
19626 619 
19645 379 
19646 770 
19672 106 
19672 61 
19678 67 
19692 134 
19694 146 
19714 173 
19714 50 
19752 105 
19761 248 
19777 348 
19783 54 
19794 177 
19796 1493 
19801 44 
19806 81 
19817 86 
19843 1175 
19861 19 
19904 354 
19906 33 
19909 12 
19920 293 
19965 318 
19968 157 
19973 30 
19981 1 
19996 371 
20004 49 
20028 20 
20065 398 
20096 443 
20101 64 
20102 965 
20105 208 
20114 771 
20136 182 
20152 43 
20154 433 
20162 147 
20178 269 
20185 44 
20195 261 
20221 20901 
20254 222 
20264 221 
20268 172 
20269 54 
20288 143 
20292 2236 
20298 101 
20316 101 
20325 19 
20333 73 
20338 120 
20400 85 
20407 151 
20424 2335 
20474 443 
20475 1364 
20478 205 
20490 177 
20498 42 
20518 87 
20529 13 
20581 128 
20597 51 
20599 0 
20608 931 
20609 59 
20650 123 
20659 31 
20661 8 
20661 64 
20663 198 
20665 293 
20683 271 
20716 311 
20723 219 
20737 53 
20742 215 
20759 139 
20761 404 
20784 281 
20804 83 
20805 45 
20816 63 
20829 65 
20830 189 
20840 29 
20848 33 
20858 1248 
20859 4295 
20879 294 
20880 580 
20888 58 
20894 5 
20896 27 
20911 958 
20922 226 
20929 281 
20935 63 
20949 632 
20951 231 
20969 11 
21008 95 
21011 730 
21014 186 
21016 162 
21082 40 
21096 226 
21100 315 
21103 268 
21132 62 
21173 330 
21187 32 
21188 545 
21194 396 
21202 272 
21224 786 
21250 22 
21251 1966 
21253 58 
21261 710 
21261 325 
21285 97 
21304 30 
21308 439 
21319 288 
21346 60 
21349 80 
21375 524 
21393 55 
21393 576 
21397 137 
21397 111 
21405 124 
21408 29 
21415 176 
21418 717 
21422 100 
21454 370 
21458 67 
21465 108 
21467 26 
21470 159 
21473 14 
21491 1122 
21494 472 
21498 73 
21511 85 
21534 60 
21541 172 
21553 376 
21567 126 
21583 233 
21584 258 
21585 68 
21587 48 
21588 1032 
21607 71 
21618 156 
21633 31 
21639 46 
21648 147 
21670 51 
21680 199 
21705 237 
21706 88 
21720 287 
21733 633 
21733 366 
21733 531 
21741 1428 
21759 226 
21763 567 
21773 706 
21788 415 
21801 91 
21804 179 
21846 61 
21847 208 
21876 258 
21879 27 
21887 24 
21892 296 
21895 37 
21898 1472 
21901 19 
21939 48 
21948 12 
21962 165 
21982 193 
22013 225 
22015 41 
22023 1060 
22038 36 
22039 964 
22041 50 
22046 1745 
22060 106 
22071 866 
22082 2028 
22173 10 
22210 283 
22217 43 
22226 167 
22235 122 
22242 23 
22258 51 
22270 180 
22274 224 
22279 341 
22286 37 
22299 135 
22305 36 
22322 57 
22326 36 
22346 213 
22354 325 
22354 325 
22361 83 
22379 447 
22381 152 
22387 109 
22398 7245 
22404 81 
22406 262 
22413 239 
22416 100 
22447 277 
22453 304 
22477 453 
22480 5 
22482 235 
22487 34 
22535 342 
22542 42 
22555 473 
22565 45 
22571 377 
22590 155 
22593 363 
22593 94 
22597 363 
22597 43 
22600 9 
22603 1127 
22605 683 
22625 45 
22631 214 
22668 783 
22674 111 
22686 8 
22694 1244 
22699 283 
22718 58 
22733 35 
22763 1707 
22772 18 
22801 397 
22820 102 
22820 377 
22826 1 
22840 16 
22852 32 
22854 298 
22855 79 
22856 332 
22858 91 
22872 48 
22874 327 
22874 628 
22876 237 
22878 22 
22880 39 
22880 1690 
22883 136 
22897 73 
22899 62 
22961 590 
22966 195 
22969 45 
22985 1332 
22992 3012 
23012 160 
23036 89 
23046 278 
23064 340 
23067 273 
23089 101 
23093 156 
23093 44 
23108 45 
23109 43 
23145 82 
23152 83 
23185 80 
23188 48 
23203 297 
23209 13 
23215 10 
23217 101 
23221 15 
23224 17 
23258 2146 
23298 241 
23322 47 
23324 75 
23326 55 
23327 344 
23337 18 
23347 229 
23367 122 
23379 246 
23381 53 
23387 15 
23390 21 
23390 20 
23392 28 
23434 28 
23449 1 
23454 88 
23469 541 
23471 89 
23475 84 
23482 37 
23503 61 
23521 1363 
23555 387 
23573 207 
23597 163 
23601 28 
23603 137 
23616 38 
23619 45 
23623 64 
23687 228 
23708 742 
23708 575 
23710 55 
23712 95 
23713 29 
23717 183 
23733 839 
23756 54 
23778 178 
23779 62 
23780 631 
23781 529 
23793 76 
23799 38437 
23806 206 
23836 19 
23851 37 
23865 64 
23872 56 
23876 438 
23876 892 
23879 163 
23881 34 
23904 59 
23906 42 
23909 487 
23918 138 
23925 58 
23934 106 
23936 68 
23944 2623 
23947 2 
23984 218 
23987 1926 
23995 117 
24002 57 
24005 51 
24008 205 
24011 854 
24012 938 
24017 483 
24026 144 
24028 4811 
24053 92 
24064 246 
24064 93 
24066 144 
24087 22 
24088 749 
24105 180 
24107 7 
24110 39 
24120 44 
24129 39 
24132 22 
24143 380 
24147 66 
24149 502 
24152 88 
24155 260 
24169 3672 
24177 34 
24192 33 
24199 2059 
24200 46 
24223 96 
24229 9 
24234 189 
24237 309 
24248 732 
24271 804 
24286 55 
24317 90 
24321 166 
24390 321 
24398 81 
24425 81 
24441 257 
24458 5 
24460 60 
24462 408 
24466 524 
24467 278 
24472 736 
24479 64 
24488 188 
24521 1568 
24530 159 
24543 113 
24566 1357 
24575 16 
24584 111 
24597 62 
24604 716 
24613 135 
24623 70 
24630 29 
24630 27 
24646 178 
24661 31 
24669 915 
24738 133 
24745 10 
24748 214 
24755 108 
24760 164 
24784 59 
24798 119 
24801 62 
24802 165 
24805 770 
24807 31 
24835 21 
24850 147 
24869 25 
24869 187 
24871 309 
24894 368 
24897 22 
24924 111 
24932 890 
24948 103 
24959 13 
24990 73 
24990 28 
25006 1392 
25010 170 
25027 90 
25030 758 
25055 678 
25077 288 
25082 1284 
25088 51 
25106 510 
25108 1318 
25126 43 
25141 37 
25160 267 
25185 99 
25203 140 
25208 360 
25218 86 
25220 95 
25221 457 
25231 67 
25233 23 
25244 173 
25255 14 
25275 39 
25279 251 
25302 9 
25312 48 
25335 400 
25364 245 
25395 412 
25401 0 
25421 8 
25429 423 
25444 196 
25444 145 
25450 137 
25456 54 
25477 3 
25491 45 
25494 317 
25516 630 
25547 39 
25548 318 
25572 49 
25592 38 
25592 68 
25592 484 
25599 202 
25600 13 
25607 1511 
25621 46 
25631 25 
25634 505 
25635 2 
25649 58 
25664 49 
25676 2095 
25676 65 
25682 376 
25691 12 
25701 782 
25704 10 
25718 17 
25724 53 
25726 150 
25733 253 
25741 52 
25751 233 
25754 101 
25764 98 
25777 6489 
25793 1375 
25800 68 
25807 100 
25819 5 
25826 111 
25831 22 
25836 63 
25843 1306 
25848 26 
25862 70 
25866 183 
25866 375 
25870 18 
25871 354 
25874 9 
25877 7 
25883 803 
25901 315 
25912 132 
25925 38 
25939 36 
25964 898 
25970 299 
25971 134 
25971 209 
25981 615 
25983 117 
25999 74 
26010 719 
26061 140 
26091 439 
26096 637 
26104 1267 
26114 45 
26115 1717 
26125 64 
26125 540 
26143 660 
26157 1669877 
26162 49 
26170 254 
26172 62 
26177 77 
26182 31 
26191 42 
26196 71 
26199 251 
26201 46 
26205 34 
26214 888 
26218 1461 
26223 414 
26224 339 
26225 872 
26228 62 
26229 27 
26232 13 
26236 1315 
26236 140 
26236 75 
26243 73 
26247 88 
26263 86 
26265 164 
26268 148 
26286 207 
26287 9 
26291 36 
26296 163 
26297 118 
26301 4 
26304 130 
26305 203 
26307 171 
26307 81 
26317 13 
26317 98 
26327 141 
26330 420 
26330 88 
26335 65 
26336 121 
26339 705 
26345 96 
26352 186 
26355 133 
26362 33 
26363 77 
26368 95 
26370 60 
26371 61 
26378 451 
26380 4 
26399 193 
26403 209 
26410 98674 
26425 128 
26429 377 
26432 353 
26432 6 
26433 209 
26436 1133 
26437 82 
26438 72 
26439 55 
26442 36 
26443 120 
26443 41 
26449 181 
26454 188 
26457 241 
26458 38 
26459 27 
26463 844 
26468 94 
26472 517 
26480 8 
26482 258 
26485 69 
26490 506 
26491 622 
26498 8 
26501 40 
26501 491 
26507 12 
26509 11 
26509 68 
26509 344 
26511 51 
26511 116 
26512 453 
26514 211 
26515 136 
26517 425 
26517 49 
26517 73 
26519 61 
26526 73 
26526 141 
26533 344 
26533 207 
26534 269 
26538 22 
26541 190 
26542 26 
26548 6 
26550 47 
26553 76 
26554 99 
26555 39 
26561 3381 
26564 48 
26566 21 
26567 148 
26569 96 
26575 67 
26576 326 
26579 33 
26579 32 
26584 218 
26586 68 
26590 33 
26592 100 
26597 147 
26599 131 
26607 58 
26608 46 
26613 15 
26613 6 
26619 6 
26620 103 
26620 110 
26620 15 
26628 232 
26628 60 
26634 16 
26634 74 
26635 56 
26635 42 
26639 47 
26639 14 
26642 175 
26646 91 
26663 389 
26664 53 
26667 4 
26672 80 
26675 35 
26677 1441 
26681 69 
26682 44 
26689 137 
26691 49 
26693 72 
26694 192 
26695 2 
26700 36 
26702 128 
26711 55 
26722 573 
26727 29 
26728 12698 
26730 89 
26730 48 
26732 20 
26737 87 
26755 76 
26759 591 
26760 71 
26766 84 
26770 65 
26770 349 
26778 376 
26784 306 
26787 3 
26788 116 
26789 406 
26790 238 
26796 302 
26798 22 
26798 3 
26799 97 
26799 237 
26801 114 
26803 366 
26804 139 
26806 124 
26809 115 
26816 5 
26818 641 
26819 64 
26821 57 
26845 21 
26849 31 
26850 2 
26858 111 
26864 56 
26882 139 
26885 18 
26887 87 
26887 43 
26891 51 
26904 138 
26906 11 
26907 69 
26908 32 
26910 23 
26911 1807 
26915 69 
26924 36 
26926 222 
26933 21 
26933 59 
26937 93 
26947 234 
26954 412 
26956 28 
26956 69 
26958 226 
26959 57 
26961 16 
26965 22 
26968 139 
26970 15 
26971 236 
26977 49 
26981 26 
26984 60 
26990 331 
27003 165 
27009 33 
27018 35 
27018 87 
27030 24 
27032 21 
27042 353 
27043 129 
27043 256 
27044 51 
27044 43 
27047 214 
27048 112 
27048 26 
27053 353 
27056 76 
27060 172 
27063 116 
27063 126 
27065 287 
27070 207 
27072 115 
27073 39 
27078 21 
27083 996 
27088 207 
27090 33 
27101 1913 
27101 37 
27103 342 
27116 12 
27120 103 
27137 31 
27137 97 
27140 35 
27146 303 
27147 761 
27148 101 
27149 97 
27151 49 
27153 32 
27154 45102 
27156 164 
27158 4 
27163 184 
27165 1195 
27170 624 
27178 5731 
27181 921 
27188 6433 
27189 28 
27193 190 
27200 127 
27201 76 
27204 10 
27207 287 
27215 104 
27215 104 
27215 773 
27215 773 
27218 5 
27218 1048 
27218 5 
27218 1048 
27221 84 
27221 84 
27234 65 
27234 65 
27239 69 
27239 69 
27241 58 
27241 58 
27242 18 
27242 18 
27260 388 
27260 188 
27260 188 
27260 388 
27260 497 
27260 497 
27268 144 
27268 144 
27270 99 
27270 99 
27273 1274 
27273 1274 
27276 192 
27280 1340 
27285 16 
27290 195 
27303 152 
27306 23 
27313 25 
27316 244 
27322 19 
27323 86 
27327 270 
27335 166 
27344 39 
27348 40 
27356 1112 
27356 229 
27357 1717 
27373 174 
27382 63 
27387 656 
27388 198 
27390 2657 
27402 89 
27404 22 
27406 45 
27409 37 
27413 177 
27418 55 
27426 29 
27428 14 
27436 844 
27443 116 
27444 293 
27447 274 
27449 66 
27452 19 
27460 266 
27472 157 
27477 286 
27484 265 
27488 544 
27488 177 
27504 32 
27528 30 
27528 1798 
27529 290 
27533 137 
27534 28 
27534 312 
27536 69 
27543 7 
27544 384 
27545 6 
27547 111 
27551 18 
27553 51 
27567 79 
27571 14 
27587 18 
27588 1071 
27593 123 
27596 173 
27600 119 
27611 75 
27616 524 
27623 30 
27632 213 
27636 51 
27637 75 
27643 5 
27644 73 
27654 4 
27659 544 
27669 72 
27670 128 
27675 1926 
27684 84 
27686 458 
27693 294 
27695 194 
27696 118 
27699 136 
27712 917 
27727 53 
27729 82 
27730 59 
27730 4 
27733 15 
27742 9 
27745 85 
27745 238 
27758 15 
27759 131 
27765 21 
27768 111 
27772 63 
27774 20 
27796 21 
27804 23 
27804 58 
27813 45 
27815 343 
27817 145 
27817 1609 
27820 44 
27820 46 
27821 883 
27827 126 
27828 60 
27834 290 
27842 163 
27842 946 
27846 1217 
27863 4 
27863 1219 
27869 66 
27878 557 
27879 2362 
27881 14 
27890 121 
27895 83 
27897 81 
27904 637 
27912 30 
27918 32 
27927 240 
27929 120 
27933 45 
27933 107 
27944 180 
27946 2850 
27948 61 
27948 1015 
27949 19 
27961 24 
27961 20 
27961 704 
27966 302 
27975 41 
27977 214 
27987 288 
27988 19 
27995 35 
28024 155 
28028 22 
28038 232 
28038 89 
28040 73 
28044 312 
28044 93 
28052 127 
28057 213 
28072 267 
28078 116 
28079 238 
28081 227 
28094 11859 
28109 375 
28116 14 
28137 78 
28148 147 
28162 375 
28169 131 
28170 157 
28172 58 
28173 255 
28177 97 
28215 1215 
28215 61 
28222 23 
28223 127 
28229 2127 
28231 89 
28262 142 
28263 96 
28265 279 
28273 32 
28275 13 
28278 6 
28284 117 
28286 79 
28301 123 
28310 93 
28318 48 
28320 30 
28327 13562 
28327 165 
28335 196 
28339 114 
28342 1245 
28356 166 
28357 38 
28362 155 
28374 1082 
28378 50 
28383 61 
28385 130 
28398 212 
28403 251 
28407 1315 
28413 214 
28415 44 
28435 487 
28436 4653 
28446 17 
28447 119 
28454 23 
28456 28 
28466 1154 
28474 155 
28488 15 
28494 144 
28501 60 
28501 1034 
28503 60 
28518 83 
28520 14 
28520 40 
28522 899 
28522 88 
28528 368 
28538 87 
28551 39 
28559 837 
28561 147 
28561 65 
28576 42 
28576 67 
28592 300 
28603 34 
28604 83 
28605 89 
28609 2046 
28610 122 
28610 42 
28624 176 
28627 75 
28631 65 
28631 31 
28641 493 
28642 77 
28647 51 
28650 83 
28671 18 
28674 2277 
28679 330 
28690 476 
28694 188 
28701 106 
28714 274 
28719 463 
28722 14 
28723 49 
28733 77 
28746 27 
28748 111 
28758 250 
28759 17 
28764 517 
28765 365 
28765 187 
28766 93 
28771 485 
28802 13 
28806 46 
28814 190 
28816 518 
28834 29 
28837 57 
28849 132 
28852 443 
28865 338 
28869 53 
28874 23 
28877 13 
28883 36 
28896 471 
28910 18 
28930 43 
28934 186 
28939 125 
28940 9 
28944 108 
28945 6 
28955 110 
28959 43 
28970 223 
28987 240 
28990 391 
28991 40 
28994 3 
29001 11 
29004 54 
29004 372 
29042 88 
29053 282 
29057 44 
29059 131 
29065 38 
29066 26 
29069 16 
29076 14 
29080 36 
29083 93 
29092 3658 
29093 236 
29095 43 
29139 25 
29139 1827 
29144 58 
29148 35 
29157 583 
29159 37 
29159 46 
29161 237 
29166 92 
29191 36 
29199 74 
29202 190 
29224 281 
29224 371 
29225 1339 
29226 6 
29243 114 
29250 187 
29251 49 
29254 105 
29273 77 
29278 59 
29281 138 
29283 261 
29290 261 
29301 37 
29307 953 
29313 37 
29333 147 
29334 113 
29343 4562 
29349 436 
29351 9 
29355 20 
29366 34 
29367 141 
29372 181 
29373 138 
29374 55 
29387 24 
29417 1105 
29423 88 
29423 6 
29426 19 
29429 19 
29433 515 
29436 39 
29442 1365 
29446 7 
29496 33 
29496 22 
29500 28 
29501 141 
29502 137 
29506 143 
29524 155 
29542 33 
29548 38 
29570 23 
29571 12 
29575 224 
29575 33 
29600 61 
29614 5 
29618 529 
29633 39 
29651 252 
29664 337 
29689 918 
29696 313 
29697 807 
29705 55 
29705 148 
29707 2 
29708 14 
29720 48 
29723 24 
29726 39 
29728 45 
29730 463 
29732 1342 
29735 48 
29737 51 
29739 464 
29744 3734 
29747 75 
29748 404 
29753 109 
29755 28 
29756 1431 
29765 186 
29771 78 
29779 12 
29789 53 
29794 172 
29797 157 
29818 49 
29821 25 
29833 147 
29846 175 
29847 807 
29861 94 
29882 7 
29894 21 
29902 25 
29912 58 
29920 96 
29922 265 
29927 265 
29937 50 
29942 24 
29947 26 
29949 194 
29960 62 
29967 17 
29975 323 
29989 262 
30002 20 
30003 208 
30008 166 
30021 25 
30024 160 
30027 568 
30049 54 
30049 23 
30063 1330 
30068 82 
30068 75 
30080 310 
30090 132 
30091 138 
30111 30 
30116 2645 
30118 1846 
30125 19 
30137 102 
30138 922 
30168 26 
30169 137 
30171 3 
30184 116 
30187 396 
30190 43 
30194 62 
30199 174 
30219 206 
30234 33 
30236 91 
30237 68 
30241 225 
30244 110 
30249 589 
30263 17 
30283 35 
30284 73 
30284 29 
30308 800 
30310 44 
30313 167 
30318 1 
30319 82 
30326 1 
30336 36 
30341 605 
30348 106 
30350 204 
30354 150 
30391 22 
30397 25 
30403 106 
30405 10 
30409 443 
30428 71 
30430 58 
30435 3 
30455 294 
30456 16 
30457 369 
30457 21 
30458 40 
30465 410 
30484 161 
30485 45 
30486 11 
30511 36 
30518 99 
30522 17 
30524 120 
30543 11 
30543 75 
30567 316 
30570 4829 
30573 47 
30592 24 
30606 140 
30613 35 
30620 89 
30620 353 
30622 45 
30634 37 
30639 44 
30642 149 
30651 73 
30653 92 
30666 17 
30667 147 
30679 631 
30685 2457 
30702 306 
30709 253 
30715 448 
30729 12 
30731 721 
30739 4639 
30743 84 
30745 80 
30763 116 
30767 68 
30788 314 
30790 65 
30794 30 
30798 297 
30798 141 
30798 138 
30799 73 
30800 254 
30802 64 
30818 223 
30820 846 
30823 18 
30839 442 
30841 46 
30845 316 
30867 381 
30869 804 
30872 41 
30876 66 
30877 77 
30898 58 
30902 304 
30904 140 
30904 17 
30914 151 
30919 50 
30927 159 
30954 583 
30963 12 
30969 122 
30970 107 
30972 57 
30983 112 
30989 127 
30999 48 
31012 6 
31032 78 
31047 191 
31062 7 
31078 17 
31080 70 
31084 32 
31090 205 
31093 309 
31099 41 
31109 138 
31123 19 
31140 78 
31146 88 
31152 489 
31155 190 
31157 146 
31181 38 
31184 198 
31192 59 
31192 206 
31193 254 
31200 422 
31202 55 
31203 6441 
31204 20 
31213 182 
31219 125 
31227 227 
31238 62 
31238 40 
31239 2 
31246 328 
31247 188 
31250 31 
31258 60 
31272 63 
31284 51 
31326 6 
31330 5 
31351 21 
31359 64 
31379 181 
31382 285 
31396 21 
31401 55 
31414 32 
31423 14 
31423 122 
31426 60 
31452 42 
31479 25 
31482 21 
31483 62 
31484 567 
31503 70 
31508 35 
31516 126 
31529 7157 
31530 253 
31546 515 
31548 811 
31558 66 
31563 61 
31564 8 
31574 9 
31607 14 
31607 106 
31618 18 
31619 4 
31621 321 
31640 187 
31650 76 
31651 723 
31653 15 
31659 31 
31667 49 
31674 296 
31680 1562 
31684 48 
31693 11 
31699 258 
31702 1117 
31708 25 
31715 211 
31717 398 
31722 29 
31727 491 
31738 19 
31748 59 
31749 142 
31755 40 
31755 103 
31759 300 
31759 369 
31759 15 
31776 233 
31789 150 
31803 162 
31813 311 
31819 678 
31828 17 
31837 164 
31839 73 
31862 126 
31882 47 
31905 51 
31909 25 
31923 45 
31929 466 
31936 254 
31937 166 
31947 5 
31966 151 
31972 136 
31973 3729 
31983 35638 
31985 113 
31992 11 
32010 155 
32014 386 
32035 350 
32038 232 
32040 2870 
32057 80 
32060 50 
32061 122 
32089 109 
32095 376 
32099 413 
32100 392 
32100 60 
32105 174 
32110 32 
32116 115 
32127 32 
32135 44 
32145 103 
32150 94 
32151 10713 
32168 175 
32170 986 
32175 421 
32180 4700 
32185 8 
32187 229 
32187 191 
32225 460 
32232 382 
32240 89 
32254 418 
32281 256 
32288 235 
32319 8 
32320 35 
32324 15 
32324 199 
32350 66 
32374 54 
32375 60 
32396 51 
32424 161 
32431 90 
32442 380 
32446 138 
32452 5 
32463 88 
32472 1580 
32475 11 
32478 32 
32488 3 
32488 14 
32488 34 
32495 246 
32500 45 
32502 608 
32511 158 
32530 282 
32536 79 
32537 30 
32548 67 
32564 17 
32573 201 
32602 203 
32603 189 
32607 37 
32646 116 
32653 21 
32656 29 
32661 36 
32694 7 
32717 207 
32727 23 
32738 5 
32749 88 
32760 267 
32765 35 
32765 730 
32772 258 
32774 266 
32787 173 
32808 36 
32843 97 
32852 1937 
32862 86 
32866 14 
32881 5 
32886 173 
32887 268 
32888 1753 
32916 275 
32918 29 
32921 187 
32930 201 
32938 613 
32943 36 
32948 219 
32954 142 
32965 130 
32967 5 
33011 177 
33013 449 
33040 183 
33050 1060 
33051 83 
33062 97 
33064 9 
33072 30 
33084 63 
33086 76 
33102 405 
33107 55 
33133 239 
33134 46 
33162 68 
33192 178 
33226 30 
33231 14 
33232 291 
33237 176 
33244 1926 
33251 318 
33261 41 
33281 187 
33294 39 
33297 257 
33307 32 
33309 1801 
33312 167 
33314 50 
33334 105 
33343 387 
33357 54 
33359 15 
33375 230 
33378 414 
33393 124 
33393 0 
33400 251 
33419 48 
33429 100 
33438 6 
33458 415 
33469 69 
33507 71 
33536 48 
33541 145 
33544 1 
33566 15 
33572 195 
33576 74 
33605 36 
33612 55 
33629 36 
33670 280 
33700 210 
33714 93 
33721 715 
33751 8953 
33752 14 
33759 131 
33777 65 
33783 15 
33793 155 
33800 129 
33810 290 
33811 76 
33815 35 
33861 201 
33876 135 
33911 2541 
33915 16 
33917 93 
33924 29 
33950 258 
33961 346 
33963 114 
33990 120 
34010 448 
34019 17 
34026 518 
34042 329 
34062 23 
34078 48 
34085 83 
34115 17 
34133 39 
34189 277 
34229 233 
34236 216 
34257 41 
34291 51 
34296 33 
34308 165 
34312 284 
34326 599 
34362 47 
34385 11 
34392 79 
34435 22 
34439 49 
34468 215 
34473 337 
34509 267 
34536 325 
34539 12 
34542 22 
34551 754 
34555 91 
34556 353 
34570 250 
34592 157 
34595 115 
34605 441 
34607 43 
34646 8 
34656 3853 
34670 223 
34675 64 
34683 420 
34698 245 
34711 220 
34729 73 
34753 68 
34773 185 
34791 489 
34795 88 
34802 49 
34820 55 
34825 54 
34828 151 
34874 168 
34881 1360 
34904 62 
34921 45 
34925 537 
34929 21 
34952 52 
34965 388 
34982 3 
34985 26 
34987 655 
34992 9 
35020 6 
35027 27 
35035 66 
35037 123 
35053 92 
35065 3 
35078 46 
35140 333 
35173 111 
35175 460 
35203 1652 
35208 91 
35221 1419 
35231 78 
35234 167 
35239 83 
35303 181 
35310 282 
35311 226 
35330 22 
35337 14 
35346 274 
35363 1235 
35379 493 
35387 47 
35442 139 
35468 367 
35477 7 
35488 1154 
35507 332 
35509 72 
35509 242 
35511 78 
35514 64 
35549 494 
35565 326 
35591 9 
35597 55 
35601 203 
35612 64 
35613 29 
35628 40 
35633 72 
35642 79 
35685 135 
35701 106 
35717 156 
35726 19 
35782 214 
35787 355 
35790 334 
35798 87 
35815 97 
35817 30 
35827 58 
35849 23 
35850 26 
35854 1298 
35857 15 
35858 57 
35860 607 
35881 84 
35885 2296 
35892 365 
35910 21 
35967 128 
35968 217 
36001 30 
36007 181 
36037 37 
36050 8 
36089 44 
36130 221 
36144 65 
36155 245 
36169 1054 
36172 379 
36188 165 
36193 113 
36206 349 
36208 156 
36220 15 
36220 32 
36231 176 
36247 20 
36275 17 
36279 421 
36328 28 
36329 137 
36341 145 
36347 52 
36349 50 
36408 525 
36412 268 
36437 42 
36447 10 
36449 27 
36452 27 
36486 3656 
36497 36 
36500 87 
36502 495 
36531 158 
36549 127 
36553 64 
36567 620 
36570 132 
36582 37 
36594 3944 
36629 69 
36629 1380 
36654 739 
36654 836 
36660 11 
36663 39 
36669 1243 
36679 107 
36698 1080 
36710 21 
36714 42 
36720 741 
36763 95 
36774 692 
36793 2 
36807 119 
36813 223 
36862 232 
36865 22 
36898 0 
36902 139 
36904 316 
36909 564 
36911 16 
36915 27 
36923 44 
36941 136 
36951 112 
36974 67 
37009 75 
37028 169 
37032 56 
37074 414 
37091 9 
37104 461 
37106 157 
37114 946 
37114 191 
37126 457 
37150 323 
37162 462 
37181 5 
37190 792 
37191 74 
37191 169 
37192 123 
37198 25 
37208 123 
37251 298 
37267 205 
37270 241 
37277 76 
37282 82 
37300 194 
37307 120 
37327 226 
37331 378 
37348 10 
37363 360 
37364 380 
37394 69 
37401 178 
37406 441 
37415 90 
37430 216 
37431 34 
37446 19 
37451 195 
37457 26 
37458 3 
37462 277 
37465 156 
37467 162 
37469 583 
37470 600 
37472 167 
37480 242 
37499 606 
37509 216 
37511 218 
37513 10 
37514 202 
37519 83 
37526 221 
37529 3700 
37572 25 
37596 287 
37674 447 
37677 46 
37685 266 
37690 323 
37695 145 
37696 64 
37697 19 
37704 145 
37717 130 
37723 56 
37724 291 
37740 82 
37748 1579 
37753 74 
37763 25 
37766 14 
37783 123 
37793 34 
37794 29 
37797 210 
37810 91 
37810 17 
37813 3061 
37814 1204 
37830 66 
37830 220 
37830 1384 
37848 83 
37858 862 
37865 86 
37877 17 
37905 785 
37907 24 
37917 11958 
37917 12 
37928 794 
37939 1255 
37956 1059 
37966 37 
37975 89 
37983 50 
37989 29 
38021 55 
38024 76 
38038 135 
38045 24 
38122 36 
38137 495 
38140 546 
38146 721 
38164 176 
38175 283 
38176 19 
38185 719 
38185 443 
38237 79 
38261 106 
38270 172 
38295 527 
38299 50 
38306 36 
38322 2880 
38330 112 
38344 37 
38344 57 
38349 141 
38352 98 
38374 73 
38403 87 
38416 41 
38439 22 
38458 635 
38476 754 
38479 28 
38491 142 
38546 82 
38549 30 
38560 30 
38577 54 
38580 242 
38580 79 
38599 415 
38603 379 
38651 13 
38656 27 
38659 1259 
38683 194 
38692 18 
38699 3042 
38703 428 
38709 123 
38716 51 
38731 221 
38737 124 
38746 90 
38773 437 
38789 157 
38817 94 
38859 66 
38862 70 
38883 107 
38909 26 
38931 2 
38971 313 
38976 129 
38976 596 
39009 50 
39009 33 
39023 205 
39107 106 
39141 6 
39146 355 
39176 43 
39181 2138 
39213 83 
39230 322 
39238 377 
39244 816 
39259 853 
39400 24 
39408 5 
39410 181 
39451 12 
39478 91 
39497 276 
39505 25 
39507 139 
39530 99 
39541 70 
39551 26 
39558 140 
39562 26 
39579 223 
39580 43 
39594 154 
39605 72 
39606 175 
39607 153 
39630 18 
39675 169 
39699 70 
39710 13 
39720 1597 
39727 829 
39731 63 
39734 866 
39751 2 
39751 240 
39790 387 
39794 271 
39806 46 
39807 567 
39844 287 
39852 115 
39858 14 
39869 88 
39903 55 
39919 461 
39920 225 
39928 181 
39929 5 
39943 0 
39962 79 
39973 950 
39979 85 
39984 840 
39988 1011 
39993 129 
40013 11 
40042 20 
40043 85 
40054 0 
40077 2 
40101 337 
40109 19 
40113 75 
40123 121 
40131 11 
40155 1055 
40260 133 
40305 41 
40325 30 
40353 14 
40369 20 
40390 1088 
40441 43 
40443 214 
40446 192 
40451 343 
40464 1241 
40474 114 
40485 29 
40490 93 
40570 504 
40625 183 
40626 94 
40649 134 
40652 236 
40673 2519 
40701 106 
40703 112 
40706 37 
40746 14 
40747 12 
40771 24 
40788 1140 
40850 145 
40872 60 
40878 135 
40934 297 
40940 63 
40941 12 
40941 256 
40950 0 
40979 2 
41070 224 
41268 47 
41270 62 
41276 393 
41277 7 
41285 83 
41348 86 
41498 240 
41600 2526 
41622 72 
41686 93 
41692 68 
41818 46 
41830 82 
41928 260 
42007 11 
42054 0 
42075 1002 
42087 99 
42088 3 
42138 37 
42238 513 
42291 3 
42362 22 
42652 11 
42663 34 
42720 101 
42795 96 
42808 68 
42810 303 
42876 50 
43037 22 
43055 115 
43124 368 
43159 17 
43212 2 
43260 52 
43336 142 
43352 133 
43372 68 
43407 143 
43533 25 
43607 0 
43874 114 
44001 17 
44008 73 
44075 40 
44253 1794 
44381 203 
45059 48 
45442 243 
45457 2 
45720 26 
45749 88 
45990 755 
46047 44 
46299 27 
46379 149 
46384 2 
46414 46 
46493 131 
46643 39 
47027 81 
47140 98 
47164 38 
47268 24 
47299 86 
47356 20 
47996 55 
48047 156 
48214 34 
48507 21 
49044 92 
49282 20 
49437 6 
49566 30 
49656 208 
49695 33 
49763 8 
49806 267 
49820 83 
49821 19 
50219 48 
50354 328 
50537 6 
50576 549 
50860 7 
51002 106 
51098 41 
51121 53 
51247 11 
51429 64 
51602 311 
51789 2746 
51986 7 
52402 15 
52584 882 
52649 221 
52669 85 
53069 482 
53079 21 
53087 204 
53129 23 
53421 19 
53572 7 
54377 0 
54557 43 
54933 67 
56046 46 
56220 11 
56268 44 
57048 87 
57070 23 
57070 135 
57097 2161 
58746 69 
59259 12 
59302 8272 
59572 16 
60461 3 
60767 72 
61312 137 
61498 8 
62860 1 
63109 53 
66248 220 
66512 33 
66613 344 
66750 578 
67144 29 
67886 114 
68376 100 
70103 249 
70648 250 
72625 5 
73679 184 
75184 21 
75595 83 
76441 245 
77811 37 
82110 97 
88637 67 
90908 11 
90973 6 
91949 212 
93847 62 
93878 1032 
95795 197 
96408 231 
97182 231 
97203 130 
105199 175 
111289 41 
112456 4 
116704 50 
116745 153 
126678 11 
127054 245 
127413 11 
128683 82 
130187 18 
134196 35 
138769 35 
139449 5 
150135 116 
172190 1245 
175119 53 
176395 25 
202536 7 
341758 182 
343291 327 
