7637 3.79516203704
0 4591402 
7 990 
9 2895 
9 1300 
10 623 
10 419 
11 6236 
12 57 
15 133 
17 43 
18 347 
19 177 
20 1284 
20 1012 
20 65 
20 56 
21 1397 
23 137 
23 103 
23 787 
23 1166 
24 141 
27 10 
28 396 
28 934 
28 192 
28 322 
29 27 
29 230 
30 244 
30 889 
31 521 
32 586 
32 41 
33 41 
33 2049 
33 177 
34 133 
34 57 
35 1252 
35 783 
36 1488 
36 288 
37 1616 
37 240 
37 1107 
37 19 
38 765 
38 418 
38 522 
40 212 
41 722 
41 105 
41 70 
42 1947 
42 531 
42 591 
42 552 
42 16 
42 284 
42 375 
42 3246 
43 977 
43 2415 
44 410 
44 2353 
44 48 
45 219 
45 68 
46 150 
46 156 
46 100 
47 108 
48 3721 
48 74 
48 1074 
49 132 
49 531 
49 4021 
50 3536 
50 109 
50 554 
51 78 
51 383 
52 3814 
52 947 
52 239 
115 4448 
117 1298 
117 431 
117 100 
117 1380 
118 70 
118 707 
118 80 
118 1013 
118 201 
118 8337 
118 48 
118 64 
119 248 
119 52 
120 105 
120 552 
120 1475 
120 392 
121 1170 
121 116 
121 223 
122 43 
122 155 
122 109 
122 275 
122 59 
123 33 
123 502 
123 107 
123 2104 
123 214 
124 134 
124 239 
124 1084 
124 30 
124 73 
125 539 
125 293 
125 167 
125 490 
125 12 
125 297 
125 290 
126 862 
126 1950 
126 644 
126 29 
127 22 
127 1086 
128 269 
128 126 
128 227 
128 374 
129 53 
130 95 
130 82 
130 611 
130 17 
131 161 
131 531 
131 1195 
132 55 
132 2161 
132 3886 
132 150 
133 104 
133 10 
133 121 
133 889 
133 471 
134 100 
134 371 
134 2313 
134 383 
134 122 
135 42 
135 204 
135 78 
135 593 
135 135 
135 11 
136 444 
136 33 
136 275 
136 425 
136 23 
136 133 
136 185 
137 911 
137 495 
137 282 
137 73 
137 964 
137 60 
137 676 
138 184 
138 897 
138 15 
138 216 
138 1929 
138 604 
139 746 
139 2138 
139 104 
139 48 
140 40 
140 16 
141 31 
141 596 
141 700 
141 9 
141 74 
141 56 
142 1047 
142 144 
142 100 
142 35 
143 408 
143 246 
143 129 
143 193 
143 1302 
144 1486 
144 174 
144 13565 
144 573 
144 169 
144 23 
144 68 
144 1910 
144 14 
145 40 
145 292 
145 1405 
145 221 
145 709 
145 43 
145 194 
145 1562 
145 691 
145 3696 
145 41 
146 1241 
146 1126 
146 29 
146 47 
146 465 
147 2056 
147 279 
147 58 
147 40 
147 171 
147 45 
147 349 
148 36 
148 1358 
148 455 
149 459 
149 735 
150 94 
150 762 
150 266 
150 127 
151 320 
151 121 
151 1215 
151 140 
152 85 
152 342 
152 240 
152 147 
153 276 
153 164 
155 22 
155 304 
155 807 
155 58 
155 112 
156 69 
156 393 
157 661 
157 589 
158 266 
158 283 
158 802 
158 743 
159 212 
159 125 
160 2789 
160 60 
160 153 
160 57 
160 439 
160 426 
160 1242 
161 98 
162 800 
162 186 
162 291 
163 1420 
163 321 
163 162 
163 786 
163 849 
163 1364 
164 143 
165 143 
165 252 
165 22 
165 29 
166 475 
166 1371 
166 55 
166 55 
166 2237 
167 551 
167 479 
167 945 
167 114 
167 185 
167 82 
167 147 
167 284 
168 70 
168 126 
168 1434 
168 406 
168 8 
168 18 
168 3944 
169 514 
169 521 
169 43 
170 922 
170 357 
170 828 
171 2333 
171 249 
171 37 
171 61 
172 105340 
173 18 
173 252 
173 29 
173 20 
173 1335 
173 147 
173 58 
173 361 
175 601 
175 441 
175 1857 
175 715 
175 4 
176 83 
176 8503 
177 72 
177 3158 
177 6 
178 1340 
178 801 
178 291 
178 105 
179 579 
179 187 
179 106 
180 211 
180 330 
181 60 
181 177 
181 69 
182 76 
182 57 
182 30 
182 288 
182 2045 
184 126 
184 484 
185 1011 
185 560 
186 469 
186 195 
188 984 
188 1032 
188 940 
188 116 
188 761 
189 212 
189 190 
189 1525 
189 2126 
189 500 
190 177 
190 71 
190 41 
190 122 
191 99 
191 77 
192 352 
192 201 
192 8227 
192 25 
192 247 
192 354 
193 130 
194 242 
194 122 
194 3050 
195 56 
196 68 
196 217 
196 285 
196 1360 
196 10 
197 261 
197 56 
197 1224 
198 508 
198 686 
198 183 
199 233 
199 629 
199 664 
199 237 
200 122 
201 5248 
201 3383 
202 2146 
203 105 
203 1283 
203 324 
203 1037 
203 99 
203 2066 
204 912 
204 2445 
204 475 
204 78 
205 1011 
205 69 
205 103 
206 106 
206 215 
206 5242 
207 31 
207 3 
208 57 
208 568 
208 290 
208 65 
209 193 
209 788 
211 301 
211 1064 
212 189 
212 292 
212 168 
213 151 
214 134 
214 1744 
214 178 
215 382 
216 754 
216 84 
216 1479 
216 238 
216 1569 
216 13 
217 7539 
217 457 
218 116 
218 1039 
218 79 
218 306 
218 97 
219 2388 
219 62 
219 44 
219 57 
219 8 
220 498 
220 1347 
221 133 
221 224 
221 274 
222 166 
222 860 
222 479 
222 138 
222 1661 
222 442 
223 5942 
223 5942 
224 122 
224 257 
224 451 
224 407 
224 46 
224 627 
224 268 
225 197 
225 49 
225 313 
226 126 
226 158 
227 217 
227 259 
228 853 
228 802 
228 183 
228 258 
228 372 
228 1476 
229 137 
229 41 
229 477 
230 282 
230 119 
230 134 
230 264 
231 580 
232 523 
232 147 
232 12 
232 279 
232 44 
232 348 
232 261 
233 441 
233 4278 
233 998 
233 502 
233 2044 
233 547 
234 1508 
235 28 
235 315 
236 117 
236 87 
236 732 
237 68 
237 604 
237 289 
237 1061 
237 532 
237 1348 
238 310 
238 91 
238 1446 
238 803 
239 1492 
240 173 
240 85 
240 2279 
240 124 
241 138 
241 150 
241 32 
241 1273 
243 206 
243 707 
243 13 
244 4526 
245 90 
245 796 
245 876 
245 58 
246 1232 
246 143 
246 1646 
246 9 
246 95 
246 806 
246 188 
246 301 
247 207 
247 738 
248 1780 
248 116 
248 343 
249 185 
250 71 
251 422 
251 390 
251 248 
252 582 
252 180 
252 436 
253 52 
253 182 
253 238 
253 537 
254 185 
254 174 
255 222 
255 1418 
256 323 
256 99 
256 580 
256 115 
257 98 
257 55 
257 199 
258 206 
258 175 
258 414 
258 645 
259 264 
259 673 
259 310 
259 6 
260 158 
261 71 
261 267 
262 327 
262 454 
262 372 
262 170 
263 128 
263 169 
264 213 
264 227 
265 95 
265 320 
266 514 
267 62 
267 339 
267 174 
268 620 
268 805 
268 2925 
268 315 
269 475 
269 243 
270 170 
270 2315 
271 2860 
271 448 
271 355 
271 95 
272 1356 
272 269 
273 40 
273 260 
273 1445 
273 46 
274 389 
274 83 
275 273 
275 8 
275 1418 
276 71 
276 889 
276 56 
276 125 
277 192 
277 334 
277 15 
277 261 
278 519 
278 639 
278 163 
278 592 
279 696 
279 82 
280 345 
280 169 
281 143 
282 194 
282 184 
282 60 
283 2924 
283 240 
283 260 
284 364 
284 6699 
284 1398 
285 131 
285 417 
286 30 
286 318 
286 764 
287 29 
287 628 
288 423 
288 181 
288 107 
289 174 
290 54 
290 1228 
290 368 
291 103 
292 30 
292 519 
293 1 
294 225 
294 453 
294 180 
294 217 
295 262 
295 14 
295 384 
295 1275 
296 108 
296 94 
297 746 
297 177 
297 50 
298 205 
298 134 
299 61 
299 104 
299 2432 
299 14130 
300 1547 
301 2887 
301 1690 
301 417 
301 34 
301 2776 
301 78 
301 46 
302 521 
302 439 
302 356 
303 318 
303 2885 
303 150 
303 183 
304 7488 
304 3324 
305 249 
307 1805 
307 610 
308 160 
308 253 
308 16 
310 91 
310 168 
310 460 
311 90 
311 632 
312 160 
312 409 
314 137 
315 32 
315 314 
315 33 
316 2087 
318 84 
318 96 
318 397 
318 20 
319 50 
320 26 
321 1212 
321 60 
322 39 
323 168 
324 110 
324 236 
324 23 
325 438 
325 899 
325 2172 
326 1343 
326 754 
326 378 
326 56 
326 1089 
327 348 
327 144 
327 41 
328 43 
328 210 
328 1135 
328 95 
329 60 
330 1324 
330 803 
330 822 
330 19 
332 183 
332 144 
333 8 
334 180 
334 610 
334 122 
335 88 
335 26 
336 71 
338 1361 
338 19 
338 173 
339 42 
340 299 
340 1504 
340 49 
341 189 
341 209 
342 86 
342 40 
343 224 
343 72 
343 274 
344 1959 
344 180 
344 1038 
345 231 
345 790 
346 2746 
347 391 
347 516 
348 184 
348 38 
348 254 
348 1797 
348 266 
349 282 
349 364 
350 143 
350 14 
350 220 
350 1248 
350 164 
350 434 
352 6447 
352 280 
352 207 
352 202 
353 342 
354 86 
354 791 
355 3069 
355 34 
355 145 
357 276 
357 31 
358 551 
358 316 
359 341 
360 282 
360 569 
360 408 
360 107 
360 592 
361 133 
361 137 
361 147 
361 215 
362 307 
362 132 
363 11 
363 251 
363 1500 
364 42 
364 918 
364 128 
364 350 
365 291 
365 849 
366 220 
366 500 
366 73 
367 90 
367 588 
368 121 
368 558 
368 287 
368 211 
369 847 
369 205 
370 573 
370 762 
370 1056 
371 662 
372 751 
372 370 
373 28 
373 11 
373 521 
373 70 
375 286 
375 146 
376 210 
378 122 
378 37 
378 1666 
379 61 
379 125 
379 80 
379 479 
379 88 
380 237 
381 416 
381 161 
381 930 
381 79 
382 29 
383 4102 
384 572 
386 59 
386 69 
388 70 
388 175 
389 66 
390 111 
392 271 
392 45 
393 70 
393 228 
393 4914 
393 9410 
394 604 
395 231 
396 2933 
397 345 
397 152 
397 1126 
398 903 
399 73 
401 40 
401 1709 
401 32 
402 110 
402 336 
403 356 
404 235 
404 456 
404 141 
405 474 
406 499 
406 1086 
409 2523 
409 109 
409 588 
409 1417 
409 546 
409 441 
410 1442 
411 92 
411 956 
411 793 
412 732 
413 1501 
414 80 
414 411 
414 884 
415 3471 
416 6933 
416 660 
416 1232 
417 1959 
417 1511 
417 190 
417 93 
417 136 
418 140 
419 29 
420 258 
420 831 
421 119 
422 66 
422 3381 
422 1097 
423 254 
424 688 
424 670 
424 265 
424 1602 
424 107 
425 1569 
425 121 
425 1178 
426 58 
427 2458 
427 67 
427 330 
428 75 
429 200 
429 2440 
430 903 
430 1109 
431 246 
432 112 
432 21 
433 167 
433 270 
435 103 
435 1602 
435 290 
436 56 
437 160 
439 1624 
440 227 
440 41 
440 1127 
441 1371 
441 20 
441 107 
442 116 
444 521 
444 499 
444 42 
444 413 
445 149 
445 8452 
445 424 
446 1141 
446 706 
447 689 
447 80 
447 229 
448 575 
449 1093 
449 408 
450 14 
450 405 
451 141 
452 322 
452 17803 
453 19 
453 209 
453 957 
454 93 
455 573 
457 106 
457 920 
458 127 
458 144 
459 108 
459 172 
459 421 
460 595 
460 1871 
461 172 
461 448 
461 511 
462 101 
462 65 
463 361 
463 116 
464 304 
464 132 
464 298 
466 1224 
466 80 
466 229 
466 1648 
468 263 
468 96 
469 809 
469 2343 
469 27 
469 267 
470 540 
470 1197 
470 56 
470 87 
471 291 
471 661 
472 70 
472 198 
473 1081 
474 88 
474 199 
474 1348 
474 623 
474 1167 
475 2803 
475 60 
475 546 
475 1494 
476 356 
476 5105 
476 519 
477 161 
477 165 
477 1027 
478 839 
478 1579 
478 505 
479 1151 
479 190 
480 577 
480 63 
480 13641 
481 93 
482 1267 
482 176 
482 2733 
482 1364 
483 71 
484 116 
484 153 
485 133 
485 15 
485 1378 
486 77 
486 1330 
486 375 
488 84 
488 485 
490 459 
491 1903 
491 106 
491 123 
492 39 
492 3842 
493 94 
493 143 
493 1131 
495 194 
496 472 
496 3388 
496 2183 
499 1066 
500 133 
500 125 
500 391 
501 93 
502 2294 
503 277 
503 440 
504 399 
504 2018 
505 14 
505 415 
505 2806 
506 323 
506 57 
506 1861 
508 275 
508 24 
508 449 
509 1814 
510 292 
510 1756 
510 1311 
511 498 
512 107 
512 925 
513 776 
513 171 
514 273 
515 2454 
516 1073 
516 266 
516 269 
517 621 
518 189 
518 248 
520 2316 
520 331 
521 821 
522 1231 
523 188 
525 305 
525 634 
525 124 
526 154 
526 1840 
528 468 
528 33 
529 379 
530 643 
530 1402 
531 17 
531 91 
531 332 
531 523 
532 806 
533 763 
533 228 
535 386 
536 1417 
536 436 
537 404 
538 756 
538 19 
538 482 
538 51 
539 15355 
540 357 
541 123 
542 215 
544 106 
544 337 
544 1570 
545 93 
546 32 
546 407 
547 187 
547 333 
548 35 
548 515 
549 343 
551 64 
551 166 
552 467 
553 104 
553 778 
553 216 
553 716 
554 251 
554 26 
556 1843 
556 2530 
558 1393 
558 378 
558 2300 
560 72 
561 176 
562 198 
562 393 
563 54 
564 1064 
564 281 
564 223 
565 116 
566 99 
567 636 
567 1268 
568 331 
569 136 
569 1829 
569 621 
570 309 
571 1437 
571 3386 
571 402 
571 1368 
573 278 
574 189 
575 1547 
575 72 
575 91 
576 668 
577 1332 
581 362 
581 315 
581 1428 
582 190 
582 31 
583 543 
583 263 
584 950 
584 855 
585 1998 
586 556 
586 2964 
587 250 
588 2311 
589 1056 
589 192 
589 878 
590 259 
591 216 
591 25 
592 830 
592 145 
593 106 
594 2142 
594 640 
595 521 
596 75377 
598 391 
600 14 
600 438 
602 1795 
604 557 
604 1131 
605 231 
605 55 
606 201 
607 62 
609 214 
610 256 
610 43 
612 67 
612 1235 
613 622 
616 5196 
616 102 
616 779 
617 74 
618 849 
618 695 
618 739 
618 195 
621 876 
621 96 
623 132 
624 74 
624 639 
624 117 
624 1001 
625 172 
626 4497 
626 1752 
627 585 
627 206 
628 295 
631 268 
631 6 
632 411 
634 464 
634 1065 
634 1968 
634 2365 
638 2271 
639 646 
639 1126 
639 427 
640 416 
642 2190 
642 332 
642 57 
643 1232 
643 470 
643 308 
643 249 
645 505 
645 153 
646 31 
647 440 
647 828 
648 7190 
648 42 
649 207 
649 364 
650 1030 
650 20 
650 41 
651 202 
651 68 
652 272 
652 633 
653 37 
654 962 
654 396 
655 795 
656 12367 
656 157 
658 134 
660 951 
660 2346 
661 101 
662 136 
664 76 
670 26 
671 1380 
671 100 
672 964 
675 632 
675 560 
677 183 
678 248 
678 496 
679 1802 
679 249 
680 90 
680 42 
680 42 
681 183 
681 539 
684 811 
684 1373 
686 1217 
688 723 
688 75 
688 4222 
689 379 
691 102 
691 227 
692 448 
694 411 
695 1021 
695 2251 
695 53 
695 325 
695 506 
696 392 
696 1566 
697 367 
697 115 
698 954 
698 251 
699 1244 
700 171 
700 80 
700 207 
701 730 
701 27 
704 190 
704 201 
704 16052 
705 102 
705 1926 
706 221 
707 146 
707 10 
708 757 
708 348 
710 515 
711 1538 
713 2311 
715 154 
715 259 
716 2130 
716 178 
718 2492 
718 4390 
719 207 
721 17 
725 1317 
725 1507 
728 181 
730 1005 
731 703 
732 61 
732 1166 
735 481 
735 139 
737 49 
738 429 
738 137 
739 328 
740 47 
740 146 
740 221 
741 62 
741 209 
742 11 
744 3827 
745 1356 
747 38 
747 435 
749 44 
751 327 
751 5189 
751 185 
751 442 
754 1104 
754 132 
755 347 
755 280 
756 1346 
757 72 
757 1563 
757 944 
757 504 
758 911 
759 155 
759 552 
760 137 
761 64 
761 154 
761 360 
762 360 
764 436 
764 1221 
766 673 
766 113 
766 3354 
769 443 
770 126 
770 508 
773 3937 
774 103 
775 229 
775 72 
775 1429 
776 330 
777 114 
778 789 
781 18 
783 864 
784 313 
784 3114 
785 55 
785 91 
790 36 
791 147 
794 217 
796 16 
796 1148 
796 298 
798 161 
798 1593 
798 10049 
798 588 
799 4104 
800 764 
800 136 
801 433 
802 32 
802 70 
805 254 
806 475 
806 279 
806 29 
806 409 
808 1487 
809 1474 
809 891 
812 79 
814 134 
815 612 
816 159 
816 37 
817 224 
817 971 
817 984 
818 1406 
818 7729 
819 163 
819 106 
821 75 
821 130 
822 42 
823 1450 
824 193 
826 154 
826 535 
829 674 
829 105 
830 574 
830 191 
831 1014 
831 1275 
831 342 
831 813 
832 941 
833 198 
833 11047 
835 1395 
835 83 
838 633 
838 915 
838 1251 
841 681 
841 174 
843 149 
844 2671 
845 1153 
845 687 
845 4250 
846 1446 
846 159 
846 1248 
847 1230 
848 2039 
853 975 
854 254 
854 143 
855 335 
855 1444 
859 688 
859 31 
859 471 
859 138 
861 504 
862 103 
864 265 
865 370 
865 1422 
865 66 
865 1398 
871 364 
872 1647 
872 1780 
873 529 
873 59 
874 835 
874 1833 
876 37 
877 321 
880 215 
885 5 
886 908 
886 267 
886 1377 
889 42 
890 1152 
892 739 
892 413 
892 735 
893 11 
896 1498 
897 224 
898 339 
899 3763 
902 125 
903 492 
905 4614 
907 796 
907 2539 
907 2539 
907 2049 
908 219 
909 307 
910 451 
911 61 
912 1377 
914 2688 
915 1598 
916 238 
920 672 
922 60 
922 482 
924 224 
925 14 
926 640 
927 175 
927 1290 
928 2060 
930 397 
932 171 
934 787 
936 171 
940 2326 
941 208 
941 49 
943 524 
943 574 
945 170 
946 96 
946 75 
947 730 
948 231 
949 1042 
949 17 
950 1876 
951 489 
954 13820 
954 1639 
956 487 
958 69 
962 1118 
962 360 
963 84 
963 64 
965 366 
967 1755 
968 106 
968 1039 
973 943 
973 28 
977 103 
979 183 
984 1749 
985 206 
986 253 
989 688 
989 115 
991 400 
992 752 
997 434 
1000 1505 
1001 148 
1002 776 
1003 1119 
1003 425 
1003 67 
1004 178 
1006 16879 
1009 49 
1011 51 
1012 9232 
1013 249 
1014 116 
1014 163 
1015 6727 
1019 971 
1020 6377 
1021 1549 
1022 393 
1022 661 
1023 903 
1024 114 
1024 1322 
1025 971 
1027 2598 
1029 3231 
1029 512 
1030 217 
1031 491 
1034 1453 
1036 42 
1036 1515 
1041 226 
1042 108 
1042 278 
1043 54 
1043 300 
1044 639 
1045 150 
1046 178 
1046 648 
1046 617 
1048 379 
1049 137 
1049 129 
1054 95 
1054 386 
1064 339 
1065 88 
1066 520 
1067 1227 
1067 188 
1069 1390 
1071 1405 
1071 908 
1072 153 
1073 598 
1073 924 
1075 570 
1076 1365 
1076 5111 
1077 70 
1079 89 
1080 640 
1081 645 
1083 1165 
1084 44 
1086 1138 
1088 1983 
1090 2924 
1090 32 
1090 170 
1091 19 
1094 192 
1095 754 
1096 533 
1097 976 
1100 214 
1104 106 
1105 475 
1105 835 
1106 253 
1106 644 
1106 72 
1106 119 
1107 1690 
1109 1595 
1111 157 
1112 30 
1113 818 
1116 478 
1119 180 
1119 390 
1119 61 
1120 993 
1121 474 
1122 351 
1124 1970 
1125 289 
1128 67 
1130 1479 
1130 254 
1131 1406 
1132 109 
1132 1315 
1132 197 
1132 54 
1133 337 
1133 335 
1134 435 
1135 1213 
1135 243 
1135 1104 
1136 856 
1136 20 
1136 145 
1137 484 
1138 111 
1142 2721 
1145 499 
1149 1072 
1151 103 
1152 1044 
1154 29 
1156 2082 
1158 169 
1159 678 
1159 1090 
1161 1263 
1162 1863 
1163 237 
1164 18 
1164 112 
1165 266 
1167 79 
1168 1405 
1168 1354 
1175 233 
1176 736 
1176 140 
1177 324 
1178 3410 
1182 6248 
1183 201 
1185 339 
1185 1673 
1186 1099 
1190 131 
1190 74 
1191 2767 
1193 1111 
1193 854 
1194 55 
1195 30 
1197 65 
1197 7907 
1198 408 
1198 42 
1200 2743 
1201 326 
1201 381 
1203 930 
1205 682 
1208 1111 
1208 22 
1210 782 
1212 317 
1215 1319 
1215 97 
1216 1667 
1217 224 
1221 47 
1221 764 
1223 59 
1223 342 
1224 829 
1226 389 
1226 852 
1228 296 
1230 1404 
1231 409 
1232 257 
1232 45 
1233 1708 
1233 89 
1234 400 
1237 46 
1237 209 
1239 1108 
1241 1367 
1241 494 
1242 107 
1242 23002 
1244 71 
1245 26 
1245 182 
1246 1252 
1248 104 
1251 893 
1251 1697 
1258 198 
1263 362 
1263 240 
1266 69 
1266 2667 
1267 2501 
1267 659 
1268 2806 
1269 71 
1270 347 
1270 108 
1271 1189 
1272 29 
1275 118 
1278 931 
1279 267 
1280 2612 
1281 4588 
1282 364 
1282 263 
1282 562 
1283 170 
1283 1720 
1283 601 
1284 124 
1284 149 
1290 153 
1290 6797 
1292 21 
1294 668 
1296 854 
1296 102 
1296 40 
1303 3134 
1303 1306 
1305 856 
1306 1202 
1307 817 
1307 1813 
1307 91 
1308 28 
1309 970 
1310 582 
1311 249 
1312 731 
1312 620 
1314 2039 
1315 67 
1316 133 
1317 1663 
1318 765 
1321 317 
1323 767 
1327 724 
1328 2428 
1331 181 
1331 48 
1332 811 
1332 5838 
1333 2307 
1333 1875 
1335 31 
1335 377 
1336 6226 
1336 2202 
1337 239 
1338 55 
1339 50 
1342 142 
1345 103 
1348 1437 
1349 330 
1349 75 
1350 81 
1353 1326 
1356 192 
1360 25 
1361 227 
1362 413 
1363 127 
1363 554 
1363 332 
1365 275 
1365 594 
1367 17 
1367 1232 
1369 766 
1374 15 
1374 31 
1377 45 
1377 67 
1379 636 
1380 1761 
1383 151 
1386 71 
1386 83 
1386 530 
1386 151 
1391 59 
1392 519 
1392 3048 
1393 530 
1396 229 
1396 517 
1396 468 
1396 42 
1397 432 
1399 112 
1399 149 
1400 15 
1402 466 
1402 88 
1403 332 
1406 2664 
1410 22 
1415 221 
1419 50 
1422 56 
1425 1738 
1425 188 
1426 1017 
1427 38 
1427 9 
1427 56 
1428 78 
1429 178 
1434 41 
1436 2743 
1440 603 
1445 884 
1446 888 
1446 442 
1447 90 
1449 1972 
1449 321 
1452 14 
1457 16 
1461 592 
1463 28 
1464 359 
1468 259 
1469 652 
1469 1284 
1470 33 
1472 151 
1473 24 
1476 661 
1477 25 
1478 155 
1479 349 
1479 41 
1479 1467 
1480 323 
1482 92 
1482 46 
1485 1197 
1487 93 
1488 677 
1489 674 
1492 254 
1494 1574 
1495 244 
1495 5390 
1499 37 
1502 370 
1502 995 
1506 774 
1508 447 
1509 22 
1511 67 
1511 274 
1514 95 
1518 1281 
1519 184 
1520 308 
1527 66 
1528 100 
1530 82 
1533 127 
1535 128 
1536 326 
1536 723 
1538 32 
1539 379 
1539 414 
1543 476 
1545 146 
1547 94 
1548 4000 
1550 2294 
1553 647 
1553 392 
1553 178 
1558 118 
1561 2077 
1564 450 
1566 63 
1567 112 
1568 1344 
1573 603 
1574 1678 
1576 2255 
1582 386 
1583 357 
1584 18 
1585 3695 
1586 1046 
1591 7873 
1591 59 
1592 3588 
1597 571 
1599 86 
1600 430 
1602 28 
1604 1 
1606 319 
1611 744 
1617 1045 
1623 998 
1629 1218 
1629 816 
1631 655 
1633 192 
1635 641 
1638 380 
1638 282 
1640 250 
1642 494 
1645 171 
1647 82 
1647 121 
1648 958 
1653 7837 
1654 8126 
1655 51 
1656 26442 
1658 67 
1664 745 
1664 204 
1665 415 
1665 483 
1674 105 
1674 988 
1678 2 
1681 475 
1681 263 
1682 195 
1683 0 
1685 712 
1687 458 
1688 1906 
1690 197 
1690 62 
1692 561 
1700 93 
1701 1988 
1702 87 
1703 811 
1704 3127 
1704 2075 
1704 292 
1706 617 
1707 768 
1708 305 
1708 316 
1709 1504 
1711 136 
1715 205 
1716 49 
1719 99 
1724 171 
1726 1199 
1727 1070 
1728 94 
1730 748 
1731 492 
1733 1018 
1734 1109 
1734 1255 
1739 48 
1745 345 
1748 171 
1749 4269 
1750 292 
1753 2463 
1753 809 
1756 2104 
1760 373 
1762 161 
1763 368 
1764 243 
1768 1430 
1774 73 
1777 449 
1779 126 
1779 397 
1785 655 
1785 25 
1789 119 
1794 170 
1795 1029 
1795 538 
1797 894 
1799 4988 
1803 3577 
1806 2069 
1811 518 
1816 418 
1825 80 
1827 1906 
1829 163 
1831 1320 
1834 186 
1835 655 
1842 1323 
1847 32 
1852 584 
1852 309 
1854 1001 
1855 1114 
1857 70 
1859 20 
1861 400 
1864 1417 
1864 242 
1869 36 
1872 293 
1873 1255 
1880 102 
1882 56 
1884 365 
1889 991 
1893 30 
1895 3109 
1895 119 
1898 7 
1901 31 
1902 108 
1905 2483 
1907 1368 
1908 269 
1908 281 
1909 1142 
1911 57 
1911 1759 
1912 1116 
1913 51 
1914 71 
1916 598 
1920 1699 
1920 882 
1921 440 
1922 446 
1922 767 
1926 487 
1927 331 
1928 476 
1929 47 
1929 331 
1929 5 
1929 1250 
1934 817 
1936 74 
1940 422 
1940 207 
1942 287 
1945 244 
1950 244 
1951 2228 
1951 181 
1954 303 
1957 3115 
1962 960 
1963 1167 
1965 338 
1966 233 
1973 671 
1974 1045 
1980 571 
1980 479 
1982 3823 
1985 347 
1988 11 
1989 1297 
1997 1344 
1997 44 
1998 1047 
2002 38 
2007 661 
2008 554 
2008 3816 
2011 360 
2011 5210 
2018 2398 
2025 487 
2026 219 
2029 17 
2030 103 
2034 1531 
2038 1845 
2040 152 
2044 289 
2046 11 
2047 77 
2047 289 
2052 514 
2054 368 
2055 45 
2056 162 
2057 33 
2059 0 
2063 617 
2063 80 
2064 511 
2065 982 
2067 3742 
2067 1109 
2075 1116 
2077 21 
2084 65 
2089 1519 
2090 128 
2097 151 
2099 162 
2099 595 
2104 42 
2108 584 
2110 0 
2114 411 
2115 193 
2119 620 
2121 473 
2123 5805 
2124 1786 
2126 416 
2127 1951 
2130 3709 
2132 97 
2133 221 
2139 569 
2140 704 
2141 243 
2143 28 
2147 65 
2148 97 
2155 1099 
2157 575 
2163 120 
2163 94 
2165 5477 
2166 951 
2166 85 
2168 355 
2175 123 
2176 301 
2176 16 
2177 141 
2180 1657 
2190 875 
2194 5278 
2198 511 
2206 430 
2207 207 
2210 155 
2210 525 
2211 502 
2211 1838 
2212 270 
2214 725 
2221 177 
2224 613 
2224 386 
2225 776 
2228 560 
2229 249 
2232 374 
2233 86 
2234 89 
2234 583 
2242 25 
2250 2501 
2252 461 
2253 55 
2254 898 
2260 1019 
2261 828 
2262 878 
2263 139 
2266 185 
2266 1696 
2268 239 
2273 163 
2274 52 
2276 537 
2276 260 
2277 331 
2282 185 
2283 9 
2286 154 
2290 1565 
2291 346 
2293 37 
2293 31 
2298 1201 
2300 1105 
2301 79 
2305 1163 
2306 16 
2306 527 
2308 973 
2308 26 
2314 2335 
2314 524 
2314 132 
2315 944 
2324 809 
2327 193 
2335 2357 
2336 22 
2339 84 
2346 1889 
2355 175 
2360 1758 
2361 603 
2377 512 
2378 319 
2382 116 
2383 28 
2383 5 
2391 99 
2392 87 
2394 295 
2398 735 
2399 658 
2401 135 
2403 351 
2403 161 
2406 612 
2406 1494 
2409 554 
2413 876 
2414 609 
2416 94 
2419 20 
2426 878 
2427 4554 
2429 1267 
2429 4142 
2429 265 
2429 411 
2434 309 
2440 1185 
2441 70 
2442 168 
2445 2177 
2453 251 
2454 550 
2459 158 
2468 613 
2473 479 
2474 447 
2477 904 
2478 1083 
2481 1292 
2488 99 
2488 268 
2489 162 
2491 1737 
2495 340 
2495 255 
2503 576 
2514 119 
2517 102 
2518 568 
2520 255 
2522 236 
2528 3698 
2528 1149 
2530 381 
2531 1654 
2532 569 
2532 259 
2536 258 
2537 1023 
2538 119 
2541 103 
2543 1133 
2543 3966 
2544 276 
2546 44 
2546 69 
2547 2018 
2547 270 
2549 237 
2551 678 
2556 383 
2558 2699 
2560 1807 
2560 63 
2566 324 
2566 135 
2574 1242 
2575 64 
2578 75 
2585 1159 
2587 104 
2591 492 
2594 74 
2606 736 
2609 544 
2617 4567 
2620 1654 
2621 1775 
2627 595 
2633 121 
2634 1624 
2636 69 
2637 476 
2639 731 
2640 1445 
2642 145 
2642 111 
2645 352 
2647 218 
2657 108 
2657 433 
2661 1823 
2662 135 
2662 120 
2664 198 
2667 68 
2673 1225 
2675 448 
2675 187 
2677 3857 
2679 3444 
2685 986 
2699 1262 
2701 668 
2704 121 
2705 321 
2708 9756 
2711 1450 
2712 187 
2712 3210 
2713 795 
2714 37 
2714 136 
2717 1743 
2720 59 
2720 250 
2722 663 
2730 793 
2734 61 
2742 156 
2747 467 
2752 170 
2753 3873 
2756 194 
2759 43 
2767 209 
2767 44 
2767 1329 
2768 48 
2769 86 
2774 1002 
2777 517 
2779 125 
2781 116 
2787 1142 
2789 862 
2818 602 
2818 641 
2820 819 
2822 1668 
2830 896 
2833 115 
2834 234 
2836 548 
2838 128 
2838 425 
2840 1763 
2841 1742 
2844 159 
2848 53 
2852 1046 
2853 442 
2861 1451 
2865 1066 
2866 115 
2868 56 
2870 196 
2872 798 
2881 207 
2883 2356 
2883 14 
2884 2356 
2886 688 
2888 343 
2892 549 
2892 20 
2900 709 
2901 397 
2903 4166 
2908 48 
2912 72 
2913 591 
2918 918 
2919 12 
2920 1467 
2924 627 
2927 153 
2929 1479 
2943 90 
2947 718 
2951 240 
2953 624 
2957 51 
2961 1228 
2968 1534 
2970 2584 
2972 57 
2976 360 
2986 1258 
2988 129 
2989 498 
2994 1191 
2996 763 
2998 2916 
2998 32 
3000 147 
3001 943 
3004 97 
3006 207 
3007 377 
3007 226 
3007 40 
3008 207 
3009 15 
3010 1007 
3015 158 
3021 2113 
3033 223 
3034 4788 
3034 1224 
3035 339 
3037 580 
3039 11 
3043 38 
3047 493 
3048 118 
3059 694 
3059 992 
3062 372 
3069 197 
3069 1064 
3069 796 
3070 324 
3070 922 
3071 614 
3072 54 
3075 72 
3075 1978 
3077 36 
3079 621 
3085 14 
3089 69 
3090 1714 
3098 75 
3100 259 
3113 356 
3115 67 
3116 761 
3117 3650 
3119 1660 
3125 1045 
3125 1115 
3134 289 
3141 243 
3147 910 
3149 1498 
3152 137 
3154 288 
3159 6 
3167 43 
3167 2102 
3176 1217 
3177 72 
3184 306 
3185 841 
3196 159 
3202 340 
3203 105 
3207 911 
3208 397 
3209 73 
3212 18 
3216 472 
3218 1834 
3222 115 
3225 235 
3226 311 
3230 791 
3232 424 
3233 1312 
3233 51 
3241 397 
3242 1617 
3247 1375 
3248 78 
3252 156 
3252 19 
3258 157 
3286 43 
3289 101 
3291 88 
3293 397 
3299 1448 
3308 744 
3309 593 
3312 31 
3313 306 
3319 96 
3342 900 
3344 221 
3353 64 
3361 355 
3368 547 
3369 6392 
3369 357 
3370 1341 
3392 2036 
3393 351 
3398 476 
3399 29 
3402 295 
3410 783 
3411 71 
3411 3567 
3412 1177 
3415 285 
3416 29 
3417 364 
3424 367 
3426 1326 
3428 3312 
3438 1340 
3438 361 
3444 134 
3446 14 
3449 31 
3456 635 
3457 46 
3457 128 
3463 431 
3467 275 
3470 120 
3471 1479 
3474 876 
3474 1141 
3477 121 
3484 311 
3489 337 
3489 513 
3490 4221 
3504 19 
3507 1024 
3516 9 
3516 897 
3530 377 
3534 26 
3536 108 
3539 178 
3542 7 
3547 1208 
3555 494 
3560 1443 
3565 246 
3566 173 
3567 536 
3572 111 
3580 182 
3585 787 
3587 2719 
3591 446 
3593 1953 
3597 7417 
3598 1626 
3599 266 
3600 150 
3605 886 
3606 87 
3606 500 
3607 239 
3618 309 
3624 149 
3626 106 
3629 511 
3629 46 
3635 1318 
3636 1395 
3643 2339 
3644 1125 
3649 27 
3653 126 
3668 52 
3672 149 
3673 65 
3676 1594 
3677 660 
3680 0 
3680 500 
3680 79 
3683 41 
3688 462 
3695 3228 
3698 207 
3702 230 
3706 217 
3713 134 
3714 1511 
3716 28 
3720 229 
3730 278 
3731 129 
3739 850 
3743 35 
3743 53 
3747 46 
3773 39 
3776 59 
3784 251 
3785 1427 
3787 28 
3793 1000 
3801 442 
3804 555 
3805 635 
3808 1071 
3812 1407 
3817 102 
3821 145 
3823 143 
3832 184 
3836 1029 
3837 178 
3839 396 
3840 1299 
3848 569 
3848 50 
3851 895 
3852 1313 
3857 119 
3858 4934 
3859 181 
3889 117 
3903 340 
3908 318 
3911 134 
3911 626 
3912 1899 
3913 82 
3914 246 
3916 113 
3929 718 
3938 1091 
3940 250 
3942 463 
3944 4833 
3945 315 
3945 608 
3949 229 
3954 163 
3960 42 
3965 1542 
3969 241 
3972 945 
3977 1052 
3984 159 
3985 818 
3986 492 
3986 58 
3989 603 
3995 1165 
3996 596 
3998 295 
4005 21 
4005 114 
4010 397 
4014 24 
4016 1161 
4017 158 
4021 223 
4026 303 
4028 899 
4032 39 
4044 208 
4053 1901 
4060 2625 
4068 265 
4069 1187 
4069 101 
4071 308 
4075 1302 
4078 761 
4083 266 
4093 981 
4097 5450 
4100 526 
4101 1666 
4101 26 
4103 138 
4104 39 
4124 2388 
4128 1679 
4130 42 
4139 20 
4141 1152 
4144 1366 
4153 18 
4160 626 
4162 111 
4165 367 
4166 1749 
4184 70 
4184 391 
4186 448 
4198 123 
4201 243 
4208 19 
4208 112 
4208 1187 
4219 353 
4220 313 
4224 57 
4230 7361 
4238 489 
4244 178 
4249 274 
4260 3595 
4263 65 
4264 432 
4267 28 
4273 4250 
4274 629 
4282 298 
4284 1743 
4288 1479 
4309 440 
4314 95 
4315 2916 
4320 100 
4324 385 
4325 454 
4327 999 
4329 35 
4334 267 
4335 107 
4337 456 
4338 767 
4343 1118 
4343 232 
4345 617 
4351 1422 
4354 1495 
4355 2841 
4357 37 
4369 78 
4384 586 
4385 1188 
4391 43 
4401 1130 
4403 47 
4405 798 
4411 69 
4415 158 
4420 72 
4422 217 
4424 1199 
4434 151 
4436 1721 
4436 99 
4443 22 
4452 9 
4458 1464 
4465 404 
4467 113 
4468 326 
4470 954 
4475 37 
4475 219 
4480 1343 
4483 1926 
4488 114 
4500 185 
4505 247 
4511 23 
4517 143 
4527 1737 
4532 41 
4536 572 
4540 77 
4540 1756 
4541 235 
4543 101 
4544 614 
4545 3307 
4553 504 
4554 1245 
4562 273 
4566 2123 
4566 723 
4573 550 
4573 384 
4576 1349 
4581 392 
4595 1330 
4600 645 
4614 24 
4614 115 
4636 1559 
4639 662 
4661 2454 
4661 531 
4665 516 
4668 376 
4668 919 
4669 76 
4681 244 
4689 2290 
4702 21 
4703 66 
4704 230 
4710 2174 
4719 384 
4722 119 
4730 30 
4735 505 
4737 90 
4737 311 
4750 1592 
4761 147 
4761 1332 
4763 723 
4769 203 
4770 575 
4771 1307 
4775 370 
4781 55 
4797 546 
4799 1687 
4804 209 
4805 124 
4810 2812 
4826 524 
4827 398 
4828 1153 
4833 1083 
4844 85 
4851 490 
4851 1128 
4852 700 
4854 1269 
4855 1354 
4867 826 
4869 5618 
4874 475 
4885 206 
4890 1538 
4900 1379 
4901 658 
4904 123 
4905 360 
4911 126 
4919 689 
4919 638 
4924 766 
4932 447 
4937 658 
4942 248 
4944 372 
4949 651 
4952 859 
4955 445 
4955 2039 
4958 593 
4961 17 
4962 186 
4962 274 
4970 34 
4972 566 
4973 269 
4982 263 
4984 197 
4992 4837 
5003 1092 
5004 163 
5017 838 
5020 94 
5020 29 
5022 394 
5023 755 
5028 898 
5031 637 
5032 592 
5032 958 
5049 341 
5055 761 
5066 86 
5068 179 
5070 693 
5074 896 
5083 498 
5084 713 
5086 148 
5089 112 
5090 126 
5095 155 
5101 1278 
5102 1293 
5105 843 
5111 718 
5112 274 
5114 211 
5117 2300 
5125 251 
5128 270 
5129 2867 
5133 143 
5134 3 
5140 2412 
5141 1892 
5151 257 
5152 68 
5154 860 
5174 320 
5175 690 
5190 447 
5192 60 
5192 2008 
5193 1099 
5198 1725 
5209 352 
5221 730 
5222 331 
5223 22 
5224 359 
5227 799 
5227 2169 
5234 12911 
5236 991 
5242 740 
5242 2543 
5246 901 
5250 234 
5256 282 
5258 270 
5261 1229 
5262 169 
5266 3916 
5270 266 
5271 198 
5272 282 
5275 839 
5276 248 
5281 175 
5303 650 
5308 337 
5320 1549 
5324 337 
5330 778 
5339 161 
5340 77 
5347 1298 
5347 906 
5349 558 
5351 5145 
5359 953 
5363 149 
5371 936 
5375 2812 
5382 243 
5383 17 
5386 375 
5390 146 
5404 278 
5415 116 
5421 46 
5428 395 
5453 706 
5461 222 
5464 557 
5466 239 
5477 123 
5479 345 
5483 2699 
5494 776 
5500 189 
5514 69 
5533 474 
5534 2139 
5536 59 
5538 14 
5542 129 
5558 69 
5560 339 
5565 2249 
5572 987 
5572 63 
5573 978 
5585 306 
5594 1202 
5600 703 
5601 1652 
5605 461 
5614 474 
5620 282 
5646 777 
5649 1263 
5650 159 
5656 5136 
5667 1494 
5669 118 
5670 500 
5693 1129 
5694 411 
5697 615 
5699 1384 
5717 190 
5722 1098 
5724 141 
5727 118 
5736 2 
5746 673 
5752 148 
5754 60 
5755 68 
5762 621 
5776 184 
5810 419 
5816 80 
5820 554 
5825 67 
5827 40 
5831 240 
5844 137 
5850 280 
5877 1103 
5894 149 
5912 256 
5916 788 
5922 251 
5933 164 
5940 1335 
5943 62 
5953 552 
5955 209 
5959 27 
5963 623 
5965 484 
5978 79 
5979 1528 
5980 887 
5989 84 
5990 186 
5992 1329 
6007 1591 
6010 427 
6015 329 
6016 199 
6017 269 
6026 123 
6026 761 
6028 180 
6029 2744 
6040 133 
6058 435 
6062 154 
6068 604 
6068 591 
6069 1331 
6076 108 
6082 2786 
6082 750 
6090 2160 
6090 167 
6094 4126 
6095 162 
6112 458 
6120 1628 
6124 658 
6131 846 
6147 455 
6164 587 
6188 127 
6189 2717 
6208 163 
6230 320 
6234 352 
6241 235 
6255 829 
6269 115 
6269 620 
6272 7 
6273 939 
6278 497 
6296 231 
6304 87 
6305 1292 
6307 158 
6336 56 
6338 61 
6340 776 
6341 371 
6350 159 
6371 3920 
6374 245 
6379 1455 
6384 131 
6387 221 
6387 199 
6401 1193 
6409 436 
6417 252 
6420 3203 
6425 322 
6433 43 
6444 600 
6446 583 
6452 1204 
6462 579 
6472 603 
6482 470 
6490 214 
6494 669 
6495 106 
6515 550 
6519 568 
6529 1675 
6531 27 
6536 100 
6551 145 
6552 683 
6553 210 
6555 179 
6570 202 
6573 2249 
6574 2778 
6579 366 
6580 505 
6591 55 
6600 124 
6601 2688 
6639 1273 
6655 767 
6657 644 
6662 544 
6682 1395 
6688 84 
6703 1356 
6703 5477 
6706 638 
6720 12596 
6720 778 
6723 797 
6729 406 
6733 2703 
6735 180 
6750 1008 
6753 1270 
6761 3605 
6770 756 
6790 12 
6790 4697 
6794 1351 
6794 580 
6817 175 
6822 349 
6829 180 
6832 547 
6836 140 
6847 14 
6854 1805 
6857 123 
6858 308 
6865 76 
6872 241 
6874 240 
6879 2325 
6884 189 
6893 251 
6899 2154 
6900 165 
6902 67 
6923 1384 
6924 446 
6924 2153 
6929 885 
6930 781 
6937 1496 
6939 1510 
6943 1826 
6944 3552 
6946 230 
6951 2715 
6968 107 
6969 526 
6970 280 
6972 1125 
6979 768 
6989 1428 
7016 835 
7022 468 
7024 116 
7027 47 
7033 324 
7036 266 
7037 2985 
7040 901 
7041 334 
7042 3691 
7043 275 
7046 26 
7048 437 
7052 2863 
7060 246 
7066 1505 
7068 44 
7071 303 
7073 26 
7081 304 
7086 67 
7092 224 
7099 199 
7114 435 
7120 124 
7134 3235 
7142 817 
7152 350 
7154 2010 
7154 43 
7161 20 
7171 1771 
7173 3041 
7178 179 
7186 209 
7201 147 
7206 266 
7209 3035 
7219 296 
7224 272 
7241 284 
7248 17 
7256 2585 
7259 1054 
7262 46 
7263 140 
7266 17 
7268 1283 
7292 985 
7296 1099 
7300 164 
7307 4 
7311 923 
7312 1298 
7316 461 
7318 79 
7320 540 
7332 4101 
7336 334 
7341 40 
7344 328 
7347 118 
7361 401 
7365 346 
7369 2501 
7369 635 
7370 1179 
7374 513 
7377 3534 
7380 2978 
7385 1075 
7386 268 
7390 1017 
7397 345 
7403 2660 
7419 191 
7421 1441 
7424 1747 
7440 233 
7445 27 
7449 4407 
7450 172 
7463 124 
7466 52 
7485 155 
7497 3829 
7503 440 
7505 1664 
7506 1048 
7506 208 
7514 3140 
7514 2429 
7519 20 
7520 838 
7521 202 
7532 277 
7533 295 
7535 206 
7536 959 
7546 173 
7554 440 
7557 703 
7558 493 
7562 655 
7568 2937 
7574 483 
7587 898 
7589 2314 
7594 53 
7596 226 
7607 99 
7610 304 
7611 27 
7618 234 
7618 307 
7633 573 
7637 1601 
7642 1264 
7648 313 
7654 194 
7679 1637 
7681 158 
7684 249 
7701 823 
7704 3542 
7713 794 
7716 1256 
7716 751 
7717 49 
7718 290 
7726 972 
7731 4667 
7733 88 
7735 73 
7737 51 
7739 2539 
7746 1187 
7754 613 
7769 3291 
7771 3823 
7777 1907 
7790 279 
7792 2201 
7793 188 
7794 2132 
7795 35 
7797 282 
7802 306 
7804 2248 
7805 98 
7808 943 
7809 1485 
7809 1179 
7810 262 
7814 354 
7814 148 
7823 311 
7831 2859 
7834 105 
7835 1695 
7836 192 
7837 381 
7840 5 
7857 184 
7858 130 
7867 188 
7886 208 
7896 1739 
7896 129 
7913 441 
7916 1427 
7919 126 
7930 368 
7940 562 
7944 1683 
7952 422 
7953 297 
7957 4752 
7962 902 
7964 2302 
7972 80 
7980 116 
7982 9 
7986 1470 
7988 70 
7994 934 
7994 1069 
8003 84 
8012 800 
8015 171 
8026 2290 
8028 270 
8035 1179 
8036 212 
8041 293 
8064 1143 
8065 487 
8074 1077 
8085 1783 
8086 315 
8093 2064 
8095 1234 
8103 295 
8108 30 
8108 495 
8111 574 
8121 668 
8126 1171 
8131 468 
8139 219 
8141 642 
8144 292 
8162 922 
8171 14237 
8175 100 
8178 13 
8181 157 
8195 729 
8197 87 
8208 2704 
8209 78 
8213 923 
8214 363 
8216 42 
8220 249 
8240 9 
8243 133 
8249 94 
8264 65 
8269 4089 
8272 999 
8276 1943 
8277 2070 
8279 112 
8283 110 
8286 2390 
8287 938 
8288 118 
8291 635 
8294 78 
8300 2856 
8305 731 
8313 170 
8319 2259 
8342 177 
8344 605 
8354 213 
8356 291 
8357 1714 
8362 47 
8368 657 
8370 54 
8373 1403 
8378 177 
8386 9122 
8389 80 
8396 1056 
8409 617 
8412 100 
8435 332 
8437 936 
8441 524 
8445 923 
8446 1343 
8456 1972 
8458 141 
8468 42 
8476 618 
8480 155 
8481 3033 
8494 813 
8495 407 
8499 260 
8501 268 
8506 190 
8512 168 
8513 94 
8528 6343 
8529 88 
8533 1120 
8546 429 
8547 174 
8554 5728 
8554 1074 
8566 325 
8566 204 
8567 4443 
8570 1382 
8582 304 
8605 832 
8606 35 
8608 2367 
8613 2881 
8625 145 
8628 954 
8630 142 
8638 398 
8650 623 
8661 349 
8662 2123 
8663 1391 
8666 411 
8668 715 
8674 1073 
8684 3007 
8688 72 
8700 621 
8710 151 
8726 1714 
8728 2091 
8730 267 
8748 2795 
8763 1735 
8767 545 
8775 535 
8777 192 
8777 461 
8790 595 
8802 1614 
8804 888 
8822 491 
8825 1129 
8827 94 
8831 884 
8842 274 
8846 89 
8852 813 
8854 1415 
8865 558 
8867 50 
8868 285 
8875 64 
8879 1749 
8880 2483 
8883 438 
8909 165 
8912 1988 
8919 755 
8923 349 
8925 200 
8927 219 
8947 456 
8958 2175 
8962 900 
8966 388 
8973 291 
8982 395 
8989 208 
8996 512 
9009 1888 
9012 242 
9015 1699 
9021 582 
9024 729 
9029 139 
9032 396 
9042 207 
9069 1132 
9070 1765 
9076 1031 
9077 37 
9096 63 
9101 878 
9102 327 
9113 40 
9129 201 
9130 19 
9144 4381 
9154 1820 
9157 1000 
9162 113 
9171 956 
9186 1963 
9190 82 
9192 1547 
9217 324 
9220 42 
9223 837 
9228 160 
9233 1098 
9239 159 
9253 13 
9287 713 
9314 43 
9326 227 
9328 1050 
9347 74 
9351 1403 
9369 428 
9392 311 
9394 6 
9411 1026 
9415 86 
9418 226 
9431 1618 
9436 106 
9462 282 
9466 841 
9468 840 
9473 189 
9477 2091 
9493 257 
9497 1002 
9507 463 
9511 372 
9513 1618 
9516 518 
9518 711 
9520 273 
9527 712 
9544 2492 
9545 1526 
9562 122 
9576 1692 
9577 294 
9589 1071 
9590 360 
9590 101 
9604 1406 
9611 442 
9616 284 
9626 679 
9637 2380 
9649 39 
9654 556 
9655 33 
9657 57 
9686 997 
9689 386 
9697 217 
9705 1066 
9718 200 
9720 70 
9722 225 
9722 244 
9734 1308 
9742 36 
9749 137 
9749 1681 
9758 1609 
9765 19 
9776 1386 
9782 75 
9782 101 
9786 436 
9789 3826 
9802 502 
9825 2086 
9854 1441 
9883 164 
9893 2278 
9901 38 
9903 6835 
9920 161 
9924 6777 
9952 683 
9955 49 
9958 873 
9962 3608 
9968 1971 
9971 75 
9986 703 
9989 444 
9997 91 
9998 130 
10003 605 
10004 1588 
10005 0 
10007 197 
10011 257 
10012 833 
10012 222 
10017 221 
10022 397 
10030 3296 
10030 774 
10035 1595 
10057 716 
10061 1484 
10075 138 
10078 10947 
10081 168 
10089 451 
10090 1023 
10095 535 
10108 1692 
10116 491 
10119 1066 
10121 2050 
10134 378 
10135 1182 
10146 69 
10153 341 
10157 322 
10160 930 
10164 30 
10164 294 
10165 71 
10175 325 
10184 240 
10186 94 
10204 6109 
10209 157 
10217 214 
10224 175 
10228 69 
10232 1130 
10237 150 
10243 2904 
10264 309 
10266 3190 
10289 264 
10298 433 
10298 83 
10298 670 
10299 282 
10320 941 
10329 535 
10331 834 
10332 158 
10338 1407 
10347 693 
10353 693 
10368 111 
10373 124 
10374 101 
10407 2948 
10408 871 
10416 122 
10423 129 
10425 227 
10438 577 
10459 380 
10469 1005 
10488 232 
10488 622 
10505 44 
10518 937 
10519 26 
10526 120 
10532 1232 
10543 32 
10543 6 
10545 936 
10550 620 
10570 146 
10577 581 
10596 1404 
10602 1051 
10604 97 
10606 353 
10614 1911 
10620 415 
10622 1244 
10627 64 
10646 1442 
10656 623 
10660 276 
10660 281 
10663 233 
10672 2560 
10682 58 
10687 1134 
10692 1967 
10693 377 
10693 9451 
10698 101 
10700 192 
10703 185 
10705 728 
10707 504 
10707 464 
10716 1102 
10718 781 
10723 1516 
10726 446 
10740 3348 
10746 273 
10752 1195 
10762 216 
10764 154 
10769 2 
10774 157 
10777 1279 
10777 494 
10793 135 
10802 132 
10813 87 
10818 144 
10829 150 
10831 275 
10838 466 
10838 354 
10839 15 
10845 394 
10847 1687 
10849 475 
10853 59 
10854 1014 
10859 750 
10862 1554 
10868 4055 
10869 247 
10883 1392 
10887 42 
10888 187 
10889 126 
10909 1139 
10921 863 
10923 1293 
10929 576 
10935 615 
10939 96 
10943 157 
10947 397 
10959 765 
10976 607 
10980 82 
10984 82 
11000 42 
11001 136 
11040 648 
11052 26 
11053 848 
11053 144 
11055 79 
11059 227 
11062 96 
11067 1459 
11080 463 
11081 458 
11088 3886 
11093 1310 
11096 839 
11125 384 
11127 133 
11128 136 
11136 2416 
11158 158 
11170 182 
11171 66 
11178 5626 
11179 30 
11186 981 
11195 381 
11202 1340 
11213 63 
11231 1923 
11232 956 
11234 1274 
11241 1840 
11269 3270 
11281 309 
11282 45 
11290 462 
11293 16994 
11298 26 
11301 641 
11304 73 
11304 317 
11309 553 
11322 28 
11332 358 
11336 843 
11339 279 
11346 222 
11369 992 
11371 688 
11379 1915 
11385 76 
11385 2167 
11389 71 
11391 121 
11409 953 
11418 1363 
11419 512 
11421 15 
11424 26 
11424 413 
11435 98 
11437 143 
11438 441 
11452 530 
11460 1531 
11469 763 
11473 441 
11487 1267 
11490 770 
11508 540 
11517 360 
11519 187 
11519 2215 
11527 59 
11538 104 
11547 35 
11551 193 
11557 50 
11562 164 
11562 446 
11569 442 
11570 1118 
11591 35 
11603 6324 
11603 3264 
11617 12916 
11620 6231 
11622 127 
11624 272 
11631 1367 
11633 1292 
11642 555 
11656 499 
11664 116 
11664 321 
11678 150 
11678 9 
11680 176 
11681 465 
11689 4205 
11690 65 
11703 471 
11706 240 
11708 138 
11709 5250 
11713 562 
11745 66 
11749 2368 
11750 659 
11753 56 
11756 1524 
11764 450 
11778 210 
11783 189 
11790 2965 
11794 117 
11804 151 
11805 377 
11809 860 
11820 45 
11823 1952 
11839 379 
11840 879 
11848 97 
11861 10 
11866 194 
11881 50 
11883 412 
11884 560 
11907 158 
11914 1268 
11915 733 
11917 2139 
11952 401 
11954 1304 
11958 107 
11963 316 
11966 136 
11967 40 
11971 1640 
11981 7 
11986 84 
11986 255 
11990 14 
11990 338 
11993 306 
11994 724 
11996 7794 
12001 1945 
12014 4734 
12022 227 
12029 492 
12032 2054 
12042 1150 
12042 1361 
12046 258 
12064 1411 
12072 43 
12077 623 
12083 312 
12084 4471 
12102 529 
12103 1139 
12106 2605 
12113 4816 
12136 736 
12136 630 
12142 2083 
12145 174 
12151 1520 
12171 165 
12173 610 
12174 78 
12180 546 
12202 58 
12211 188 
12212 1138 
12213 7945 
12215 445 
12216 107 
12229 610 
12230 283 
12235 182 
12235 361 
12242 265 
12256 1436 
12260 14 
12273 1353 
12278 811 
12281 1197 
12283 206 
12292 143 
12301 642 
12316 43 
12317 3980 
12325 2042 
12327 91 
12328 53 
12348 844 
12362 270 
12372 75 
12381 356 
12402 1257 
12408 122 
12413 12 
12414 787 
12440 481 
12463 613 
12464 652 
12465 1101 
12470 1646 
12473 2146 
12482 1073 
12487 829 
12489 91 
12495 329 
12503 366 
12515 1026 
12523 823 
12527 67 
12552 797 
12558 156 
12565 885 
12570 1612 
12577 241 
12580 510 
12589 628 
12600 1568 
12606 83 
12607 39 
12612 355 
12612 149 
12617 1523 
12625 1381 
12626 1025 
12628 1303 
12661 345 
12662 108 
12693 217 
12722 962 
12724 916 
12727 492 
12732 6881 
12733 1305 
12802 1250 
12811 1633 
12829 840 
12836 573 
12838 142 
12855 157 
12855 1266 
12857 456 
12865 585 
12867 621 
12871 653 
12871 134 
12873 455 
12883 2858 
12890 245 
12891 412 
12893 170 
12905 223 
12909 275 
12929 142 
12932 45105 
12952 813 
12953 972 
12955 306 
12957 613 
12970 2007 
12983 16 
12996 60 
13002 891 
13006 128 
13019 303 
13027 7 
13032 1022 
13102 345 
13113 428 
13119 144 
13124 37 
13138 469 
13140 1475 
13142 73 
13157 892 
13166 21 
13169 164 
13169 109 
13170 117 
13172 653 
13174 267 
13176 94 
13179 1677 
13180 4502 
13183 196 
13184 157 
13191 98 
13192 2290 
13211 268 
13237 355 
13240 83 
13245 170 
13257 240 
13278 2191 
13284 3536 
13302 268 
13307 2085 
13311 972 
13325 110 
13333 2839 
13338 265 
13342 852 
13344 346 
13345 67 
13351 557 
13360 80 
13363 1674 
13364 495 
13371 1263 
13380 257 
13401 288 
13402 175 
13405 318 
13413 3635 
13413 354 
13419 108 
13436 1029 
13438 531 
13439 69 
13440 962 
13443 191 
13444 664 
13445 996 
13447 341 
13450 23 
13468 846 
13475 742 
13478 389 
13480 70 
13481 540 
13487 1728 
13502 1522 
13505 416 
13506 209 
13506 320 
13519 57 
13539 552 
13544 459 
13557 1620 
13562 160 
13564 1219 
13588 186 
13592 599 
13618 297 
13619 910 
13625 975 
13644 1147 
13656 55 
13665 86 
13666 2770 
13667 164 
13675 419 
13694 214 
13701 212 
13703 1154 
13704 4 
13717 797 
13719 286 
13719 1705 
13731 496 
13735 1175 
13753 114 
13769 769 
13771 1040 
13771 545 
13779 811 
13781 118 
13788 151 
13788 708 
13798 529 
13799 1078 
13804 754 
13814 143 
13817 309 
13820 30 
13837 1387 
13851 26 
13891 86 
13893 2730 
13902 1118 
13903 218 
13907 222 
13907 89 
13921 8026 
13922 393 
13928 253 
13956 2699 
13960 1363 
13967 807 
13968 51 
13976 4266 
13976 4236 
13980 202 
14001 1967 
14002 461 
14012 304 
14014 96 
14017 539 
14029 2052 
14030 305 
14030 7985 
14030 166 
14055 1183 
14061 351 
14069 614 
14077 173 
14082 1115 
14083 1457 
14083 593 
14085 1631 
14092 1963 
14092 105 
14109 931 
14126 596 
14128 406 
14153 2573 
14166 508 
14169 4587 
14169 65 
14178 1308 
14194 62 
14201 737 
14204 483 
14210 246 
14225 246 
14237 2372 
14245 1060 
14253 19 
14256 232 
14258 873 
14262 136 
14267 1002 
14271 1453 
14297 261 
14304 1721 
14315 357 
14327 405 
14333 484 
14333 4432 
14342 466 
14366 1823 
14373 225 
14384 851 
14385 595 
14394 103 
14405 4 
14431 153 
14439 93 
14439 714 
14447 331 
14448 610 
14463 1237 
14470 1055 
14471 268 
14478 693 
14503 258 
14529 1293 
14533 61 
14542 761 
14543 1321 
14544 358 
14546 364 
14546 144 
14577 689 
14643 1714 
14644 958 
14647 399 
14648 1336 
14657 1185 
14673 2387 
14679 627 
14686 8 
14687 309 
14696 515 
14697 950 
14727 713 
14736 85 
14741 291 
14762 2283 
14783 136 
14792 228 
14818 110 
14830 1340 
14832 1154 
14846 1469 
14846 1469 
14864 240 
14894 908 
14895 129 
14912 1819 
14916 749 
14919 434 
14932 842 
14940 592 
14948 273 
14950 0 
14975 291 
15012 784 
15018 816 
15042 386 
15048 267 
15057 988 
15068 306 
15083 372 
15086 254 
15086 122 
15089 2970 
15104 901 
15111 526 
15113 400 
15119 317 
15124 103 
15127 111 
15130 33 
15133 6560 
15137 73 
15137 496 
15146 487 
15147 820 
15161 140 
15161 457 
15174 619 
15175 1411 
15176 2487 
15180 149 
15184 533 
15194 1328 
15195 960 
15200 1488 
15245 295 
15246 265 
15260 997 
15262 335 
15273 11 
15279 1159 
15280 284 
15289 482 
15290 1216 
15292 95 
15299 710 
15299 957 
15300 85 
15318 160 
15322 627 
15329 1353 
15329 3671 
15332 765 
15334 574 
15396 3037 
15398 312 
15402 246 
15405 79 
15410 402 
15414 135 
15416 642 
15420 131 
15424 182 
15443 957 
15450 163 
15480 9 
15490 373 
15498 193 
15508 1690 
15512 1026 
15513 71 
15516 329 
15521 7 
15539 181 
15543 43 
15565 29 
15570 2361 
15573 877 
15599 456 
15606 445 
15638 788 
15650 314 
15657 1213 
15688 336 
15713 21 
15731 2765 
15732 359 
15737 108 
15752 5054 
15753 905 
15756 1081 
15767 2124 
15771 281 
15776 1822 
15777 16994 
15788 418 
15795 106 
15798 137 
15811 964 
15820 1394 
15835 176 
15837 121 
15840 1553 
15841 3662 
15847 295 
15847 483 
15880 190 
15891 4007 
15893 177 
15921 413 
15932 868 
15945 970 
15952 1340 
15956 558 
15970 941 
15994 443 
16006 509 
16009 125 
16014 603 
16020 658 
16026 509 
16027 547 
16029 374 
16030 187 
16052 148 
16067 287 
16070 13 
16092 192 
16101 98 
16136 405 
16187 1019 
16192 943 
16196 80 
16199 437 
16210 287 
16232 987 
16249 791 
16261 579 
16261 588 
16266 473 
16282 129 
16289 104 
16357 90 
16358 929 
16359 1482 
16361 290 
16365 311 
16392 30 
16394 618 
16395 2106 
16398 1787 
16425 351 
16435 121 
16452 381 
16459 2146 
16460 839 
16462 145 
16507 2567 
16525 304 
16528 30 
16529 68 
16545 130 
16546 194 
16549 867 
16571 2813 
16583 740 
16587 44 
16590 6015 
16594 1573 
16600 1302 
16604 420 
16607 172 
16614 285 
16617 432 
16623 637 
16636 951 
16638 1197 
16642 390 
16651 838 
16651 552 
16672 165 
16701 425 
16712 516 
16713 154 
16714 204 
16737 422 
16741 47 
16743 3157 
16759 402 
16761 103 
16768 743 
16784 331 
16786 847 
16788 537 
16800 140 
16828 99 
16830 91 
16833 177 
16842 4111 
16848 832 
16850 462 
16862 19 
16870 36 
16881 96 
16882 81 
16889 358 
16901 77 
16926 150 
16935 288 
16945 559 
16947 1873 
16951 641 
16958 269 
16962 290 
16964 1254 
16968 146 
16980 58 
16985 615 
16988 123 
17002 284 
17009 615 
17018 481 
17019 836 
17031 166 
17031 498 
17046 3953 
17065 1652 
17080 2179 
17101 862 
17103 696 
17104 472 
17129 70 
17135 672 
17161 356 
17163 2372 
17176 366 
17181 95 
17186 1094 
17190 702 
17191 1103 
17199 1901 
17207 539 
17234 147 
17236 279 
17242 238 
17257 249 
17266 156 
17274 1162 
17284 118 
17290 212 
17319 757 
17346 335 
17395 121 
17420 420 
17426 166 
17435 503 
17449 1914 
17460 514 
17495 32 
17504 5667 
17528 123 
17532 50 
17536 1459 
17543 318 
17547 62 
17582 88 
17597 377 
17667 5075 
17671 664 
17679 323 
17690 576 
17718 1735 
17731 978 
17741 622 
17767 1316 
17781 309 
17785 2805 
17805 1093 
17828 1097 
17834 17 
17835 523 
17836 129 
17849 52 
17852 650 
17865 176 
17871 565 
17872 44 
17889 277 
17907 253 
17908 1743 
17911 1262 
17916 146 
17930 1953 
17930 2446 
17936 3167 
17941 363 
17945 2054 
17950 459 
17969 370 
17981 99 
17993 594 
17994 190 
18001 3267 
18002 1 
18008 1604 
18015 1223 
18020 285 
18039 1605 
18047 1416 
18057 320 
18072 128 
18072 1211 
18074 34 
18081 1044 
18089 116 
18091 135 
18095 307 
18119 282 
18124 854 
18131 126 
18149 120 
18152 131 
18157 236 
18198 23 
18205 665 
18216 807 
18230 576 
18235 812 
18279 140 
18307 16 
18310 2046 
18313 714 
18317 451 
18324 546 
18328 2436 
18347 36 
18349 391 
18378 2876 
18392 34 
18402 960 
18410 98 
18427 720 
18433 549 
18528 615 
18537 318 
18537 297 
18552 44 
18571 515 
18580 114 
18582 350 
18585 292 
18594 423 
18613 969 
18636 409 
18639 915 
18644 143 
18657 293 
18739 180 
18748 629 
18813 437 
18843 25 
18848 50 
18851 373 
18853 2277 
18858 206 
18861 438 
18878 243 
18880 82 
18892 137 
18901 1567 
18906 141 
18980 946 
18981 576 
18985 83 
18986 1285 
19001 2071 
19007 5541 
19012 1583 
19019 667 
19023 150 
19025 381 
19028 3098 
19032 74 
19045 1382 
19046 529 
19047 18 
19048 364 
19050 86 
19051 464 
19058 1463 
19059 67 
19060 971 
19061 596 
19063 1245 
19063 1165 
19071 1046 
19095 72 
19099 508 
19100 1745 
19106 196 
19113 139 
19121 712 
19122 649 
19126 64 
19131 553 
19135 420 
19136 411 
19142 663 
19143 735 
19150 1035 
19155 138 
19162 283 
19172 1432 
19176 300 
19178 1879 
19205 1245 
19210 341 
19212 1268 
19234 848 
19243 257 
19250 64 
19254 43 
19261 1607 
19262 130 
19271 1190 
19277 1600 
19281 348 
19293 2644 
19306 1450 
19319 1272 
19320 971 
19342 1169 
19362 95 
19364 91 
19369 1489 
19375 360 
19387 292 
19391 757 
19397 65 
19404 270 
19420 74 
19440 422 
19442 219 
19446 15 
19452 556 
19455 672 
19463 306 
19476 575 
19478 773 
19478 757 
19541 105 
19549 66 
19563 2752 
19564 1650 
19566 11 
19573 131 
19574 89 
19591 1794 
19599 96 
19612 203 
19620 353 
19623 210 
19623 3050 
19626 485 
19627 231 
19643 817 
19643 1516 
19675 1553 
19676 1470 
19688 199 
19698 183 
19766 107 
19773 817 
19779 417 
19785 408 
19787 302 
19836 237 
19847 579 
19856 69 
19858 182 
19871 334 
19875 2239 
19884 412 
19893 23 
19899 855 
19907 222 
19911 212 
19930 242 
19934 962 
19957 85 
20020 366 
20021 665 
20029 1086 
20033 44 
20041 77 
20055 852 
20058 412 
20081 237 
20086 718 
20111 349 
20117 144 
20122 615 
20127 711 
20136 1152 
20197 52 
20216 452 
20245 454 
20249 2226 
20250 755 
20254 23 
20266 1326 
20268 507 
20282 1991 
20291 649 
20294 809 
20300 306 
20308 717 
20321 91 
20326 102 
20328 1262 
20373 5129 
20396 1199 
20409 545 
20413 59 
20418 140 
20431 111 
20441 872 
20448 527 
20462 5129 
20462 606 
20521 340 
20586 155 
20588 801 
20593 210 
20604 446 
20606 915 
20617 482 
20622 937 
20623 230 
20627 213 
20633 77 
20635 272 
20641 226 
20641 9 
20644 952 
20667 642 
20667 182 
20678 261 
20685 14 
20701 948 
20721 244 
20724 111 
20727 238 
20755 495 
20763 2548 
20774 141 
20778 262 
20784 369 
20791 80 
20791 1082 
20808 361 
20873 573 
20892 1838 
20892 272 
20901 1326 
20932 397 
20949 331 
20975 1216 
20976 259 
20978 1099 
20982 1251 
20984 322 
20994 1205 
21007 350 
21018 418 
21029 109 
21057 1825 
21071 1159 
21078 154 
21118 939 
21141 55 
21147 952 
21157 520 
21225 188 
21228 1491 
21236 395 
21244 47 
21248 189 
21253 377 
21263 531 
21319 344 
21326 223 
21329 780 
21332 63 
21346 1246 
21361 653 
21372 517 
21380 801 
21382 771 
21382 973 
21383 15871 
21389 930 
21399 1450 
21404 8091 
21410 544 
21414 442 
21428 112 
21434 91 
21451 1641 
21455 513 
21466 370 
21471 169 
21474 1050 
21495 235 
21498 18 
21504 402 
21514 449 
21523 2427 
21539 4568 
21541 702 
21545 290 
21549 132 
21564 349 
21647 265 
21665 5160 
21682 1281 
21687 141 
21719 507 
21719 1479 
21720 114 
21776 646 
21786 854 
21788 1576 
21790 4340 
21791 155 
21795 271 
21858 580 
21876 1050 
21903 379 
21906 609 
21909 404 
21917 469 
21921 243 
21989 795 
22052 231 
22062 2481 
22098 526 
22119 582 
22129 50 
22135 619 
22135 240 
22136 78 
22148 131 
22151 310 
22189 252 
22191 225 
22212 37 
22228 301 
22228 56 
22229 142 
22245 802 
22246 391 
22311 3982 
22322 68 
22333 160 
22336 518 
22350 85 
22370 267 
22371 321 
22371 307 
22401 763 
22402 400 
22429 264 
22455 282 
22483 234 
22576 323 
22595 102 
22596 102 
22596 394 
22614 42 
22621 183 
22627 1004 
22637 1188 
22638 18 
22687 548 
22701 322 
22721 341 
22741 259 
22743 232 
22746 490 
22772 1012 
22779 2319 
22796 260 
22800 538 
22865 441 
22915 102 
22920 184 
22925 767 
22942 3017 
22945 23 
22947 732 
22956 68 
22976 173 
22984 488 
22984 269 
23045 33 
23066 205 
23138 579 
23168 567 
23169 1426 
23210 1221 
23219 103 
23229 162 
23289 457 
23360 67 
23452 222 
23490 1760 
23517 850 
23537 204 
23589 1562 
23593 221 
23595 815 
23631 1155 
23637 640 
23643 27 
23645 594 
23654 2539 
23661 1139 
23662 263 
23668 2784 
23672 81 
23675 1098 
23692 421 
23723 185 
23755 3570 
23763 389 
23776 356 
23874 422 
23893 102 
23913 155 
23913 529 
23936 280 
23957 661 
23974 229 
23981 9 
23988 1045 
24025 273 
24033 891 
24040 1189 
24046 3933 
24052 111 
24063 83 
24072 88 
24093 543 
24144 690 
24150 914 
24200 2250 
24287 1122 
24289 104 
24315 302 
24323 60 
24331 132 
24337 268 
24350 299 
24369 3416 
24375 471 
24410 2380 
24417 1759 
24421 418 
24430 1969 
24476 1106 
24486 159 
24489 175 
24503 215 
24505 884 
24509 1585 
24516 369 
24541 212 
24545 197 
24546 120 
24556 266 
24571 458 
24572 198 
24674 83 
24681 135 
24689 8583 
24702 94 
24702 650 
24716 297 
24718 208 
24736 232 
24740 139 
24771 654 
24776 1504 
24776 84 
24795 8279 
24799 734 
24808 391 
24815 1881 
24824 1685 
24835 617 
24855 1238 
24859 396 
24871 2947 
24882 413 
24916 3565 
24928 135 
24939 164 
24944 507 
24969 784 
24985 147 
24993 230 
24999 365 
25003 7 
25004 172 
25021 3387 
25024 592 
25107 28 
25107 180 
25118 569 
25120 230 
25122 217 
25148 153 
25153 946 
25178 34 
25203 32 
25217 464 
25224 99 
25240 1140 
25247 67 
25269 308 
25275 10339 
25287 479 
25301 3488 
25347 2268 
25359 393 
25395 198 
25463 26 
25479 137 
25482 1642 
25495 3787 
25536 568 
25542 919 
25564 494 
25597 150 
25599 50 
25602 258 
25614 1246 
25638 188 
25661 321 
25688 613 
25690 303 
25707 57 
25707 416 
25708 0 
25732 698 
25738 512 
25746 2449 
25756 530 
25756 3655 
25783 544 
25785 1205 
25820 5 
25822 346 
25823 967 
25927 2078 
25928 1225 
25951 664 
25965 131 
25974 2306 
25995 1559 
26000 639 
26007 2129 
26031 346 
26032 1313 
26091 137 
26115 520 
26126 349 
26144 394 
26150 118 
26208 211 
26213 8960 
26254 790 
26264 203 
26271 1714 
26274 221 
26283 134 
26283 263 
26286 939 
26287 1189 
26295 104 
26295 46 
26298 32 
26309 761 
26312 143 
26397 340 
26434 73 
26436 86 
26438 84 
26446 122 
26456 161 
26466 152 
26469 74 
26480 2141 
26483 1649 
26487 87 
26488 1045 
26501 1 
26506 182 
26514 53 
26535 857 
26542 387 
26542 2217 
26551 943 
26555 56 
26571 280 
26576 632 
26706 575 
26768 2145 
26779 211 
26807 5555 
26828 10 
26843 1631 
26844 1311 
26871 2796 
26877 45 
26908 3865 
26942 1183 
26948 102 
26959 199 
26964 868 
26970 4161 
26972 141 
26984 172 
26987 70 
26991 650 
26991 52 
27010 170 
27019 325 
27047 1772 
27051 339 
27118 116 
27182 635 
27239 76 
27257 199 
27262 257 
27316 292 
27358 59 
27438 135 
27452 1212 
27464 1402 
27474 2327 
27521 455 
27552 251 
27557 89 
27561 100 
27568 2198 
27580 320 
27626 19189 
27665 1586 
27671 508 
27675 1355 
27699 179 
27719 508 
27721 1085 
27721 1261 
27788 1631 
27800 2107 
27849 160 
27857 320 
27874 647 
27889 311 
27914 1452 
27931 432 
27932 351 
28020 220 
28106 548 
28108 699 
28134 1674 
28182 37 
28205 1217 
28222 628 
28257 270 
28317 1046 
28348 470 
28386 653 
28387 522 
28407 668 
28408 209 
28433 314 
28456 158 
28465 135 
28475 15 
28489 115 
28508 165 
28515 251 
28532 1591 
28574 199 
28589 29 
28591 684 
28607 401 
28673 5357 
28714 86 
28829 327 
28840 678 
28840 240 
28855 1429 
28855 763 
28857 1244 
28868 1913 
28870 1833 
28938 686 
28955 639 
28958 96 
28975 429 
28982 544 
28990 578 
28992 633 
29019 2 
29070 879 
29095 1280 
29098 1184 
29114 104 
29139 752 
29147 1718 
29158 895 
29170 1005 
29185 200 
29192 283 
29194 91 
29197 205 
29200 161 
29205 1242 
29213 401 
29222 178 
29278 196 
29285 292 
29347 1110 
29351 742 
29365 501 
29381 465 
29382 48 
29435 112 
29452 98 
29495 2328 
29495 765 
29512 1225 
29524 2152 
29529 232 
29558 238 
29578 186 
29585 171 
29586 106 
29592 346 
29677 245 
29693 1693 
29728 1444 
29730 615 
29747 851 
29772 197 
29789 741 
29796 710 
29804 7723 
29816 453 
29858 485 
29906 134 
29908 533 
29914 925 
29955 99 
30059 478 
30129 970 
30195 428 
30209 206 
30222 180 
30222 425 
30258 195 
30276 18 
30277 333 
30355 758 
30355 5116 
30396 366 
30412 1932 
30445 661 
30517 712 
30545 1015 
30649 32 
30674 62 
30682 491 
30703 445 
30735 2011 
30744 168 
30744 924 
30815 6 
30883 254 
30968 4199 
30968 4199 
30971 221 
30971 221 
30998 538 
30998 538 
31005 1425 
31018 407 
31020 8686 
31032 383 
31033 246 
31037 150 
31097 154 
31104 1178 
31105 707 
31119 156 
31121 238 
31128 227 
31147 769 
31150 56 
31158 575 
31226 419 
31240 414 
31294 523 
31330 707 
31334 193 
31444 333 
31444 424 
31501 263 
31509 1401 
31521 295 
31525 1584 
31541 121 
31542 1010 
31557 370 
31566 937 
31578 455 
31599 183 
31605 173 
31647 1580 
31652 37 
31662 298 
31689 349 
31714 606 
31728 1170 
31748 306 
31761 355 
31798 440 
31824 168 
31829 137 
31860 1353 
31996 146 
32082 556 
32085 1038 
32095 3102 
32117 90 
32136 79 
32172 847 
32206 256 
32252 2093 
32318 1107 
32331 148 
32332 57 
32335 242 
32337 721 
32339 1791 
32351 203 
32360 2111 
32396 697 
32424 1568 
32428 422 
32477 841 
32480 10420 
32505 49 
32510 1342 
32529 166 
32544 2040 
32546 1484 
32561 19 
32574 1178 
32667 615 
32735 201 
32740 1104 
32742 691 
32749 975 
32839 539 
32855 785 
32976 1835 
32990 369 
33016 145 
33079 203 
33083 6 
33097 332 
33185 988 
33241 740 
33281 913 
33281 167 
33290 1044 
33302 31 
33309 149 
33355 103 
33361 283 
33484 324 
33550 1202 
33588 682 
33615 1094 
33664 400 
33687 333 
33762 967 
33802 174 
33803 296 
33872 742 
33891 1954 
33894 937 
33900 425 
34003 284 
34041 64 
34074 155 
34093 1014 
34125 118 
34147 200 
34158 893 
34207 234 
34295 64 
34331 2019 
34412 3683 
34478 147 
34587 69 
34632 1497 
34648 527 
34728 57 
34732 0 
34754 238 
34758 31 
34777 331 
34794 595 
34810 821 
34813 25 
34817 56 
34852 560 
34866 288 
34896 387 
34930 246 
34938 354 
34970 113 
34971 3113 
35015 451 
35112 290 
35137 160 
35177 117 
35191 713 
35200 108 
35214 255 
35306 453 
35326 183 
35329 196 
35425 642 
35439 4407 
35457 177 
35526 2998 
35540 335 
35592 400 
35620 67 
35772 64 
35778 1295 
35807 958 
35874 262 
35937 1293 
36130 1467 
36202 178 
36261 4618 
36278 2579 
36286 1056 
36335 62 
36365 388 
36368 214 
36388 993 
36406 1206 
36522 162 
36611 762 
36626 1137 
36644 139 
36724 108 
36786 595 
36825 126 
36840 776 
36864 12 
37020 347 
37044 96 
37213 163 
37324 121 
37425 831 
37426 1166 
37648 117 
37934 1333 
37944 82 
37983 3010 
38037 751 
38065 2514 
38123 29 
38229 95 
38259 376 
38289 0 
38300 1062 
38308 4901 
38376 527 
38429 27 
38726 758 
38828 1484 
38929 597 
38957 116 
39246 94 
39345 837 
39404 482 
39496 39 
39768 2048 
39814 1315 
39951 534 
40069 16 
40149 165 
40385 43 
40403 172 
40456 76 
40586 150 
40637 948 
40719 865 
40808 882 
40843 4503 
40862 78 
40863 1002 
40908 2156 
40942 1008 
41067 2776 
41130 455 
41300 144 
41311 1 
41353 892 
41617 1003 
41672 1065 
41827 269 
41940 926 
41992 1161 
42022 255 
42048 126 
42271 627 
42308 3757 
42364 60 
43224 4487 
43224 7245 
43255 1064 
43321 1245 
43467 977 
43488 474 
43496 250 
43951 2021 
44006 2415 
44094 1664 
44182 1909 
44186 420 
44194 126 
44246 782 
44359 952 
44473 629 
44492 168 
44573 279 
44699 73 
45069 1151 
45078 184 
45422 503 
45498 1656 
45587 1844 
45690 640 
45758 212 
45864 64 
45871 513 
45910 1598 
46050 1334 
46383 723 
46383 723 
46420 1303 
46420 1303 
46434 1287 
46434 1287 
46492 142 
46492 142 
46794 869 
46995 669 
47080 4932 
47316 279 
47572 865 
47879 23 
47895 86 
47943 547 
48099 607 
48139 1427 
48246 3082 
48335 895 
48394 231 
48484 286 
48815 950 
48862 210 
49037 10 
49448 267 
49583 2166 
49696 2740 
49738 271 
49816 1349 
49952 2237 
50022 1346 
50067 906 
50080 3398 
50112 141 
50146 934 
50171 1872 
50349 82 
50469 27 
50676 532 
50776 1 
50957 543 
51104 1251 
51161 150 
51355 161 
51393 4138 
51417 131 
52146 116 
52224 241 
52290 920 
52389 140 
52458 552 
52466 263 
52516 85 
52759 207 
52830 175 
53046 369 
53193 185 
53289 101 
53426 436 
53669 25 
53866 439 
53946 429 
53948 14 
54002 877 
54320 626 
54348 889 
54439 266 
54554 157 
54640 519 
54649 1151 
54773 284 
55079 124 
55099 117 
55349 132 
55378 1516 
55770 27 
55782 78 
55813 850 
56241 2772 
56256 30 
56462 499 
56462 206 
56807 229 
56875 455 
56945 176 
57276 79 
57404 711 
57432 573 
57470 408 
57590 425 
57793 493 
57822 471 
57861 228 
57942 535 
57957 1021 
57978 701 
58008 515 
58019 808 
58092 1005 
58222 27 
58404 8829 
58685 63 
58706 98 
58728 459 
58808 1065 
58946 1735 
59289 888 
59409 9404 
59416 870 
59608 642 
59840 1004 
59988 252 
60037 161 
60047 217 
60227 180 
60273 23831 
60284 4130 
60327 1104 
60360 654 
60660 47 
60692 221 
60725 2109 
60825 1012 
60845 1853 
60889 1423 
60912 2618 
60979 265 
61213 92 
61235 417 
61281 24 
61373 9 
61436 662 
61561 679 
61599 2919 
61625 122 
61627 1313 
61666 55 
61797 1346 
61827 179 
61927 1436 
62028 1248 
62115 485 
62216 90 
62229 136 
62246 1091 
62267 325 
62289 4125 
62327 56 
62354 90 
62370 38 
62464 39 
62534 392 
62606 191 
62682 1259 
62691 1034 
62716 3925 
62753 1088 
62857 528 
62900 215 
62913 5 
62982 244 
63047 156 
63060 821 
63178 2147 
63419 457 
63513 242 
63513 290 
63553 366 
63605 328 
63608 246 
63628 175 
63821 190 
64026 1632 
64070 309 
64078 29 
64197 64 
64214 470 
64264 15449 
64380 807 
64402 1002 
64409 406 
64420 7838 
64460 299 
64474 432 
64513 121 
64519 419 
64522 24 
64558 46620 
64571 348 
64579 804 
64580 626 
64583 231 
64592 147 
64598 765 
64618 77 
64644 235 
64671 643 
64712 393 
64745 768 
64749 16 
64850 153 
64966 47 
64988 4069 
65008 213 
65114 471 
65133 1304 
65157 576 
65175 116 
65184 86723 
65199 348 
65222 699 
65222 753 
65248 199 
65269 2059 
65289 1221 
65295 124 
65307 1746 
65307 143 
65317 1446 
65398 1755 
65430 697 
65543 806 
65554 295 
65654 179 
65714 235 
65812 504 
65874 2340 
65972 126 
65986 288 
66050 558 
66229 718 
66266 727 
66285 1393 
66310 1075 
66312 2259 
66416 17 
66436 1211 
66521 2068 
66543 193 
66549 599 
66605 2727 
66665 166 
66726 1176 
66747 299 
66774 274 
66836 197 
66851 141 
66883 1759 
66910 532 
66915 754 
66933 265 
66952 450 
66976 100 
67011 213 
67058 1072 
67092 338 
67170 95 
67210 1301 
67281 515 
67372 260 
67373 720 
67387 556 
67412 185 
67441 69 
67463 35 
67489 112 
67536 113 
67553 112 
67608 139 
67621 1274 
67669 201 
67675 430 
67698 1551 
67699 199 
67730 126 
67731 1602 
67755 87 
67775 87 
67805 251 
67807 233 
67886 64 
67983 272 
68227 201 
68263 101 
68294 240 
68365 179 
68370 194 
68499 424 
68561 309 
68589 3 
68737 640 
68811 2524 
68825 2106 
68842 309 
68880 1711 
68932 2933 
68941 57 
69121 185 
69127 634 
69167 288 
69268 110 
69647 627 
69809 1759 
69814 63 
69860 127 
69862 712 
69881 477 
69945 142 
70019 198 
70090 2316 
70130 2613 
70238 50 
70257 22 
70323 262 
70330 2331 
70352 1361 
70397 47 
70399 579 
70472 385 
70529 343 
70552 1151 
70554 307 
70639 851 
70842 13 
70956 1130 
71018 491 
71067 2064 
71077 304 
71083 1773 
71105 3164 
71107 4065 
71117 236 
71131 490 
71181 4001 
71207 124 
71236 447 
71252 213 
71317 765 
71318 415 
71352 35 
71363 481 
71577 535 
71610 126 
71741 1013 
71818 87 
71862 29 
71889 35 
71921 1361 
72068 140 
72082 265 
72153 41 
72183 8 
72265 95 
72378 52 
72396 592 
72434 3201 
72437 720 
72464 205 
72710 994 
72739 137 
72786 111 
72829 325 
72968 340 
73221 23 
73411 399 
73434 779 
73513 867 
73641 417 
73946 99 
73991 593 
74022 2396 
74041 237 
74098 1732 
74200 485 
74207 2588 
74281 77 
74282 68 
74286 1546 
74296 369 
74314 516 
74364 896 
74399 2572 
74447 766 
74469 1358 
74488 2938 
74566 137 
74583 1159 
74619 1665 
74664 182 
74666 1404 
74750 2465 
74812 14 
74815 1023 
74864 1288 
74867 239 
74887 684 
75056 1331 
75058 408 
75109 151 
75197 540 
75236 246 
75330 296 
75337 1334 
75382 180 
75415 172 
75434 1622 
75488 5256 
75501 1617 
75525 1192 
75564 5139 
75568 114 
75595 4665 
75631 1151 
75667 18 
75669 45 
75708 245 
75716 910 
75717 197 
75717 766 
75725 1833 
75811 210 
76015 782 
76068 294 
76073 274 
76097 426 
76113 58 
76126 1279 
76214 1078 
76246 1949 
76259 5535 
76260 1048 
76385 221 
76441 4131 
76473 10118 
76535 638 
76567 46 
76567 147 
76591 132 
76686 1341 
76692 404 
76704 6435 
76721 257 
76803 204 
76837 679 
76843 524 
76899 14134 
76973 397 
77047 277 
77103 1953 
77233 261 
77288 429 
77334 418 
77346 5710 
77347 110 
77455 351 
77470 244 
77530 214 
77558 3633 
77568 189 
77597 262 
77644 311 
77652 119 
77662 362 
77666 295 
77748 609 
77758 479 
77761 1076 
77841 271 
78050 561 
78050 696 
78106 300 
78116 11 
78137 210 
78142 137 
78147 129 
78162 21 
78174 287 
78190 633 
78269 68 
78319 269 
78337 429 
78341 119 
78353 187 
78387 343 
78410 263 
78438 918 
78524 589 
78546 508 
78568 2080 
78638 1415 
78652 35 
78659 1072 
78663 552 
78670 640 
78672 25496 
78685 1116 
78692 791 
78707 843 
78757 346 
78760 398 
78789 472 
78809 2636 
78828 3241 
78864 324 
78868 442 
78872 966 
78892 296 
78903 291 
78915 718 
79078 163 
79190 1142 
79263 621 
79285 128 
79306 382 
79313 265 
79314 1051 
79361 1200 
79386 682 
79390 70 
79428 543 
79466 197 
79485 261 
79596 374 
79612 1 
79702 1673 
79729 148 
79996 28 
80040 280 
80087 489 
80149 309 
80168 381 
80188 120 
80327 161 
80369 1160 
80448 145 
80603 168 
80612 544 
80614 1240 
80786 2429 
80838 615 
80867 68 
80888 84 
80968 446 
81020 762 
81024 453 
81034 539 
81121 171 
81188 512 
81196 862 
81205 1100 
81215 239 
81233 394 
81235 47 
81402 149 
81634 2650 
81672 30737 
81694 1763 
81696 1107 
81703 873 
81826 15 
81869 308 
81892 1105 
81901 468 
81926 632 
81943 478 
81990 798 
81998 624 
82010 326 
82020 488 
82259 555 
82348 5306 
82385 191 
82414 782 
82425 1342 
82427 688 
82450 704 
82456 159 
82472 536 
82479 839 
82612 56 
82612 955 
82635 160 
82644 346 
82706 91 
82708 1271 
82741 2029 
82780 1048 
82780 305 
82840 1933 
82895 1081 
82919 227 
82938 2160 
82941 289 
82947 85 
82948 2092 
83009 192 
83012 881 
83067 753 
83116 582 
83116 1153 
83174 1073 
83183 3060 
83215 467 
83251 131 
83265 2370 
83276 228 
83360 62 
83377 292 
83434 418 
83502 306 
83510 840 
83557 226 
83632 1595 
83662 785 
83724 265 
83754 763 
83850 477 
83869 757 
83895 1454 
83909 1357 
83968 241 
83968 120 
84042 781 
84078 196 
84243 409 
84248 355 
84349 769 
84351 588 
84384 28 
84487 633 
84538 2167 
84569 688 
84578 221 
84620 1544 
84656 522 
84691 325 
84715 77 
84738 391 
84739 223 
84762 19 
84873 122 
84948 1882 
84948 1559 
84985 6 
85020 1297 
85249 91 
85280 159 
85362 966 
85401 308 
85424 96 
85522 358 
85526 198 
85539 25 
85590 798 
85691 567 
85800 540 
85818 4347 
85820 126 
85844 575 
85856 633 
86080 166 
86094 1493 
86123 817 
86183 989 
86249 13868 
86259 613 
86436 222 
86464 217 
86486 221 
86496 828 
86782 1732 
86790 113 
86822 762 
86826 730 
86948 1976 
87007 378 
87057 805 
87076 1247 
87077 54 
87085 297 
87086 443 
87091 547 
87095 33 
87104 1293 
87147 384 
87191 1286 
87218 534 
87336 1609 
87348 747 
87352 521 
87401 14 
87411 54 
87429 345 
87467 377 
87508 211 
87543 497 
87616 117 
87778 1356 
87862 59 
87863 1643 
87884 1232 
87914 250 
87988 1510 
88051 35 
88068 207 
88075 138 
88119 33 
88216 177 
88278 858 
88405 573 
88497 589 
88507 768 
88681 220 
88805 530 
88893 523 
88908 188 
88997 1399 
89046 159 
89072 208 
89076 196 
89113 128 
89237 66 
89378 223 
89568 1797 
89812 96 
89833 1371 
89890 2458 
89929 56 
89977 701 
89989 211 
90066 90 
90130 441 
90148 134 
90353 248 
90396 2976 
90453 1404 
90474 113 
90507 52 
90691 5 
90775 2367 
90847 687 
90866 2216 
91048 47 
91112 174 
91146 1739 
91555 768 
91596 403 
91680 215 
91688 632 
91698 20 
91714 34 
91811 186 
91977 757 
92044 291 
92170 1461 
92186 189 
92300 928 
92355 607 
92451 929 
92704 1836 
92837 1082 
92848 2227 
92898 457 
92929 5 
93076 56 
93098 15 
93126 270 
93127 183 
93161 1390 
93218 91 
93310 194 
93357 814 
93382 239 
93397 237 
93465 151 
93495 155 
93511 1013 
93587 719 
93744 76 
93747 1416 
93780 448 
93946 520 
94048 2674 
94187 891 
94282 2021 
94331 7300 
94357 263 
94364 832 
94374 109 
94405 286 
94407 63 
94452 293 
94473 2479 
94477 382 
94537 58 
94651 2396 
94677 47 
94696 31 
94759 579 
94782 562 
94829 512 
94838 553 
94892 2135 
94932 796 
94966 805 
95034 64 
95055 129 
95106 3072 
95225 196 
95280 118 
95316 564 
95317 330 
95426 335 
95513 97 
95548 425 
95607 123 
95655 239 
95684 1037 
95728 1057 
95747 1592 
95780 1465 
95840 166 
95848 482 
95874 386 
95926 449 
95962 242 
96112 881 
96226 71 
96288 460 
96349 649 
96441 72 
96503 1787 
96549 1112 
96676 6529 
96734 81 
96753 1481 
96765 161 
96799 649 
96875 3242 
96957 535 
96967 801 
97183 3139 
97331 646 
97339 195 
97473 3230 
97622 146 
97648 416 
97672 121 
97712 104 
97782 241 
97866 281 
97939 60 
98005 1474 
98006 627 
98097 1162 
98440 1322 
98453 238 
98526 278 
98705 619 
98705 715 
98730 784 
98753 346 
98828 926 
98899 33 
98932 2137 
98964 126 
98994 46 
99038 10406 
99073 1108 
99090 257 
99092 249 
99148 1416 
99150 1200 
99173 103 
99193 1273 
99251 146 
99321 107 
99434 198 
99514 148 
99823 116 
99860 414 
99936 210 
99942 1541 
100031 11 
100103 187 
100190 324 
100245 791 
100314 25 
100338 2868 
100356 1 
100429 2636 
100446 1911 
100458 729 
100469 67 
100600 496 
100619 1939 
100751 218 
100774 935 
100793 1616 
100844 1164 
100876 1334 
100882 1156 
100986 73 
101030 198 
101134 300 
101166 328 
101199 700 
101205 462 
101207 95 
101336 1310 
101374 298 
101408 522 
101432 429 
101694 1268 
101708 245 
101713 385 
101734 425 
101765 232 
101772 510 
101818 58 
101919 551 
102073 579 
102158 176 
102197 386 
102320 139 
102373 1029 
102432 159 
102440 846 
102472 501 
102501 522 
102528 377 
102556 1048 
102562 1003 
102563 1777 
102664 1329 
102766 281 
102818 387 
102905 93 
102980 232 
103013 6527 
103066 145 
103091 324 
103105 970 
103119 1477 
103203 861 
103248 391 
103317 460 
103345 395 
103400 438 
103615 154 
103615 271 
103662 584 
103667 1167 
103686 1598 
103711 1609 
103775 1588 
103813 700 
103842 1630 
103843 520 
103856 867 
103917 387 
104019 1525 
104041 176 
104148 55 
104335 4159 
104708 431 
104761 128 
104810 277 
104927 258 
105085 1356 
105091 114 
105240 270 
105241 1341 
105623 221 
105821 82 
105857 91 
105979 75 
106042 113 
106215 1054 
106356 46 
106488 1516 
106618 331 
106626 1410 
106644 280 
106712 1903 
106724 111 
106735 69 
106834 17 
106881 104 
106891 840 
106932 78 
107112 679 
107187 206 
107850 1678 
107870 491 
108287 1209 
108288 48 
108470 230 
108640 1721 
108654 853 
108770 71 
108783 2398 
108796 1590 
108875 324 
108911 103 
108916 128 
108969 41 
109302 286 
109394 728 
109457 616 
109551 41 
109584 167 
109659 37 
109710 722 
109866 373 
109904 63 
109965 35 
109977 2287 
109979 1029 
110105 1294 
110592 121 
110713 81 
110894 171 
110980 335 
111286 3467 
111592 380 
111719 220 
111840 2076 
112065 119 
112153 309 
112193 11 
112331 886 
112481 2495 
112497 2896 
112634 211 
112710 242 
112804 67 
112996 869 
113069 914 
113074 160 
113171 489 
113718 1295 
113964 213 
113971 248 
114112 1242 
114163 246 
114191 82 
114202 335 
114295 1350 
114316 1105 
114329 664 
114349 280 
114370 2300 
114384 998 
114563 491 
114569 115 
114743 268 
115223 806 
115606 451 
115722 2075 
115756 1368 
115773 1895 
115995 223 
116004 1892 
116051 375 
116108 355 
116715 685 
117021 180 
117148 603 
117233 90 
117274 103 
117462 263 
118356 2732 
118462 459 
118542 301 
118780 312 
118994 591 
119020 239 
119136 1073 
119457 782 
119539 908 
119959 1448 
120210 565 
120351 176 
120388 805 
120538 937 
120610 1653 
120710 460 
121241 1002 
121256 351 
121300 43 
121339 2033 
121410 53 
121501 481 
121536 102 
122251 580 
122857 730 
123060 897 
123668 219 
123947 1339 
124254 595 
125140 8 
125798 839 
125828 158 
126716 353 
126966 1047 
127008 627 
127473 137 
129539 100 
131113 43 
131312 481 
133114 27 
133381 673 
134554 578 
135917 2 
137132 1013 
137132 1013 
139259 508 
140540 903 
140973 545 
141364 1267 
141553 264 
142059 222 
142525 1131 
143182 675 
143762 1034 
143849 426 
143985 925 
144742 2277 
145211 61 
145993 1966 
146036 1741 
146036 417 
146228 1503 
146647 166 
146753 882 
146929 80 
147119 407 
147373 99 
147866 513 
147962 830 
148125 86 
148134 1502 
148241 1772 
148349 134 
148350 557 
148442 842 
149595 823 
149955 823 
150288 356 
150315 381 
150491 846 
150607 159 
150663 1621 
150795 91 
150855 119 
150906 808 
151159 10813 
151245 138 
151246 1841 
151281 3106 
151329 925 
151377 117 
151680 264 
151709 1136 
151754 824 
152013 11 
152086 218 
152486 84 
153292 528 
153955 482 
154198 9879 
154325 158 
154510 195 
154841 6230 
155810 2414 
155957 2288 
156035 8 
156194 75 
156532 23 
156637 257 
156766 831 
156854 1150 
156954 1044 
157241 3 
157355 416 
157465 171 
158228 239 
158403 2574 
158477 1741 
158818 152 
158970 242 
159229 61 
159521 259 
159521 259 
159765 194 
159842 673 
159896 1122 
159908 2376 
160030 573 
160064 6 
160151 1007 
160162 1146 
160367 488 
160586 998 
160690 13 
160820 1108 
160882 248 
161008 13466 
161049 119 
161082 1545 
161291 674 
161454 10 
161651 301 
161819 109 
161886 1256 
162002 245 
162060 395 
162950 221 
163321 1060 
163632 182 
164302 472 
164603 573 
164893 326 
165019 557 
165052 1257 
165131 1494 
165164 697 
165198 225 
165291 16 
165371 608 
166274 554 
166338 190 
166364 141 
166395 655 
166435 1301 
166743 1483 
167228 413 
167319 531 
167430 264 
167747 329 
169006 1911 
169290 1159 
169335 199 
170452 180 
171194 6 
171238 6 
171407 2080 
171953 99 
172329 1400 
172409 1001 
172617 1201 
172805 388 
172811 902 
173469 25 
173559 72 
173869 0 
174075 925 
174621 3758 
174752 313 
174931 185 
174957 1268 
175142 3753 
175857 687 
176206 442 
176308 771 
176313 107 
176539 225 
176557 112 
176651 448 
177246 32 
177274 217 
177737 11 
177823 1350 
177934 286 
178218 92 
178417 473 
178992 270 
179267 1164 
179619 262 
179620 918 
179714 701 
179979 624 
180013 461 
180060 284 
180283 1201 
180382 272 
180428 36 
180834 1014 
181173 3379 
182311 16 
182789 124 
183104 1498 
183109 383 
183650 466 
183893 373 
184325 600 
184464 133 
184522 32 
184543 240 
185049 773 
185620 1554 
185671 1602 
185868 254 
185915 494 
186297 175 
186312 1364 
186645 1523 
186714 181 
186733 274 
187346 315 
187391 418 
187500 711 
188423 240 
188822 1089 
188850 697 
188974 408 
188994 315 
189070 292 
189115 241 
189207 5479 
189230 878 
189591 1481 
189947 99 
190216 534 
190259 1919 
190426 348 
190657 1088 
190678 583 
190790 443 
190810 638 
190888 502 
191334 284 
191404 315 
191436 3817 
191452 83 
191486 8167 
191739 397 
191779 2143 
191797 698 
191977 354 
192038 394 
192040 1191 
192587 1083 
192776 1461 
193001 368 
193119 63 
193135 49 
193933 1207 
194340 329 
194448 643 
194586 175 
194694 789 
194760 220 
195532 179 
195785 138 
196373 783 
197047 441 
197060 441 
197460 207 
197490 1153 
197504 421 
197514 181 
197632 86 
197785 536 
197801 2668 
197833 282 
197848 37 
197882 249 
198812 1808 
199387 1570 
199482 4400 
199523 1023 
199561 3198 
199603 155 
199743 300 
199909 622 
200021 453 
200120 110 
201001 626 
201184 1752 
201622 826 
201676 72 
201680 744 
201703 553 
202313 49 
203067 631 
203414 301 
203496 744 
203970 629 
204258 86 
206462 383 
206555 3 
207019 897 
207434 132 
207496 401 
207771 1408 
207874 1869 
208999 252 
209093 448 
210124 286 
214530 77 
215317 4 
215601 2264 
217690 91 
218837 13 
220636 1568 
220696 3813 
222356 174 
223297 16 
223848 0 
225552 263 
226427 5088 
227806 1362 
227967 2198 
228953 402 
229186 588 
231221 14 
231968 195 
233526 1579 
233558 906 
234446 1324 
234488 1703 
234580 4009 
234893 421 
235140 326 
235627 573 
238482 263 
238714 1054 
238732 2004 
239318 2178 
239377 58 
240332 1585 
240372 243 
240406 542 
241998 1590 
242407 155 
243064 680 
243257 799 
243707 148 
244035 833 
245205 2468 
248175 4074 
248492 333 
248826 667 
248863 42 
249151 88 
249894 1429 
250079 531 
250214 579 
250296 460 
250461 212 
250463 107 
250542 308 
252365 1196 
253500 42 
253772 865 
253913 533 
254899 858 
255744 3815 
256219 89 
256468 1151 
256633 265 
257263 596 
257463 116 
258093 180 
258458 1295 
258471 2853 
258510 515 
258512 11 
259503 602 
259658 1548 
259758 1587 
259885 18 
259943 219 
259968 2387 
260027 386 
260526 531 
260624 502 
260917 132 
261068 252 
261417 2181 
261500 581 
261501 2664 
261794 1199 
262258 168 
262376 198 
262415 20 
263291 635 
263313 78 
263373 377 
263685 2935 
264385 4 
265407 1686 
265795 223 
266036 632 
266454 1285 
266488 1347 
266689 86 
267482 1028 
267782 333 
268371 628 
268453 91 
268583 1741 
268800 46 
271053 1789 
271614 2367 
272243 35 
284396 700 
284970 61 
286137 1049 
286614 433 
286693 477 
287813 539 
288056 366 
288307 265 
289202 874 
289263 435 
290532 135 
291263 77 
294897 882 
294944 1744 
295218 123 
295463 512 
297075 33938 
300101 144 
303635 163 
308029 41 
313175 462 
313190 293 
313259 74 
313634 3130 
313768 179 
314429 221 
314898 195 
319195 1337 
320063 769 
321497 318 
324101 1842 
324271 783 
324608 303 
324849 571 
326115 1424 
326169 88 
326872 1010 
327691 270 
328698 12 
329378 1462 
329875 16 
331740 211 
332894 311 
333271 890 
333315 2561 
333341 77 
333349 341 
333440 579 
333521 86 
333963 122 
336032 472 
336194 412 
336333 890 
337132 1370 
339669 766 
340421 1165 
340712 47 
340788 1780 
341637 307 
341877 84 
342403 0 
343255 318 
343753 5707 
345075 1032 
345127 368 
345715 122 
346467 263 
347061 1177 
347074 34 
347148 105 
347319 207 
347537 348 
347943 603 
349257 1539 
349914 120 
350255 229 
350300 837 
350431 2897 
350736 4820 
351569 486 
351961 279 
352306 813 
352899 550 
353787 318 
354227 166 
354868 246 
355003 508 
356531 47 
357473 214 
357498 335 
357576 1746 
358339 464 
358520 388 
359354 506 
360161 2844 
360200 734 
360310 343 
361075 1512 
361166 110 
361228 482 
361250 1433 
363426 233 
363869 1021 
363881 1264 
363922 2568 
365130 179 
366070 954 
369699 292 
370643 618 
372409 82 
372675 155 
373254 213 
373631 277 
373879 42 
374043 4556 
374157 646 
375189 193 
375388 708 
375881 164 
376017 5 
376510 6194 
376537 138 
377171 57 
378327 2270 
378770 6210 
379604 973 
382094 545 
382521 196 
385097 931 
385750 260 
388300 73 
392450 815 
393781 269 
393953 1311 
394047 719 
394648 284 
395560 302 
395608 446 
395636 131 
407196 79 
407653 151 
409280 57 
409741 1210 
410189 1253 
410386 645 
410433 26 
411973 1107 
417528 4165 
417945 186 
418112 914 
419173 269 
419720 1320 
421619 99 
421887 36 
422101 538 
423416 180 
427902 287 
428075 556 
429027 154 
430961 302 
436214 173 
436566 1261 
436898 34 
437252 304 
439153 147 
440794 109 
441097 610 
441407 113 
441455 288 
441518 1540 
441684 31 
442114 1241 
442228 512 
442631 257 
446613 232 
446640 929 
446970 596 
447201 1860 
448269 284 
450746 21 
451430 1254 
452137 25108 
452743 1470 
453121 534 
453601 3180 
454573 458 
455216 368 
455815 192 
457490 1711 
457629 145 
459747 243 
460849 502 
461316 278 
461990 378 
464591 484 
464909 421 
464961 1288 
465056 250 
466480 396 
468058 144 
469285 148 
469978 338 
471329 909 
471520 1417 
471772 1385 
476463 329 
479235 2435 
479609 3 
481126 830 
485319 1612 
485319 1612 
493620 503 
494554 187 
496808 80 
496988 1218 
503108 59 
507325 114 
507981 435 
512896 90 
513245 798 
516626 712 
517799 268 
518599 71 
518976 1420 
521746 1740 
522584 37 
523621 1 
523959 160 
526572 227 
527545 577 
529545 528 
529909 123 
532048 200 
532276 1753 
533368 905 
533670 366 
533680 1551 
534281 1642 
534969 408 
538748 35 
543765 1105 
544521 1908 
545051 1571 
545214 16 
547720 1597 
548674 253 
549144 2062 
550381 35 
551187 184 
551293 408 
553025 129 
559470 800 
563501 165 
564494 708 
568090 181 
577285 447 
580064 302 
581735 1452 
582326 64 
583171 202 
583509 342 
584500 47 
584892 1212 
585020 1008 
585180 160 
585309 260 
588103 738 
591722 1600 
591784 2353 
593611 535 
595034 828 
595135 612 
596407 1332 
598014 13 
600045 922 
603228 1374 
604790 383 
