4946 1.96011574074
0 919855 
9 290 
9 71 
10 125 
11 39 
12 150 
13 198 
15 131 
15 116 
15 46 
17 107 
18 33 
20 78 
21 231 
22 116 
23 82 
23 198 
24 137 
24 57 
24 10 
24 38 
25 46 
26 145 
27 171 
28 626 
28 72 
28 638 
29 199 
29 145 
30 202 
30 179 
31 267 
31 366 
31 77 
31 216 
31 61 
31 67 
32 122 
32 31 
32 103 
33 38 
33 189 
33 132 
33 174 
34 93 
34 58 
34 21 
35 62 
35 27 
35 65 
35 32 
35 29 
35 67 
35 143 
36 41 
36 47 
37 73 
37 222 
37 72 
37 156 
37 47 
38 549 
39 51 
39 31 
39 30 
40 59 
40 486 
40 230 
41 130 
41 71 
41 40 
41 196 
41 18 
41 115 
42 87 
42 74 
42 108 
42 120 
42 138 
42 44 
42 100 
43 68 
43 53 
44 260 
44 52 
44 307 
45 104 
46 137 
46 54 
46 174 
46 114 
47 167 
47 71 
47 231 
47 39 
47 1608 
48 231 
48 579 
48 69 
49 17 
49 27 
49 33 
49 413 
49 229 
49 280 
49 175 
50 27 
50 124 
50 187 
50 544 
50 58 
50 325 
50 264 
50 85 
51 68 
51 66 
51 39 
52 27 
52 90 
52 30 
52 9 
52 67 
53 119 
53 74 
53 40 
53 18 
54 191 
54 38 
54 59 
54 37 
54 443 
54 90 
55 173 
55 374 
55 22 
56 189 
56 52 
56 233 
57 111 
57 162 
57 52 
57 160 
58 289 
58 33 
58 40 
58 116 
59 158 
60 266 
60 39 
60 725 
61 45 
61 160 
61 165 
61 63 
62 62 
62 337 
62 27 
62 365 
62 246 
62 38 
62 27 
63 69 
63 93 
63 77 
63 13 
63 315 
64 160 
64 50 
64 214 
64 205 
64 123 
64 71 
65 75 
65 31 
65 19 
65 38 
65 277 
66 95 
66 42 
67 118 
67 137 
67 25 
67 375 
67 95 
68 50 
68 70 
68 124 
68 145 
69 65 
69 61 
69 59 
69 31 
69 28 
69 40 
69 54 
70 36 
70 97 
70 37 
70 121 
71 64 
71 1223 
71 47 
72 66 
72 48 
72 41 
73 98 
74 10 
74 52 
75 232 
75 530 
75 274 
75 187 
75 174 
75 241 
76 48 
76 26 
76 91 
76 7 
77 246 
77 15 
77 147 
77 500 
78 190 
78 847 
78 163 
78 270 
78 154 
78 15 
79 111 
79 115 
80 37 
80 513 
81 81 
81 60 
81 29 
81 109 
81 56 
82 220 
82 22 
82 15 
82 90 
82 44 
82 73 
83 151 
83 92 
83 90 
83 172 
84 25 
84 28 
84 140 
84 204 
84 57 
85 369 
85 57 
85 181 
85 55 
86 52 
86 89 
86 104 
86 170 
86 12 
87 384 
87 30 
87 70 
87 30 
87 32 
87 25 
87 29 
87 36 
87 256 
88 152 
88 96 
88 75 
88 23 
89 136 
89 20 
89 118 
90 67 
90 92 
90 54 
91 440 
91 90 
92 63 
92 53 
92 75 
92 124 
93 36 
93 80 
93 117 
94 287 
95 154 
95 227 
96 31 
96 58 
96 135 
96 39 
96 185 
96 52 
96 36 
96 93 
97 54 
97 394 
97 25 
98 57 
98 90 
98 59 
98 184 
98 31 
99 139 
99 1272 
100 239 
100 137 
101 30 
101 108 
101 66 
101 102 
101 109 
101 137 
102 126 
102 136 
102 88 
103 78 
103 41 
103 60 
103 16 
103 17 
104 38 
105 37 
105 27 
105 48 
105 83 
106 37 
107 161 
107 157 
107 18 
107 100 
108 150 
108 54 
109 80 
109 34 
109 94 
110 53 
111 62 
111 248 
111 156 
111 19 
111 130 
112 15 
112 45 
112 58 
113 35 
114 35 
114 306 
114 38 
114 313 
114 34 
115 38 
115 31 
115 13 
116 83 
116 83 
116 77 
117 362 
117 193 
117 285 
118 116 
118 34 
118 32 
118 114 
118 114 
119 232 
119 190 
119 136 
119 21 
120 153 
121 122 
122 534 
122 303 
122 44 
122 188 
123 247 
124 84 
124 149 
125 92 
125 45 
125 31 
126 173 
126 52 
126 961 
126 139 
127 155 
128 57 
128 114 
128 419 
129 34 
129 75 
129 41 
130 110 
130 380 
130 55 
130 34 
130 39 
130 115 
131 106 
131 290 
132 45 
132 67 
133 809 
133 87 
134 686 
134 37 
135 49 
135 211 
135 93 
136 21 
136 70 
136 139 
137 135 
137 86 
139 71 
139 98 
140 12 
140 63 
141 81 
141 143 
142 41 
143 131 
144 96 
144 120 
145 142 
145 241 
145 71 
145 85 
146 5 
146 23 
147 173 
148 113 
149 176 
149 12 
149 148 
149 13 
149 173 
149 82 
150 103 
150 28 
150 84 
151 60 
153 34 
153 363 
153 63 
154 90 
154 116 
155 454 
155 127 
156 68 
157 48 
157 34 
158 55 
159 23 
159 80 
159 248 
159 58 
159 17 
160 106 
160 136 
161 39 
161 48 
161 143 
162 125 
163 74 
163 446 
164 7 
164 118 
165 108 
165 38 
165 7 
165 128 
166 240 
166 92 
166 88 
167 102 
168 227 
168 130 
169 35 
169 149 
171 248 
171 143 
172 20 
172 776 
174 55 
174 104 
176 92 
176 73 
176 300 
177 129 
177 64 
177 421 
178 73 
178 32 
179 78 
179 66 
180 122 
180 59 
180 103 
181 148 
181 257 
181 40 
181 90 
182 29 
182 257 
183 696 
183 174 
184 137 
184 7 
184 15 
184 137 
186 61 
186 3 
187 27 
187 1271 
188 77 
188 14 
188 68 
189 184 
189 252 
191 51 
191 9 
192 71 
192 12 
193 1873 
193 43 
193 49 
194 33 
194 79 
194 65 
195 34 
195 307 
196 78 
197 23 
197 64 
198 135 
199 155 
199 57 
200 234 
200 11 
202 81 
202 51 
203 969 
203 54 
204 121 
204 30 
204 112 
207 37 
207 193 
208 511 
209 78 
209 107 
210 105 
210 121 
210 27 
212 115 
212 75 
213 29 
213 22 
214 36 
215 143 
216 121 
216 204 
217 103 
219 171 
219 35 
219 351 
220 234 
222 53 
222 25 
222 95 
223 22 
223 59 
224 56 
224 66 
224 2 
224 22 
225 61 
226 27 
227 26 
229 60 
229 36 
230 149 
231 125 
231 96 
233 106 
233 220 
235 73 
236 51 
236 80 
239 18 
240 134 
241 18 
241 36 
242 78 
242 92 
243 73 
243 58 
244 120 
244 25 
244 15 
245 3 
245 65 
247 268 
249 100 
250 58 
250 161 
251 5 
252 97 
252 214 
252 91 
253 53 
253 27 
255 195 
255 88 
256 61 
256 532 
257 31 
258 5 
259 32 
259 129 
262 79 
262 80 
263 81 
264 435 
264 49 
265 76 
268 72 
268 64 
270 20 
270 78 
271 99 
275 79 
275 32 
276 175 
276 50 
277 23 
278 45 
278 702 
278 114 
279 173 
281 400 
282 44 
282 33 
282 46 
282 90 
283 98 
284 103 
284 111 
289 119 
289 103 
292 194 
292 98 
292 95 
292 33 
293 261 
294 61 
295 110 
295 234 
296 49 
296 34 
298 118 
299 28 
300 69 
300 14 
301 43 
301 40 
302 126 
303 31 
306 145 
306 20 
306 227 
306 975 
306 80 
306 72 
307 116 
307 248 
307 84 
308 72 
309 99 
309 26 
309 58 
309 1838 
310 84 
312 78 
312 61 
313 123 
313 130 
315 63 
315 18 
316 70 
317 84 
318 41 
318 39 
319 43 
319 179 
320 155 
321 153 
321 64 
324 49 
325 30 
327 28 
327 79 
327 100 
328 54 
329 111 
329 164 
331 64 
333 42 
333 18 
333 125 
334 91 
335 44 
335 76 
337 185 
338 6 
339 36 
340 53 
341 286 
341 118 
342 214 
342 21 
342 134 
342 81 
343 74 
343 37 
343 70 
345 270 
347 177 
347 54 
348 57 
349 29 
349 62 
350 80 
351 350 
351 55 
352 24 
352 110 
353 47 
356 168 
357 114 
358 2 
359 299 
360 81 
360 222 
361 128 
362 9 
364 89 
364 59 
365 171 
366 122 
366 43 
368 95 
368 71 
368 87 
370 595 
373 87 
379 47 
380 5 
382 109 
383 188 
383 75 
384 225 
386 116 
388 47 
388 96 
389 167 
389 233 
391 58 
393 193 
394 179 
395 58 
395 73 
396 91 
396 90 
397 8 
399 40 
399 116 
401 133 
401 52 
403 27 
404 285 
405 128 
405 86 
406 115 
407 20 
409 130 
410 87 
412 970 
414 230 
414 4 
415 28 
417 179 
417 292 
420 230 
422 104 
424 41 
425 107 
426 69 
426 49 
426 23 
426 23 
426 280 
427 512 
428 80 
429 39 
430 142 
430 109 
430 103 
433 10 
433 76 
436 42 
437 29 
438 1911 
439 17 
439 304 
443 163 
447 60 
447 102 
448 128 
454 197 
457 139 
457 51 
460 65 
461 102 
461 20 
462 123 
463 121 
464 78774 
468 56 
468 211 
468 45 
469 280 
471 92 
471 50 
471 28 
474 185 
475 39 
476 98 
476 12 
477 15 
477 99 
478 196 
480 57 
482 73 
484 24 
489 49 
496 109 
500 92 
503 43 
503 50 
503 57 
504 91 
504 9 
504 24 
505 242 
506 14 
506 118 
510 6 
511 34 
515 30 
516 6 
516 224 
517 18 
518 142 
519 40 
521 148 
523 65 
525 34 
525 38893 
526 35 
527 339 
529 101 
530 7 
530 71 
532 209 
532 17 
532 71 
535 36 
535 89 
537 18 
541 10 
544 139 
545 38 
547 180 
549 40 
552 64 
554 39 
554 461 
557 97 
557 163 
560 84 
561 29 
564 20 
568 90 
570 247 
573 37 
574 204 
574 111 
574 207 
574 286 
579 22 
581 81 
582 97 
584 98 
585 278 
585 27 
586 54 
588 33 
589 54 
589 181 
594 7 
596 77 
599 29 
600 477 
601 27 
601 225 
604 11 
604 152 
606 130 
607 162 
608 65 
608 11 
608 54 
610 32 
610 120 
612 86 
613 113 
615 42 
616 27 
624 20 
625 211 
627 110 
627 79 
630 38 
630 21 
631 198 
636 237 
643 294 
643 45 
645 49 
647 28 
648 182 
649 37 
649 28 
650 75 
651 556 
651 87 
652 48 
652 52 
658 39 
659 35 
663 19 
663 52 
665 59 
668 170 
669 18 
671 71 
671 17 
674 30 
676 24 
678 102 
678 52 
680 22 
681 63 
682 38 
683 71 
685 167 
685 40 
687 105 
689 108 
690 15 
691 37 
692 17 
692 175 
694 29 
695 48 
695 550 
697 64 
697 18 
700 482 
704 108 
705 634 
706 237 
707 16 
710 45 
710 41 
711 34 
713 21 
720 37 
721 486 
721 76 
724 267 
725 139 
728 36 
730 180 
730 291 
730 58 
732 41 
737 250 
737 147 
738 98 
739 88 
739 57 
744 57 
744 72 
746 15 
748 48 
750 64 
751 49 
755 30 
756 111 
757 95 
762 78 
762 142 
764 151 
764 82 
765 100 
765 86 
766 12 
768 28 
770 441 
771 116 
771 46 
773 157 
774 46 
775 84 
775 158 
776 118 
777 47 
777 144 
778 46 
779 17 
781 48 
782 66 
785 200 
787 29 
791 298 
792 25 
798 319 
801 8 
804 36 
805 34 
805 91 
817 79 
819 33 
820 42 
820 32 
824 91 
829 246 
829 417 
831 74 
833 75 
834 242 
835 49 
835 224 
835 106 
836 15 
836 14 
839 72 
840 24 
842 61 
845 220 
847 65 
847 73 
853 49 
856 80 
856 94 
857 67 
862 103 
865 145 
867 103 
868 124 
869 235 
869 41 
872 1334 
873 202 
873 208 
874 42 
883 59 
884 6 
890 178 
892 198 
893 31 
896 30 
898 115 
901 49 
906 531 
906 54 
907 13 
911 50 
913 86 
914 21 
919 47 
920 191 
923 132 
928 143 
934 94 
935 58 
937 28 
943 36 
950 84 
953 44 
955 18 
962 35 
963 93 
967 1778 
967 57 
967 45 
971 72 
972 81 
973 13 
984 19 
991 306 
992 244 
994 246 
998 1 
1002 42 
1003 98 
1009 24 
1010 14 
1013 71 
1017 57 
1024 130 
1025 491 
1026 310 
1027 65 
1029 51 
1030 166 
1031 63 
1035 6 
1038 73 
1042 121 
1051 13 
1051 233 
1052 77 
1054 55 
1057 13 
1065 176 
1067 52 
1069 37 
1072 45 
1074 203 
1075 25 
1075 49 
1076 169 
1078 51 
1079 10 
1081 110 
1081 51 
1083 67 
1083 89 
1086 151 
1088 71 
1093 11 
1098 21 
1098 79 
1099 8 
1103 565 
1103 36 
1106 50 
1107 129 
1112 82 
1116 128 
1117 153 
1117 104 
1119 348 
1121 157 
1124 60 
1131 84 
1133 8 
1147 29 
1150 46 
1158 110 
1160 28 
1164 27 
1166 71 
1168 30 
1169 40 
1169 42 
1171 75 
1182 2 
1191 77 
1195 22 
1199 330 
1203 53 
1206 19 
1215 58 
1221 75 
1225 10 
1237 59 
1237 453 
1239 43 
1240 40 
1241 7 
1241 65 
1242 38 
1245 28 
1245 7 
1249 126 
1250 7 
1254 70 
1259 24 
1259 52 
1262 43 
1262 52 
1263 141 
1267 151 
1268 19 
1275 62 
1277 29 
1279 93 
1286 18 
1288 12 
1288 46 
1291 59 
1295 166 
1303 74 
1311 63 
1314 41 
1314 259 
1316 1635 
1321 125 
1322 33 
1327 75 
1328 18 
1337 128 
1338 198 
1341 45 
1343 241 
1344 68 
1345 192 
1345 11 
1346 18 
1351 269 
1351 27 
1356 1060 
1356 132 
1357 80 
1359 52 
1361 27 
1376 38 
1378 3 
1379 45 
1384 83 
1385 60 
1399 219 
1404 40 
1407 34 
1430 41 
1435 9 
1437 85 
1449 44 
1457 33 
1457 28 
1466 32 
1469 64 
1474 47 
1489 87 
1490 51 
1493 93 
1496 227 
1498 148 
1507 161 
1507 4 
1509 67 
1516 676 
1517 7 
1519 63 
1524 66 
1525 117 
1526 63 
1527 81 
1529 74 
1530 50 
1538 80 
1542 19 
1542 204 
1543 30 
1550 49 
1551 306 
1555 13 
1559 85 
1560 150 
1561 242 
1561 67 
1566 25 
1569 9 
1574 90 
1575 64 
1576 100 
1582 23 
1584 111 
1588 24 
1588 37 
1594 39 
1595 22 
1599 215 
1600 78 
1601 89 
1606 278 
1607 104 
1609 8 
1611 304 
1613 13 
1613 135 
1614 91 
1615 87 
1616 96 
1619 81 
1623 76 
1627 62 
1629 151 
1633 4 
1633 7 
1635 121 
1643 56 
1644 46 
1653 15 
1657 839 
1672 24 
1674 59 
1676 63 
1676 384 
1676 17 
1689 75 
1692 103 
1692 41 
1693 52 
1694 109 
1694 141 
1705 13 
1708 20 
1710 17 
1712 23 
1714 70 
1716 135 
1733 9 
1736 66 
1739 128 
1745 86 
1746 56 
1747 37 
1748 52 
1761 16 
1762 207 
1764 152 
1768 33 
1772 24 
1775 187 
1776 7 
1779 51 
1789 206 
1795 30 
1796 129 
1796 98 
1796 57 
1797 7 
1798 59 
1807 128 
1808 27 
1813 225 
1819 20 
1828 49 
1829 35 
1836 18 
1841 137 
1845 18 
1853 110 
1860 25 
1860 240 
1860 108 
1865 244 
1874 1 
1877 15 
1886 88 
1889 40 
1894 9 
1894 141 
1900 59 
1904 289 
1906 47 
1906 50 
1918 221 
1930 12 
1936 41 
1937 24 
1939 87 
1943 40 
1948 79 
1955 98 
1962 12 
1965 4 
1971 11 
1973 119 
1984 44 
1986 39 
1988 118 
1988 10 
1996 42 
2000 23 
2000 84 
2004 331 
2021 42 
2025 73 
2032 36 
2037 35 
2042 140 
2046 32 
2059 22 
2063 89 
2067 82 
2067 276 
2068 20 
2071 4 
2072 155 
2079 74 
2080 200 
2092 55 
2100 272 
2103 120 
2108 70 
2111 72 
2132 95 
2143 19 
2148 83 
2149 83 
2158 29 
2163 58 
2166 63 
2167 72 
2178 66 
2196 111 
2211 16 
2219 48 
2224 99 
2226 56 
2228 27 
2232 4 
2242 14 
2245 42 
2251 99 
2252 19 
2254 17 
2257 836 
2268 96 
2274 125 
2291 44 
2299 53 
2300 11 
2308 14 
2312 45 
2322 2 
2331 112 
2332 135 
2335 183840 
2343 31 
2346 54 
2353 46 
2356 138 
2364 12 
2365 106 
2367 47 
2369 69 
2375 23 
2377 34 
2380 23 
2380 96 
2380 38 
2387 61 
2387 10 
2395 221 
2399 279 
2399 63 
2402 30 
2422 173 
2424 23 
2427 64 
2439 41 
2440 19 
2449 148 
2452 36 
2458 46 
2462 58 
2470 23 
2472 61 
2488 40 
2492 18 
2493 47 
2496 4014 
2501 21 
2504 3217 
2509 80 
2514 151 
2530 152 
2534 56 
2541 23 
2552 62 
2557 106 
2560 27 
2561 50 
2564 334 
2567 386 
2575 47 
2579 12 
2579 69 
2591 49 
2594 27 
2603 101 
2607 164 
2612 16 
2619 36 
2619 43 
2630 81 
2637 11 
2640 20 
2646 108 
2665 59 
2670 109 
2674 14 
2676 107 
2684 11 
2687 109 
2695 13 
2711 54 
2719 270 
2732 59 
2747 38 
2752 68 
2752 12 
2754 8 
2762 23 
2769 49 
2775 924 
2780 46 
2785 160 
2791 120 
2792 62 
2801 6 
2812 14 
2816 52 
2820 257 
2828 41 
2846 60 
2850 82 
2853 87 
2860 105 
2864 80 
2864 33 
2875 39 
2877 31 
2887 29 
2887 13 
2887 117 
2890 51 
2898 10 
2900 16 
2903 22 
2905 28 
2906 45 
2906 103 
2909 20 
2918 1606 
2922 264 
2927 90 
2930 105 
2930 34 
2943 40 
2946 25 
2953 21 
2954 7 
2955 30 
2965 1310 
2966 87 
2966 17 
2992 44 
2996 787 
3003 38 
3008 437 
3013 42 
3019 69 
3019 26 
3034 1545 
3043 56 
3046 34 
3059 1718 
3064 14 
3082 13 
3087 67 
3092 77 
3092 118 
3097 58 
3100 19 
3107 33 
3109 444 
3115 144 
3118 42 
3118 656 
3118 44 
3120 109 
3129 5 
3143 46 
3153 98 
3154 1345 
3166 52 
3171 1247 
3178 27 
3179 44 
3180 85 
3191 47 
3192 66 
3207 507 
3211 15 
3213 36 
3213 631 
3222 109 
3223 27 
3242 85 
3244 648 
3250 132 
3276 50 
3280 106 
3282 16 
3295 55 
3299 208 
3307 171 
3308 621 
3310 230 
3310 33 
3313 129 
3334 59 
3344 82 
3353 13 
3353 198 
3361 52 
3363 90 
3371 36 
3393 15 
3403 87 
3412 27 
3423 43 
3430 90 
3434 45 
3449 219 
3458 210168 
3472 226 
3475 4 
3476 18 
3476 45 
3478 79 
3479 25 
3482 31 
3483 42 
3484 11 
3493 97 
3506 81 
3509 93 
3517 21 
3518 119 
3524 34 
3529 26 
3530 23 
3534 109 
3535 89 
3552 177 
3554 21 
3558 120 
3559 67 
3570 222 
3572 10 
3574 92 
3584 69 
3591 74 
3593 20 
3596 36 
3599 25 
3608 51 
3624 11 
3627 115 
3639 57 
3646 83 
3654 145 
3656 282 
3660 12 
3661 347 
3662 29 
3663 17 
3671 363 
3684 98 
3684 161 
3699 343 
3702 123 
3718 66 
3724 61 
3731 40 
3736 89 
3737 139 
3745 69 
3756 17 
3765 38 
3766 269 
3773 5 
3773 242 
3776 89 
3784 31 
3790 28 
3792 19 
3795 196 
3797 167596 
3798 38 
3805 5 
3812 223 
3818 218 
3820 77 
3821 230 
3822 165 
3826 25 
3827 269 
3835 10 
3839 288 
3845 81 
3846 237 
3851 72 
3861 47 
3862 16 
3884 145 
3894 444 
3896 26 
3908 45 
3917 221 
3939 242 
3942 59 
3943 0 
3949 16 
3953 12 
3955 212 
3965 82 
3975 73 
3981 76 
3997 10 
4006 149 
4006 387 
4010 158 
4020 30 
4021 11 
4042 11 
4045 13 
4049 59 
4068 113 
4075 141 
4087 28 
4090 31 
4097 1 
4099 51 
4109 102 
4112 133 
4124 68 
4125 54 
4136 23 
4141 79 
4165 27 
4174 68 
4182 31 
4186 87 
4200 28 
4202 386 
4208 21 
4209 235 
4212 33 
4222 20 
4224 51 
4231 11 
4234 13 
4235 58 
4244 219 
4244 75 
4246 101 
4249 24 
4253 88 
4253 157 
4258 1 
4263 156 
4270 561 
4276 62 
4278 544 
4282 110 
4284 66 
4286 65 
4289 30 
4302 91 
4305 11 
4327 53 
4339 93 
4368 65 
4376 48 
4388 105 
4389 157 
4397 94 
4402 21 
4408 39 
4428 35 
4428 278 
4440 9 
4466 9 
4468 133 
4470 10 
4471 291 
4473 56 
4474 851 
4481 56 
4496 84 
4500 42 
4503 82 
4512 20 
4529 14 
4532 23 
4551 24 
4564 108 
4564 56 
4569 358 
4667 155 
4671 6 
4676 19 
4681 69 
4700 23 
4701 54 
4726 27 
4741 37 
4745 183 
4749 105 
4776 89 
4778 41 
4794 47 
4794 146 
4806 45 
4835 52 
4837 269 
4852 138 
4860 48 
4880 19 
4883 44 
4919 8 
4925 38 
4934 21 
4945 69 
4947 94 
4952 1329 
4956 48 
4990 76 
5000 1358 
5020 114 
5020 74 
5028 1443 
5065 42 
5075 70 
5079 80 
5096 49 
5100 47 
5117 745 
5139 48 
5153 215 
5160 20 
5196 8 
5215 65 
5219 21 
5272 66 
5288 12 
5297 35 
5302 204 
5313 35 
5340 57 
5359 21 
5401 66 
5406 67 
5411 7 
5420 411 
5430 85 
5465 410 
5494 62 
5497 35 
5501 240 
5509 8611 
5513 115 
5517 141 
5524 866 
5554 905 
5556 343 
5557 32 
5561 2250 
5569 9 
5597 72 
5599 98 
5612 415 
5616 73 
5636 399 
5647 44 
5651 25 
5684 100 
5685 90 
5685 193 
5686 356 
5688 6 
5694 203 
5696 2 
5700 11 
5704 93 
5712 55 
5713 17 
5726 241 
5728 61 
5730 14 
5730 25 
5732 14 
5735 6 
5747 68 
5761 206 
5788 126 
5792 9 
5821 140 
5834 54 
5834 35 
5842 139 
5858 89 
5863 8 
5871 15 
5877 352 
5883 14 
5921 38 
5931 28 
5932 527 
5937 26 
5946 8 
5962 122 
5969 29 
5976 95 
5979 25 
5996 9 
6041 32 
6045 13 
6048 19 
6074 449 
6103 55 
6156 13 
6199 30 
6222 50 
6260 25 
6263 35 
6280 68 
6283 52 
6292 54 
6297 31 
6342 6 
6342 140 
6356 41 
6369 38 
6389 98 
6410 220 
6422 209 
6431 1451 
6456 54 
6481 63 
6482 17 
6518 83 
6520 6 
6541 128 
6562 19 
6577 33 
6581 35 
6629 11 
6636 55 
6637 47 
6638 42 
6657 40 
6675 586 
6681 18 
6681 107 
6683 26 
6684 84 
6697 68 
6702 1 
6721 27 
6746 9 
6749 43 
6762 50 
6794 279 
6817 3 
6826 20 
6840 167 
6866 18 
6888 25 
6899 13 
6922 17 
6928 127 
6936 16 
7027 13 
7040 25 
7086 62 
7089 60 
7090 144 
7129 15 
7135 150 
7137 23 
7156 79 
7168 66 
7188 24 
7251 581 
7335 30 
7338 33 
7352 19 
7388 95 
7388 2 
7390 74 
7430 2351 
7448 241 
7454 5 
7466 24 
7600 32 
7645 84 
7658 23 
7686 57 
7726 18 
7743 88 
7761 206 
7774 13 
7795 115 
7806 290 
7808 126 
7840 92 
7863 30 
7879 61 
7880 133 
7888 90 
7897 10 
7936 8 
7968 20 
8002 64 
8033 107 
8084 102 
8101 8 
8165 95 
8311 16 
8325 7 
8372 29 
8375 40 
8402 23 
8411 22 
8413 34 
8432 65 
8453 25 
8471 69 
8472 30 
8488 44 
8511 11 
8526 70 
8529 378 
8571 103 
8674 166 
8675 32 
8717 9 
8756 74 
8776 51 
8780 26 
8803 11 
8810 16 
8897 62 
8928 14 
8928 14 
8929 67 
8929 67 
8953 98 
8953 98 
8988 26 
8989 31 
8995 86 
9065 31 
9168 27 
9168 47 
9279 50 
9292 62 
9319 24 
9357 97 
9383 7 
9461 45 
9475 50 
9486 115 
9493 116 
9495 15 
9516 52 
9580 110 
9585 14 
9624 36 
9671 49 
9676 56 
9688 78 
9762 25 
9811 1 
9817 17 
9836 69 
9839 42 
9969 225 
10004 16 
10029 12 
10040 16 
10056 114 
10065 0 
10069 128 
10079 4 
10132 47 
10156 31 
10167 30 
10204 52 
10205 26 
10209 7 
10218 75 
10226 13 
10289 87 
10294 685 
10297 24 
10320 240 
10322 19 
10348 7 
10358 168 
10414 21 
10418 4 
10450 24 
10473 56 
10548 5 
10559 3 
10561 32 
10590 41 
10591 97 
10635 33 
10644 69 
10729 31 
10758 14 
10783 14 
10786 6 
10826 11 
10844 22 
10862 49 
10903 55 
10923 125 
10925 1115 
10979 19 
11047 56 
11076 26 
11107 7 
11137 24 
11148 31 
11158 69 
11162 67 
11350 63 
11429 27 
11436 12 
11491 60 
11491 13 
11600 48 
11643 2 
11644 10 
11711 8 
11717 107 
11726 110 
11731 100 
11735 45 
11745 50 
11755 53 
11775 138 
11830 81 
11868 1 
11878 308 
11907 75 
11913 255 
11915 126 
11948 27 
11955 320 
11996 903 
12001 39 
12175 66 
12241 78 
12246 4 
12261 62 
12282 156 
12283 283 
12342 14 
12348 74 
12395 10 
12418 84 
12430 22 
12463 155 
12477 93 
12502 111 
12509 169 
12532 47 
12539 44 
12580 270 
12598 26 
12605 6 
12606 35 
12674 17 
12689 43 
12725 8 
12818 121 
12851 110 
12904 113 
12950 107 
12951 11 
12984 55 
13051 50 
13133 77 
13149 761 
13165 5 
13173 131 
13181 24 
13191 40 
13228 62 
13246 29 
13347 26 
13412 74 
13445 9 
13503 37 
13503 20 
13506 49 
13529 18 
13545 73 
13573 7 
13587 33 
13594 35 
13616 23 
13722 3943 
13733 1055 
13876 36 
13891 14 
13918 24 
14015 3 
14037 118 
14097 4743 
14109 298 
14186 30 
14193 21 
14228 5 
14393 23 
14514 24 
14749 19 
14772 17 
14800 38 
14823 72 
14922 11 
15082 37 
15134 78 
15178 26 
15226 147 
15238 13 
15238 17 
15277 34 
15298 34 
15357 40 
15453 19 
15464 11 
15474 22 
15482 3 
15556 36 
15621 41 
15621 41 
15700 19 
15925 911 
15927 36 
15956 86 
15992 32 
16045 90 
16153 24 
16199 3 
16385 114 
16392 26 
16399 8 
16402 23 
16439 21 
16453 105 
16549 20 
16571 9 
16575 19 
16578 22 
16608 51 
16621 17 
16666 285 
16720 31 
16721 105 
17033 4402 
17092 395 
17255 39 
17441 35 
17446 73 
17484 39 
17502 4 
17534 36 
17566 8 
17672 86 
17739 232 
17801 40 
17803 2039 
17890 4 
17947 68 
17973 43 
18070 11 
18151 16 
18443 250 
18552 27 
18581 42 
18641 78 
18802 1809 
18817 4 
18872 12 
18886 41 
18898 214 
19021 4 
19148 35 
19166 35 
19201 13 
19240 6 
19240 6 
19323 16 
19388 13 
19597 78 
19608 111 
19660 6 
19758 14 
19830 18 
20084 9 
20234 13 
20260 39 
20470 60 
20471 57 
20494 440 
20582 16 
20634 24 
20713 65 
20910 5 
21004 38 
21050 20 
21199 44 
21224 72 
21320 9 
21694 17 
21714 109 
21957 82 
22003 90 
22057 44 
22084 41 
22569 23 
22574 28 
22679 40 
22756 27 
22986 139 
23123 41 
23295 348 
23304 6 
23375 67 
23505 24 
23505 33 
23607 47 
23879 32 
24374 53 
24436 68 
24831 51 
24963 8 
25379 23 
25610 11 
25644 31 
25649 108 
25780 22 
25895 115 
26002 108 
26274 58 
26291 108 
26453 137 
26489 17 
26732 76 
26749 14 
26870 24 
27004 21 
27062 39 
27149 25 
27167 162 
27183 1 
27750 118 
27827 63 
27881 484 
28454 27 
28537 12 
28780 81 
28967 27 
29286 45 
29431 11 
29630 4 
29632 230 
29812 32 
30226 56 
30507 112 
30586 82 
30886 27 
31066 7 
31266 37 
31631 109 
31917 33 
31987 6 
32071 73 
32078 495 
32125 40 
32130 175 
32511 44 
32705 88 
33080 427 
33142 89 
33249 26 
33262 88 
33293 20 
33453 27 
33690 25 
33800 53 
33932 83 
34225 28 
34737 22 
34745 34 
34989 39 
34990 19 
35194 80 
35209 128 
35415 41 
35514 10 
35713 38 
35778 43 
35963 46 
36053 7 
36180 80 
36368 65 
36380 1436 
36571 82 
36754 26 
36865 10 
36889 32 
36903 230 
36974 21 
37077 96 
37149 4 
37272 72 
37379 179 
37475 15 
37551 39 
37777 6 
37906 2 
38069 48 
38193 8 
38237 26 
38267 37 
38274 25 
38278 15 
38501 10 
39232 7 
39253 17 
39695 28 
39924 19 
40288 69 
40495 20 
40802 43 
40810 21 
40834 66 
41141 17 
41522 49 
41589 5 
41950 35 
42275 24 
42577 22 
42938 27 
42953 10 
43366 14 
43367 52 
43529 19 
43607 43 
43657 86 
43839 65 
44100 60 
44174 42 
44294 30 
44559 26 
44757 16 
45018 13 
45044 39 
45413 25 
46128 54 
46606 19 
46766 78 
46810 7 
47183 19 
47273 11 
47541 90 
47587 3 
47974 25 
48083 27 
48239 45 
48339 18 
49023 51 
49062 84 
49213 190 
49213 220 
49232 37 
49305 41 
49420 98 
49475 1457 
49480 270 
49485 91 
49485 105 
49486 636 
49490 149 
49526 188 
49529 510 
49533 690 
49534 97 
49548 194 
49567 252 
49583 59 
49590 87 
49596 279 
49600 488 
49602 171 
49615 148 
49628 73 
49634 375 
49634 875 
49635 959 
49637 62 
49665 46 
49675 58 
49687 166 
49691 70 
49691 38 
49701 186 
49706 129 
49736 861 
49753 161 
49769 353 
49770 95 
49823 170 
49826 147 
49827 91 
49833 87 
49875 302 
49884 3028 
49886 163 
49900 145 
49940 92 
49941 112 
49997 77 
50038 54 
50044 83 
50046 582 
50046 127 
50073 151 
50117 47 
50136 136 
50154 174 
50196 67 
50221 107 
50230 584 
50242 267 
50251 380 
50259 156 
50327 17 
50392 23 
50403 195 
50436 87 
50457 53 
50476 126 
50505 64 
50530 47 
50547 189 
50558 334 
50578 68 
50599 133 
50611 121 
50613 502 
50646 296 
50658 4 
50663 178 
50690 85 
50706 243 
50709 25 
50728 454 
50905 2 
50909 456 
50976 1017 
50980 126 
50984 75 
51058 234 
51060 9 
51071 71 
51076 293 
51157 16 
51159 240 
51207 66 
51215 38 
51365 90 
51425 30 
51431 611 
51458 188 
51494 153 
51505 93 
51517 77 
51518 624 
51639 70 
51669 126 
51721 22 
51729 73 
51740 11 
51744 309 
51795 176 
51815 13 
51840 11 
51871 68 
51901 118 
51915 376 
51920 51 
52047 220 
52075 4 
52081 36 
52111 102 
52145 82 
52213 205 
52223 100 
52284 21 
52326 194 
52371 45 
52380 223194 
52399 284 
52399 33 
52406 161 
52406 105 
52406 133 
52419 111 
52419 56 
52424 128 
52425 215 
52426 34 
52429 77 
52442 352 
52449 46 
52451 810 
52456 209 
52457 50 
52473 774 
52505 169 
52515 27 
52516 32 
52516 83 
52522 24 
52547 542 
52580 28 
52597 52 
52605 11 
52609 80 
52640 142 
52711 54 
52718 307 
52720 30 
52734 56 
52781 62 
52781 62 
52785 9 
52809 91 
52814 142 
52818 29 
52879 38 
52893 814 
52897 1 
52914 116 
52929 48 
52947 425 
52959 67 
52988 9 
52991 38 
52996 40 
52997 12 
52998 177 
53005 196 
53072 67 
53079 282 
53079 78 
53085 105 
53086 384 
53114 49 
53119 55 
53123 16 
53159 98 
53176 42 
53192 16 
53206 89 
53224 559 
53245 43 
53295 22 
53346 28 
53406 230 
53614 113 
53699 30 
53776 42 
53806 271 
53873 9 
53901 26 
53921 24 
54006 25 
54041 48 
54041 48 
54095 14 
54095 14 
54106 47 
54138 120 
54177 52 
54185 174 
54278 17 
54289 66 
54290 127 
54293 136 
54335 39 
54357 26 
54486 58 
54774 17 
54930 37 
54989 84 
55291 53 
55326 179 
55409 49 
55535 3 
55543 13 
55594 29 
55617 57 
55646 141 
55727 59 
55867 31 
55925 40 
55931 138 
56008 92 
56014 508 
56023 779 
56026 169 
56082 51 
56095 68 
56263 56 
56467 188 
56501 67 
56587 1234 
56699 54 
56834 84 
57061 26 
57086 176 
57105 68 
57140 8 
57229 86 
57238 1042 
57241 49 
57329 28 
57513 37 
57598 87 
57611 15 
58088 193 
58094 75 
58138 0 
58160 369 
58223 9 
58278 2 
58310 38 
58491 741 
58546 18 
58646 100 
58807 245 
58836 84 
59098 17 
59121 58 
59187 53 
59426 82 
59552 74 
59585 8 
59587 88 
59668 33 
59709 2 
59731 113 
59950 479 
59952 100 
60040 11 
60094 144 
60151 214 
60225 8 
60331 1 
60389 162 
60609 87 
60799 14 
60996 285 
60997 395 
60997 553 
61011 78 
61021 83 
61025 3269 
61027 19 
61029 268 
61038 922 
61049 165 
61063 224 
61064 549 
61067 353 
61069 233 
61074 250 
61075 305 
61091 60 
61094 214 
61106 174 
61118 42 
61145 347 
61180 417 
61184 650 
61196 101 
61234 247 
61235 48 
61237 232 
61248 315 
61285 931 
61288 20 
61294 315 
61320 31 
61345 149 
61355 948 
61358 66 
61369 393 
61370 679 
61386 37 
61474 2 
61547 142 
61573 81 
61595 73 
61608 21 
61666 442 
61705 2007 
61746 82 
61760 132 
61782 92 
61892 488 
61933 58 
62002 214 
62007 77 
62053 5 
62063 32 
62096 330 
62101 115 
62296 52 
62337 292 
62406 17 
62409 16 
62415 738 
62430 81 
62484 15 
62509 101 
62523 58 
62586 41 
62602 211 
62627 17 
62755 21 
62766 44 
62811 353 
62824 236 
62875 21 
63122 640 
63135 44 
63146 41 
63147 37 
63207 8 
63282 173 
63350 343 
63363 72 
63433 1 
63510 82 
63541 791 
63575 1 
63578 363 
63625 6 
63643 71 
63646 80 
63646 78 
63670 34 
63687 18 
63737 66 
63816 2915 
63870 82 
63893 68 
63896 300 
63908 49 
63962 136 
63970 132 
63998 56 
64015 11 
64040 167 
64040 73 
64060 66 
64155 349 
64183 41 
64193 15 
64263 21 
64303 26 
64357 221 
64533 11 
64601 85 
64608 306 
64634 132 
64698 0 
64753 196769 
64755 111 
64765 92 
64770 64 
64772 675 
64774 85 
64775 485 
64779 41 
64780 59 
64783 63 
64787 8 
64791 111 
64799 107 
64802 26 
64805 126 
64825 4 
64835 55 
64847 221 
64850 2879 
64858 171 
64863 31 
64868 205 
64873 140 
64884 299 
64887 5 
64887 71 
64888 255 
64938 393 
64942 411 
64953 15 
64953 131 
64959 36 
64969 102 
64976 219 
64982 13 
64992 34 
64994 10 
65006 109 
65013 150 
65014 785 
65017 149 
65062 128 
65067 26 
65075 220 
65082 17 
65199 48 
65203 31 
65220 70 
65227 195 
65233 32 
65242 9 
65258 23 
65349 84 
65389 105 
65474 29 
65722 159 
65765 28 
65831 117 
65834 368 
65856 3 
65885 82 
65889 18 
65960 93 
65980 139 
65993 90 
65995 122 
66009 176 
66027 6 
66099 41 
66130 70 
66254 66 
66324 136 
66575 8 
66648 57 
66819 25 
66881 42 
66937 30 
67266 36 
67323 177 
67403 80 
67418 32 
67529 124 
67594 136 
67616 54 
67648 104 
67698 410 
67787 44 
67847 8 
68053 22 
68255 49 
68263 219 
68332 471 
68447 51 
68596 81 
68630 34 
68638 39 
68702 207 
68721 42 
68931 61 
69011 107 
69110 73 
69147 73 
69147 73 
69187 37 
69187 37 
69210 31 
69225 146 
69285 259 
69578 35 
69753 58 
69777 17 
70254 109 
70579 38 
70587 94 
70651 46 
70702 3 
70747 17 
70824 469838 
70832 43 
70838 240 
70846 32 
70848 178 
70848 43 
70851 100 
70851 90 
70851 43 
70851 130 
70852 58 
70853 89 
70855 98 
70857 90 
70858 61 
70861 979 
70861 145 
70861 20 
70862 63 
70862 350 
70863 43 
70863 445 
70866 80 
70867 94 
70868 0 
70870 27 
70870 116 
70871 1250 
70872 69 
70873 381 
70875 90 
70875 249 
70875 46 
70875 32 
70878 49 
70878 110 
70879 100 
70879 109 
70882 104 
70882 886 
70884 118 
70887 311 
70887 168 
70890 63 
70890 27 
70891 105 
70896 326 
70896 112 
70896 171 
70897 113 
70898 21 
70899 223 
70902 191 
70903 87 
70908 52 
70909 566 
70911 153 
70912 42 
70912 26 
70915 107 
70915 29 
70916 21 
70918 75 
70920 378 
70922 94 
70922 294 
70923 217 
70925 157 
70925 162 
70926 92 
70926 43 
70927 220 
70928 152 
70928 22 
70929 307 
70930 31 
70931 48 
70935 77 
70938 95 
70938 22 
70940 2 
70940 264 
70942 451 
70943 6 
70951 316 
70953 60 
70955 24 
70956 94 
70956 43 
70958 297 
70958 61 
70960 7 
70960 70 
70961 73 
70963 38 
70964 313 
70966 115 
70968 154 
70969 132 
70970 39 
70971 79 
70972 77 
70974 9 
70977 235 
70977 98 
70977 142 
70985 142 
70995 33 
70995 54 
70998 83 
70999 61 
70999 12 
70999 106 
71002 97 
71003 118 
71005 91 
71006 18 
71006 13 
71007 92 
71007 96 
71009 43 
71010 88 
71011 81 
71013 216 
71013 393 
71023 757 
71026 56 
71030 40 
71037 24 
71040 71 
71049 32 
71050 94 
71058 77 
71060 200 
71061 87 
71064 134 
71069 44 
71078 78 
71082 411 
71082 109 
71095 168 
71100 68 
71101 87 
71103 70 
71108 101 
71111 38 
71115 43 
71129 181 
71139 98 
71147 93 
71155 60 
71162 25 
71176 44 
71180 125 
71180 65 
71183 580 
71200 192 
71202 18 
71202 85 
71206 126 
71208 146 
71211 69 
71211 122 
71212 893 
71212 1575 
71213 627 
71218 201 
71220 21 
71222 131 
71226 92 
71228 302 
71232 60 
71245 69 
71250 175 
71255 333 
71256 75 
71256 202 
71257 183 
71257 219 
71258 282 
71259 85 
71264 246 
71267 90 
71271 56 
71274 1141 
71280 155 
71284 336 
71285 64 
71289 185 
71295 49 
71301 103 
71302 131 
71312 50 
71313 98 
71318 153 
71328 177 
71338 75 
71344 200 
71346 479 
71350 42 
71354 36 
71355 14 
71362 174 
71363 275 
71369 127 
71386 687 
71388 125 
71394 180 
71440 168 
71441 382 
71447 99 
71459 136 
71497 375 
71497 53 
71500 133 
71500 26 
71537 25 
71538 314 
71553 54 
71562 576 
71573 176 
71584 63 
71588 128 
71613 988 
71631 394 
71641 57 
71642 88 
71690 18 
71696 41 
71701 102 
71722 19 
71732 33 
71735 85 
71756 31 
71832 93 
71870 29 
71872 242 
71905 84 
71943 143 
71950 726 
71961 65 
71961 28 
71973 162 
72009 622 
72018 112 
72040 1535 
72102 123 
72108 47 
72112 57 
72120 21 
72131 35 
72144 25 
72165 100 
72193 53 
72196 7 
72230 160 
72236 72 
72243 254 
72314 25 
72327 1183 
72362 117 
72445 9 
72474 28 
72493 72 
72509 33 
72636 12 
72638 37 
72655 55 
72720 7 
72753 127 
72804 27 
72822 38 
72827 95 
72868 64 
72941 70 
72968 131 
73004 53 
73059 40 
73210 18 
73246 106 
73261 104 
73264 25 
73286 6 
73309 4 
73366 1626 
73450 18 
73528 59 
73654 47 
73769 0 
73825 26 
73885 17 
74054 22 
74151 72 
74304 72 
74332 146 
74386 15 
74425 99 
74535 62 
74587 286 
74622 157 
74646 222 
74753 850 
74783 3848 
74901 1305 
74901 1305 
74987 122 
75115 722 
75116 167 
75118 513 
75122 381 
75129 129 
75137 91 
75137 1043 
75138 86 
75145 997 
75158 10 
75163 181 
75169 284 
75175 174 
75181 103 
75183 189 
75185 195 
75193 60 
75204 160 
75205 119 
75206 63 
75208 123 
75211 80 
75223 209 
75224 163 
75226 79 
75234 68 
75269 381 
75290 68 
75312 112 
75314 73 
75354 90 
75366 111 
75378 99 
75390 718 
75410 232 
75431 160 
75441 64 
75443 145 
75475 25 
75549 74 
75562 94 
75564 251 
75640 62 
75684 37 
75763 80 
75792 8 
75802 59 
75850 32 
75855 8301 
75884 153 
75925 119 
75944 417 
75944 1137 
76091 76 
76113 74 
76118 254 
76196 31 
76376 31 
76426 40 
76430 406 
76728 6 
76741 272 
76816 16 
76838 138 
76855 138 
76923 15 
76929 10 
76948 111 
76963 383 
77077 82 
77077 13 
77158 15 
77298 96 
77443 3 
77455 24 
77731 47 
77756 930 
77757 475 
77758 265 
77761 36 
77764 69 
77775 1321 
77778 1763 
77794 115 
77794 139 
77810 152 
77815 360 
77897 156 
77899 116 
77920 1450 
77932 14 
77956 66 
77963 32 
78015 526 
78032 152 
78037 558 
78044 593 
78165 145 
78166 13 
78208 198 
78238 18 
78241 41 
78532 141 
78543 140 
78729 87 
78735 83 
78790 55 
78814 10 
78906 197 
78916 33 
78934 80 
79080 178 
79339 92 
79428 93 
79573 2019 
79610 880 
79701 68 
79739 4 
79747 10 
79753 187 
79895 104 
79972 96 
80015 105 
80102 66 
80129 39 
80179 293 
80315 6 
80510 56 
80521 48 
80594 0 
80930 26 
80936 292 
81224 271370 
81233 697 
81241 324 
81241 83 
81247 30 
81255 86 
81260 20 
81260 116 
81264 280 
81267 65 
81267 65 
81268 77 
81273 439 
81277 70 
81277 217 
81279 45 
81284 64 
81285 20 
81285 197 
81286 85 
81290 199 
81291 85 
81291 29 
81292 50 
81295 57 
81295 62 
81296 69 
81296 97 
81301 75 
81303 394 
81304 30 
81305 23 
81306 93 
81306 45 
81308 39 
81310 1426 
81310 114 
81315 206 
81317 92 
81318 63 
81321 387 
81323 67 
81323 127 
81324 155 
81327 126 
81333 300 
81335 117 
81336 21 
81339 79 
81344 239 
81344 121 
81344 68 
81344 135 
81346 441 
81349 80 
81350 160 
81350 69 
81351 211 
81354 44 
81360 79 
81364 121 
81368 39 
81368 54 
81369 113 
81376 200 
81380 242 
81381 38 
81388 84 
81394 193 
81395 61 
81398 109 
81404 27 
81408 331 
81410 17 
81410 104 
81413 418 
81414 20 
81416 113 
81419 53 
81426 452 
81428 137 
81428 151 
81432 52 
81434 187 
81440 17 
81459 69 
81469 306 
81475 728 
81477 11 
81486 18 
81489 82 
81496 53 
81500 85 
81500 17 
81513 35 
81516 50 
81517 297 
81519 39 
81527 7 
81562 70 
81568 26 
81574 75 
81586 42 
81588 118 
81591 21 
81595 163 
81608 36 
81613 170 
81624 38 
81648 14 
81652 166 
81667 12 
81670 113 
81689 76 
81699 58 
81720 132 
81732 89 
81732 186 
81733 163 
81742 30 
81753 116 
81768 220 
81774 62 
81777 238 
81790 832 
81794 34 
81804 28 
81811 107 
81816 112 
81817 218 
81818 105 
81831 63 
81839 182 
81847 28 
81855 165 
81857 133 
81861 62 
81909 95 
81961 179 
81968 28 
82001 16 
82033 267 
82037 97 
82070 399 
82075 30 
82126 147 
82128 163 
82141 26 
82148 693 
82226 16 
82253 2866 
82262 96 
82270 12 
82304 62 
82323 7 
82343 91 
82356 56 
82359 3 
82369 88 
82381 46 
82405 31 
82406 15 
82420 94 
82448 55 
82472 444 
82533 175 
82538 589 
82554 47 
82563 2479 
82564 56 
82616 20 
82622 10 
82641 1739 
82669 38 
82679 86 
82694 30 
82730 19 
82738 37 
82754 71 
82769 22 
82779 32 
82797 8 
82876 17 
82915 84 
82952 8 
83026 111 
83043 60 
83068 25 
83099 34 
83141 38 
83162 77 
83281 39 
83291 180 
83320 376 
83323 14 
83368 103 
83371 132 
83378 21 
83412 60 
83466 29 
83489 54 
83500 38 
83520 517 
83545 394 
83631 22 
83663 3 
83681 465 
83688 240 
83789 93 
83823 37 
83875 100 
83879 140 
83884 178 
83916 320 
83940 142 
83984 684 
84051 33 
84051 33 
84058 110 
84058 110 
84077 17 
84077 17 
84132 180 
84252 192 
84320 5 
84370 171 
84415 17 
84428 83 
84508 18 
84515 33 
84581 44 
84697 139 
84719 33 
84726 43 
84808 35 
84871 41 
84890 22 
85044 206 
85113 43 
85171 23 
85354 24 
85520 54 
85688 9 
85733 128 
85734 35 
85873 11 
86046 121 
86131 585 
86204 26 
86280 154 
86307 188 
86467 17 
86488 8 
86497 71 
86528 241 
86587 102 
86629 104 
86645 132 
86783 15 
86785 20 
86800 281 
87012 7 
87276 38 
87424 392 
87494 67 
87497 53 
87572 29 
87726 67 
87769 24 
87969 127 
88368 117 
88528 35 
88568 0 
88585 280 
88679 15 
88822 17 
88848 42 
88858 572 
88888 239 
88988 5 
89026 72 
89297 138 
89470 59 
89482 36 
89515 147 
89747 75 
89801 15 
89803 60 
89979 1419 
90095 114 
90145 109 
90286 560 
90442 242 
90444 51 
90451 129 
90451 48 
90451 83 
90452 362 
90453 33 
90453 227 
90453 35 
90454 125 
90455 215 
90455 397 
90461 76 
90461 108 
90461 348 
90465 89 
90465 26 
90465 44 
90466 110 
90467 77 
90468 448 
90472 13 
90473 240 
90473 150 
90474 67 
90478 124 
90479 854 
90479 16 
90481 92 
90482 159 
90483 270 
90483 93 
90485 265 
90487 127 
90489 27 
90490 362 
90492 63 
90495 65 
90496 93 
90496 187 
90497 188 
90498 37 
90500 495 
90500 197 
90500 113 
90503 100 
90504 224 
90505 16 
90510 227 
90511 50 
90513 28 
90515 129 
90517 44 
90522 48 
90522 142 
90529 61 
90531 805 
90532 65 
90532 87 
90540 540 
90541 272 
90543 4 
90544 65 
90545 27 
90547 13 
90549 80 
90550 137 
90560 97 
90560 102 
90565 68 
90567 212 
90567 7 
90567 121 
90569 146 
90574 96 
90577 134 
90582 44 
90583 4 
90586 82 
90586 56 
90593 206 
90594 75 
90597 231 
90607 68 
90607 130 
90608 30 
90625 7 
90629 228 
90630 210500 
90646 60 
90648 29 
90657 393 
90660 26 
90660 141 
90660 212 
90664 82 
90665 51 
90671 138 
90673 58 
90674 54 
90677 34 
90681 1848 
90682 201 
90682 20 
90686 14 
90686 186 
90687 105 
90688 714 
90690 34 
90692 133 
90694 72 
90698 90 
90705 90 
90706 81 
90710 106 
90711 14 
90714 68 
90716 361 
90717 121 
90718 100 
90723 98 
90725 94 
90737 150 
90739 47 
90743 57 
90747 36 
90749 548 
90750 21 
90750 86 
90759 263 
90759 47 
90763 40 
90768 45 
90770 128 
90771 53 
90773 196 
90776 49 
90778 156 
90788 47 
90789 165 
90792 98 
90794 42 
90796 74 
90816 48 
90825 223 
90828 17 
90831 88 
90832 46 
90842 14 
90843 74 
90847 54 
90853 86 
90858 127 
90874 75 
90875 89 
90878 93 
90889 182 
90893 208 
90898 18 
90903 8 
90923 95 
90924 63 
90943 98 
90951 49 
90983 130 
90989 95 
90995 657 
91010 378 
91032 2193 
91033 109 
91034 44 
91044 77 
91060 665 
91075 165 
91092 20 
91114 110 
91115 329 
91125 57 
91128 173 
91152 61 
91164 78 
91167 158 
91180 4 
91187 214 
91271 36 
91278 51 
91280 80 
91283 123 
91295 71 
91300 82 
91301 356 
91316 126 
91317 2 
91321 108 
91340 26 
91396 188 
91423 56 
91443 69 
91446 254 
91490 285 
91530 43 
91540 55 
91540 13 
91552 166 
91552 156 
91665 142 
91772 49 
91793 90 
91807 103 
91857 58 
91861 6 
91871 199 
91905 56 
91987 34 
91992 125 
92028 103 
92034 81 
92073 100 
92137 7 
92158 377 
92231 121 
92239 281 
92270 58 
92302 7 
92327 3 
92335 44 
92345 267 
92421 17 
92422 24 
92435 30 
92479 36 
92527 55 
92617 18 
92661 27 
92699 31 
92802 0 
92861 39 
93017 20 
93071 226 
93143 90 
93226 67 
93237 31 
93280 3 
93393 26 
93537 56 
93629 91 
93731 232 
93783 123 
93800 19 
94255 66 
94332 99 
94521 65 
94586 29 
94591 26 
94632 136 
94759 69 
94761 34 
94794 25 
94808 4 
94965 154 
95040 89 
95334 20 
95892 10 
95926 141 
95929 64 
96120 126 
96175 32 
96241 11 
96284 33 
96429 16 
96456 60 
96570 30 
96591 24 
96740 16 
96745 42 
97234 137 
97244 156 
97369 81 
97887 21 
98551 9 
98691 108 
98730 235 
98745 516 
98776 1098 
98964 163 
98985 250 
99069 22 
99525 51 
99631 54 
99837 324 
99900 184 
100147 32 
100445 28 
100826 2437 
101003 295 
102030 30 
102393 14 
102621 110 
102832 25 
102971 2 
103285 279 
103472 0 
104126 14 
104127 174 
104283 47 
104703 34 
104898 63 
105062 14 
105207 21 
106309 9 
106625 76 
107593 83 
107892 6 
108453 21 
108557 14 
109698 272 
110759 370 
110885 15 
111619 60 
114669 9 
115213 55 
117768 3 
120112 40 
121361 402 
123015 69 
126032 11 
130241 13 
131016 93 
131212 183 
131276 11 
132196 42 
132553 61 
133418 8 
133895 5 
135204 41 
137315 1749 
137601 61 
137728 5 
137839 5 
137858 184 
137939 104 
138085 646 
138135 61 
138153 144 
138342 86 
138480 6 
138548 149 
138586 28 
138684 5 
138684 45 
138818 296 
138862 88 
139907 225 
140672 48 
140844 34 
143571 65 
143941 66 
144443 37 
144579 37 
145207 641 
145577 123 
145893 89 
146580 211 
147865 50 
147878 199 
147951 42 
147952 29 
148176 76 
148687 52 
148700 52 
148923 604 
149317 19 
149341 10 
150286 27 
150943 13 
150963 48 
151096 450 
151130 10 
151865 3 
152118 128 
152153 4 
152159 27 
152538 313 
152557 35 
152627 32 
153105 21 
153606 149 
153668 270 
153740 753 
153841 21 
154105 28 
154144 24 
154584 78 
154680 19 
154837 1585 
154872 1203 
155287 45 
155391 224 
155455 48 
156041 62 
156081 38 
156777 162 
156985 19 
157516 143 
157806 72 
157961 17 
158058 692 
158121 17 
158723 97 
159147 3 
159363 29 
160757 2 
161494 588 
161982 309 
162063 21 
162139 89 
162578 242 
162854 106 
162933 53 
163068 84 
163273 32 
163293 23 
163314 251 
163449 33 
163652 55 
163828 84 
164455 30 
164816 42 
165721 36 
165847 39 
165937 48 
165942 59 
167161 496 
167573 54 
167852 126 
167888 21 
168869 14 
169008 21 
169425 42 
169505 797 
169821 95 
169834 144 
169867 556 
170113 313 
170124 219 
170137 81 
170174 447 
170233 85 
170581 42 
170931 17 
171517 78 
171721 369 
171859 11 
172157 473 
172269 105 
172282 47 
172417 569 
172428 199 
172467 297 
172475 195 
172513 120 
172516 364 
172527 16 
172634 493 
172951 240 
172977 28 
173309 54 
173358 45 
173363 119 
173438 246 
173509 150 
173783 7 
173882 111 
174144 27 
174216 860 
174352 56 
174386 318 
174427 46 
174445 433 
174598 56 
174620 73 
174741 52 
175163 47 
175181 28 
175211 105 
175313 56 
175712 126 
176512 56 
176532 85 
176604 0 
176617 104 
176852 380 
176857 174 
176944 93 
176975 91 
177239 24 
177255 76 
177417 32 
177955 140 
178281 103 
178292 60 
178331 2 
178358 35 
179008 29 
179103 69 
179117 22 
179131 72 
179146 739 
179451 211 
179500 30 
179530 216 
179537 252 
179567 19 
179595 28 
179679 144 
179766 100 
180033 38 
180070 234 
180205 221 
180724 407 
180772 114 
181771 154 
182585 87 
182607 50 
182880 53 
183051 31 
184304 14 
185419 6 
185580 38 
186416 15 
186438 55 
186556 140 
188104 27 
189962 35 
190708 427 
190824 30 
191007 60 
191597 44 
192683 79 
192751 8 
193377 37 
194935 643 
195711 290 
195939 30 
196603 241 
197252 5 
200688 1113 
202989 5 
204860 13 
214230 568 
217024 29 
221387 551 
221714 83 
222378 93 
222688 380 
223164 50 
225227 127 
226076 14 
226141 10 
226628 1332 
228139 56 
229444 31 
230756 143 
230842 49 
230977 221 
231016 171 
231756 79 
233386 1343 
233567 79 
233606 77 
233678 190 
233736 47 
233929 9 
233986 61 
234073 48 
234092 57 
234214 252 
234215 119 
234481 262 
234810 172 
235290 27 
235972 32 
237281 70 
237590 116 
237643 10 
237742 56 
237886 35 
237988 12 
238182 34 
238279 96 
238288 66 
238545 15 
238597 8 
238752 39 
238801 16 
239027 353 
239480 100 
239676 46 
240117 67 
240243 89 
240473 90 
240552 158 
240759 34 
240861 9 
241138 38 
241388 147 
241566 930 
241567 317 
241611 209 
241765 141 
242129 939 
243322 4 
244276 80 
244400 22 
244803 120 
245720 23 
245760 375 
246574 42 
247256 7 
248641 17 
248648 99 
249405 225 
249692 14 
249698 76 
249731 26 
249731 26 
249833 55 
250158 67 
250220 79 
250586 20 
250669 50 
250705 23 
250847 22 
250857 172 
251551 111 
251568 486 
251583 450 
251666 59 
251669 305 
252077 75 
252100 38 
252293 40 
252294 44 
252296 757 
252300 106 
252301 68 
252303 260 
252305 151 
252307 218 
252310 398 
252310 97 
252310 47 
252314 228 
252316 168 
252319 734 
252319 286 
252327 91 
252328 74 
252328 35 
252332 215 
252333 74 
252333 236 
252337 193 
252341 69 
252344 9 
252345 203 
252345 146 
252347 99 
252352 22 
252355 219 
252357 115 
252357 967 
252359 178 
252360 499 
252361 61 
252362 197 
252362 15 
252363 83 
252363 57 
252369 355 
252370 224 
252373 516 
252375 980 
252379 95 
252382 139 
252389 54 
252389 106 
252392 78 
252396 205 
252397 86 
252405 377 
252405 250 
252405 142 
252406 175 
252409 50 
252410 87 
252411 147 
252416 28 
252421 124 
252429 113 
252433 395 
252433 174 
252434 143 
252435 70 
252435 152 
252436 210 
252442 141 
252443 97 
252446 212 
252468 10 
252477 209 
252477 50 
252481 110 
252484 75 
252496 118 
252509 616 
252515 79 
252522 60 
252523 165 
252540 37 
252540 77 
252540 49 
252540 121 
252559 76 
252560 498 
252582 48 
252583 334 
252585 155 
252595 24 
252598 114 
252598 359 
252605 80 
252616 15 
252616 203 
252628 168 
252652 134 
252661 27 
252668 6 
252675 313 
252680 125 
252683 40 
252690 870 
252693 680 
252747 12 
252765 27 
252767 77 
252794 31 
252798 170 
252812 75 
252851 12 
252875 110 
252877 35 
252883 62 
252885 11956 
252926 264 
252935 893 
252948 60 
252955 162 
252956 42 
252956 908 
252972 125 
252988 267 
252994 8 
253005 24 
253009 206 
253031 106 
253033 50 
253065 35 
253076 34 
253079 11 
253085 146 
253097 241 
253135 90 
253138 106 
253150 52 
253162 53 
253195 56 
253234 117 
253297 24 
253321 131 
253376 457 
253386 106 
253446 2 
253533 40 
253542 43 
253546 80 
253580 44 
253597 451 
253688 71 
253726 88 
253773 448 
253798 7 
253806 76 
253810 188 
253814 63 
253886 88 
253907 28 
253955 179 
253992 23 
254034 70 
254072 125 
254096 66 
254135 7 
254145 8 
254178 58 
254197 27 
254197 32 
254270 103 
254276 50 
254324 30 
254393 149 
254476 22 
254529 74 
254586 26 
254710 11 
254850 345 
254859 37 
254945 89 
254958 163 
255057 23 
255183 15 
255605 74 
255700 5 
255713 108 
255718 26 
255783 38 
255828 137 
255830 178 
255916 10 
255934 58 
256065 31 
256086 20 
256156 12 
256195 24 
256361 291 
256817 71 
257185 227 
257385 97 
257410 12 
257462 198 
257467 66 
257609 98 
257609 56 
257861 54 
257869 120 
257914 149 
257916 89 
258029 4258 
258181 124 
258224 89 
258312 35 
258476 222 
258610 38 
258845 3 
259033 38 
259338 40 
259495 38 
259838 50 
260504 254 
260613 337 
260622 403 
260692 125 
260778 848 
260874 351 
261174 31 
261701 58 
261848 56 
261995 115 
262003 16 
262093 119 
262120 42 
262229 134 
264101 124 
264233 74 
264365 38 
264527 80 
264553 84 
264572 159 
264733 29 
264999 235 
265032 273 
265267 137 
265914 10 
266046 26 
266183 18 
266390 12 
266749 4 
267175 704 
267205 523 
267515 32 
267676 11 
267828 500 
268072 17 
268316 166 
269030 64 
269344 84 
270350 6 
270753 9 
271273 85 
271594 15 
271635 17 
272331 42 
273213 4 
273365 256 
273563 21 
274157 113 
274499 60 
275520 3 
275981 16 
276509 15122 
276526 104 
276877 18 
277074 273 
279186 47 
281717 45 
283804 15 
287728 25 
292343 50 
301571 47 
307256 42 
309750 31 
311518 34 
312717 32 
315304 37 
317090 254 
318051 139 
318399 71 
318954 142 
319096 361 
319098 40 
319561 17 
319562 34 
320352 5 
320467 503 
320531 14 
320566 2 
320664 12 
320727 26 
323219 85 
324523 49 
325318 41 
326706 86 
326762 421 
326897 164 
328005 62 
328480 146 
329139 137 
329714 31 
329912 266 
331134 54 
331384 71 
332051 57 
336060 40 
336237 260 
336352 150 
336912 111 
337332 109 
338730 19 
341701 870 
342385 65 
342713 1901 
343664 90 
343686 834 
343876 207 
344621 198 
344682 114 
346771 218 
346966 140 
347951 8 
348234 11 
351432 70 
351484 70 
352442 22 
352714 96 
353406 74 
356828 288 
358412 43 
358914 44 
359011 170 
361112 83 
362802 41 
363568 46 
366001 68 
366020 960 
366204 166 
366249 61 
368838 47 
369459 5 
370054 37 
371412 5 
373076 18 
374450 54 
375779 130 
395999 509 
396538 196 
397728 1 
398297 160 
399216 92 
400398 84 
400826 30 
401747 8 
404997 63 
406419 18 
408574 328 
411584 11 
413840 10 
414087 10 
415638 174 
416327 934 
418835 56 
420287 70 
420732 44 
420987 109 
421386 4 
424313 45 
424349 20 
425216 24 
426736 176 
427066 10 
427495 360 
427683 654 
428238 43 
428465 3 
442825 47 
445169 209 
445229 837 
445850 58 
447100 63 
448602 11 
451225 42 
451599 8 
452071 25 
453308 18 
461288 60 
478579 59 
484778 84547 
484811 322 
484986 129 
485308 22 
485438 97 
485649 26 
486847 31 
487296 32 
490584 10 
492872 35 
493016 169 
493192 17 
496064 176 
496278 144 
498262 27 
498827 29 
501812 22 
503122 3 
506503 214 
506853 49 
508053 288 
508210 190 
508927 179 
508965 248 
509936 35 
510090 56 
510233 112 
510478 48 
510873 58 
510922 22 
511232 38 
513935 39 
514109 526 
514209 33 
514925 15 
517054 19 
517312 150 
517971 68 
518130 27 
520507 86 
520882 66 
521406 44 
521571 26 
521784 53 
521844 385 
521982 77 
522022 49 
522095 80 
522507 50 
522873 98 
523278 27 
523442 292 
523498 18 
523629 3094 
523777 72 
524392 96 
524421 34 
524581 38 
525135 107 
525166 70 
525379 1 
525864 127 
525897 1356 
525904 35 
525924 534 
525929 1094 
527322 49 
527946 64 
527990 126 
528030 17 
528094 29 
528797 18 
528917 133 
528984 147 
529244 198 
529258 394 
529389 62 
530074 14 
530268 76 
530300 5 
531689 1 
531961 118 
534678 39 
537398 11 
538027 19 
538322 100 
538573 51 
540254 226 
541765 3 
542246 9 
543316 63 
544291 167 
544815 93 
546622 15 
550967 22 
551224 54 
551385 12 
552364 25 
565115 22 
565233 241 
565309 640 
567719 221 
568720 35 
570384 56 
570510 30 
571661 46 
572952 40 
573110 51 
574681 293 
574698 91 
574733 26 
575435 243 
575762 92 
576189 70 
577243 56 
577653 23 
577786 143 
578659 929 
579313 38 
579555 21 
579908 89 
580576 22 
580733 160 
581077 86 
581766 299 
581775 159 
582147 58 
582269 50 
583661 79 
583882 178 
584225 34 
584567 68 
585138 85 
585206 212 
585591 309 
585795 150 
585875 140 
586090 190 
586095 153 
586319 44 
586770 201 
587868 4 
588802 33 
594375 110 
595473 54 
595507 40 
595625 56 
595666 734 
599988 59 
601032 135 
602745 21 
603030 337 
