2773 7.15769675926
0 2256422 
14 386 
19 81 
19 1076 
21 3632 
22 519 
25 17971 
25 1632 
25 20047 
25 3836 
26 106 
27 2885 
28 1214 
32 1445 
33 1164 
35 77 
35 269 
37 2844 
38 416 
40 127 
40 429 
41 319 
44 80 
45 295 
46 725 
46 177 
48 81 
49 556 
50 53 
50 176 
50 1534 
52 242 
52 176 
53 129 
53 3898 
54 650 
54 1142 
57 144 
57 667 
58 4750 
58 778 
59 125 
59 213 
60 177 
62 303 
62 173 
62 572 
62 4917 
63 51 
65 407 
65 1609 
66 103 
67 130 
67 440 
68 2016 
69 106 
70 41 
72 268 
73 3939 
73 7782 
73 370 
74 1725 
74 440 
75 1052 
76 327 
76 122 
77 459 
77 200 
78 78 
79 179 
81 219 
81 1627 
85 129 
87 117 
87 261 
88 505 
88 315 
89 2000 
90 339 
90 1267 
90 1377 
90 12308 
92 501 
94 389 
95 356 
96 67 
96 1101 
97 87 
98 172 
98 123 
99 1284 
101 34 
101 2285 
101 563 
104 351 
105 185 
106 49 
106 232 
107 227 
113 341 
113 155 
115 499 
116 1474 
118 101 
122 14589 
125 141 
128 96 
128 551 
128 193 
131 713 
133 205 
133 2915 
134 49 
142 150 
143 175 
147 4029 
147 272 
148 57 
149 69 
153 1491 
155 317 
156 410 
159 148 
163 2762 
176 693 
190 2082 
192 264 
193 1665 
193 1590 
199 61 
199 133 
199 1276 
201 772 
204 280 
206 402 
209 194 
211 304 
216 250 
218 59 
226 2089 
233 5270 
234 3506 
234 308 
239 456 
253 3517 
256 2423 
260 1539 
262 128 
266 3211 
267 2109 
267 479 
287 576 
289 1166 
313 30 
333 161 
339 342 
355 22 
359 503 
362 459 
363 217 
367 1192 
370 205 
380 6978 
385 775 
386 89 
392 507 
402 300 
402 199 
416 64 
433 729 
436 932 
453 562 
464 743 
477 1316 
490 469 
493 962 
508 220 
512 1174 
525 88 
526 885 
529 2718 
551 438 
563 220 
564 235 
587 5156 
593 1176 
615 428 
621 427 
630 1557 
655 286 
698 841 
720 1340 
737 161 
738 65 
740 3161 
758 501 
1167 3758 
1169 682 
1171 169 
1174 1035 
1209 353 
1239 194 
1246 269 
1265 973 
1295 2811 
1298 1658 
1309 3854 
1323 552 
1326 24 
1327 573 
1367 58 
1403 355 
1431 16 
1457 1869 
1465 149 
1490 603 
1546 129 
1580 2864 
1597 29301 
1606 1271 
1632 468 
1638 417 
1642 619 
1662 174 
1664 2240 
1702 285 
1745 817 
1753 230 
1771 105 
1776 3275 
1808 87 
1813 405 
1818 1117 
1821 306 
1831 14781 
1832 925 
1833 2088 
1843 40 
1898 244 
1933 42716 
1950 299 
1972 707 
1979 550 
1984 173 
2001 2500 
2047 352 
2055 6088 
2086 468 
2097 95 
2133 240 
2135 9749 
2161 340 
2187 679 
2251 151 
2251 3656 
2314 1029 
2447 627 
2523 395 
2569 1612 
2569 232 
2571 151 
2680 635 
2709 7019 
2709 46 
2736 3586 
2768 31 
2778 3363 
2821 177 
2925 113 
2964 44 
3016 404 
3054 105 
3091 514 
3208 1538 
3228 1147 
3530 1590 
3537 2120 
3651 245 
3675 1976 
3778 773 
3919 160 
4001 18 
4044 536 
4049 368 
4092 78 
4225 1480 
4228 269 
4238 6980 
4266 17 
4269 370 
4287 6980 
4378 18 
4675 2 
4751 4541 
4871 501 
4984 248 
5339 57 
5950 289 
6102 873 
6117 316 
6144 921 
6172 4722 
6269 95 
6381 1369 
6520 1922 
7323 120 
7362 2151 
7523 4306 
7546 1859 
8632 420 
8678 120 
8747 401 
9268 966 
9904 296 
9960 19487 
10145 1033 
10279 3176 
10635 369 
11489 695 
11547 72 
11961 221 
13387 217 
16162 522 
17100 263 
17659 552 
17799 11141 
17924 404 
18079 3615 
18229 155 
18335 9545 
18700 604 
18901 349 
18933 295 
19041 459 
19267 192 
19511 1036 
19828 181 
19968 402 
20102 293 
20159 29 
20247 1344 
20256 2926 
20449 190 
20531 113 
20663 1235 
20720 4630 
21429 2486 
21504 651 
21599 212 
21614 766 
21710 497 
21747 324 
21826 534 
22022 2742 
22057 977 
22436 138 
22515 132 
22601 783 
22661 2574 
22729 1728 
22749 2475 
22822 101 
22827 144 
22841 426 
22960 635 
23186 1409 
23418 106 
23503 2070 
23505 3444 
23671 1440 
23777 1842 
23818 463 
23863 786 
23915 10339 
23943 568 
23951 52 
23951 94 
24005 153 
24026 183 
24060 812 
24168 67 
24217 227 
24242 440 
24252 4792 
24303 640 
24320 358 
24479 280 
24629 6028 
24696 516 
24885 694 
24886 5821 
24961 231 
25118 596 
25155 1112 
25168 1053 
25251 505 
25405 126 
25426 126 
25530 3441 
25576 354 
25582 4465 
25607 2262 
25675 1731 
25721 3882 
25742 2822 
25865 1482 
26032 2067 
26119 4657 
26224 456 
26448 1955 
26496 1492 
26548 1025 
26640 1025 
26656 3102 
26664 185 
26675 1938 
26814 71 
26856 773 
26872 283 
26888 5270 
26889 4695 
26902 717 
26978 2857 
27060 108 
27102 265 
27113 352 
27114 167 
27237 206 
27252 1939 
27280 828 
27303 1477 
27335 7073 
27444 2309 
27488 445 
27502 1031 
27545 5579 
27559 748 
27570 188 
27574 218 
27580 880 
27591 627 
27668 231 
27680 115 
27723 1369 
27794 4008 
27827 368 
27847 16946 
27885 18 
27993 1207 
27999 145 
28041 459 
28189 1195 
28262 600 
28265 457 
28273 8843 
28295 2689 
28314 403 
28318 344 
28340 863 
28347 751 
28432 321 
28522 322 
28523 166 
28552 663 
28560 2218 
28633 358 
28688 13 
28713 1837 
28780 12165 
28783 136 
28830 895 
28832 2147 
28846 471 
28880 3 
28883 578 
28915 277 
28935 12701 
28942 121 
28943 2334 
29027 241 
29088 28 
29168 358 
29200 100 
29326 294 
29343 4277 
29364 327 
29370 381 
29389 496 
29431 1785 
29442 1240 
29452 2949 
29462 2204 
29544 1670 
29564 1946 
29590 85 
29602 380 
29670 854 
29681 187 
29720 96 
29744 857 
29964 1122 
29971 733 
29975 1102 
29987 345 
30027 152 
30152 448 
30180 307 
30273 346 
30339 182 
30352 101 
30357 317 
30400 794 
30457 1927 
30459 519 
30486 878 
30625 163 
30825 283 
30934 1096 
30942 48 
30942 48 
30960 1623 
30975 1794 
31095 263 
31156 11091 
31209 696 
31263 963 
31269 256 
31280 4122 
31350 1057 
31358 77 
31433 126 
31911 156 
31981 2282 
32054 1368 
32097 261 
32106 1226 
32115 515 
32163 337 
32187 213 
32196 224 
32255 545 
32259 40 
32293 276 
32327 3505 
32345 234 
32350 545 
32379 1249 
32456 387 
32574 3425 
32642 133 
32671 682 
32704 196 
32705 334 
32709 1396 
32743 265 
32749 1619 
32823 2425 
32833 35 
32872 304 
32898 260 
32917 1008 
32947 474 
32970 1426 
33007 840 
33085 445 
33163 145 
33168 2116 
33178 2325 
33233 1206 
33307 654 
33670 8 
33713 3485 
33718 1283 
33741 546 
33794 139 
33890 1865 
33905 2188 
33984 173 
33990 312 
34032 164 
34043 479 
34047 849 
34058 4734 
34106 1953 
34111 129 
34112 1338 
34161 160 
34204 229 
34255 418 
34271 1684 
34286 553 
34320 1863 
34330 1524 
34331 565 
34364 513 
34393 11 
34488 514 
34499 3660 
34511 645 
34536 2139 
34574 3316 
34629 184 
34631 2342 
34650 1675 
34659 371 
34678 699 
34755 565 
34766 12418 
34785 293 
34827 36 
34853 759 
34885 8623 
34902 1242 
34986 166 
35018 270 
35031 1802 
35043 726 
35080 1496 
35084 2087 
35084 205 
35088 1112 
35105 896 
35107 523 
35157 263 
35166 151 
35189 4466 
35205 330 
35229 227 
35230 925 
35247 583 
35270 11159 
35277 297 
35280 500 
35320 118 
35329 125 
35358 472 
35366 2068 
35383 2644 
35388 532 
35486 1498 
35486 180 
35495 1870 
35500 2649 
35519 580 
35527 1006 
35531 192 
35541 1283 
35551 60 
35554 270 
35585 565 
35603 3506 
35632 148 
35643 139 
35643 418 
35690 1956 
35691 988 
35693 331 
35725 1089 
35736 1165 
35779 2319 
35787 41 
35787 592 
35788 498 
35793 8140 
35797 367 
35798 392 
35806 83 
35822 374 
35851 2867 
35894 162 
35898 443 
35898 6281 
35918 3057 
35919 1733 
35919 899 
35927 202 
35935 1390 
35937 185 
35938 455 
35957 582 
35957 644 
35971 2793 
35979 546 
35987 1617 
36041 45 
36049 443 
36060 365 
36073 344 
36097 969 
36155 178 
36217 162 
36221 265 
36264 571 
36267 528 
36315 3540 
36331 2632 
36340 1762 
36344 5137 
36367 179 
36401 298 
36449 573 
36459 6718 
36524 208 
36535 4241 
36536 1670 
36543 187 
36558 1883 
36585 126 
36608 1413 
36634 474 
36636 231 
36679 39 
36709 247 
36742 928 
36750 114 
36822 213 
36826 1 
36867 510 
36891 3330 
36928 736 
36950 550 
36975 128 
37021 265 
37046 272 
37085 1503 
37095 169 
37106 62 
37141 1597 
37159 9719 
37190 495 
37245 11810 
37268 188 
37291 3963 
37294 151 
37306 48 
37308 132 
37312 62 
37336 466 
37350 441 
37356 224 
37367 1771 
37367 1178 
37387 778 
37408 4117 
37476 404 
37513 454 
37528 1088 
37552 1862 
37562 749 
37587 40 
37612 1254 
37617 248 
37639 737 
37700 233 
37728 2539 
37739 709 
37748 510 
37749 2618 
37754 3204 
37784 241 
37793 491 
37812 275 
37854 281 
37857 22 
37858 13 
37897 201 
37918 56 
37931 131 
37942 1799 
37947 401 
37969 6943 
37983 241 
37986 242 
38014 765 
38019 176 
38027 5488 
38035 4118 
38048 6166 
38052 9158 
38063 579 
38121 774 
38145 1660 
38211 370 
38227 781 
38227 652 
38233 665 
38256 193 
38268 1753 
38297 838 
38297 1244 
38309 466 
38314 5036 
38352 4480 
38365 397 
38370 272 
38415 356 
38418 40 
38420 920 
38437 154 
38458 1181 
38499 2474 
38507 198 
38577 261 
38602 556 
38612 2747 
38621 74 
38639 634 
38646 745 
38653 186 
38712 825 
38752 274 
38755 115 
38797 141 
38828 218 
38849 5 
38898 810 
38939 4463 
38943 207 
38952 413 
38964 175 
38987 333 
39001 105 
39027 195 
39078 2937 
39087 118 
39183 0 
39185 723 
39200 284 
39237 344 
39257 536 
39259 928 
39294 140 
39328 1434 
39361 1184 
39414 132 
39417 418 
39420 1359 
39496 306 
39545 1545 
39560 37 
39561 267 
39617 57 
39624 5257 
39624 99 
39649 193 
39677 1233 
39701 102 
39790 114 
39857 2000 
39900 118 
39932 6404 
39946 434 
39973 1856 
39997 2622 
40028 17419 
40058 245 
40059 341 
40084 84 
40085 1737 
40091 310 
40096 144 
40106 507 
40121 1125 
40128 4996 
40150 199 
40163 645 
40175 90 
40178 296 
40188 777 
40219 985 
40232 5489 
40242 2222 
40290 205 
40294 834 
40296 343 
40305 1050 
40316 745 
40332 43 
40333 693 
40393 1267 
40396 5089 
40408 59 
40425 2646 
40426 194 
40440 1825 
40464 571 
40520 183 
40520 77 
40565 90 
40583 17494 
40595 356 
40628 886 
40633 528 
40666 198 
40679 208 
40687 121 
40689 440 
40723 390 
40735 1491 
40747 3901 
40786 2167 
40788 30 
40814 161 
40820 217 
40839 79 
40843 223 
40888 978 
40940 284 
40950 370 
40959 460 
40987 1387 
41029 1715 
41051 2864 
41116 4086 
41190 760 
41221 554 
41245 943 
41257 54 
41305 485 
41316 68 
41318 27 
41401 1768 
41480 318 
41491 1411 
41504 428 
41504 174 
41507 911 
41517 864 
41526 304 
41532 416 
41579 305 
41579 1123 
41599 380 
41626 330 
41637 1146 
41683 1328 
41702 6 
41715 124 
41738 1538 
41783 1239 
41822 82 
41857 103 
41887 135 
41894 238 
41901 191 
41918 89 
41963 1441 
42006 5166 
42010 113 
42013 201 
42016 579 
42020 1435 
42038 2071 
42046 166 
42058 324 
42069 252 
42081 4565 
42089 1561 
42094 224 
42145 225 
42191 344 
42203 572 
42238 1132 
42284 5762 
42284 185 
42316 2205 
42338 159 
42340 6098 
42340 5722 
42340 629 
42341 360 
42378 174 
42388 170 
42405 122 
42425 892 
42442 950 
42455 28 
42520 941 
42528 761 
42533 214 
42547 1870 
42559 3625 
42564 2216 
42575 435 
42577 1833 
42606 251 
42608 274 
42632 321 
42635 247 
42659 2405 
42667 1866 
42683 4878 
42683 2124 
42691 330 
42709 2706 
42713 1258 
42733 3711 
42737 452 
42757 218 
42758 597 
42766 33 
42781 600 
42812 673 
42817 1484 
42828 3704 
42859 155 
42870 5567 
42893 6755 
42910 718 
42920 1293 
42923 90 
42925 693 
42935 1405 
42955 8692 
42959 304 
42989 1069 
42991 108 
43002 62 
43031 810 
43067 152 
43073 282 
43076 362 
43087 879 
43103 454 
43110 119 
43125 110 
43136 136 
43172 2242 
43253 1345 
43260 2564 
43262 751 
43271 265 
43271 265 
43301 2022 
43301 2022 
43302 629 
43302 629 
43314 122 
43314 122 
43316 306 
43328 3544 
43342 291 
43358 3374 
43374 27 
43419 6 
43425 86 
43445 32 
43499 1180 
43513 11978 
43516 5373 
43517 48 
43543 136 
43554 1997 
43566 2125 
43586 200 
43586 521 
43598 1473 
43608 1317 
43617 858 
43621 237 
43629 1933 
43631 332 
43644 730 
43645 91 
43646 2965 
43668 242 
43707 6596 
43716 2352 
43719 2011 
43721 487 
43744 1172 
43744 205 
43750 1748 
43760 875 
43763 319 
43788 153 
43812 144 
43875 2755 
43904 165 
43914 322 
43936 174 
44003 303 
44014 57 
44112 97 
44119 2869 
44130 361 
44155 696 
44159 420 
44160 960 
44172 152 
44194 50 
44243 1855 
44250 2113 
44262 27 
44279 217 
44280 290 
44303 1950 
44316 2663 
44334 51 
44340 2609 
44348 3835 
44356 1569 
44368 6419 
44375 5752 
44378 153 
44396 100 
44398 1012 
44410 4231 
44413 57 
44444 222 
44463 853 
44471 1048 
44488 311 
44488 156 
44489 1847 
44491 836 
44517 257 
44517 2721 
44558 232 
44570 183 
44596 249 
44612 674 
44643 204 
44645 167 
44651 51 
44683 512 
44697 236 
44770 3404 
44811 167 
44822 396 
44827 394 
44835 14 
44846 1268 
44852 1741 
44872 327 
44882 2030 
44903 288 
44906 406 
44927 1842 
44950 2818 
44954 1529 
44962 459 
44969 484 
44974 226 
44984 515 
44989 43 
45004 597 
45039 533 
45051 664 
45085 103 
45098 650 
45103 224 
45124 625 
45139 1964 
45154 156 
45216 677 
45276 3134 
45300 303 
45325 362 
45337 2242 
45384 155 
45409 547 
45442 1195 
45452 135 
45471 662 
45477 451 
45492 1538 
45495 159 
45497 857 
45514 356 
45525 1709 
45548 691 
45558 736 
45593 1957 
45595 2829 
45605 641 
45627 103 
45684 133 
45761 5 
45798 2057 
45805 350 
45840 225 
45859 58 
45920 129 
45936 167 
45974 1237 
45975 336 
46032 193 
46033 72 
46072 625 
46075 119 
46119 567 
46125 86 
46143 6267 
46155 108 
46166 505 
46174 2728 
46177 1378 
46188 2268 
46191 246 
46215 986 
46226 470 
46238 3437 
46247 221 
46257 403 
46272 80 
46274 2597 
46280 1086 
46282 356 
46295 5313 
46328 1291 
46329 1166 
46339 947 
46350 255 
46354 517 
46396 126 
46401 197 
46404 87 
46416 0 
46434 315 
46435 2326 
46447 460 
46454 2900 
46468 281 
46485 178 
46494 163 
46504 443 
46510 3758 
46553 208 
46556 146 
46561 61 
46572 1244 
46573 1510 
46587 449 
46600 800 
46607 656 
46613 638 
46621 145 
46627 515 
46664 2723 
46675 158 
46676 326 
46682 215 
46686 1041 
46689 279 
46703 174 
46740 1438 
46740 1285 
46748 865 
46752 326 
46801 116 
46803 1827 
46817 2930 
46863 595 
46901 278 
46918 922 
46924 159 
46938 12 
46955 376 
46960 734 
46970 311 
47007 1883 
47008 279 
47019 1471 
47051 7389 
47091 399 
47108 75 
47111 838 
47132 471 
47169 881 
47176 1563 
47187 167 
47209 529 
47223 326 
47236 1214 
47258 55 
47313 149 
47339 48 
47351 1953 
47361 4731 
47367 374 
47394 9148 
47402 2022 
47408 358 
47415 1319 
47423 365 
47448 922 
47522 328 
47545 812 
47580 677 
47589 198 
47596 936 
47599 183 
47646 215 
47654 47 
47689 153 
47717 3164 
47812 2401 
47857 1101 
47864 151 
47874 66 
47887 418 
47943 307 
47978 360 
47987 321 
48071 2592 
48141 251 
48150 177 
48207 1451 
48207 356 
48211 310 
48220 338 
48240 436 
48264 3185 
48267 49 
48302 426 
48368 371 
48370 1010 
48387 1484 
48411 211 
48466 234 
48478 290 
48547 414 
48586 85 
48600 177 
48618 311 
48623 379 
48682 626 
48697 1114 
48723 142 
48768 1565 
48797 586 
48816 197 
48824 141 
48843 195 
48903 1865 
48919 104 
48952 163 
48975 538 
49080 141 
49091 216 
49133 30 
49143 3489 
49157 755 
49194 95 
49204 294 
49229 20529 
49234 1577 
49241 3176 
49269 1564 
49271 198 
49396 2641 
49410 240 
49421 12 
49472 1816 
49516 1475 
49560 2053 
49565 3250 
49596 148 
49611 1631 
49652 186 
49660 287 
49749 100 
49788 485 
49795 1542 
49835 868 
49882 310 
49893 914 
49900 839 
49917 313 
49932 2454 
49936 88 
49945 1206 
49998 233 
50022 5165 
50054 2380 
50058 10967 
50141 6211 
50153 202 
50183 46 
50259 56 
50265 110 
50306 2167 
50352 452 
50387 2416 
50422 330 
50476 381 
50551 659 
50606 78 
50723 2960 
50732 1232 
50789 2184 
50810 245 
50851 368 
50860 96 
50887 272 
50899 1517 
50932 709 
51031 194 
51031 3231 
51037 60 
51054 1161 
51086 17 
51110 5286 
51159 2763 
51175 109 
51200 1249 
51244 139 
51271 6324 
51288 194 
51307 782 
51320 1259 
51327 1075 
51384 119 
51475 29 
51477 288 
51510 104 
51520 366 
51528 810 
51565 630 
51681 82 
51695 602 
51735 224 
51747 304 
51755 229 
51838 576 
51865 50 
51892 7381 
51908 3372 
51912 374 
51945 1425 
51967 1713 
51968 101 
51984 2830 
52048 1937 
52055 283 
52082 303 
52124 2960 
52125 205 
52128 964 
52168 719 
52169 157 
52223 1266 
52281 153 
52314 642 
52314 4198 
52347 1115 
52379 963 
52506 107 
52548 572 
52598 469 
52672 2849 
52681 56 
52757 547 
52801 1895 
52822 1190 
52833 1338 
52879 316 
52901 667 
52904 651 
52972 99 
52992 332 
53080 53 
53110 299 
53127 369 
53200 318 
53219 113 
53406 142 
53497 597 
53505 405 
53548 157 
53695 129 
53715 1570 
53733 470 
53743 671 
53755 2049 
53758 32 
53790 268 
53807 2252 
53830 880 
53863 1346 
53874 2113 
53882 358 
53899 3260 
53947 23 
53966 1992 
53967 4113 
53983 2457 
53989 13 
53989 196 
53993 178 
54033 1354 
54082 149 
54191 1269 
54264 916 
54283 354 
54329 3211 
54433 1186 
54441 3 
54443 1533 
54452 394 
54520 323 
54541 245 
54654 2455 
54733 2889 
54752 56 
54813 186 
54826 540 
55011 8 
55061 1345 
55069 612 
55076 316 
55317 280 
55381 1753 
55401 897 
55456 248 
55485 2571 
55512 1616 
55541 850 
55544 117 
55557 7284 
55584 4121 
55586 1885 
55592 176 
55610 395 
55651 381 
55682 362 
55722 875 
55763 289 
55774 163 
55781 12 
55804 1392 
55846 521 
55857 129 
55892 1800 
55912 225 
55918 145 
55997 312 
56096 877 
56135 77 
56137 780 
56189 3254 
56254 6060 
56256 21 
56260 178 
56353 636 
56364 439 
56368 315 
56426 234 
56432 324 
56437 352 
56503 2022 
56505 10242 
56506 220 
56522 391 
56532 267 
56571 106 
56593 270 
56628 66 
56654 43 
56719 240 
56741 764 
56791 230 
56824 1585 
56832 177 
56840 3090 
56847 445 
56852 485 
56853 151 
56898 1613 
56902 538 
56937 262 
56948 77 
56951 88 
57049 206 
57086 592 
57097 1952 
57100 6366 
57105 1692 
57125 79 
57129 44 
57174 138 
57239 1031 
57400 533 
57496 3339 
57585 809 
57670 1290 
57672 50 
57701 180 
57772 1197 
57772 3491 
57786 2349 
57888 817 
58027 77 
58041 178 
58041 178 
58131 525 
58280 1737 
58300 11324 
58333 984 
58333 323 
58354 698 
58369 127 
58411 242 
58435 1149 
58436 8006 
58480 423 
58485 534 
58486 2047 
58504 328 
58506 1350 
58529 411 
58576 109 
58638 310 
58643 157 
58660 1349 
58705 23 
58737 1455 
58740 1314 
58765 1349 
58837 3033 
58866 242 
58899 4725 
58910 710 
58951 63 
59036 449 
59083 928 
59125 1327 
59140 226 
59283 5215 
59301 184 
59306 337 
59332 2117 
59352 5063 
59411 373 
59413 678 
59415 171 
59572 420 
59578 374 
59606 251 
59628 366 
59633 107 
59649 41 
59668 705 
59700 341 
59735 1928 
59743 400 
59755 13 
59881 555 
59994 98 
60005 423 
60189 262 
60201 419 
60210 1522 
60254 1706 
60276 11 
60333 377 
60383 6473 
60428 264 
60478 4105 
60500 152 
60522 117 
60540 1706 
60550 414 
60618 312 
60625 998 
60628 231 
60671 5559 
60726 185 
60778 763 
60801 830 
60863 3446 
60882 202 
60915 675 
60917 7610 
61021 2256 
61040 165 
61073 138 
61086 861 
61152 241 
61153 883 
61164 750 
61202 229 
61207 130 
61231 1546 
61237 32 
61247 580 
61297 2312 
61377 474 
61436 104 
61454 73 
61489 106 
61492 454 
61593 122 
61623 104 
61627 1174 
61980 1761 
61985 3852 
62070 42 
62081 424 
62120 3868 
62128 1599 
62149 417 
62151 2679 
62254 1765 
62261 2271 
62268 2741 
62354 264 
62407 214 
62463 11 
62464 168 
62468 261 
62469 294 
62498 264 
62537 195 
62565 353 
62582 1316 
62611 417 
62671 942 
62854 84 
62900 914 
62943 6405 
62965 1908 
63005 12 
63030 229 
63036 823 
63038 921 
63066 1583 
63095 2124 
63185 685 
63306 1469 
63344 181 
63379 1021 
63433 133 
63506 208 
63633 95 
63790 75 
63902 1036 
63918 752 
63922 44 
64125 114 
64144 641 
64170 917 
64206 991 
64237 24 
64261 178 
64283 126 
64338 2745 
64370 266 
64414 7 
64426 105 
64469 561 
64478 366 
64510 389 
64628 971 
64653 237 
64654 73 
64737 24 
64741 1104 
64805 3089 
64808 42 
64847 151 
64851 892 
64851 91 
64981 819 
64995 264 
65028 424 
65037 2263 
65089 890 
65115 233 
65154 240 
65225 9207 
65254 208 
65265 489 
65274 2438 
65275 325 
65285 305 
65288 54 
65304 134 
65330 70 
65346 1681 
65364 1681 
65415 2143 
65419 467 
65433 1880 
65439 736 
65481 928 
65526 247 
65628 1008 
65723 1388 
65726 292 
65814 90 
65819 263 
65867 119 
65878 818 
65895 2415 
65915 462 
65942 81 
65988 670 
66091 88 
66177 2457 
66190 223 
66203 223 
66228 1948 
66235 107 
66238 1119 
66320 821 
66326 340 
66353 530 
66389 269 
66394 1388 
66410 768 
66449 3982 
66505 431 
66528 136 
66589 602 
66603 5098 
66617 568 
66704 808 
66746 2349 
66750 264 
66774 11821 
66821 148 
66833 969 
66862 3404 
66906 57 
66963 3025 
67027 486 
67107 148 
67152 21449 
67218 1885 
67303 302 
67315 450 
67340 253 
67448 1867 
67469 197 
67489 1211 
67514 729 
67612 850 
67651 330 
67657 468 
67664 541 
67692 1011 
67701 1352 
67755 1079 
67760 1 
67790 3513 
67799 554 
67845 558 
67917 283 
67918 67 
67919 673 
67930 153 
67931 2841 
67931 280 
67984 33 
68001 1098 
68062 2366 
68078 417 
68097 968 
68098 908 
68106 444 
68112 333 
68113 3048 
68125 5872 
68177 597 
68224 2217 
68332 350 
68355 1029 
68411 522 
68421 213 
68439 133 
68465 902 
68479 49 
68498 292 
68540 274 
68557 105 
68571 486 
68629 1078 
68746 30 
68790 283 
68810 902 
68822 544 
68836 434 
68844 59 
68890 80 
68981 2454 
69048 75 
69146 361 
69300 351 
69303 1395 
69393 316 
69413 177 
69416 4116 
69427 155 
69508 8641 
69531 173 
69637 302 
69716 176 
69918 565 
69932 131 
69965 30 
70011 559 
70182 924 
70223 157 
70340 939 
70360 410 
70371 109 
70377 63 
70400 325 
70413 498 
70435 4400 
70443 156 
70444 122 
70585 1776 
70723 65 
70745 157 
70752 4059 
70792 1068 
70801 565 
70840 3050 
70935 1085 
70938 133 
70967 3164 
71008 4528 
71025 588 
71042 3425 
71053 245 
71063 168 
71086 184 
71086 23 
71125 9390 
71127 92 
71154 94 
71157 688 
71173 483 
71176 146 
71176 278 
71209 120 
71215 1645 
71217 70 
71230 127 
71288 1004 
71307 1321 
71338 1087 
71377 91 
71390 1720 
71518 152 
71543 267 
71571 1860 
71583 638 
71644 99 
71658 153 
71698 132 
71870 1103 
71891 591 
71899 1961 
71906 1896 
71972 120 
71992 183 
71998 90 
72031 2640 
72031 80 
72045 1522 
72060 260 
72084 1012 
72092 1292 
72225 92 
72235 148 
72274 265 
72294 119 
72364 373 
72383 1735 
72403 1660 
72454 2907 
72466 354 
72469 251 
72538 134 
72656 361 
72665 4674 
72708 173 
72712 816 
72781 514 
72799 614 
72977 3475 
72988 85 
72992 157 
73003 1140 
73015 338 
73033 786 
73066 673 
73086 234 
73093 26 
73155 429 
73201 932 
73203 715 
73205 216 
73233 153 
73252 233 
73265 2118 
73345 1183 
73381 431 
73386 1670 
73401 545 
73451 1164 
73453 130 
73480 251 
73525 3254 
73557 251 
73565 470 
73578 1305 
73595 4182 
73874 965 
74142 795 
74206 127 
74208 314 
74277 750 
74407 1261 
74407 240 
74427 181 
74432 205 
74513 651 
74647 0 
74666 86 
74765 321 
74892 2350 
74938 1201 
74940 323 
74967 1802 
74995 1299 
75000 179 
75166 66 
75358 60337 
75404 63 
75406 348 
75467 585 
75476 725 
75574 377 
75580 173 
75629 1674 
75635 1251 
75651 1277 
75714 1418 
75814 20 
75818 134 
75850 32 
75856 60338 
75907 26 
75916 1686 
76003 49 
76058 1861 
76068 454 
76077 188 
76142 2349 
76234 322 
76240 207 
76279 3841 
76289 395 
76294 945 
76412 573 
76448 1929 
76602 631 
76637 110 
76644 2399 
76649 237 
76843 913 
76904 2679 
76912 267 
76924 196 
76994 1103 
77039 101 
77056 3274 
77064 645 
77145 79 
77171 254 
77208 32 
77215 316 
77220 87 
77260 150 
77383 275 
77391 2179 
77434 1399 
77446 553 
77446 1586 
77450 120 
77496 115 
77853 55 
77857 107 
77859 63 
77961 48 
78095 488 
78168 174 
78208 747 
78210 153 
78240 3447 
78245 607 
78370 229 
78504 915 
78513 701 
78611 57 
78637 276 
78769 1029 
78871 1225 
78881 119 
79009 62 
79019 495 
79123 459 
79306 347 
79320 283 
79350 1046 
79530 1336 
79535 187 
79536 126 
79572 39 
79573 142 
79654 511 
79707 267 
79735 391 
79753 202 
79983 6929 
80069 143 
80085 203 
80159 56 
80169 1256 
80206 423 
80208 1295 
80225 3204 
80314 173 
80384 2343 
80527 233 
80567 1476 
80593 1114 
80716 28 
80778 2287 
80863 149 
80988 282 
81176 148 
81340 629 
81352 57 
81377 225 
81509 121 
81530 1629 
81745 154 
81772 107 
81922 922 
82027 1047 
82064 223 
82073 1728 
82371 1630 
82506 1630 
82592 82 
82597 2076 
82620 226 
82623 987 
82689 406 
82838 563 
82862 316 
82966 640 
82989 722 
83101 622 
83102 1209 
83157 217 
83158 2645 
83165 2566 
83182 525 
83281 314 
83312 287 
83357 1143 
83406 349 
83694 63 
83771 683 
83772 130 
83793 3853 
83808 423 
83894 1533 
83965 510 
83981 593 
83987 1737 
84185 3318 
84200 65 
84423 562 
84530 544 
84538 2833 
84936 240 
84990 203 
85021 352 
85099 16511 
85217 707 
85232 1426 
85428 1 
85849 247 
85892 199 
85926 34 
86049 133 
86142 463 
86200 35 
86353 186 
86504 48 
86910 376 
87943 305 
88104 297 
88104 297 
88829 191 
88998 2185 
89052 628 
89190 119 
89221 42 
89421 153 
89516 388 
90886 1661 
91423 33 
91751 192 
92550 37 
92982 52 
93366 621 
94936 323 
96172 140 
99485 765 
105641 16719 
109433 1244 
111994 297 
112657 613 
113830 257 
113831 421 
114214 439 
114249 1039 
115745 1631 
116534 539 
117818 124 
119183 649 
119752 1272 
119785 598 
120101 312 
120180 735 
120379 879 
120558 550 
121321 944 
121336 205 
121659 5441 
121685 1165 
121815 62 
122000 768 
122375 100 
122687 164 
123096 1022 
123334 100 
123349 397 
123777 724 
124183 9910 
124203 296 
124287 166 
124486 40 
124558 471 
124706 3394 
124723 1614 
125114 6614 
125299 1353 
125415 154 
125416 4 
126413 59 
126847 88 
126918 432 
127459 1137 
127511 1012 
127521 64 
127770 135 
127811 205 
127970 38 
128020 134 
128185 1014 
128234 267 
128319 2154 
128372 41 
128379 260 
128483 362 
128617 1427 
128701 3294 
128771 234 
128787 191 
128883 156 
129332 887 
129403 1508 
129463 1357 
129514 60 
129711 0 
129717 2664 
129732 941 
129836 52 
129970 253 
130018 233 
130888 257 
131108 864 
131177 217 
131240 300 
131261 2146 
131333 430 
131339 5325 
131362 2091 
131403 716 
131409 1164 
131450 111 
131797 82 
132088 2112 
132125 45 
132198 1586 
132206 529 
132561 985 
133033 314 
133504 672 
133672 5767 
133723 1448 
133735 1852 
133736 128 
133760 617 
133801 213 
134024 45 
134082 786 
134196 629 
134386 999 
134506 96 
134634 1150 
134723 237 
135365 118 
135447 68 
135482 576 
136607 607 
137394 168 
137446 1973 
137477 2169 
137489 3569 
137537 456 
137589 476 
138706 2658 
139329 4717 
139348 183 
139362 188 
139399 122 
140341 390 
140429 281 
140471 192 
140472 2261 
140582 55 
140669 282 
140911 141 
141001 329 
141008 1229 
141062 147 
141100 2267 
141414 233 
141431 16 
141692 56 
141750 533 
142167 2311 
144494 148 
144529 601 
144904 184 
144942 316 
145224 578 
145380 115 
145544 26 
145863 2471 
146047 1180 
146189 2485 
146331 23 
146421 294 
146442 1376 
146480 116 
146515 236 
146553 357 
146825 49 
146847 141 
146886 1179 
147176 77 
147278 492 
147301 2335 
147813 154 
147854 246 
147877 1307 
147898 1028 
148252 1542 
148478 82 
148642 250 
149143 102 
149601 101 
149807 365 
149980 1 
150045 837 
150484 2845 
150704 3968 
150710 177 
150831 262 
150848 199 
150894 569 
151149 1517 
151268 189 
151739 1779 
151802 148 
151940 1089 
152164 475 
152174 358 
152432 333 
152451 317 
152597 289 
153015 855 
153058 66 
153159 651 
153312 50 
153335 74 
153569 136 
154053 2416 
154472 85 
154603 64 
155129 217 
155495 1053 
156087 898 
156132 2224 
156318 147 
156359 455 
156699 146 
156791 218 
156924 1746 
157045 123 
157128 2094 
157220 230 
157278 209 
157822 1159 
157919 5637 
158214 74 
159671 826 
159919 123 
162144 215 
162487 1255 
163330 124 
163468 3109 
163534 217 
163558 2945 
163614 176 
163639 126 
163882 377 
163977 1428 
164136 2489 
164533 3074 
164753 31 
164903 622 
165099 2323 
165213 248 
165470 173 
165480 354 
165720 224 
165996 86 
166015 491 
166066 6 
167073 110 
167785 56 
167989 506 
169003 110 
169678 483 
171593 887 
172604 58 
174072 172 
175779 199 
176723 262 
176909 251 
178570 931 
178636 160 
182387 48 
185433 459 
186635 582 
199940 227 
202349 770 
202364 285 
203424 247 
205840 180 
206752 823 
207534 858 
208308 800 
208560 1122 
208654 94 
210295 211 
210417 1948 
210573 530 
211243 262 
211366 169 
212178 430 
213323 4323 
213330 735 
214644 3539 
215190 111 
215674 819 
216413 225 
217784 232 
218543 1406 
218896 235 
220091 281 
220331 73 
220551 272 
222267 158 
223147 1323 
223181 2142 
223197 780 
223539 125 
224135 757 
224593 194 
224668 200 
224692 832 
225110 1342 
225497 854 
225717 46 
226129 1949 
226562 58 
227027 857 
227273 8 
227288 540 
227313 4069 
227323 282 
227342 151 
228041 2637 
228067 953 
228483 1022 
228535 244 
228930 4 
230735 317 
230834 106 
230960 84 
231158 3007 
231325 1205 
231569 1296 
232394 1658 
232623 200 
234807 2161 
234844 568 
234853 1263 
235175 45 
235487 1838 
235499 1148 
236583 49 
237304 1755 
239361 1033 
240945 145 
242210 45 
243159 1959 
243227 1319 
243245 183 
243365 2477 
243736 1120 
243822 287 
245852 68 
246821 84 
247287 67 
248255 574 
248285 622 
250158 149 
250201 73 
251336 557 
253234 857 
253279 267 
255065 411 
256815 134 
268575 2479 
281920 384 
284058 271 
292741 2214 
294496 18 
294768 78 
300185 639 
301495 74 
302218 913 
302540 734 
302565 53 
302820 176 
303732 1539 
304380 183 
304995 380 
306558 105 
306574 2606 
307085 112 
307417 204 
307421 225 
307689 47 
307732 128 
307837 2554 
307981 166 
309076 229 
309137 623 
309257 402 
309424 344 
310198 408 
310251 241 
311529 141 
311651 434 
311702 3820 
312862 504 
313200 118 
313931 312 
314157 1686 
314618 603 
315056 332 
315451 2791 
316018 134 
317065 2145 
317937 221 
318751 237 
319059 1581 
322394 379 
323259 661 
323403 193 
325964 356 
327184 58 
327397 199 
327580 193 
328273 1155 
329130 3156 
329846 52 
330090 1436 
330571 480 
330573 327 
330645 170 
330674 378 
331004 314 
331286 2510 
331781 169 
332546 132 
332559 755 
332736 2621 
333905 0 
334242 145 
334629 1043 
334785 11 
335282 1675 
339314 612 
345924 1365 
350058 228 
358014 39 
366338 3291 
368292 3069 
371366 189 
373350 558 
374870 147 
376884 646 
378181 58 
380399 6250 
380454 847 
383430 137 
384583 240 
386054 57 
392105 494 
392715 85 
392900 847 
392945 201 
393114 179 
393484 852 
393496 2905 
393503 4682 
393739 11 
394969 241 
396286 264 
397361 115 
399367 196 
399441 9184 
399457 764 
399510 822 
399611 318 
400020 25 
400900 637 
401962 2579 
405158 39 
405164 1576 
405828 231 
406434 0 
407319 674 
407984 136 
408538 83 
409035 203 
410574 962 
412690 126 
413075 397 
415091 3378 
415110 377 
417381 113 
418727 897 
418755 360 
422201 119 
424922 422 
425881 47 
429032 48 
430450 282 
430655 40 
430984 198 
432145 98 
432768 145 
432897 104 
458474 3897 
459739 1295 
459975 1840 
460064 1695 
467887 440 
468367 136 
468815 3563 
469160 815 
471608 171 
471979 108 
472681 53 
473012 464 
480132 462 
481036 103 
482293 193 
482896 1827 
483599 1004 
483909 1194 
485001 237 
487487 368 
489832 856 
490065 106 
490966 101 
491016 1550 
495288 598 
498773 82 
500729 289 
500940 24 
501015 188 
501711 167 
505603 21 
507946 119 
508137 2026 
509085 69 
510023 94 
514499 196 
516170 182 
520782 103 
545067 137 
545569 146 
550664 180 
552557 46 
555264 433 
557415 356 
560189 0 
560555 237 
566452 4212 
566489 126 
566503 161 
566546 427 
571120 1336 
573626 1681 
573683 174 
574624 227 
575002 0 
575474 269 
576943 1393 
577637 743 
578779 180 
580315 23 
581522 297 
581923 90 
582628 973 
583047 1506 
583069 242 
583173 95 
585078 167 
585094 203 
585863 902 
585947 491 
586038 44 
587433 224 
587524 170 
588494 157 
589149 352 
589295 572 
590458 1003 
590766 956 
590900 587 
596878 5329 
599540 302 
600395 356 
601988 19 
