2525 1.37171296296
0 2504 
11 634 
12 1411 
20 262 
27 268 
33 549 
40 547 
79 212 
104 325 
209 79 
453 375 
570 239 
624 302 
728 624 
887 1877 
926 314 
1017 485 
1081 243 
1086 129 
1108 665 
1185 596 
1203 151 
1282 1356 
1365 180 
1557 156 
1576 106 
1626 387 
1663 903 
1678 338 
1699 145 
1712 337 
1831 420 
1858 238 
1869 356 
2084 73 
2176 328 
2186 131 
2322 297 
2358 990 
2607 550 
2692 203 
2702 54 
3181 490 
3213 81 
3245 58 
3249 93 
3386 22 
3601 509 
3766 28 
4021 130 
4134 155 
4399 422 
4588 46 
4830 96 
4957 243 
5094 169 
5194 214 
5358 2479 
5403 208 
5499 896 
5591 96 
5609 181 
5799 66 
5966 321 
5981 64 
6000 146 
6035 31 
6062 95 
6082 919 
6107 54 
6243 107 
6245 98 
6572 440 
6593 247 
6705 108 
6743 179 
6911 1230 
6930 325 
6970 1472 
6991 985 
7028 191 
7028 182 
7036 214 
7114 1034 
7207 3161 
7248 90 
7251 167 
7269 6683 
7277 2381 
7328 64 
7340 1490 
7360 394 
7363 5641 
7373 353 
7383 288 
7424 209 
7448 31 
7469 1600 
7480 258 
7507 448 
7518 243 
7547 341 
7552 1602 
7588 786 
7603 275 
7623 183 
7643 157 
7649 10 
7667 152 
7693 132 
7833 1421 
7858 158 
7862 41 
7912 290 
7926 171 
7939 426 
7989 59 
8028 317 
8152 131 
8165 90 
8242 9 
8294 96 
8668 269 
8818 246 
8860 150 
8870 160 
8880 1705 
8902 536 
8906 895 
8959 228 
8962 517 
9078 35 
9121 114 
9141 143 
9264 33 
9514 13 
9614 38 
9674 55 
9703 143 
9877 237 
9912 100 
9931 1048 
9940 327 
10113 105 
10123 23 
10174 85 
10577 80 
10611 342 
10890 61 
11089 48 
11165 33 
11213 65 
11287 207 
11411 278 
11517 158 
11532 189 
11613 148 
11798 319 
11940 266 
12025 38 
12055 294 
12158 93 
12203 247 
12220 170 
12378 11 
12497 151 
12535 29 
12564 87 
12796 43 
12818 218 
12869 1184 
12877 82 
12925 53 
13010 86 
13049 46 
13109 55 
13124 394 
13134 14 
13181 127 
13238 45 
13281 50 
13418 13 
13681 136 
14207 399 
14307 37 
14383 73 
14528 228 
14571 251 
14585 212 
14602 189 
14977 725 
15056 70 
15297 59 
15301 144 
15330 35 
15335 224 
15368 386 
15397 159 
15439 130 
15451 134 
15485 190 
15486 1075 
15606 132 
15926 243 
16199 318 
16644 112 
16739 57 
16877 179 
16924 258 
17126 81 
17324 24 
17338 378 
18002 67 
19981 35 
20321 45 
20955 68 
21429 69 
21552 15 
21845 47 
22728 175 
24492 88 
25259 390 
25273 1522 
25323 628 
25355 77 
25399 43 
25461 138 
25580 20 
25595 88 
25693 38 
25694 42 
26248 53 
26424 425 
26641 28 
26990 207 
27326 352 
27387 332 
27403 138 
27432 165 
27434 186 
27661 343 
27751 44 
29461 15 
29676 187 
30207 92 
32273 45 
35344 75 
35462 102 
36402 151 
38680 71 
45268 58 
46088 98 
47145 1998 
47954 71 
48183 27 
50886 3 
53218 27 
57925 2234 
57972 107 
57974 715 
57984 428 
58008 646 
58030 208 
58135 392 
58637 120 
58798 834 
58887 817 
58910 4604 
58918 550 
58919 658 
58923 338 
58959 1432 
58967 775 
58980 1681 
59005 243 
59048 155 
59072 250 
59121 711 
59170 277 
59179 401 
59192 1558 
59244 464 
59274 792 
59279 1508 
59297 899 
59348 763 
59352 942 
59506 1031 
59659 939 
59744 1445 
59748 85 
59889 25 
59961 167 
59986 106 
60053 1478 
60071 334 
60083 60 
60187 180 
60223 513 
60237 562 
60240 752 
60256 314 
60293 38 
60341 2523 
60361 78 
60403 290 
60405 138 
60441 23 
60443 580 
60455 224 
60473 693 
60552 990 
60611 92 
60632 113 
60669 53 
60682 84 
60684 781 
60722 335 
60728 818 
60743 193 
60935 228 
60963 111 
61010 219 
61052 81 
61073 302 
61103 102 
61265 633 
61292 61 
61395 821 
61413 79 
61460 1127 
61636 1174 
61693 10053 
61704 22 
61705 109 
61713 207 
61759 287 
61796 76 
61888 686 
61910 296 
62079 95 
62101 185 
62128 405 
62285 259 
62291 1624 
62343 11 
62345 213 
62354 189 
62452 473 
62562 216 
62686 767 
62706 957 
62742 305 
62821 292 
63241 110 
63399 103 
63410 627 
63506 96 
63507 132 
63525 1500 
63537 748 
63568 105 
63576 111 
63616 150 
63757 349 
63797 267 
63804 203 
63826 687 
63851 730 
63861 204 
63887 446 
63912 64 
63925 62 
63998 69 
64062 40 
64070 111 
64146 1023 
64208 225 
64219 71 
64274 861 
64284 315 
64284 127 
64548 199 
64563 236 
64614 51 
65453 499 
65473 104 
65514 334 
65640 302 
65696 3086 
65711 2601 
65717 1426 
65720 831 
65721 816 
65723 1470 
65723 157 
65732 359 
65740 406 
65766 188 
65768 146 
65799 70 
65801 546 
65833 98 
65836 781 
65838 70 
65860 401 
65878 79 
65887 483 
65898 2316 
65899 204 
65904 902 
65914 712 
65914 2384 
65929 295 
65930 40 
65933 129 
65970 530 
66011 181 
66016 100 
66033 21 
66043 539 
66052 454 
66053 951 
66075 283 
66094 2873 
66097 461 
66101 145 
66150 126 
66166 329 
66171 421 
66174 893 
66200 952 
66216 27 
66222 216 
66269 220 
66300 330 
66303 1329 
66311 752 
66356 393 
66357 196 
66381 969 
66454 260 
66505 334 
66515 184 
66552 1320 
66557 157 
66560 490 
66564 228 
66570 100 
66571 578 
66641 336 
66700 5 
66724 7119 
66730 82 
66737 136 
66748 138 
66761 153 
66767 268 
66769 351 
66779 758 
66799 290 
66802 312 
66806 206 
66819 359 
66830 850 
66850 638 
66885 645 
66893 125 
66899 194 
66902 585 
66916 1057 
66977 192 
66982 981 
66997 1623 
67010 62 
67014 609 
67016 111 
67048 118 
67068 215 
67086 97 
67111 169 
67131 181 
67137 649 
67154 94 
67155 363 
67174 836 
67200 904 
67295 34 
67306 2014 
67333 1621 
67334 49 
67354 466 
67371 113 
67380 600 
67383 151 
67407 25 
67431 953 
67461 17 
67471 48 
67475 836 
67485 203 
67487 635 
67499 127 
67506 909 
67507 131 
67508 869 
67514 1055 
67543 172 
67565 96 
67589 301 
67607 473 
67615 533 
67618 72 
67626 462 
67630 1068 
67631 80 
67636 86 
67638 717 
67641 600 
67644 603 
67676 1025 
67683 768 
67686 56 
67697 403 
67714 228 
67748 254 
67753 16 
67762 574 
67776 153 
67782 279 
67789 117 
67793 420 
67796 468 
67808 869 
67819 322 
67820 115 
67828 150 
67850 146 
67853 189 
67855 458 
67859 662 
67879 56 
67894 330 
67925 735 
67941 96 
67947 306 
67949 238 
68040 828 
68063 30 
68065 27 
68082 22 
68109 421 
68139 270 
68168 2342 
68183 72 
68222 706 
68255 38 
68265 2115 
68380 977 
68380 147 
68406 452 
68420 248 
68469 141 
68528 10 
68561 267 
68566 120 
68569 120 
68577 737 
68658 107 
68734 281 
68739 648 
68771 673 
68783 715 
68802 57 
68804 91 
68829 146 
68836 134 
68889 1605 
68910 140 
68939 312 
68961 495 
69005 133 
69099 266 
69125 354 
69147 100 
69158 340 
69161 419 
69178 57 
69195 53 
69203 394 
69219 86 
69222 254 
69226 2216 
69238 75 
69239 828 
69243 66 
69282 2748 
69287 125 
69308 79 
69330 108 
69334 1354 
69342 315 
69343 1391 
69353 667 
69353 478 
69355 346 
69358 124 
69359 84 
69359 1136 
69359 675 
69360 1023 
69377 324 
69377 1202 
69381 669 
69395 1581 
69420 324 
69431 107 
69439 117 
69456 213 
69456 111 
69458 944 
69476 71 
69484 241 
69510 137 
69518 2101 
69520 8 
69528 312 
69541 474 
69574 168 
69589 212 
69637 913 
69652 221 
69704 482 
69705 165 
69738 70 
69784 428 
69832 89 
69869 306 
69941 293 
69951 491 
69963 136 
70043 203 
70078 19 
70086 524 
70132 38 
70132 382 
70184 577 
70211 541 
70228 281 
70234 215 
70277 604 
70297 537 
70311 132 
70321 125 
70325 610 
70347 183 
70374 526 
70377 94 
70417 124 
70433 308 
70436 895 
70451 153 
70453 209 
70457 2547 
70477 619 
70490 1271 
70501 956 
70530 397 
70545 70 
70554 835 
70595 462 
70641 684 
70765 4110 
70768 1480 
70779 90 
70796 472 
70818 107 
70909 796 
70939 1241 
70941 968 
70950 83 
71021 1582 
71086 346 
71088 128 
71099 487 
71111 202 
71145 61 
71152 159 
71172 152 
71204 637 
71240 1939 
71249 195 
71271 32 
71298 170 
71309 128 
71320 44 
71323 640 
71349 132 
71389 1461 
71411 2127 
71422 278 
71423 27 
71430 398 
71447 448 
71461 455 
71479 167 
71490 324 
71494 262 
71496 40 
71508 102 
71523 685 
71525 332 
71549 12 
71589 218 
71591 127 
71592 192 
71616 50 
71626 1831 
71628 188 
71667 90 
71670 176 
71686 2150 
71705 249 
71711 38 
71712 55 
71713 242 
71762 85 
71780 329 
71796 55 
71807 571 
71813 214 
71836 550 
71840 1366 
71910 144 
71911 117 
71924 121 
71940 27 
71949 14 
71950 241 
71994 341 
72018 75 
72047 57 
72052 124 
72060 535 
72093 163 
72095 1713 
72142 31 
72170 294 
72242 184 
72341 14 
72366 302 
72383 462 
72409 193 
72452 156 
72475 65 
72485 385 
72507 65 
72512 440 
72596 284 
72688 139 
72733 115 
72753 111 
72814 70 
72835 232 
72840 335 
72850 246 
72866 195 
72921 153 
72944 101 
72956 166 
73034 262 
73118 21 
73139 19 
73192 189 
73203 115 
73247 295 
73278 117 
73313 155 
73337 296 
73360 142 
73387 67 
73415 157 
73433 375 
73476 214 
73493 146 
73528 169 
73653 101 
73733 87 
73772 90 
73856 28 
73858 186 
73929 37 
73958 112 
73983 64 
74216 568 
74229 1662 
74285 75 
74314 207 
74383 64 
74387 68 
74459 115 
74462 135 
74598 188 
74598 188 
74600 91 
74600 91 
74629 32 
74683 116 
74722 29 
74739 62 
74824 1525 
74869 449 
74938 297 
74950 215 
74961 342 
75026 72 
75037 171 
75099 84 
75100 765 
75113 75 
75159 188 
75199 31 
75208 137 
75238 64 
75596 43 
75617 168 
75672 196 
75691 311 
75695 94 
75834 128 
75900 600 
76080 61 
76099 93 
76151 128 
76600 99 
76600 287 
76611 31 
76624 257 
76673 75 
76852 359 
76883 1097 
76965 95 
77004 37 
77385 27 
77543 90 
77553 93 
77565 188 
77678 387 
77790 122 
77798 15 
78049 9 
78104 180 
78145 472 
78201 51 
78235 211 
78274 44 
78295 332 
78341 43 
78380 1252 
78516 122 
78548 79 
78553 46 
78600 235 
79028 148 
79035 76 
79106 68 
79254 39 
79298 259 
79357 39 
79559 33 
79764 23 
80038 383 
80182 314 
80814 1390 
80849 1210 
80898 1183 
80910 171 
80946 66 
81047 121 
81117 445 
81165 116 
81259 16 
81935 92 
82457 1696 
82494 2844 
82524 25 
82534 11 
82596 334 
82653 356 
82897 411 
82937 132 
83087 508 
83168 70 
83183 56 
83684 32 
83905 460 
83930 105 
84107 22 
84165 69 
84363 300 
84441 1126 
84501 901 
84564 865 
84674 88 
84676 29 
84683 140 
84769 152 
84871 65 
85005 39 
85047 27 
85183 291 
85960 261 
85973 1184 
85999 383 
86026 187 
86062 823 
86080 396 
86096 335 
86148 598 
86208 440 
86347 31 
86362 74 
86389 49 
86435 41 
87797 177 
87928 119 
88000 400 
88050 70 
88190 32 
88248 28 
88396 28 
88589 85 
88601 815 
88776 193 
88988 270 
89576 6342 
89780 98 
90429 43 
90969 11 
91122 20 
91284 46 
91755 90 
91926 64 
92989 137 
93063 9 
93528 41 
94020 350 
94236 760 
94654 162 
95006 86 
95021 49 
95560 195584 
95571 315 
95573 287 
95574 175 
95576 36 
95577 792 
95578 201 
95579 8914 
95579 612 
95579 365 
95580 204 
95582 49 
95582 614 
95583 48 
95584 75 
95586 1487 
95587 671 
95587 1060 
95587 29 
95587 462 
95591 1141 
95591 501 
95592 188 
95592 68 
95594 195 
95594 963 
95596 568 
95596 226 
95597 487 
95597 354 
95598 24 
95600 76 
95602 264 
95603 181 
95603 766 
95605 445 
95605 83 
95606 105 
95607 62 
95609 128 
95610 80 
95611 361 
95613 126 
95614 90 
95615 84 
95616 472 
95617 459 
95619 74 
95621 153 
95621 265 
95621 99 
95622 93 
95622 464 
95623 428 
95623 189 
95623 47 
95624 26 
95625 63 
95626 114 
95626 577 
95627 2226 
95629 96 
95630 90 
95630 128 
95631 370 
95631 88 
95632 369 
95633 284 
95634 97 
95634 172 
95635 384 
95635 1183 
95636 50 
95636 76 
95637 1446 
95637 525 
95638 275 
95638 384 
95639 316 
95640 576 
95643 1090 
95645 224 
95645 53 
95646 392 
95646 249 
95647 155 
95648 499 
95649 82 
95650 1439 
95650 18 
95650 118 
95652 148 
95652 273 
95653 394 
95656 58 
95658 207 
95661 315 
95661 823 
95661 368 
95663 465 
95664 754 
95664 47 
95668 3710 
95668 190 
95670 402 
95671 48 
95671 441 
95671 384 
95673 218 
95674 150 
95675 718 
95675 236 
95675 1151 
95676 94 
95677 762 
95677 189 
95678 307 
95678 108 
95682 497 
95684 170 
95685 104 
95686 222 
95687 134 
95690 62 
95691 385 
95694 264 
95695 693 
95696 115 
95696 314 
95702 318 
95702 1775 
95703 223 
95705 103 
95705 101 
95708 406 
95709 132 
95709 95 
95709 40 
95710 730 
95712 44 
95716 342 
95717 164 
95717 183 
95718 51 
95719 517 
95720 41 
95721 449 
95723 151 
95724 555 
95724 503 
95726 105 
95727 631 
95728 98 
95729 84 
95731 102 
95734 311 
95734 249 
95735 915 
95735 884 
95735 243 
95735 610 
95738 218 
95739 47 
95740 122 
95741 547 
95743 88 
95743 309 
95743 606 
95746 40 
95749 213 
95749 233 
95757 885 
95757 33 
95757 275 
95759 1182 
95760 174 
95760 81 
95761 109 
95761 289 
95766 43 
95766 134 
95767 86 
95767 748 
95768 98 
95768 136 
95768 92 
95770 626 
95773 473 
95773 319 
95773 36 
95774 127 
95777 174 
95777 377 
95779 1911 
95779 287 
95779 117 
95780 115 
95780 308 
95780 293 
95781 19 
95781 73 
95782 292 
95783 213 
95789 148 
95790 25 
95792 378 
95793 210 
95793 177 
95794 373 
95800 177 
95803 44 
95805 868 
95806 187 
95809 121 
95809 113 
95812 181 
95813 108 
95814 193 
95815 590 
95819 33 
95825 461 
95827 31 
95829 330 
95829 327 
95832 300 
95832 57 
95833 424 
95835 61 
95835 377 
95839 94 
95839 982 
95845 17 
95845 75 
95846 35 
95847 32 
95854 66 
95855 308 
95855 66 
95859 248 
95859 270 
95860 59 
95860 171 
95860 237 
95862 27 
95863 736 
95864 321 
95866 167 
95869 268 
95870 343 
95871 162 
95873 138 
95874 2164 
95875 113 
95875 326 
95875 83 
95877 185 
95878 3589 
95878 251 
95880 220 
95881 211 
95884 141 
95885 213 
95886 218 
95889 317 
95891 793 
95891 82 
95891 479 
95892 201 
95896 216 
95900 19 
95903 47 
95904 1291 
95904 29 
95905 201 
95905 490 
95907 672 
95907 386 
95910 109 
95911 175 
95911 74 
95911 86 
95911 756 
95912 1386 
95913 18 
95913 191 
95914 617 
95917 270 
95924 57 
95926 390 
95929 36 
95933 93 
95935 161 
95936 154 
95936 175 
95937 355 
95939 394 
95939 158 
95942 247 
95943 356 
95944 1212 
95946 204 
95947 77 
95949 72 
95952 809 
95963 493 
95965 511 
95969 203 
95970 842 
95974 102 
95975 100 
95979 89 
95981 2961 
95983 65 
95983 78 
95987 605 
95988 79 
95988 60 
95991 637 
95991 73 
95992 30 
95993 113 
95995 216 
95996 150 
95997 218 
96001 269 
96002 4321 
96003 29 
96004 365 
96006 78 
96008 359 
96010 318 
96014 221 
96016 212 
96019 54 
96019 1793 
96023 253 
96025 3765 
96029 6 
96030 183 
96031 196 
96032 447 
96036 112 
96039 31 
96041 170 
96043 126 
96045 204 
96049 163 
96049 71 
96054 123 
96054 92 
96057 29 
96058 129 
96058 121 
96060 446 
96065 131 
96074 25 
96082 948 
96084 318 
96092 99 
96093 48 
96094 95 
96095 379 
96097 212 
96103 56 
96105 45 
96108 163 
96110 102 
96113 54 
96120 1493 
96120 1079 
96121 128 
96121 604 
96121 197 
96125 66 
96127 195 
96130 60 
96130 296 
96131 23 
96134 1289 
96141 67 
96145 92 
96147 114 
96149 73 
96149 3 
96150 66 
96167 788 
96171 77 
96172 23 
96173 33 
96174 100 
96174 930 
96178 768 
96181 314 
96182 149 
96182 820 
96190 140 
96190 55 
96192 128 
96195 75 
96203 60 
96204 153 
96205 85 
96206 343 
96206 49 
96207 362 
96208 426 
96213 715 
96217 184 
96220 22 
96222 41 
96228 196 
96228 117 
96229 52 
96231 95 
96237 199 
96240 3 
96244 125 
96244 52 
96246 744 
96247 27 
96248 305 
96254 71 
96257 26 
96258 187 
96261 181 
96261 312 
96261 48 
96277 337 
96278 258 
96280 368 
96281 92 
96286 336 
96291 39 
96295 65 
96295 118 
96297 114 
96298 114 
96302 36 
96306 36 
96306 240 
96306 150 
96307 82 
96311 90 
96312 89 
96317 241 
96329 73 
96330 960 
96335 106 
96335 188 
96338 102 
96344 318 
96349 78 
96349 1007 
96349 28 
96354 407 
96358 32 
96361 535 
96365 45 
96379 74 
96382 30 
96388 169 
96390 37 
96390 97 
96391 24 
96392 50 
96393 108 
96409 321 
96411 119 
96416 163 
96416 490 
96420 115 
96428 151 
96433 473 
96434 69 
96442 28 
96449 141 
96452 166 
96454 79 
96455 8 
96455 640 
96461 918 
96463 26 
96471 20 
96472 674 
96473 87 
96478 65 
96478 35 
96478 125 
96480 217 
96481 1688 
96482 33 
96482 234 
96485 93 
96487 85 
96496 187 
96498 430 
96499 410 
96516 180 
96518 74 
96523 297 
96523 203 
96527 264 
96537 109 
96540 135 
96566 104 
96566 379 
96576 10 
96579 257 
96581 120 
96587 495 
96588 374 
96598 160 
96602 308 
96608 44 
96617 233 
96618 161 
96618 64 
96622 516 
96622 187 
96624 100 
96625 201 
96630 364 
96635 1825 
96636 66 
96640 452 
96641 116 
96644 287 
96648 640 
96660 266 
96677 187 
96682 235 
96684 79 
96684 277 
96686 41 
96688 1041 
96700 33 
96704 102 
96706 62 
96707 390 
96711 159 
96713 123 
96713 1920 
96724 45 
96727 481 
96731 46 
96733 100 
96734 75 
96735 1164 
96739 182 
96744 123 
96745 605 
96751 68 
96753 151 
96754 204 
96755 228 
96757 140 
96759 67 
96763 53 
96766 55 
96766 37 
96766 320 
96768 145 
96771 24 
96775 134 
96777 30 
96777 278 
96789 93 
96789 52 
96790 131 
96791 102 
96799 138 
96799 37 
96807 209 
96809 146 
96810 370 
96812 602 
96840 116 
96841 507 
96848 22 
96862 184 
96862 223 
96863 15 
96876 112 
96889 195 
96893 69 
96897 190 
96901 315 
96902 150 
96922 144 
96926 21 
96928 32 
96934 287 
96935 21 
96955 225 
96958 1901 
96960 516 
96963 183 
96964 195 
96969 902 
96982 235 
96986 433 
96989 165 
96993 235 
96995 515 
96998 31 
97006 110 
97007 52 
97017 201 
97020 52 
97023 21 
97032 292 
97034 35 
97039 933 
97041 36 
97052 105 
97060 120 
97062 463 
97064 162 
97065 289 
97077 577 
97078 70 
97078 150 
97083 781 
97089 133 
97103 256 
97105 125 
97106 239 
97117 225 
97119 71 
97122 86 
97131 396 
97142 413 
97145 175 
97154 1099 
97165 16 
97177 47 
97178 2421 
97188 77 
97190 200 
97198 76 
97204 132 
97204 40 
97216 106 
97218 419 
97221 70 
97234 22 
97244 513 
97246 9 
97262 227 
97270 117 
97271 185 
97273 53 
97274 1136 
97275 175 
97283 59 
97295 541 
97296 299 
97297 397 
97312 241 
97317 187 
97319 92 
97321 34 
97330 65 
97331 250 
97336 106 
97339 168 
97341 156 
97341 4 
97343 523 
97359 63 
97364 93 
97379 667 
97383 179 
97385 754 
97389 139 
97390 56 
97405 50 
97411 259 
97411 70 
97413 139 
97415 24 
97417 632 
97418 267 
97420 58 
97427 95 
97444 494 
97448 65 
97450 152 
97459 23 
97459 1566 
97462 194 
97467 152 
97476 759 
97476 409 
97477 274 
97477 420 
97483 113 
97488 139 
97488 124 
97495 1151 
97496 117 
97496 55 
97497 761 
97502 167 
97508 239 
97522 87 
97526 145 
97528 111 
97529 195 
97537 412 
97541 87 
97542 765 
97551 254 
97580 21 
97585 73 
97591 117 
97597 199 
97599 48 
97599 516 
97617 1189 
97630 40 
97645 161 
97646 90 
97646 273 
97647 84 
97654 70 
97658 19 
97659 134 
97685 35 
97714 472 
97728 39 
97733 313 
97742 98 
97752 273 
97788 375 
97798 363 
97807 200 
97818 37 
97824 191 
97849 83 
97882 371 
97908 180 
97919 59 
97934 99 
97939 60 
97940 109 
97946 334 
97959 111 
97964 29 
97973 138 
97986 453 
98028 66 
98038 139 
98040 159 
98042 91 
98050 173 
98065 29 
98076 203 
98077 148 
98115 38 
98117 206 
98126 52 
98147 55 
98167 131 
98175 133 
98186 100 
98202 160 
98224 983 
98226 89 
98236 17 
98240 1064 
98246 138 
98246 132 
98249 22 
98253 556 
98271 209 
98275 57 
98289 32 
98291 25 
98307 268 
98321 148 
98325 31 
98332 15 
98341 73 
98349 92 
98364 359 
98371 292 
98387 428 
98388 313 
98420 187 
98467 21 
98478 179 
98485 79 
98492 255 
98495 57 
98508 541 
98525 48 
98527 50 
98531 14 
98566 22 
98575 23 
98583 93 
98600 92 
98605 146 
98621 48 
98629 56 
98632 459 
98643 442 
98654 142 
98663 247 
98687 149 
98692 17 
98694 369 
98695 401 
98696 567 
98700 16 
98722 150 
98749 289 
98769 68 
98775 27 
98777 1032 
98785 23 
98787 240 
98795 222 
98804 75 
98806 156 
98807 264 
98811 75 
98829 102 
98829 1702 
98849 157 
98850 138 
98856 190 
98864 35 
98870 220 
98878 516 
98897 656 
98921 202 
98933 513 
98940 343 
98942 81 
98951 458 
98967 592 
98986 197 
98987 28 
98996 388 
99000 175 
99036 202 
99042 84 
99062 274 
99095 1144 
99118 19 
99123 37 
99129 444 
99153 154 
99165 121 
99202 180 
99202 52 
99205 713 
99209 14 
99209 74 
99215 143 
99226 19 
99230 165 
99308 397 
99318 181 
99324 20 
99334 88 
99340 101 
99376 364 
99379 614 
99381 51 
99401 34 
99430 290 
99447 29 
99450 209 
99467 67 
99471 445 
99484 661 
99485 36 
99487 2874 
99490 52 
99495 668 
99501 711 
99507 1141 
99513 89 
99534 18 
99558 19 
99617 219 
99631 281 
99652 358 
99678 270 
99679 97 
99712 39 
99715 375 
99719 513 
99722 233 
99737 130 
99760 33 
99776 104 
99779 70 
99806 62 
99817 28 
99833 287 
99836 156 
99852 266 
99862 24 
99870 42 
99880 225 
99894 159 
99918 294 
99924 73 
99934 991 
99934 151 
99941 618 
99951 95 
99959 186 
99970 36 
99998 156 
100001 11 
100007 35 
100017 77 
100071 25 
100089 141 
100099 3 
100102 431 
100111 116 
100125 135 
100132 440 
100143 25 
100160 106 
100161 920 
100181 100 
100186 115 
100221 18 
100236 28 
100237 202 
100241 102 
100251 290 
100315 89 
100338 161 
100356 92 
100403 15 
100442 296 
100455 77 
100467 30 
100488 97 
100500 187 
100522 924 
100529 424 
100549 283 
100569 472 
100576 122 
100600 49 
100625 406 
100631 144 
100657 420 
100658 164 
100667 12 
100672 111 
100691 30 
100691 133 
100705 260 
100707 306 
100728 163 
100731 44 
100734 74 
100743 136 
100745 332 
100766 1217 
100795 96 
100796 193 
100807 375 
100819 8 
100847 261 
100855 147 
100867 846 
100917 1862 
100920 808 
100957 129 
100957 129 
100972 186 
100992 2052 
101000 187 
101001 1429 
101018 116 
101023 58 
101046 93 
101065 427 
101066 140 
101074 147 
101105 362 
101112 80 
101114 268 
101116 69 
101122 73 
101128 390 
101129 55 
101147 92 
101158 233 
101172 54 
101184 123 
101241 37 
101246 352 
101246 629 
101248 34 
101298 471 
101301 54 
101323 71 
101333 115 
101334 49 
101335 77 
101346 264 
101358 18 
101373 443 
101394 199 
101448 121 
101450 116 
101486 286 
101490 120 
101505 213 
101522 76 
101531 190 
101537 77 
101555 411 
101562 82 
101570 149 
101581 150 
101599 208 
101613 8 
101646 102 
101652 240 
101656 173 
101664 276 
101667 113 
101667 10 
101682 108 
101706 37 
101707 101 
101740 74 
101756 124 
101765 83 
101793 30 
101804 367 
101813 60 
101829 254 
101859 11 
101877 31 
101913 12 
101940 27 
101946 100 
101952 95 
101972 164 
102021 44 
102035 78 
102075 210 
102088 134 
102107 124 
102150 66 
102176 1959 
102185 111 
102191 598 
102274 25 
102291 113 
102313 461 
102325 42 
102341 334 
102375 351 
102396 64 
102397 68 
102447 110 
102508 21 
102518 233 
102546 29 
102609 16 
102706 128 
102725 126 
102748 130 
102795 35 
102852 49 
102873 76 
102904 50 
102929 29 
102947 32 
103052 296 
103062 14 
103110 385 
103128 104 
103131 636 
103147 996 
103154 524 
103155 182 
103157 51 
103158 86 
103160 286 
103166 252 
103179 1225 
103218 8 
103231 21 
103231 31 
103241 92 
103247 95 
103256 116 
103267 274 
103281 53 
103290 12 
103313 58 
103325 131 
103327 130 
103347 1326 
103349 65 
103355 294 
103363 1849 
103370 1497 
103372 1507 
103381 475 
103381 517 
103408 1710 
103411 75 
103435 435 
103449 376 
103475 63 
103477 35 
103489 110 
103503 86 
103517 151 
103523 39 
103535 31 
103535 876 
103538 48 
103552 196 
103553 478 
103581 71 
103589 609 
103592 43 
103595 33 
103607 33 
103608 22 
103628 979 
103636 788 
103649 341 
103662 113 
103694 283 
103709 986 
103716 200 
103717 20 
103739 437 
103743 42 
103757 79 
103765 163 
103770 15 
103787 63 
103823 30 
103964 149 
104003 572 
104010 208 
104053 49 
104150 42 
104164 266 
104224 188 
104260 68 
104310 143 
104326 145 
104345 425 
104432 86 
104565 44 
104590 74 
104600 29 
104706 146 
104721 107 
104730 110 
104868 6 
104927 226 
104927 226 
104929 198 
104929 198 
104966 471 
105021 530 
105026 92 
105052 195 
105082 125 
105100 23 
105187 11 
105375 94 
105390 29 
105419 2191 
105427 1035 
105431 60 
105437 1687 
105441 48 
105452 288 
105456 820 
105457 169 
105465 1196 
105466 69 
105475 325 
105481 297 
105522 103 
105531 337 
105561 1653 
105609 2413 
105622 47 
105630 22 
105664 19 
105718 261 
105727 145 
105761 140 
105787 248 
105826 86 
105846 17 
105864 99 
105905 186 
105913 42 
105930 11 
105938 1184 
105949 60 
105984 113 
106061 33 
106070 71 
106123 100 
106139 191 
106161 100 
106272 77 
106359 74 
106397 45 
106401 1187 
106437 865 
106470 208 
106492 287 
106543 78 
106590 80 
106620 130 
106696 129 
106697 34 
106711 209 
106716 49 
106791 173 
106820 846 
107136 139 
107138 107 
107160 66 
107200 41 
107228 48 
107239 36 
107608 30 
107630 24 
107647 226 
107703 331 
107777 109 
107832 37 
107897 85 
107956 105 
108136 43 
108162 59 
108261 141 
108365 75 
108454 232 
108589 110 
108651 194 
108679 62 
108699 39 
108793 457 
108823 259 
108826 102 
108887 176 
108901 13 
108914 74 
109010 103 
109089 25 
109289 85 
109395 131 
109426 152 
109481 269 
109602 176 
109631 253 
109635 101 
109838 65 
110420 83 
110445 9 
110481 35 
110663 7 
110813 111 
111422 139 
111709 5 
111711 90 
111829 120 
112337 2377 
112366 976 
112452 39 
112524 471 
112587 49 
112687 81 
112793 137 
112906 737 
113020 25 
113162 234 
113260 54 
113393 43 
113409 423 
113559 27 
113785 385 
113874 841 
113943 452 
114591 284 
114779 15 
114842 457 
115050 132 
116021 145 
116125 13 
116439 9 
116519 89 
116815 56 
117582 17 
117648 103 
117694 34 
118260 154 
118711 225 
118814 116 
119150 814 
119250 74 
119448 277 
119704 42 
120353 106 
120797 332 
121297 47 
121679 538 
121821 220 
121867 641 
122665 128 
122973 19 
123614 184 
123848 100 
125128 563 
127658 458 
128325 215 
129042 240 
129367 537 
129457 159 
132476 17 
133382 138 
133799 147 
133804 616 
134367 45 
134438 320 
134803 113 
134908 198 
134908 198 
136171 64 
136178 139 
136231 50 
136718 189 
137168 314 
137846 69 
138359 70 
138453 135 
138568 751 
139235 69 
139425 101 
139739 271 
140434 124 
140453 103 
140728 105 
140899 150 
141299 34 
141615 47 
141624 6 
141731 113 
142530 72 
143201 42 
143269 7 
143596 276 
144235 209 
144278 888 
144278 888 
144294 942 
144375 170 
144404 736 
144437 15 
144454 734 
145339 377 
145418 94 
145614 131 
145788 685 
146089 4 
146465 312 
147621 85 
147659 24 
147667 492 
147718 192 
147841 167 
148750 52 
149356 31 
149447 270 
149473 183 
150078 96 
150078 96 
150156 75 
150584 39 
150646 167 
150668 62 
151627 17 
152131 64 
152287 65 
152767 12 
152923 394 
152929 28 
153391 62 
153736 14 
154246 221 
155227 56 
156357 65 
156703 512 
157965 84 
158699 17 
159927 256 
160351 52 
160397 593 
160885 494 
161166 79 
161593 481 
161868 419 
161977 457 
163017 571 
163265 124 
164192 100 
164304 525 
164620 185 
164640 988 
165029 416 
165428 149 
165602 230 
167102 19 
167404 53 
168068 630 
168196 227 
168353 229 
169069 214 
169221 49 
169701 778 
169731 252 
170488 14 
170892 45 
171749 129 
172184 146 
172231 155 
174034 2705 
174858 24 
174864 83 
176709 22 
182162 2281 
182190 984 
182282 1305 
184614 132 
185863 61 
186233 398 
186659 157 
187857 470 
188829 44 
190088 43 
190103 152 
191866 102 
191990 122 
192246 686 
192310 695 
192394 263 
192397 4074 
192402 106 
192415 573 
192428 247 
192436 410 
192529 55 
192586 161 
193276 84 
194774 105 
194958 90 
195086 159 
195600 239 
196853 327 
196893 246 
196917 322 
197248 266 
197265 1279 
197284 88 
197325 377 
197342 369 
197361 57 
197369 478 
197510 198 
197572 167 
197654 78 
197667 29 
197859 194 
197900 534 
197913 351 
198043 55 
198160 480 
198216 114 
198219 141 
198225 191 
199514 57 
200026 74 
203761 37 
210739 377 
218374 193 
218810 39 
219873 195 
219975 75 
221122 31 
222385 91 
223881 291 
225068 211 
225200 1456 
225305 1126 
225434 465 
225437 320 
225508 105 
225677 1517 
225759 1329 
225862 769 
225886 838 
225970 99 
226332 287 
226680 123 
226712 52 
226944 108 
227098 233 
227288 307 
227577 35 
227775 156 
228212 487 
228811 88 
231791 178 
232580 474 
232664 172 
236240 41 
236355 4138 
236512 161 
236573 273 
237166 56 
237312 232 
237718 196 
238216 114 
240385 134 
240385 134 
240636 325 
240814 110 
240927 54 
241059 34 
241238 278 
247152 8 
267010 306 
271083 28 
272393 106 
275607 1624 
278955 18 
282692 38 
307769 487 
338266 46 
359813 238 
371502 606 
387666 1293 
395249 155 
399308 53 
400011 170 
402664 148 
404549 48 
415218 203 
418821 88 
450072 665 
450134 391 
452118 615 
452813 36 
452882 658 
455674 101 
576183 54 
