8228 1.02083333333
0 13199615 
7 2281 
7 337 
9 204 
10 822 
10 2848 
10 48 
11 791 
11 1110 
11 1497 
11 1459 
12 760 
12 383 
13 127 
14 624 
14 7254 
14 199 
14 98 
15 1276 
16 1335 
17 167 
17 553 
18 1300 
18 94 
18 49 
18 2047 
18 1272 
19 400 
19 1216 
19 55 
19 477 
19 885 
20 236 
20 775 
20 343 
20 1146 
21 164 
21 422 
22 2735 
22 126 
23 899 
23 3207 
24 9 
24 1073 
24 3172 
24 121 
24 564 
24 98 
24 290 
24 1604 
24 381 
25 4 
25 301 
25 273 
25 201 
25 2352 
25 4291 
25 0 
25 511 
25 15 
26 2044 
26 1466 
26 476 
27 11 
27 293 
27 470 
27 263 
27 147 
27 516 
27 176 
28 495 
28 127 
28 331 
28 503 
28 228 
29 228 
29 870 
29 170 
29 8251 
30 330 
30 1032 
30 33 
30 90 
30 483 
30 126 
31 1320 
31 112 
31 1268 
31 96 
31 208 
31 1730 
31 212 
31 115 
32 1976 
32 936 
32 1118 
32 1707 
32 1803 
32 2290 
33 544 
33 190 
33 252 
33 1413 
33 2375 
33 1020 
33 1556 
33 29 
33 27 
34 1675 
34 306 
34 88 
34 251 
35 1295 
35 1648 
35 519 
35 84 
35 1033 
36 2928 
36 435 
36 616 
36 169 
36 33899 
36 1 
36 859 
36 62 
37 2854 
37 120 
37 406 
39 483 
39 202 
39 2686 
39 743 
39 185 
39 696 
40 5630 
40 1262 
40 1035 
40 159 
41 437 
41 18 
41 1193 
41 1514 
41 5517 
41 729 
41 187 
42 265 
42 64 
42 228 
42 484 
42 2123 
43 1569 
43 187 
43 415 
43 1633 
43 90 
43 140 
43 591 
43 27 
44 2708 
44 2045 
44 731 
44 71 
44 1267 
44 1891 
45 104 
45 22660 
45 1297 
45 66 
46 2199 
46 182 
46 1088 
46 113 
46 204 
47 972 
47 408 
47 1238 
47 488 
47 777 
47 1565 
48 1 
48 185 
48 116 
48 154 
48 324 
48 2291 
48 53 
49 3138 
49 487 
49 706 
50 88 
50 78 
51 824 
51 11 
52 144 
52 505 
52 82 
52 393 
53 602 
53 75 
53 996 
53 714 
53 216 
54 305 
54 1744 
55 29 
55 707 
55 85 
55 1346 
55 604 
55 159 
55 464 
55 140 
56 229 
56 1432 
56 403 
56 0 
56 3681 
56 180 
56 1225 
57 455 
57 185 
57 79 
57 101 
58 125 
58 820 
58 296 
58 1335 
58 14 
58 1161 
59 335 
59 1530 
59 17 
59 31159 
59 494 
60 366 
60 1760 
60 759 
60 173 
60 438 
61 1939 
61 2705 
61 137 
61 4787 
61 122 
62 625 
62 410 
63 110 
63 376 
63 514 
63 49 
63 5427 
63 148 
64 151 
65 998 
65 694 
65 516 
65 334 
65 303 
65 3025 
65 696 
65 583 
66 969 
66 2247 
66 3218 
67 2 
67 2313 
67 239 
67 134 
67 31 
68 2919 
68 2572 
68 47 
68 6 
69 6321 
69 807 
69 117 
69 60 
69 175 
70 37 
70 139 
70 294 
70 1009 
70 2572 
70 242 
71 315 
71 408 
71 163 
71 92 
71 412 
71 119 
72 129 
72 1314 
72 8349 
72 115 
72 230 
73 272 
73 436 
74 1376 
74 162 
74 43 
74 52 
75 519 
75 908 
75 1143 
75 2107 
76 146 
76 1103 
76 832 
77 359 
77 163 
78 398 
78 895 
78 572 
79 159 
79 1335 
79 772 
79 2201 
79 12 
79 502 
79 75 
79 216 
79 128 
79 186 
80 2471 
80 9 
80 248 
81 4145 
81 181 
81 326 
81 737 
82 555 
82 1115 
82 266 
82 90 
82 563 
82 891 
82 1720 
83 566 
83 935 
83 64 
83 258 
83 237 
83 1838 
84 266 
85 1223 
85 1722 
86 102 
87 1659 
87 253 
87 39 
88 5634 
89 1115 
89 2612 
89 83 
90 2549 
90 326 
90 484 
90 558 
90 562 
90 709 
90 260 
90 1665 
91 104 
91 131 
91 1896 
91 60 
91 238 
91 20 
91 320 
91 162 
92 47 
92 1321 
92 307 
92 89 
93 2885 
93 250 
93 1436 
93 68 
94 151 
94 83 
94 22 
94 784 
94 116 
95 1137 
95 1448 
95 189 
95 129 
96 1228 
96 2322 
96 5 
96 455 
96 261 
96 209 
97 557 
97 100 
98 1139 
98 2182 
98 26 
98 3294 
98 1472 
98 240 
99 143 
99 1539 
99 1349 
100 645 
100 1982 
100 170 
101 821 
102 7792 
102 1261 
102 523 
102 3420 
103 1332 
103 780 
103 1598 
104 8358 
105 29 
105 92 
105 135 
105 82 
105 67 
105 1967 
106 8677 
107 370 
107 118 
107 500 
107 235 
107 428 
108 275 
108 1363 
108 11 
108 51 
109 252 
110 136 
110 1238 
111 59 
111 1341 
111 222 
111 683 
111 821 
112 547 
112 316 
112 620 
112 35 
113 170 
114 55 
114 1471 
116 4738 
116 19 
117 227 
118 68 
118 155 
119 363 
119 207 
119 8 
119 124 
119 64 
120 1603 
121 22 
121 3069 
121 1688 
122 148 
122 30 
122 66 
123 93 
123 924 
124 64 
124 20105 
124 15 
125 48 
125 310 
125 1141 
126 526 
126 2089 
127 593 
128 939 
128 1146 
128 1103 
128 457 
129 315 
129 543 
130 2089 
130 2725 
131 138 
131 25 
131 327 
131 648 
131 52 
131 84 
132 621 
132 918 
133 1243 
134 209 
134 74 
134 671 
135 75 
135 191 
137 955 
137 204 
138 765 
138 250 
138 319 
138 182 
139 310 
139 364 
140 451 
140 1151 
140 497 
140 314 
142 757 
143 133 
143 834 
143 14602 
144 141 
144 383 
145 1446 
145 559 
145 73 
146 343 
146 1732 
146 585 
147 199 
147 2362 
147 143 
149 139 
149 1157 
149 278 
149 178 
149 69 
149 267 
149 109 
149 229 
150 1098 
150 170 
150 1607 
150 802 
150 340 
152 589 
153 1302 
153 243 
153 511 
154 21 
155 187 
155 15 
155 27 
156 745 
156 687 
157 1675 
157 275 
158 34 
159 58 
160 179 
160 386 
160 422 
161 2014 
161 238 
162 1686 
162 112 
163 213 
163 1733 
164 87 
164 22 
164 2 
165 259 
165 61 
166 1865 
167 1093 
167 1178 
167 190 
167 290 
168 5101 
169 766 
170 1618 
170 2126 
171 447 
171 108 
171 1502 
171 415 
171 348 
172 836 
172 224 
172 2434 
173 57 
175 3523 
175 594 
176 231 
176 139 
177 139 
178 617 
179 2104 
179 277 
180 833 
180 242 
181 11 
182 1526 
183 6 
183 764 
184 1420 
185 1358 
185 231 
185 848 
185 463 
188 645 
188 1176 
190 163 
190 125 
191 180 
191 1671 
192 705 
193 1035 
194 237 
195 536 
196 1592 
197 4240 
197 745 
198 261 
198 149 
198 3841 
199 90 
200 1773 
200 64 
200 2797 
201 2046 
202 80 
202 611 
202 8 
203 4 
203 71 
204 1419 
205 641 
206 167 
206 197 
209 6544 
209 2350 
210 39 
210 486 
210 999 
210 16 
210 942 
211 20 
211 125 
212 707 
213 1533 
214 1265 
214 36 
214 704 
215 267 
215 45 
217 1631 
218 1131 
218 440 
219 5140 
220 149 
221 10171 
222 56 
222 704 
222 767 
223 373 
223 557 
225 701 
225 321 
225 1315 
226 88 
227 1004 
227 0 
228 1980 
229 131 
229 1134 
229 721 
229 1600 
229 366 
231 396 
231 375 
232 45 
233 843 
233 247 
234 28 
234 147 
235 403 
235 1106 
235 10300 
235 1990 
237 153 
238 191 
238 101 
240 807 
241 1 
241 136 
243 1123 
243 89 
244 598 
244 198 
245 121 
247 1231 
248 62 
250 137 
252 711 
255 31 
255 577 
256 576 
256 880 
257 949 
258 27 
258 371 
259 1219 
259 63 
261 764 
261 1261 
261 857 
261 907 
262 910 
262 6 
262 13167 
263 1191 
264 147 
264 123 
265 816 
266 4260 
266 281 
267 938 
267 265 
268 138 
269 3223 
269 1871 
270 63 
273 23 
273 1332 
273 24 
274 812 
274 16 
275 674 
275 850 
277 536 
277 3501 
278 1988 
279 394 
281 24 
281 430 
281 6 
283 277 
283 343 
283 23684 
284 1737 
285 60 
285 221 
288 596 
288 119 
288 1444 
290 616 
290 193 
292 946 
292 1174 
293 2408 
294 1348 
295 250 
295 667 
295 992 
297 93 
297 472 
298 594 
298 1063 
298 140 
300 3036 
303 699 
303 92 
305 4220 
305 1425 
306 396 
306 277 
306 1459 
307 1457 
307 1037 
309 231 
310 1626 
311 426 
312 88 
312 452 
313 3596 
315 44 
317 272 
319 1064 
320 118 
321 554 
322 61 
324 1207 
324 518 
325 132 
326 113 
326 2247 
328 106 
330 466 
332 1014 
332 2388 
332 1858 
332 815 
333 31 
333 324 
334 1037 
336 849 
337 758 
337 216 
339 489 
339 317 
339 14 
339 760 
340 737 
340 1776 
342 484 
342 11 
344 488 
345 441 
345 153 
345 304 
347 1015 
348 6269 
349 1833 
349 392 
350 1284 
350 989 
352 1742 
352 81 
356 233 
358 681 
358 425 
359 274 
359 328 
359 348 
361 2047 
362 847 
362 147 
362 466 
363 4105 
364 712 
364 5 
365 240 
365 531 
367 551 
367 91 
371 578 
371 444 
372 2771 
372 9244 
376 451 
377 294 
379 155 
379 151 
380 991 
380 186 
381 1304 
381 94 
381 993 
381 29576 
382 950 
382 1060 
383 193 
384 3380 
385 1671 
386 863 
386 1656 
386 1812 
387 5583 
387 402 
387 14 
388 477 
388 350 
389 2812 
389 675 
390 2373 
391 740 
391 307 
391 1767 
396 3280 
396 2273 
397 194 
399 112 
402 1513 
402 815 
403 221 
404 170 
405 366 
406 737 
406 77 
407 649 
407 367 
408 867 
409 92 
409 1095 
410 245 
412 340 
412 925 
415 363 
416 1589 
416 287 
416 126 
416 59 
417 1190 
417 713 
417 308 
417 870 
418 397 
419 825 
422 1375 
422 3673 
422 1766 
423 61 
423 12 
425 60 
426 1788 
427 27864 
427 314 
429 1793 
431 1947 
431 2420 
433 125 
436 430 
436 105 
436 176 
438 2500 
439 266 
439 392 
440 714 
440 1 
443 965 
444 290 
445 243 
445 1711 
446 672 
447 857 
449 2031 
450 220 
452 952 
453 3879 
455 3147 
455 861 
458 276 
458 8209 
462 3223 
463 794 
464 1864 
464 672 
464 2770 
468 104 
471 196 
475 5581 
477 1629 
478 1542 
481 105 
482 586 
482 270 
483 323 
485 1481 
490 496 
490 356 
492 1034 
493 163 
493 2425 
494 245 
496 355 
496 894 
498 94 
499 251 
501 280 
504 153 
505 1192 
506 5104 
510 330 
510 3492 
511 367 
513 753 
513 320 
513 642 
514 176 
515 18 
519 1224 
520 831 
522 322 
523 231 
523 876 
523 49 
525 110 
526 124 
531 229 
531 1 
535 1526 
536 89 
542 252 
545 15 
547 565 
547 647 
548 1807 
548 520 
549 892 
550 486 
551 41 
553 75 
556 3033 
557 1721 
558 109 
558 385 
560 456 
562 9072 
564 1396 
564 241 
567 1107 
568 2829 
568 12 
577 261 
578 2849 
580 92 
581 514 
581 919 
582 10156 
584 702 
586 1826 
586 3266 
590 845 
595 677 
596 169 
602 382 
602 1186 
604 1346 
604 750 
604 159 
609 1061 
613 253 
615 984 
617 149 
618 101 
620 173 
623 303 
624 2108 
625 145 
626 44 
629 672 
633 46 
633 46 
634 235 
634 235 
637 897 
637 897 
638 85 
638 85 
642 978 
642 978 
642 155 
642 639 
642 639 
642 155 
643 1322 
643 1322 
646 55 
646 55 
647 26 
647 26 
648 8049 
648 216 
648 8049 
648 378 
648 852 
648 216 
648 378 
648 852 
650 355 
650 355 
652 667 
652 667 
654 186 
654 186 
657 226 
657 226 
657 207 
657 207 
658 1035 
658 1035 
659 1669 
659 1669 
663 863 
663 863 
667 972 
667 972 
670 1685 
670 1685 
673 306 
673 306 
675 31 
675 31 
675 71 
675 71 
681 1685 
681 1024 
681 1685 
681 1024 
684 741 
684 741 
687 117 
687 199 
687 199 
687 117 
689 337 
689 337 
690 424 
690 424 
692 260 
692 260 
694 1839 
694 285 
697 226 
698 82636 
699 383 
699 49 
699 3744 
701 5 
705 613 
706 1473 
711 1627 
712 553 
716 1380 
718 1188 
718 416 
718 15 
719 259 
720 617 
720 892 
722 2061 
722 187 
722 52 
724 472 
724 1800 
724 249 
725 176 
726 684 
728 163 
728 189 
728 1479 
731 770 
732 2203 
733 1236 
735 1460 
737 12003 
742 527 
743 136 
744 1973 
750 414 
750 94 
751 322 
752 147 
753 786 
754 86 
756 930 
756 80 
757 282 
759 1255 
770 256 
772 3366 
775 844 
776 82 
777 1560 
777 119 
777 794 
779 3596 
782 144 
788 477 
789 460 
793 252 
796 747 
799 226 
801 1516 
803 7826 
804 879 
808 1617 
810 1213 
810 1213 
821 173 
824 451 
824 6 
825 5158 
828 1229 
831 1382 
835 175 
835 1043 
835 245 
837 161 
845 1407 
854 210 
856 205 
856 900 
860 86 
865 354 
867 1233 
867 10624 
868 1364 
872 187 
878 5221 
880 162 
882 14473 
885 741 
887 1449 
890 212 
891 344 
892 247 
901 94 
901 243 
902 124 
909 1194 
909 2319 
910 746 
912 3323 
914 3329 
926 1230 
926 110 
929 201 
933 260 
934 167 
937 33 
937 148 
938 481 
939 753 
940 557 
940 647 
941 22 
942 734 
942 905 
943 1044 
948 658 
948 1498 
949 2017 
954 764 
964 713 
966 402 
970 96 
971 822 
973 629 
976 1027 
977 292 
978 1112 
978 1803 
980 209 
980 301 
982 1114 
984 217 
984 650 
984 25 
984 270 
984 401 
987 2033 
988 295 
988 7462 
990 405 
991 645 
991 92 
992 357 
992 24 
993 416 
996 349 
1000 59 
1001 63 
1008 618 
1009 598 
1010 333 
1013 377 
1016 77 
1021 279 
1023 16 
1024 3134 
1027 23 
1027 1837 
1037 3954 
1042 2694 
1043 766 
1045 1068 
1048 1134 
1053 1931 
1059 664 
1061 28 
1064 166 
1064 24 
1070 635 
1070 863 
1073 2197 
1073 1287 
1074 913 
1074 548 
1077 2306 
1077 225 
1080 510 
1082 15100 
1083 306 
1084 54 
1085 1390 
1088 1262 
1093 33846 
1101 154 
1102 65 
1103 65 
1107 70 
1110 1468 
1110 2083 
1111 319 
1114 6070 
1118 89 
1120 84 
1123 5249 
1124 142 
1125 719 
1128 6383 
1139 629 
1140 75 
1141 4594 
1143 318 
1148 423 
1149 907 
1149 175 
1152 1980 
1153 281 
1154 511 
1155 681 
1157 728 
1157 254 
1158 3758 
1159 372 
1160 38 
1161 7810 
1162 739 
1170 1628 
1170 538 
1171 82 
1174 249 
1175 1420 
1179 1204 
1185 1478 
1186 827 
1188 4548 
1189 581 
1190 169 
1193 85 
1195 1018 
1196 159 
1197 10 
1198 1356 
1202 1652 
1210 297 
1213 188 
1216 755 
1222 130 
1226 1567 
1227 1795 
1228 39 
1233 1331 
1235 364 
1236 617 
1238 1004 
1249 98 
1251 1564 
1252 287 
1254 120 
1266 32 
1269 61 
1269 728 
1274 1209 
1275 607 
1285 343 
1286 423 
1288 595 
1289 529 
1291 450 
1291 816 
1291 2174 
1305 3237 
1306 4586 
1306 580 
1309 304 
1311 971 
1314 199 
1316 1143 
1318 5 
1319 8256 
1322 117 
1325 1992 
1325 239 
1333 123 
1334 409 
1335 1044 
1338 101 
1349 37 
1351 2745 
1354 7650 
1354 138 
1358 104 
1359 869 
1361 882 
1365 1459 
1365 1122 
1366 62 
1378 380 
1380 939 
1383 896 
1384 1366 
1386 429 
1386 78 
1386 103 
1387 386 
1388 166 
1394 1011 
1397 971 
1398 8 
1400 277 
1406 2543 
1407 588 
1413 68 
1415 58 
1417 88 
1423 94 
1423 4550 
1430 346 
1432 150 
1448 804 
1449 94 
1449 1174 
1451 1083 
1452 496 
1452 10 
1453 9411 
1462 1874 
1467 662 
1468 2053 
1474 132 
1477 561 
1479 1759 
1485 1950 
1488 1038 
1489 129 
1497 54 
1497 112 
1499 205 
1501 1091 
1501 645 
1502 2582 
1507 1102 
1509 1217 
1511 241 
1517 10807 
1524 2036 
1526 34 
1527 2251 
1533 746 
1535 414 
1535 1440 
1546 150 
1557 92 
1561 876 
1572 452 
1575 83 
1578 158 
1582 654 
1588 4034 
1594 1608 
1595 489 
1599 1327 
1600 393 
1622 33 
1623 1575 
1623 1475 
1629 1161 
1631 3 
1632 49 
1634 1233 
1635 738 
1640 245 
1644 711 
1651 2647 
1652 41 
1656 3224 
1657 400 
1658 1073 
1662 1592 
1668 886 
1668 34 
1673 1611 
1679 141 
1686 475 
1687 376 
1698 534 
1698 7849 
1704 492 
1705 899 
1710 120 
1710 8 
1715 2710 
1719 374 
1721 117 
1721 192 
1731 677 
1748 1056 
1753 155 
1755 289 
1755 29 
1757 353 
1758 4 
1765 10028 
1769 3481 
1771 236 
1778 503 
1783 847 
1804 64 
1804 1266 
1807 207 
1810 766 
1811 809 
1816 2078 
1817 4061 
1825 250 
1826 336 
1829 166 
1831 363 
1831 406 
1832 1146 
1843 587 
1849 603 
1850 1258 
1852 24 
1853 470 
1856 218 
1862 425 
1865 1823 
1878 572 
1879 1037 
1879 667 
1893 713 
1896 280 
1901 4 
1908 408 
1911 2201 
1916 211 
1916 654 
1927 646 
1928 473 
1931 82 
1941 711 
1945 8768 
1946 1456 
1968 275 
1968 835 
1971 10557 
1971 119 
1975 140 
1975 429 
1978 267 
1987 816 
1992 470 
1996 265 
2005 193 
2012 3057 
2021 142 
2022 1287 
2032 798 
2035 6063 
2038 66 
2041 1379 
2044 674 
2058 161 
2066 98 
2071 21 
2075 1117 
2075 3924 
2080 571 
2102 1391 
2115 234 
2119 401 
2125 193 
2140 1019 
2142 18 
2143 462 
2149 993 
2155 300 
2162 447 
2166 24 
2168 842 
2169 2 
2172 300 
2173 164 
2175 376 
2178 15 
2181 913 
2182 137 
2184 92 
2191 1773 
2194 0 
2202 813 
2205 415 
2209 347 
2211 6383 
2215 627 
2216 806 
2221 283 
2224 3828 
2226 2124 
2228 975 
2230 3828 
2232 709 
2233 256 
2233 501 
2241 1120 
2269 305 
2276 1368 
2278 294 
2280 7332 
2280 376 
2288 616 
2293 1357 
2294 232 
2296 259 
2311 184 
2315 117 
2326 415 
2328 9992 
2330 6 
2333 175 
2348 1101 
2353 138 
2354 467 
2366 335 
2368 1456 
2371 265 
2373 380 
2375 490 
2381 1215 
2384 46 
2386 802 
2392 347 
2399 2541 
2408 1035 
2409 940 
2429 1067 
2433 824 
2439 628 
2439 1050 
2440 1159 
2442 1296 
2442 22791 
2445 209 
2461 564 
2462 676 
2464 1438 
2465 1242 
2467 59 
2476 212 
2483 9761 
2484 425 
2491 202 
2492 342 
2492 174 
2492 237 
2494 94 
2501 980 
2504 130 
2509 155 
2512 468 
2513 723 
2518 933 
2521 3120 
2525 126 
2532 564 
2535 3 
2537 2495 
2537 835 
2543 12 
2547 153 
2547 2528 
2547 2826 
2556 1957 
2560 8 
2560 1389 
2565 703 
2569 860 
2570 1338 
2573 154 
2579 3368 
2581 208 
2586 447 
2587 232 
2588 789 
2589 434 
2597 136 
2598 782 
2600 373 
2602 969 
2603 400 
2604 737 
2605 148 
2606 897 
2612 168 
2635 230 
2643 683 
2653 1258 
2655 40 
2656 147 
2658 1420 
2659 634 
2667 53 
2682 7 
2686 935 
2686 26 
2691 274 
2697 75 
2701 64 
2709 788 
2710 358 
2712 70 
2714 31 
2715 1505 
2726 1207 
2736 1196 
2742 44 
2746 77 
2759 773 
2763 135 
2765 696 
2766 89 
2774 22 
2775 137 
2781 182 
2798 788 
2801 2622 
2822 2029 
2828 947 
2835 240 
2846 132142 
2853 3696 
2859 4055 
2861 176 
2867 299 
2871 3348 
2875 319 
2890 662 
2892 181 
2893 1972 
2896 537 
2897 127 
2904 414 
2914 116 
2916 21 
2922 754 
2927 490 
2929 161 
2939 206 
2941 607 
2943 261 
2945 1659 
2945 50 
2949 1910 
2952 458 
2955 1501 
2969 971 
2972 708 
2973 26 
2975 167 
2990 516 
2990 34 
2994 170 
2999 648 
3005 82 
3007 458 
3023 1603 
3027 267 
3027 1581 
3033 563 
3037 504 
3037 45 
3040 32 
3042 1555 
3050 671 
3053 2112 
3056 2824 
3057 1122 
3061 2463 
3061 285 
3063 747 
3065 2582 
3066 291 
3077 617 
3079 99 
3086 1141 
3086 288 
3093 825 
3111 92 
3115 273 
3119 296 
3130 3165 
3135 845 
3139 70 
3145 138 
3155 325 
3157 750 
3183 486 
3183 707 
3189 6 
3191 6466 
3194 502 
3200 111 
3204 156 
3213 44 
3218 140 
3219 1287 
3222 1052 
3223 1311 
3236 221 
3246 6 
3250 82 
3255 16 
3260 1038 
3276 1 
3288 1021 
3297 1131 
3305 1214 
3308 3088 
3314 112 
3314 385 
3315 1446 
3327 1432 
3328 53 
3331 1511 
3334 779 
3334 162 
3339 51 
3340 4508 
3340 917 
3343 1032 
3343 550 
3350 544 
3357 2178 
3365 646 
3366 1067 
3381 182 
3384 21 
3400 700 
3407 1268 
3414 379 
3416 502 
3418 259 
3434 81 
3440 547 
3442 857 
3445 825 
3447 2478 
3452 47 
3454 593 
3470 137 
3474 430 
3477 365 
3498 330 
3498 1132 
3527 1227 
3531 987 
3535 288 
3540 597 
3542 4509 
3542 4509 
3548 808 
3559 2205 
3580 161 
3602 210 
3603 46 
3608 352 
3609 224 
3613 1103 
3618 2019 
3625 125 
3634 334 
3635 41 
3636 97 
3636 748 
3653 1428 
3656 395 
3668 233 
3670 769 
3675 421 
3679 66 
3685 1061 
3694 459 
3695 577 
3697 4 
3725 976 
3728 252 
3732 41 
3732 526 
3744 19 
3749 1675 
3751 533 
3753 2728 
3756 2688 
3761 1298 
3766 1284 
3778 1829 
3789 175 
3790 1300 
3804 864 
3812 233 
3812 5914 
3819 277 
3823 207 
3832 214 
3845 91 
3847 1313 
3848 793 
3851 1117 
3857 119 
3857 934 
3860 247 
3862 1616 
3863 848 
3864 943 
3865 1363 
3869 24 
3886 492 
3888 476 
3897 773 
3900 634 
3906 6239 
3907 415 
3909 25 
3913 742 
3917 348 
3919 803 
3920 184 
3933 254 
3937 680 
3938 287 
3940 360 
3944 454 
3947 70 
3947 180 
3951 21 
3954 741 
3959 136 
3965 1402 
3967 1445 
3967 277 
3968 48 
3980 465 
3980 1147 
4011 138 
4017 1230 
4020 450 
4037 1008 
4041 451 
4047 1245 
4049 79 
4063 620 
4072 23 
4089 301 
4093 101 
4097 4839 
4098 850 
4103 86 
4109 2796 
4111 109 
4132 640 
4133 153 
4141 43 
4146 563 
4158 83 
4167 1776 
4169 994 
4170 35 
4172 578 
4183 62 
4203 844 
4203 61 
4206 376 
4206 6556 
4207 716 
4207 696 
4214 326 
4215 464 
4216 1657 
4228 408 
4234 3439 
4234 1715 
4234 122 
4237 260 
4239 1738 
4241 1247 
4252 944 
4252 1689 
4257 5190 
4267 152 
4270 301 
4277 160 
4291 177 
4296 97 
4303 59 
4320 34 
4326 113 
4335 1015 
4339 11 
4349 111 
4353 15 
4357 225 
4360 396 
4371 1194 
4387 572 
4389 148 
4401 37 
4407 58 
4412 933 
4423 1714 
4435 867 
4437 167 
4444 68 
4457 156 
4464 1245 
4466 105 
4466 588 
4466 407 
4467 1017 
4468 652 
4470 762 
4475 189 
4477 5994 
4479 8891 
4482 773 
4494 1570 
4496 329 
4504 1401 
4521 36 
4544 788 
4551 628 
4551 595 
4555 118 
4564 880 
4572 259 
4578 190 
4578 59 
4580 310 
4590 2022 
4590 63 
4595 307 
4600 158 
4610 850 
4636 82 
4645 2120 
4651 267 
4652 734 
4662 485 
4664 1183 
4670 811 
4679 1279 
4684 1256 
4692 447 
4702 1292 
4703 464 
4714 88 
4721 0 
4729 22 
4743 462 
4744 685 
4745 196 
4746 1485 
4748 424 
4749 14 
4754 1029 
4763 1352 
4769 229 
4783 779 
4808 1291 
4814 289 
4821 1007 
4823 2928 
4831 1356 
4853 66 
4861 8391 
4862 580 
4879 206 
4893 158 
4914 2141 
4930 271 
4934 102 
4934 2570 
4937 1026 
4939 72 
4946 1 
4948 109 
4954 359 
4956 81 
4966 11086 
4973 6755 
4974 789 
4977 92 
4985 278 
4997 468 
5006 226 
5012 701 
5014 378 
5016 1093 
5017 932 
5033 2350 
5034 299 
5039 1615 
5039 170 
5046 579 
5077 1783 
5106 416 
5107 743 
5127 182 
5128 1040 
5132 192 
5149 2480 
5149 1607 
5152 660 
5155 11 
5165 809 
5166 822 
5174 890 
5179 908 
5182 359 
5183 845 
5192 795 
5193 1475 
5205 514 
5206 2989 
5215 1159 
5222 159 
5222 138 
5232 351 
5237 916 
5244 773 
5250 586 
5254 199 
5255 128 
5262 500 
5268 1295 
5279 1491 
5287 94 
5291 344 
5316 51 
5320 1339 
5324 2115 
5338 1267 
5352 202 
5357 1391 
5360 246 
5382 450 
5385 295 
5389 606 
5390 2419 
5390 418214 
5393 677 
5404 20 
5414 1063 
5421 1718 
5430 127 
5442 137 
5455 117 
5461 945 
5463 9175 
5465 226 
5477 73 
5480 233 
5486 222 
5502 716 
5503 264 
5520 1826 
5527 2608 
5533 12 
5534 232 
5536 147 
5546 314 
5556 906 
5565 1 
5583 348 
5585 1220 
5586 170 
5610 567 
5620 14808 
5630 565 
5635 374 
5643 1196 
5648 569 
5661 1926 
5666 398 
5667 1002 
5684 169 
5692 1633 
5695 1393 
5700 533 
5705 664 
5706 168 
5709 1211 
5709 42 
5728 1489 
5740 2167 
5744 1364 
5748 193 
5752 610 
5754 0 
5756 1280 
5764 260 
5769 655 
5773 73 
5780 780 
5788 705 
5790 469 
5797 1507 
5809 243 
5811 65 
5826 1487 
5826 1596 
5832 112 
5851 855 
5888 501 
5896 53 
5896 697 
5901 1043 
5905 61 
5909 65 
5911 2734 
5927 588 
5929 187 
5936 119 
5936 1497 
5938 1545 
5941 213 
5942 372 
5942 469 
5945 2010 
5951 236 
5953 327 
5956 55 
5956 2102 
5969 112 
5977 1000 
5981 2063 
5985 970 
5990 762 
5992 218 
5995 856 
6005 481 
6023 1055 
6038 399 
6045 125 
6045 1411 
6050 1235 
6063 40 
6066 243 
6070 1646 
6089 3249 
6102 608 
6104 421 
6109 79 
6111 28 
6114 447 
6120 56 
6120 145 
6123 277 
6132 107 
6143 1711 
6161 52 
6166 67 
6173 1290 
6173 184 
6177 690 
6189 603 
6192 802 
6196 1048 
6202 1848 
6213 3578 
6223 540 
6236 85 
6237 1022 
6239 602 
6252 1166 
6260 76 
6283 1248 
6285 594 
6286 1261 
6300 169 
6306 1194 
6317 667 
6317 6486 
6318 1964 
6334 153 
6341 245 
6354 432 
6355 158 
6360 2136 
6360 953 
6362 31 
6393 376 
6394 1090 
6405 756 
6423 1774 
6438 121 
6445 543 
6450 445 
6463 4713 
6478 999 
6491 1650 
6497 805 
6509 56 
6514 1291 
6519 1209 
6523 494 
6526 220 
6528 10 
6528 1148 
6530 950 
6543 7 
6543 1026 
6544 1844 
6564 11989 
6577 737 
6582 1559 
6583 5520 
6586 510 
6592 341 
6603 525 
6604 397 
6606 205 
6606 222 
6619 42 
6626 147 
6648 683 
6648 164 
6657 1024 
6675 314 
6682 281 
6684 189 
6694 174 
6696 8239 
6702 3216 
6705 159 
6711 84 
6715 503 
6722 180 
6738 253 
6739 485 
6748 942 
6755 840 
6758 129 
6759 99 
6774 2065 
6785 670 
6788 203 
6788 136 
6797 204 
6807 713 
6809 423 
6824 379 
6829 339 
6831 166 
6833 291 
6837 249 
6843 1181 
6847 348 
6851 3759 
6874 581 
6886 352 
6899 877 
6909 665 
6936 306 
6938 1535 
6944 57 
6946 1676 
6953 1457 
6967 87 
6971 477 
6987 109 
6990 1861 
7021 65 
7021 1138 
7026 713 
7036 2400 
7039 293 
7040 154 
7047 443 
7050 401 
7054 2488 
7056 73 
7084 1888 
7085 518 
7091 521 
7097 692 
7097 840 
7153 803 
7172 1 
7186 3457 
7189 637 
7196 1621 
7217 293 
7217 37 
7222 131 
7223 602 
7231 972 
7233 1126 
7253 3701 
7270 802 
7271 167 
7272 5324 
7277 23 
7283 217 
7294 70 
7296 110 
7298 542 
7301 745 
7303 1237 
7325 165 
7326 1506 
7326 955 
7334 98 
7341 363 
7355 1209 
7363 1161 
7373 208 
7377 255 
7393 411 
7399 399 
7399 628 
7402 2386 
7404 374 
7404 1813 
7427 322 
7431 786 
7445 604 
7452 577 
7453 8521 
7456 1485 
7458 62 
7468 1305 
7481 4012 
7481 474 
7490 542 
7493 451 
7495 696 
7500 859 
7502 292 
7507 38 
7519 1072 
7520 137 
7520 81 
7532 141 
7538 2353 
7545 1396 
7595 208 
7603 7384 
7606 579 
7642 1649 
7674 288 
7690 2369 
7717 95 
7720 515 
7721 134 
7775 5145 
7777 291 
7783 881 
7797 7717 
7815 306 
7815 1754 
7819 13498 
7823 796 
7825 1054 
7844 1634 
7850 405 
7860 59 
7864 385 
7864 1025 
7868 155 
7877 32 
7889 337 
7907 252 
7913 1664 
7945 1685 
7952 694 
7969 921 
7969 753 
7971 529 
7983 810 
7989 153 
7990 302 
7991 191 
8009 403 
8021 910 
8026 2780 
8032 13429 
8052 583 
8058 326 
8077 860 
8094 1142 
8094 110 
8102 359 
8113 352 
8114 1099 
8118 258 
8122 51 
8123 290 
8131 324 
8134 1430 
8139 1657 
8148 1123 
8154 2026 
8168 238 
8176 219 
8186 578 
8203 382 
8225 375 
8227 1214 
8229 2 
8230 81 
8235 385 
8239 872 
8241 300 
8243 293 
8248 398 
8250 646 
8262 1367 
8269 7590 
8271 326 
8295 1334 
8297 641 
8300 1039 
8314 64 
8325 145 
8374 231 
8376 1317 
8396 7686 
8407 25 
8417 240 
8422 916 
8432 572 
8444 639 
8452 1356 
8454 90 
8461 1054 
8470 1607 
8473 840 
8479 1475 
8497 2042 
8501 1490 
8505 5 
8508 968 
8537 3474 
8546 2022 
8546 3944 
8548 43 
8561 1039 
8585 1053 
8586 115 
8598 4363 
8606 51 
8613 880 
8623 43 
8632 72 
8653 664 
8662 4578 
8715 14932 
8722 37 
8744 85 
8762 46 
8775 481 
8789 1245 
8814 1000 
8833 261 
8843 2485 
8877 205 
8889 927 
8899 662 
8901 14 
8903 2583 
8906 556 
8931 838 
8947 1341 
8966 900 
8970 284 
8981 5360 
8984 1246 
8987 86 
8990 388 
8994 2462 
9020 1552 
9031 357 
9037 932 
9039 19 
9043 1042 
9044 1316 
9092 845 
9099 47 
9099 602 
9099 698 
9110 29 
9134 737 
9153 139 
9165 16104 
9192 2824 
9215 23 
9215 102 
9227 1475 
9239 482 
9243 339 
9245 3120 
9253 52 
9256 275 
9257 637 
9267 2115 
9279 238 
9279 119 
9282 429 
9284 171 
9297 898 
9303 655 
9310 1077 
9312 285 
9322 1348 
9323 312 
9327 618 
9328 1307 
9332 166 
9336 774 
9351 805 
9353 116 
9355 268 
9365 819 
9371 764 
9373 732 
9387 1047 
9394 641 
9398 33 
9403 398 
9411 504 
9418 292 
9434 306 
9455 1635 
9456 764 
9460 359 
9460 1365 
9463 1214 
9466 458 
9484 1079 
9485 27 
9506 1269 
9515 364 
9533 229 
9538 8 
9543 284 
9545 327 
9560 113 
9561 370 
9578 289 
9591 392 
9598 714 
9602 27 
9622 1615 
9641 120 
9649 1470 
9662 4405 
9671 536 
9675 1208 
9685 202 
9685 447 
9705 413 
9706 507 
9709 765 
9718 1070 
9737 365 
9766 668 
9801 274 
9806 226 
9814 13864 
9814 588 
9820 170 
9846 237 
9846 1799 
9873 3319 
9880 1940 
9881 1201 
9886 163 
9888 496 
9897 5075 
9923 866 
9944 94 
9956 100 
9966 378 
10013 178 
10040 506 
10042 818 
10045 185 
10062 529 
10064 32 
10073 5553 
10096 127 
10120 355 
10129 331 
10135 2136 
10148 794 
10152 1297 
10158 1650 
10161 560 
10166 1028 
10167 187 
10177 2972 
10177 2725 
10197 158 
10218 538 
10230 27544 
10242 108 
10245 197 
10245 1304 
10249 175 
10262 1256 
10263 671 
10266 374 
10279 7523 
10283 459 
10291 232 
10336 374 
10339 6793 
10349 2238 
10352 423 
10370 397 
10374 820 
10388 1519 
10406 758 
10407 1490 
10412 25 
10412 783 
10428 2070 
10429 533 
10442 1081 
10443 919 
10455 1150 
10455 636 
10464 732 
10472 373 
10472 37 
10472 59 
10474 1071 
10475 1459 
10479 1114 
10484 225 
10494 11 
10508 337 
10518 163 
10537 239 
10548 372 
10555 635 
10564 1550 
10583 1650 
10630 414 
10643 564 
10650 19 
10698 1761 
10699 228 
10703 796 
10716 571 
10719 150 
10724 287 
10727 1170 
10766 824 
10768 360 
10769 1251 
10792 9 
10799 1551 
10802 269 
10807 501 
10812 848 
10812 865 
10821 855 
10848 1331 
10886 1021 
10890 929 
10894 427 
10921 229 
10938 40 
10942 57 
10969 190 
10969 220 
10974 151 
10983 134 
10988 101 
10995 249 
11000 1086 
11007 442 
11025 694 
11038 3361 
11041 725 
11063 485 
11067 481 
11079 687 
11094 1069 
11095 637 
11112 29 
11116 2350 
11146 26 
11158 58 
11180 1822 
11185 604 
11189 528 
11245 1045 
11270 383 
11273 2060 
11282 2860 
11317 37 
11352 1815 
11374 3501 
11375 643 
11385 788 
11390 108 
11476 106 
11487 381 
11519 797 
11530 20 
11538 242 
11541 321 
11543 852 
11560 103 
11571 646 
11575 1682 
11576 1 
11594 605 
11594 98 
11596 974 
11605 641 
11606 1636 
11607 1496 
11636 64 
11694 231 
11696 764 
11702 222 
11711 469 
11722 239 
11727 773 
11752 185 
11757 6066 
11768 274 
11769 550 
11799 1238 
11804 827 
11807 399 
11813 419 
11830 55 
11885 1653 
11899 242 
11919 137 
11940 1192 
11942 308 
11961 487 
11969 4240 
11975 326 
11982 739 
11983 2792 
11987 981 
11992 523 
12008 232 
12010 1151 
12010 330 
12015 185 
12020 44 
12041 142 
12048 227 
12048 749 
12058 704 
12061 896 
12074 295 
12082 438 
12089 2381 
12100 881 
12100 112 
12109 26 
12149 56 
12177 408 
12180 860 
12183 59 
12189 344 
12201 672 
12213 2530 
12226 604 
12234 882 
12237 591 
12247 257 
12255 1676 
12284 2050 
12285 152 
12299 279 
12306 53 
12321 807 
12361 1908 
12362 83 
12380 645 
12407 686 
12449 371 
12463 550 
12486 543 
12491 147 
12500 2909 
12550 1208 
12565 516 
12577 665 
12599 2545 
12604 5443 
12651 1741 
12664 544 
12668 1453 
12668 640 
12702 3564 
12759 152 
12768 923 
12770 598 
12823 53 
12831 234 
12833 746 
12844 2126 
12852 746 
12885 385 
12888 178 
12896 377 
12900 4549 
12900 87 
12902 864 
12922 114 
12933 1735 
12939 25 
12942 110 
12946 827 
12947 183 
12952 110 
12961 334 
13016 2234 
13092 522 
13100 840 
13115 2092 
13130 394 
13137 22 
13153 3497 
13218 1573 
13250 271 
13253 535 
13290 215 
13296 39 
13304 1159 
13311 290 
13322 435 
13355 106 
13456 308 
13499 217 
13519 1982 
13529 1577 
13529 306 
13533 3289 
13536 1271 
13609 2335 
13617 765 
13631 782 
13709 470 
13714 1764 
13722 427 
13728 164 
13737 692 
13737 6890 
13760 1075 
13762 1145 
13764 8610 
13781 1098 
13825 1204 
13831 932 
13860 211 
13880 385 
13890 82 
13902 905 
13906 1062 
13911 11 
13911 1881 
13916 163 
13924 1752 
13930 1257 
13959 1528 
13963 127 
13993 982 
13996 4183 
13996 90 
14020 70 
14049 168 
14064 617 
14094 76 
14095 156 
14100 1059 
14156 669 
14165 760 
14171 1199 
14259 4383 
14267 83 
14295 100 
14314 689 
14331 756 
14368 256 
14383 38 
14391 1059 
14398 139 
14442 428 
14459 278 
14470 818 
14478 273 
14480 617 
14548 1059 
14600 223 
14614 1051 
14620 631 
14633 264 
14634 555 
14643 87 
14662 1909 
14690 63 
14698 2532 
14708 58 
14723 6863 
14734 168 
14737 599 
14737 895 
14763 902 
14793 844 
14862 781 
14934 663 
14962 1399 
14997 644 
15010 151 
15037 601 
15059 194 
15062 1242 
15072 66 
15079 55 
15087 1400 
15115 435 
15143 1214 
15209 567 
15221 613 
15223 343 
15304 3704 
15445 100 
15466 185 
15481 433 
15494 687 
15523 295 
15529 835 
15534 1089 
15540 392 
15548 253 
15564 649 
15576 908 
15586 1209 
15588 919 
15625 38 
15634 884 
15642 1270 
15645 632 
15646 41035 
15648 286 
15665 450 
15671 23442 
15707 11 
15749 1316 
15765 88 
15778 182 
15779 416 
15781 884 
15796 119 
15798 428 
15853 569 
15953 822 
15953 822 
15960 1375 
15960 1375 
15990 236 
16103 1033 
16103 284 
16108 6 
16116 22 
16120 2124 
16144 60 
16149 292 
16160 498 
16167 1033 
16176 564 
16198 5052 
16211 324 
16221 927 
16241 467 
16252 1431 
16282 1989 
16290 3219 
16310 1642 
16324 2274 
16382 399 
16393 405 
16407 29 
16412 706 
16424 653 
16428 771 
16507 616 
16509 1382 
16514 612 
16520 362 
16525 671 
16531 891 
16555 462 
16564 745 
16586 636 
16609 1080 
16619 672 
16638 530 
16639 2956 
16646 265 
16671 1881 
16687 1287 
16690 180 
16720 1295 
16724 413 
16761 164 
16796 103 
16866 50 
16877 336 
16891 876 
16906 500 
16914 6 
16931 2034 
16953 992 
17006 1155 
17007 314 
17012 428 
17017 2720 
17036 111 
17059 1228 
17067 0 
17190 1580 
17194 1665 
17215 525 
17222 422 
17229 938 
17237 2609 
17245 100 
17255 619 
17276 129 
17292 2380 
17296 199 
17323 572 
17432 297 
17442 497 
17448 252 
17468 221 
17479 1954 
17482 381 
17525 235 
17544 763 
17568 411 
17573 2531 
17573 1265 
17577 936 
17578 354 
17629 661 
17643 296 
17685 208 
17694 24 
17708 973 
17780 546 
17816 343 
17824 2057 
17834 113 
17870 137 
17886 1431 
17896 30 
17898 1242 
17955 185 
17997 1378 
18018 432 
18039 1179 
18047 3425 
18051 99 
18073 2540 
18077 965 
18086 6958 
18095 975 
18099 262 
18105 1968 
18145 1060 
18147 648 
18178 3 
18191 619 
18198 21 
18218 827 
18235 756 
18246 1228 
18248 561 
18248 292 
18277 1104 
18293 943 
18325 1742 
18341 67 
18367 1915 
18384 3002 
18423 11 
18431 332 
18435 2092 
18449 4 
18450 307 
18455 2817 
18479 418 
18500 125 
18565 739 
18566 1 
18591 608 
18595 286 
18616 307 
18621 13 
18641 389 
18652 255 
18695 72 
18705 6569 
18713 1167 
18737 547 
18745 476 
18751 325 
18757 972 
18796 2235 
18804 884 
18818 786 
18845 870 
18869 540 
18870 158 
18887 300 
18901 915 
18904 118 
18911 960 
18914 702 
18940 142 
18940 1255 
18962 18 
18975 803 
18985 363 
19000 1003 
19014 523 
19022 4121 
19031 254 
19031 525 
19087 238 
19090 567 
19117 735 
19159 44 
19166 1936 
19178 1239 
19190 1035 
19205 1188 
19209 38 
19212 449 
19225 517 
19246 459 
19276 4344 
19279 164 
19285 162 
19311 2118 
19329 1009 
19348 11234 
19352 284 
19358 565 
19373 635 
19375 1271 
19389 513 
19389 148 
19396 2005 
19400 158 
19406 209 
19416 1308 
19419 2822 
19423 492 
19465 224 
19518 8163 
19549 510 
19559 429 
19637 2691 
19653 913 
19654 2054 
19659 1 
19664 577 
19687 2 
19696 248 
19728 1090 
19739 163 
19743 510 
19749 541 
19762 131 
19766 194 
19775 1650 
19819 1710 
19833 273 
19868 462 
19873 3488 
19885 619 
19907 1272 
19927 1965 
19958 5883 
19966 2503 
19978 1088 
19998 308 
20010 405 
20010 32 
20042 1366 
20062 383 
20084 801 
20100 1953 
20161 478 
20215 412 
20219 13 
20241 1184 
20303 591 
20341 2448 
20345 1290 
20392 1431 
20399 38616 
20420 1223 
20452 324 
20453 1001 
20473 305 
20503 367 
20543 863 
20569 90 
20585 403 
20594 567 
20611 193 
20622 1687 
20626 466 
20635 888 
20649 1061 
20652 436 
20736 457 
20740 150 
20764 699 
20770 439 
20798 1632 
20813 1186 
20821 924 
20835 427 
20837 8 
20858 1629 
20888 708 
20905 241 
20909 424 
20919 29 
20952 422 
20970 896 
21083 6648 
21087 1111 
21109 79 
21110 1736 
21126 867 
21142 561 
21162 1095 
21170 1380 
21178 950 
21181 108 
21220 2276 
21221 300 
21301 121 
21342 1503 
21374 324 
21384 1741 
21396 1237 
21401 3372 
21449 393 
21463 0 
21478 567 
21496 1469 
21577 162 
21596 7058 
21623 755 
21636 212 
21644 1180 
21650 1198 
21652 1259 
21706 781 
21739 466 
21745 3570 
21791 727 
21817 18 
21827 66 
21850 2340 
21858 597 
21878 2612 
21904 137 
21906 437 
21931 412 
21938 564 
21971 566 
21991 805 
21992 127 
22025 398 
22041 1434 
22072 345 
22079 312 
22082 702 
22087 517 
22101 1302 
22110 201 
22110 264 
22111 491 
22133 1177 
22151 434 
22153 33 
22164 2364 
22180 329 
22186 691 
22222 460 
22240 225 
22257 223 
22269 132 
22290 359 
22306 66 
22315 80 
22327 261 
22339 1968 
22341 587 
22368 15 
22437 1342 
22447 2830 
22525 1108 
22543 603 
22570 1070 
22598 323 
22601 709 
22614 10393 
22660 2424 
22682 9 
22693 256 
22702 2062 
22717 898 
22763 23 
22780 253 
22784 128 
22789 573 
22828 2180 
22884 282 
22885 3030 
22901 2893 
22916 2755 
22934 376 
22935 3989 
22997 80 
23000 559 
23008 145 
23025 191 
23043 387 
23097 442 
23101 188 
23121 904 
23148 1773 
23149 67 
23241 839 
23276 4139 
23282 231 
23302 1270 
23334 329 
23345 645 
23369 903 
23379 1246 
23432 297 
23432 68 
23446 4824 
23447 259 
23459 1239 
23494 538 
23498 1440 
23508 744 
23511 974 
23525 230 
23560 130 
23562 123 
23575 11434 
23580 1044 
23592 88 
23617 153 
23660 922 
23662 1371 
23665 411 
23678 17206 
23701 744 
23708 88 
23709 357 
23775 3624 
23807 739 
23811 212 
23906 23 
23907 731 
23931 722 
23942 1812 
23965 172 
23982 1447 
23991 430 
23992 375 
24070 925 
24075 1747 
24088 226 
24100 19 
24106 3570 
24116 266 
24119 553 
24121 2307 
24146 853 
24162 2029 
24194 1145 
24218 150 
24237 515 
24261 1183 
24271 935 
24308 2718 
24323 2496 
24330 2555 
24339 1272 
24342 1319 
24362 1439 
24385 1039 
24391 5485 
24425 1041 
24431 144 
24452 76 
24492 4488 
24499 3549 
24502 187 
24542 523 
24562 1583 
24596 278 
24633 109 
24639 1851 
24639 1913 
24656 1614 
24682 783 
24695 283 
24751 226 
24766 607 
24771 3398 
24813 1239 
24833 780 
24834 87 
24836 472 
24883 166 
24897 175 
24901 3403 
24937 106 
24955 668 
24958 70 
24971 147 
24974 438 
25052 256 
25061 410 
25142 2192 
25147 3161 
25153 1767 
25178 3543 
25198 1472 
25229 219 
25237 482 
25284 7227 
25288 631 
25299 2772 
25302 1200 
25337 1312 
25355 199 
25370 511 
25387 437 
25394 946 
25406 1487 
25432 1327 
25446 1397 
25452 322 
25457 65 
25481 57 
25494 902 
25500 721 
25577 482 
25582 2910 
25587 1031 
25663 117 
25670 8554 
25696 370 
25706 2199 
25715 245 
25725 260 
25755 251 
25758 1158 
25759 615 
25766 207 
25767 1021 
25779 560 
25780 197 
25793 3337 
25830 129 
25834 36 
25870 34 
25890 375 
25901 1486 
25927 469 
25942 102 
25957 745 
25973 3588 
25977 1044 
25978 492 
25987 63 
25995 46 
26001 79 
26032 1067 
26040 1778 
26046 1359 
26057 2570 
26081 245 
26114 529 
26148 33 
26168 393 
26193 1788 
26224 1294 
26227 1115 
26229 1073 
26242 866 
26252 163 
26261 2477 
26261 121 
26270 1624 
26298 329 
26318 864 
26328 709 
26346 1586 
26348 384 
26361 356 
26367 53 
26371 2770 
26372 1414 
26380 426 
26387 7884 
26394 956 
26396 2873 
26419 1595 
26428 675 
26431 636 
26432 775 
26447 775 
26447 168 
26454 426 
26461 1179 
26465 2716 
26482 1774 
26497 2936 
26511 343 
26523 236 
26531 6040 
26542 735 
26548 397 
26589 2794 
26603 15721 
26643 256 
26660 380 
26669 26 
26674 111832 
26688 439 
26704 2760 
26709 173 
26711 2221 
26717 1168 
26718 629 
26722 1426 
26739 355 
26746 1238 
26750 253 
26767 262 
26778 322 
26779 38 
26780 927 
26782 316 
26786 1135 
26795 84 
26797 759 
26799 722 
26822 258 
26826 690 
26839 1028 
26846 961 
26854 1726 
26871 33 
26874 280 
26902 201 
26909 732 
26913 514 
26920 696 
26923 181 
26923 1284 
26948 803 
26952 9211 
26954 69 
26958 1050 
26982 285 
27005 85 
27010 1253 
27014 156 
27017 3065 
27021 1535 
27033 529 
27055 467 
27081 151 
27113 1072 
27115 436 
27128 1179 
27133 214 
27135 409 
27137 2784 
27140 920 
27151 291 
27170 80 
27171 1232 
27175 176 
27192 1511 
27204 101 
27225 621 
27226 362 
27226 1894 
27227 372 
27243 108 
27252 1202 
27272 191 
27312 390 
27314 511 
27346 396 
27350 41753 
27379 4550 
27388 508 
27389 250 
27392 463 
27393 1251 
27402 403 
27406 823 
27429 1385 
27440 1058 
27445 10058 
27460 1064 
27461 1414 
27485 127 
27486 638 
27487 1179 
27501 182 
27511 615 
27514 2229 
27522 2224 
27524 828 
27530 1037 
27539 11092 
27545 597 
27563 10593 
27568 640 
27597 247 
27616 119 
27635 1979 
27677 929 
27678 279 
27691 1211 
27697 1009 
27703 153 
27735 659 
27747 2179 
27758 79 
27775 273 
27790 15198 
27791 913 
27803 684 
27807 1026 
27813 4387 
27831 1104 
27834 400 
27849 1620 
27853 45884 
27883 4926 
27923 409 
27935 4329 
27959 1373 
28018 1108 
28037 250 
28045 390 
28074 840 
28075 399 
28094 794 
28117 3074 
28123 238 
28137 657 
28171 3506 
28190 1164 
28210 1903 
28231 240 
28231 884 
28259 576 
28294 1541 
28297 1390 
28308 851 
28324 438 
28351 2951 
28351 104 
28370 784 
28372 1069 
28374 482 
28380 2551 
28386 2393 
28431 345 
28439 188 
28443 723 
28455 1710 
28460 999 
28483 0 
28505 1405 
28524 1389 
28531 532 
28546 305 
28548 1150 
28577 2941 
28581 1139 
28603 9085 
28606 683 
28614 3528 
28617 3089 
28627 622 
28629 334 
28645 5125 
28647 378 
28651 1136 
28656 405 
28662 32 
28708 1188 
28710 1298 
28724 126 
28731 79 
28761 1513 
28784 542 
28788 830 
28791 859 
28809 101 
28816 18 
28822 458 
28824 764 
28849 468 
28879 529 
28879 495 
28908 516 
28914 0 
28952 250 
28980 768 
29010 2070 
29017 207 
29031 153 
29045 11375 
29054 799 
29060 373 
29068 259 
29117 607 
29134 1144 
29165 624 
29174 2065 
29187 857 
29188 945 
29209 155 
29214 177 
29227 492 
29238 546 
29249 2903 
29269 1401 
29312 521 
29315 1045 
29333 493 
29335 794 
29355 355 
29371 233 
29380 1533 
29382 165 
29405 2980 
29433 189 
29438 1015 
29442 1237 
29452 250 
29465 952 
29496 230 
29496 140 
29498 13 
29529 911 
29536 595 
29543 6569 
29589 255 
29607 322 
29631 123 
29641 134 
29679 99 
29702 3983 
29714 200 
29716 554 
29721 946 
29739 170 
29741 215 
29743 1254 
29749 140 
29776 320 
29780 191 
29790 1281 
29801 790 
29803 202 
29812 937 
29843 1426 
29852 1153 
29873 479 
29894 266 
29901 2012 
29938 12 
29955 1505 
29972 721 
29973 641 
29976 2312 
29985 1013 
30007 1594 
30019 113 
30019 908 
30025 808 
30026 515 
30059 359 
30063 656 
30081 353 
30091 3459 
30092 294 
30124 1187 
30125 31 
30132 211 
30150 270 
30153 555 
30153 855 
30176 594 
30200 629 
30223 426 
30229 1300 
30251 967 
30268 5139 
30275 4723 
30280 615 
30289 2264 
30307 685 
30324 709 
30331 841 
30351 1105 
30361 47 
30368 114 
30383 1744 
30385 976 
30395 227 
30436 3425 
30440 2280 
30472 2711 
30476 915 
30482 261 
30489 1133 
30502 563 
30507 191 
30516 130 
30545 103 
30558 272 
30603 1223 
30603 1223 
30607 1009 
30607 1009 
30616 1690 
30616 1690 
30627 299 
30627 299 
30629 102 
30629 102 
30633 608 
30633 608 
30656 65 
30656 65 
30659 1752 
30659 1752 
30660 1288 
30660 1288 
30693 1496 
30693 1496 
30717 314 
30724 643 
30730 574 
30737 35 
30751 9858 
30787 1337 
30826 935 
30844 184 
30856 223 
30862 745 
30864 2071 
30897 1367 
30903 189 
30906 1376 
30924 306 
30926 1360 
30944 1460 
30952 245 
30954 24 
30960 441 
30963 4580 
30979 153 
30990 699 
31057 657 
31061 816 
31080 1428 
31088 1184 
31094 482 
31114 390 
31114 1190 
31138 2429 
31159 159 
31165 3 
31170 1920 
31205 364 
31207 2728 
31229 437 
31234 1174 
31243 5124 
31264 451 
31270 982 
31295 3281 
31300 28 
31311 940 
31325 30 
31340 1010 
31354 3707 
31363 386 
31372 1089 
31373 117 
31398 2666 
31430 1085 
31440 2902 
31449 852 
31460 518 
31473 246 
31478 208 
31479 2855 
31495 2080 
31501 517 
31514 1665 
31518 732 
31518 531 
31533 85 
31581 1778 
31585 1376 
31591 45 
31597 105 
31611 964 
31612 788 
31625 473 
31627 1835 
31630 554 
31641 939 
31642 175 
31644 1540 
31660 1761 
31674 386 
31678 1264 
31691 293 
31693 116 
31710 1128 
31747 873 
31754 5979 
31758 209 
31758 1094 
31760 104 
31786 1130 
31792 194 
31793 627 
31804 1043 
31817 539 
31831 1575 
31832 3065 
31863 943 
31865 1030 
31879 439 
31892 363 
31941 648 
31973 201 
31985 1133 
32016 1570 
32019 470 
32052 107 
32104 928 
32125 1158 
32130 427 
32130 533 
32139 212 
32149 10441 
32158 521 
32168 6 
32184 1161 
32192 1289 
32206 72 
32210 598 
32214 518 
32218 3717 
32218 991 
32220 1056 
32227 992 
32231 1112 
32253 290 
32286 257 
32294 2254 
32294 585 
32303 1148 
32318 144 
32323 163 
32343 325 
32348 709 
32376 208 
32379 2129 
32385 1004 
32393 457 
32409 981 
32410 228 
32423 745 
32434 895 
32449 663 
32452 63 
32460 20 
32461 271 
32461 833 
32468 621 
32495 1737 
32517 99 
32529 128 
32556 540 
32561 3065 
32573 513 
32591 1020 
32603 1078 
32603 1099 
32603 1028 
32610 9625 
32616 1270 
32625 2041 
32630 1388 
32634 2727 
32635 209 
32635 3291 
32685 462 
32687 775 
32692 199 
32732 5663 
32739 69 
32748 1269 
32750 1547 
32755 508 
32788 1545 
32799 1421 
32876 182 
32882 129 
32906 432 
32910 1852 
32924 507 
32955 561 
32956 933 
32957 536 
32968 81 
32970 1304 
32999 1581 
33014 58 
33019 778 
33020 1357 
33021 1504 
33024 933 
33031 15 
33033 4234 
33034 684 
33038 927 
33041 2425 
33063 821 
33097 775 
33110 174 
33123 864 
33141 265 
33156 47 
33158 1128 
33174 714 
33197 936 
33202 1734 
33235 297 
33245 820 
33271 712 
33280 860 
33300 1392 
33302 265 
33318 2913 
33332 3258 
33336 1129 
33346 335 
33351 179 
33354 50 
33376 4441 
33386 2644 
33390 134 
33395 1507 
33398 326 
33412 255 
33413 198 
33467 106 
33469 663 
33477 1600 
33493 2 
33528 1293 
33539 240 
33551 177 
33552 430 
33553 233 
33566 2591 
33581 127 
33583 1148 
33587 1379 
33592 199 
33608 74 
33609 522 
33611 372 
33627 504 
33631 92 
33640 146 
33668 1305 
33703 10862 
33713 65 
33722 289 
33722 3340 
33726 481 
33746 1079 
33760 1789 
33762 155 
33762 647 
33807 6196 
33808 889 
33810 23 
33823 1110 
33860 946 
33865 826 
33878 623 
33893 1051 
33898 584 
33914 1052 
33925 526 
33928 3544 
33941 678 
33959 1 
33976 817 
33979 396 
33985 136 
33991 96 
33998 919 
33999 299 
34002 1240 
34019 19 
34034 1107 
34045 1115 
34057 151 
34062 1211 
34064 806 
34070 1296 
34083 1848 
34095 888 
34096 965 
34100 1489 
34143 277 
34151 976 
34168 374 
34173 163 
34198 953 
34223 622 
34227 1447 
34230 153 
34254 2009 
34323 1967 
34329 66 
34331 127 
34351 288 
34369 755 
34390 1564 
34439 161 
34448 190 
34455 515 
34460 145 
34463 39 
34510 145 
34513 218 
34523 3987 
34534 832 
34536 349 
34542 438 
34545 444 
34556 176 
34567 1934 
34567 1184 
34576 6263 
34610 1044 
34637 704 
34641 1483 
34642 424 
34659 849 
34666 802 
34719 4626 
34721 2060 
34723 792 
34727 223 
34741 1537 
34748 3440 
34752 5640 
34756 68 
34769 744 
34773 3162 
34784 583 
34784 1066 
34788 239 
34788 3090 
34790 738 
34795 1589 
34800 25 
34805 652 
34819 308 
34822 405 
34825 1409 
34833 930 
34839 777 
34874 329 
34918 631 
34940 332 
34957 505 
34971 787 
34977 2267 
34999 665 
35008 632 
35010 1159 
35025 547 
35032 1146 
35056 406 
35072 1237 
35079 795 
35093 20454 
35095 441 
35100 2358 
35133 9 
35186 331 
35190 1269 
35193 1573 
35203 89 
35235 1031 
35238 323 
35240 2203 
35250 250 
35270 512 
35283 1524 
35292 1087 
35297 519 
35298 84 
35317 96 
35342 3386 
35359 5376 
35367 1804 
35369 453 
35374 277 
35377 516 
35418 2130 
35434 278 
35451 5710 
35460 1986 
35467 578 
35482 132 
35486 1268 
35512 630 
35514 2452 
35553 6572 
35560 3347 
35567 200 
35569 360 
35616 64 
35620 3192 
35622 929 
35632 1892 
35635 1403 
35641 2496 
35655 455 
35661 142 
35665 268 
35669 217 
35703 631 
35716 843 
35719 625 
35725 219 
35755 282 
35762 889 
35804 319 
35823 708 
35839 921 
35840 1531 
35859 1595 
35872 138 
35902 234 
35904 4 
35913 81 
35923 415 
35926 192 
35930 454 
35937 441 
35969 2421 
35969 20 
35975 1011 
36000 1062 
36009 1690 
36021 640 
36021 232 
36033 632 
36035 1053 
36039 122 
36046 1675 
36048 1989 
36073 183 
36087 683 
36108 432 
36153 249 
36159 80 
36199 292 
36229 1606 
36245 1247 
36293 1020 
36301 1493 
36355 3 
36376 70 
36376 128 
36381 2709 
36386 20 
36419 397 
36431 21 
36465 1340 
36474 186 
36474 726 
36487 1163 
36500 549 
36501 1073 
36530 258 
36532 1433 
36536 1622 
36537 803 
36549 235 
36551 1705 
36576 137 
36576 467 
36578 504 
36584 290 
36585 627 
36641 2125 
36650 101 
36669 1196 
36680 793 
36697 916 
36708 1065 
36721 1035 
36734 1620 
36759 702 
36764 1094 
36775 544 
36791 1263 
36798 1043 
36806 952 
36808 1184 
36824 1384 
36843 986 
36852 148 
36856 185 
36862 145 
36865 84 
36905 775 
36961 1360 
36996 1145 
36997 784 
37012 840 
37020 1113 
37038 284 
37044 667 
37077 708 
37096 0 
37116 410 
37123 368 
37142 1467 
37150 22 
37168 1552 
37179 51594 
37184 1662 
37185 881 
37186 657 
37223 2511 
37230 1997 
37233 361 
37257 220 
37260 1509 
37262 1004 
37287 39 
37287 207 
37298 519 
37355 338 
37368 1300 
37385 172 
37403 3233 
37442 892 
37445 1444 
37533 602 
37549 539 
37550 225 
37592 14 
37648 284 
37657 1100 
37669 2217 
37686 152 
37731 1052 
37735 508 
37736 773 
37747 8831 
37791 266 
37805 66 
37820 36 
37855 225 
37896 1246 
37972 1244 
37980 999 
37991 321 
38009 1029 
38014 229 
38051 584 
38054 8726 
38064 270 
38068 1234 
38090 104 
38100 186 
38102 832 
38105 109 
38109 1432 
38117 126 
38117 42 
38121 572 
38170 3770 
38180 1402 
38195 1073 
38220 364 
38222 247 
38247 1555 
38262 1478 
38264 1500 
38276 140 
38285 834 
38289 1291 
38296 281 
38298 1118 
38308 1468 
38335 106 
38408 451 
38460 1267 
38483 1263 
38519 823 
38538 4556 
38547 134 
38563 724 
38564 1007 
38588 1004 
38594 96 
38616 34 
38620 529 
38638 1504 
38650 857 
38673 325 
38766 238 
38770 88 
38772 2381 
38776 4572 
38780 238 
38787 749 
38789 1998 
38789 328 
38800 2860 
38815 605 
38823 194 
38828 1789 
38887 2013 
38908 647 
38920 552 
38920 202 
38929 701 
38935 1568 
38940 602 
38954 273 
38996 723 
39009 8181 
39015 420 
39059 26 
39064 1253 
39075 562 
39109 202 
39121 608 
39155 109 
39163 757 
39168 2021 
39182 2567 
39189 398 
39216 705 
39219 1198 
39230 1192 
39244 1570 
39270 196 
39278 127 
39282 1703 
39288 1307 
39367 17 
39387 2381 
39398 1137 
39398 203 
39410 9037 
39425 11207 
39427 934 
39435 1173 
39442 702 
39455 2283 
39464 1658 
39479 964 
39529 538 
39535 298 
39562 684 
39607 17 
39611 2402 
39614 117 
39634 1130 
39642 213 
39649 0 
39670 876 
39671 1023 
39680 1555 
39682 1296 
39693 912 
39695 1965 
39701 1260 
39710 1797 
39710 1385 
39714 2957 
39722 317 
39724 1128 
39738 852 
39757 803 
39761 132 
39789 715 
39796 2423 
39826 366 
39832 16 
39848 1414 
39850 160 
39853 3134 
39860 1210 
39862 876 
39893 742 
39900 699 
39922 1345 
39944 722 
39962 455 
39980 674 
39992 2674 
40030 1287 
40047 4316 
40056 2583 
40079 1420 
40128 663 
40169 376 
40195 556 
40195 723 
40206 304 
40232 403 
40236 174 
40252 2441 
40260 379 
40262 2553 
40277 980 
40280 1159 
40319 948 
40326 442 
40332 856 
40342 721 
40347 2760 
40354 946 
40395 750 
40402 1192 
40474 1114 
40483 866 
40506 3818 
40511 581 
40519 5305 
40561 1292 
40575 838 
40579 1592 
40580 146 
40589 4739 
40638 86 
40658 1918 
40754 104 
40761 1217 
40770 1112 
40777 5198 
40809 1559 
40814 226 
40814 1005 
40825 1211 
40830 1707 
40834 44 
40834 908 
40849 1314 
40865 365 
40879 106 
40887 25 
40922 17170 
40924 554 
40926 56 
40948 902 
40955 1185 
40980 646 
41000 599 
41015 157 
41035 310 
41040 977 
41056 0 
41078 472 
41096 883 
41110 311 
41119 1098 
41173 1185 
41175 5721 
41181 720 
41201 1029 
41208 174 
41239 820 
41257 412 
41266 43 
41268 5313 
41295 507 
41296 638 
41318 329 
41361 1923 
41401 136 
41415 1878 
41429 709 
41429 430 
41432 353 
41440 564 
41447 2233 
41473 591 
41491 11 
41501 588 
41530 928 
41568 981 
41584 531 
41641 427 
41653 1191 
41671 865 
41681 118 
41685 301 
41714 89 
41733 1527 
41742 134 
41785 266 
41813 4445 
41819 1103 
41837 2317 
41865 415 
41868 6359 
41890 1006 
41891 217 
41917 447 
41926 337 
41934 264 
41935 234 
41939 710 
42015 1763 
42018 173 
42024 4844 
42085 593 
42091 254 
42125 20679 
42141 2407 
42142 1989 
42151 217 
42160 182 
42178 529 
42204 1413 
42205 392 
42229 543 
42239 753 
42253 434 
42273 1434 
42273 2314 
42287 3306 
42310 1347 
42313 1564 
42322 1415 
42381 650 
42383 1211 
42431 481 
42483 286 
42492 72 
42503 758 
42514 7976 
42516 1027 
42525 1417 
42542 941 
42551 236 
42553 406 
42559 973 
42564 3482 
42567 1628 
42587 820 
42603 177 
42628 718 
42636 1222 
42644 156 
42661 284 
42686 557 
42708 540 
42711 412 
42724 336 
42809 866 
42826 1995 
42841 27 
42842 1935 
42851 1606 
42855 49 
42856 144 
42902 1832 
42953 952 
42956 1755 
43008 7244 
43043 1543 
43046 33 
43051 1860 
43061 1051 
43072 320 
43109 245 
43109 1360 
43143 620 
43190 2542 
43201 264 
43204 977 
43205 775 
43207 1460 
43217 256 
43223 72 
43229 83 
43250 1619 
43289 7400 
43323 4810 
43349 899 
43367 366 
43392 1091 
43392 1893 
43443 299 
43474 192 
43480 107 
43512 53 
43523 1849 
43543 1341 
43545 103 
43550 1025 
43567 4121 
43578 16 
43580 34 
43586 295 
43596 196 
43604 9830 
43614 740 
43644 28 
43659 357 
43661 1492 
43668 325 
43688 195 
43691 358 
43715 364 
43722 287 
43743 1141 
43750 1707 
43750 336 
43774 1497 
43779 970 
43791 161 
43832 446 
43842 837 
43869 1722 
43870 9483 
43875 1379 
43877 3240 
43903 1063 
43954 248 
43965 769 
43994 319 
44009 263 
44016 41 
44047 837 
44087 108 
44095 3058 
44095 252 
44147 1633 
44159 1155 
44182 48 
44184 1234 
44218 2056 
44237 8081 
44244 4540 
44249 6210 
44271 1293 
44276 484 
44294 920 
44354 2330 
44354 428 
44362 44 
44364 5216 
44454 414 
44462 269 
44473 973 
44478 33 
44491 397 
44498 239 
44514 1996 
44536 78 
44541 43 
44652 601 
44656 2060 
44658 128 
44665 186 
44674 1252 
44683 540 
44708 784 
44727 1652 
44812 1097 
44839 231 
44843 567 
44846 839 
44852 50 
44881 46 
44882 893 
44886 778 
44893 174 
44913 1037 
44948 1017 
44986 542 
44989 848 
45022 1382 
45053 1160 
45055 63 
45056 1860 
45075 800 
45076 376 
45078 754 
45109 1276 
45112 1062 
45120 761 
45128 1209 
45147 1123 
45181 4 
45192 2770 
45206 924 
45208 1280 
45218 6491 
45218 6491 
45223 29 
45223 29 
45235 79 
45235 79 
45289 462 
45326 97 
45383 3585 
45384 308 
45391 126 
45417 1137 
45442 588 
45466 393 
45479 1854 
45482 0 
45482 722 
45488 91 
45492 183 
45526 1163 
45529 150 
45534 1580 
45537 1120 
45556 1066 
45576 326 
45581 4205 
45584 635 
45588 569 
45591 226 
45638 644 
45639 3 
45646 1156 
45652 826 
45658 337 
45670 1245 
45709 109 
45712 204 
45743 1042 
45745 1092 
45759 741 
45761 891 
45765 107 
45794 376 
45797 419 
45809 439 
45824 237 
45852 719 
45864 1295 
45878 168 
45896 340 
45901 319 
45918 938 
45933 1478 
45980 2072 
45997 953 
46037 147 
46044 677 
46060 177 
46061 3542 
46093 239 
46112 291 
46114 740 
46119 141 
46127 1003 
46155 1163 
46192 266 
46205 1226 
46234 918 
46235 10 
46247 94 
46263 414 
46267 1141 
46271 91 
46297 1186 
46297 410 
46300 335 
46301 829 
46311 440 
46324 249 
46324 274 
46411 789 
46417 56 
46422 405 
46462 188 
46526 4338 
46538 31 
46562 1310 
46567 1366 
46588 2014 
46589 117 
46611 119 
46651 2743 
46662 1228 
46673 559 
46722 186 
46734 269 
46776 591 
46813 1375 
46834 299 
46844 104 
46881 2343 
46888 620 
46899 1351 
46914 3656 
46982 3071 
46987 378 
46989 8142 
46992 101 
47000 482 
47008 142 
47011 177 
47022 1380 
47023 152 
47043 255 
47060 313 
47062 698 
47074 1625 
47097 2648 
47112 137 
47146 1243 
47150 314 
47159 131 
47178 717 
47181 147 
47183 83 
47194 58 
47204 113 
47204 234 
47205 903 
47240 41 
47245 1209 
47245 502 
47246 86 
47250 1926 
47255 421 
47272 247 
47281 205 
47283 604 
47343 1309 
47354 635 
47375 356 
47381 274 
47476 184 
47580 133 
47610 7 
47614 1020 
47634 814 
47645 785 
47663 2613 
47680 2883 
47682 1028 
47686 264 
47691 4131 
47698 1175 
47711 336 
47765 354 
47783 369 
47806 752 
47814 2658 
47843 784 
47845 267 
47911 521 
47912 609 
47917 736 
47947 211 
47961 1686 
47987 1114 
48010 620 
48014 606 
48028 143 
48032 16 
48032 1252 
48046 20574 
48050 1166 
48070 549 
48183 836 
48184 367 
48185 2053 
48190 514 
48200 166 
48233 132 
48268 307 
48280 350 
48283 31 
48287 1291 
48291 715 
48292 54 
48313 628 
48327 6 
48328 317 
48338 1011 
48344 1082 
48364 3651 
48386 841 
48407 494 
48427 950 
48444 1574 
48453 680 
48455 217 
48460 1425 
48460 828 
48521 433 
48535 323 
48538 3198 
48568 287 
48624 109 
48665 32 
48701 1794 
48706 2475 
48729 476 
48769 4104 
48783 467 
48842 730 
48852 470 
48865 707 
48874 514 
48878 1001 
48902 439 
48918 209 
48924 674 
48980 846 
48982 167 
48986 206 
49022 252 
49042 211 
49044 25 
49044 583 
49044 52 
49102 896 
49105 662 
49116 1720 
49124 893 
49147 99 
49150 494 
49185 500 
49199 657 
49214 89 
49216 352 
49248 1139 
49259 815 
49269 70 
49299 112 
49300 994 
49300 460 
49305 1463 
49349 3433 
49355 759 
49358 30 
49361 18 
49412 728 
49426 501 
49442 700 
49447 775 
49464 1548 
49546 1430 
49581 786 
49610 199 
49612 1184 
49615 2074 
49633 991 
49667 307 
49717 379 
49751 688 
49766 249 
49772 359 
49798 106 
49816 496 
49848 1258 
49862 193 
49868 617 
49877 397 
49880 2156 
49890 1054 
49890 2249 
49898 709 
49913 99 
49917 199 
49926 91 
49932 273 
49976 123 
49993 125 
50054 666 
50070 1371 
50072 1011 
50080 504 
50112 1644 
50112 1498 
50117 56 
50136 644 
50159 112 
50213 675 
50218 392 
50219 312 
50231 320 
50245 1053 
50248 551 
50257 2607 
50264 1249 
50270 44 
50271 162 
50272 7997 
50293 952 
50317 26 
50318 657 
50321 87 
50329 90 
50331 32 
50332 208 
50333 1074 
50405 109 
50416 924 
50537 390 
50577 121 
50638 320 
50664 1251 
50674 655 
50684 78 
50690 353 
50704 613 
50738 581 
50771 0 
50776 2940 
50786 60 
50807 3 
50840 134 
50873 1422 
50882 58 
50894 2491 
50908 1169 
50917 282 
50926 771 
50941 783 
50946 1571 
50947 691 
50968 43 
50991 433 
50992 3879 
51063 135 
51085 293 
51105 698 
51127 549 
51158 965 
51203 997 
51250 16 
51270 1547 
51292 649 
51305 34 
51308 526 
51312 3149 
51318 1815 
51333 4133 
51343 1389 
51392 1245 
51407 245 
51410 390 
51413 836 
51422 353 
51432 4 
51433 1646 
51437 1040 
51460 695 
51493 81 
51495 314 
51501 833 
51515 1622 
51520 119 
51539 709 
51546 772 
51553 609 
51562 368 
51563 214 
51580 753 
51594 20310 
51646 60 
51658 1600 
51672 114 
51675 1368 
51685 1467 
51703 134 
51709 509 
51713 839 
51713 553 
51740 245 
51773 179 
51801 131 
51868 582 
51902 245 
51922 81 
51930 108 
51932 626 
51932 328 
51943 49 
51954 1125 
52029 275 
52056 12031 
52068 587 
52153 2510 
52170 123 
52184 384 
52186 515 
52189 619 
52216 1012 
52246 133 
52256 512 
52270 70 
52275 278 
52294 750 
52299 1323 
52300 632 
52349 109 
52365 364 
52372 532 
52382 740 
52385 455 
52409 274 
52417 21 
52426 3116 
52435 3869 
52444 1641 
52445 4654 
52451 893 
52456 484 
52492 260 
52511 531 
52567 1889 
52597 368 
52645 809 
52662 1287 
52670 1218 
52692 750 
52731 195 
52780 6 
52798 1619 
52812 547 
52827 327 
52835 337 
52854 1286 
52868 528 
52869 97 
52872 1028 
52887 2327 
52899 435 
52959 108 
52962 186 
52962 4484 
52977 963 
52986 232 
53010 3269 
53060 285 
53080 121 
53121 1616 
53137 45 
53159 2740 
53172 188 
53201 337 
53224 750 
53249 1264 
53264 1044 
53276 761 
53324 1554 
53334 237 
53339 979 
53402 1436 
53410 896 
53452 14 
53471 1246 
53504 296 
53526 492 
53527 3788 
53527 1018 
53530 491 
53538 102 
53546 122 
53551 10768 
53593 83 
53598 253 
53657 142 
53657 831 
53685 4402 
53717 14174 
53724 1267 
53729 370 
53755 1298 
53760 338 
53760 781 
53768 516 
53777 390 
53804 439 
53804 312 
53831 464 
53836 728 
53849 780 
53883 446 
53892 586 
53893 324 
53895 9 
53923 2913 
53924 376 
53961 5063 
53992 5094 
54021 766 
54042 248 
54064 442 
54101 346 
54103 61 
54110 841 
54129 845 
54165 2689 
54197 220 
54228 212 
54253 1410 
54326 51 
54329 330 
54338 235 
54379 14393 
54385 917 
54391 51 
54404 446 
54457 328 
54459 841 
54461 943 
54479 271 
54506 675 
54509 148 
54517 819 
54531 1463 
54542 374 
54551 15 
54576 70 
54600 883 
54619 586 
54627 2309 
54662 242 
54674 5423 
54698 205 
54698 5563 
54725 289 
54745 923 
54755 50 
54779 58 
54781 1343 
54787 816 
54798 205 
54801 579 
54812 81 
54832 2440 
54835 524 
54886 183 
54910 196 
54928 753 
54929 1303 
54960 126 
54963 569 
54986 32 
54989 719 
54997 544 
55038 370 
55064 1701 
55074 673 
55126 1061 
55144 241 
55146 1099 
55171 252 
55190 283 
55195 468 
55217 848 
55221 1559 
55240 852 
55251 476 
55263 46 
55271 2609 
55297 515 
55306 1275 
55309 162 
55318 16 
55319 716 
55331 1578 
55340 74 
55345 32 
55375 153 
55384 814 
55384 1148 
55398 1079 
55407 1960 
55410 1150 
55411 510 
55418 39 
55427 1482 
55427 226 
55447 468 
55449 1241 
55454 104 
55458 475 
55475 1200 
55479 197 
55497 1768 
55525 1140 
55534 728 
55535 39 
55556 577 
55564 1856 
55571 251 
55617 1270 
55626 247 
55655 62 
55656 1478 
55662 2763 
55678 154 
55684 1417 
55694 412 
55711 155 
55727 108 
55729 113 
55736 275 
55760 306 
55766 405 
55782 1092 
55787 293 
55802 457 
55806 934 
55852 533 
55854 205 
55857 62 
55872 832 
55895 161 
55920 156 
55928 555 
55963 95 
55967 3318 
56002 5 
56015 294 
56023 1530 
56025 168 
56025 2070 
56041 1439 
56047 1188 
56057 373 
56064 47 
56065 1396 
56074 228 
56080 1326 
56130 362 
56153 1589 
56175 236 
56228 840 
56232 510 
56238 1005 
56263 101 
56293 845 
56332 83 
56350 718 
56373 825 
56376 403 
56398 193 
56398 298 
56403 98 
56403 167 
56415 545 
56427 130 
56430 218 
56468 442 
56518 196 
56534 2866 
56546 845 
56556 1098 
56562 1880 
56564 552 
56567 89 
56574 351 
56582 527 
56583 780 
56618 1410 
56621 307 
56621 607 
56625 540 
56627 1013 
56638 1306 
56653 2435 
56661 1253 
56662 1227 
56685 554 
56691 218 
56695 13 
56716 1159 
56719 152 
56721 425 
56729 2784 
56731 1347 
56739 1504 
56740 174 
56749 88 
56755 1333 
56758 2565 
56777 600 
56785 90 
56790 643 
56799 622 
56802 807 
56806 143 
56810 1177 
56850 633 
56861 1300 
56869 711 
56909 313 
56919 81 
56924 52 
56946 1452 
56972 14263 
56998 199 
57008 164 
57037 222 
57045 763 
57064 29 
57067 217 
57086 150 
57090 483 
57125 338 
57125 140 
57131 135 
57151 692 
57158 1650 
57159 947 
57179 334 
57209 19 
57211 884 
57238 73 
57259 700 
57309 107 
57337 52 
57358 61 
57368 474 
57386 917 
57404 224 
57450 2254 
57455 331 
57472 72 
57494 2565 
57500 5042 
57502 5 
57566 627 
57577 746 
57583 203 
57595 590 
57616 901 
57641 834 
57642 1218 
57654 583 
57661 561 
57665 9106 
57668 901 
57671 173 
57689 408 
57689 452 
57694 1502 
57698 1031 
57732 31 
57775 1127 
57804 1203 
57807 49 
57851 3350 
57852 739 
57855 1568 
57858 441 
57865 845 
57871 1327 
57889 107 
57890 1138 
57912 1771 
57990 36 
58026 408 
58036 232 
58041 150 
58069 87 
58074 263 
58108 121 
58140 13 
58146 825 
58148 6284 
58170 979 
58177 800 
58184 499 
58197 221 
58203 109 
58229 782 
58249 1046 
58270 572 
58290 25 
58295 31260 
58298 295 
58314 727 
58322 366 
58326 1659 
58337 92 
58345 75 
58358 151 
58374 286 
58376 2049 
58402 287 
58414 446 
58417 1700 
58447 5122 
58465 129 
58468 1312 
58484 4293 
58531 736 
58548 514 
58552 3489 
58595 74 
58612 641 
58617 45 
58629 136 
58649 18 
58665 17 
58666 149 
58672 867 
58680 66 
58698 149 
58701 2757 
58703 861 
58717 1567 
58735 1430 
58742 169 
58762 733 
58788 139 
58788 758 
58796 59 
58811 3007 
58817 85 
58821 301 
58827 563 
58829 2567 
58834 1191 
58839 2616 
58839 198 
58845 235 
58851 282 
58869 1555 
58874 1649 
58876 78 
58890 2537 
58933 70 
58938 325 
58942 798 
58953 260 
58971 922 
58980 285 
58982 1199 
58984 127 
58984 361 
58993 309 
59004 1377 
59053 568 
59067 1216 
59081 1093 
59085 2136 
59105 362 
59127 1299 
59135 558 
59139 114 
59147 1830 
59159 1180 
59161 819 
59164 2389 
59181 1271 
59197 263 
59220 41 
59225 603 
59250 36 
59252 2196 
59311 3 
59332 1233 
59340 278 
59375 3868 
59382 1083 
59414 1886 
59415 8 
59421 339 
59422 59 
59428 1612 
59445 548 
59447 717 
59455 1171 
59472 1524 
59492 257 
59500 2645 
59512 5203 
59519 623 
59549 218 
59572 1383 
59578 655 
59584 186 
59587 1022 
59601 88 
59610 2839 
59616 2430 
59623 2145 
59625 195 
59630 4335 
59634 1036 
59639 2259 
59672 473 
59686 1746 
59698 419 
59698 675 
59702 392 
59709 191 
59711 354 
59712 855 
59750 24 
59768 1721 
59812 2081 
59818 392 
59850 8 
59854 160 
59868 1129 
59870 879 
59888 1254 
59947 443 
59978 24 
60034 103 
60086 203 
60086 203 
60090 222 
60090 222 
60115 1245 
60115 1245 
60148 346 
60150 4 
60170 208 
60178 710 
60195 7 
60197 271 
60202 18 
60227 279 
60234 35 
60247 597 
60254 708 
60262 258 
60265 28 
60280 516 
60312 25 
60345 289 
60347 514 
60349 349 
60351 27 
60354 496 
60357 1009 
60359 96 
60369 574 
60388 244 
60388 401 
60414 412 
60418 668 
60421 511 
60428 1726 
60460 550 
60466 666 
60484 302 
60488 449 
60496 77 
60508 500 
60509 720 
60512 52 
60524 25 
60549 402 
60584 146 
60603 134 
60640 127 
60646 175 
60663 1499 
60669 113 
60671 143 
60675 350 
60677 441 
60696 288 
60717 497 
60767 213 
60808 78 
60853 47 
60861 769 
60862 276 
60878 2053 
60887 4324 
60899 748 
60942 1039 
60951 27 
60954 263 
60985 71 
61009 5 
61032 108 
61041 1213 
61054 89 
61058 866 
61069 968 
61094 623 
61105 155 
61119 37 
61139 2194 
61163 63 
61174 166 
61182 118 
61195 186 
61204 229 
61218 481 
61233 954 
61254 696 
61267 1259 
61269 463 
61273 3047 
61306 399 
61313 105 
61323 459 
61347 299 
61358 950 
61417 298 
61439 1079 
61442 48 
61458 476 
61467 1319 
61488 766 
61506 577 
61517 89 
61543 710 
61560 853 
61600 1002 
61607 959 
61646 2796 
61649 497 
61652 760 
61655 469 
61656 49 
61659 175 
61690 1135 
61692 908 
61697 37 
61714 12 
61720 278 
61739 495 
61746 757 
61749 1062 
61758 459 
61760 798 
61790 27307 
61813 638 
61834 619 
61868 1388 
61869 0 
61871 258 
61878 481 
61879 1052 
61879 1277 
61910 207 
61943 1348 
61953 1549 
61966 78 
62003 1092 
62017 30 
62019 426 
62059 86 
62066 309 
62072 104 
62100 4689 
62110 22 
62128 1287 
62143 1483 
62154 687 
62189 15 
62198 20 
62206 1116 
62239 505 
62243 72 
62282 280 
62285 1055 
62305 406 
62310 660 
62333 1677 
62348 282 
62369 2368 
62373 241 
62374 671 
62388 66 
62425 86 
62448 848 
62472 541 
62476 173 
62483 390 
62499 1615 
62515 275 
62525 156 
62545 637 
62546 26748 
62548 367 
62549 90 
62552 1404 
62553 1190 
62611 98 
62626 1964 
62652 840 
62673 390 
62691 553 
62701 1744 
62714 785 
62740 390 
62751 421 
62780 0 
62799 162 
62812 55 
62818 233 
62853 1785 
62855 6 
62884 647 
62888 3064 
62900 263 
62913 40 
62924 411 
62928 153 
62939 656 
62948 540 
62968 840 
62968 127 
62968 1133 
62974 681 
63016 22 
63023 15 
63034 443 
63055 323 
63057 18 
63105 13 
63110 423 
63125 48 
63153 250 
63169 1324 
63198 34 
63240 640 
63248 810 
63274 418 
63289 782 
63299 178 
63303 426 
63304 465 
63305 147 
63306 256 
63306 682 
63318 1429 
63321 337 
63332 426 
63336 3934 
63342 91 
63362 1097 
63452 1031 
63457 1685 
63457 410 
63462 1253 
63479 462 
63484 323 
63497 648 
63564 1388 
63569 22 
63593 966 
63604 383 
63684 1127 
63692 7918 
63712 40 
63739 4033 
63739 258 
63780 1627 
63789 721 
63812 372 
63840 3178 
63862 540 
63864 1168 
63889 36 
63891 1177 
63896 57 
63911 451 
63941 335 
63943 679 
63947 990 
63986 253 
64049 283 
64080 64 
64104 916 
64129 2133 
64167 235 
64169 949 
64177 222 
64185 33 
64192 1959 
64197 163 
64204 968 
64212 16 
64213 65 
64222 34 
64227 629 
64258 219 
64263 191 
64274 319 
64280 14 
64298 2173 
64314 1187 
64328 1509 
64362 99 
64404 45 
64407 733 
64412 586 
64433 0 
64472 408 
64472 288 
64482 19 
64499 532 
64509 2061 
64549 824 
64564 1207 
64572 3 
64578 191 
64584 1326 
64621 48 
64628 38 
64634 696 
64646 2374 
64646 122 
64657 323 
64665 4763 
64667 210 
64692 272 
64698 70 
64723 1280 
64726 130 
64732 979 
64749 708 
64755 251 
64761 2354 
64762 1104 
64773 1261 
64798 490 
64813 264 
64819 319 
64820 9 
64821 320 
64825 165 
64845 358 
64855 5320 
64895 1807 
64959 1310 
64980 509 
65028 20 
65078 1451 
65095 1582 
65114 57 
65176 6783 
65213 266 
65219 160 
65227 785 
65240 1246 
65256 29 
65275 1184 
65276 1225 
65280 149 
65286 359 
65328 481 
65337 1318 
65340 49 
65368 23 
65376 546 
65386 819 
65397 231 
65405 117 
65433 662 
65461 871 
65505 180 
65508 695 
65512 131 
65516 10 
65564 12 
65586 123 
65612 884 
65622 4892 
65652 655 
65707 1300 
65723 693 
65774 648 
65776 27 
65780 23 
65789 83 
65792 7272 
65797 755 
65802 332 
65838 391 
65840 991 
65867 168 
65870 938 
65898 281 
66044 157 
66048 23 
66051 354 
66063 152 
66087 88 
66099 224 
66104 4265 
66108 1834 
66120 1766 
66148 2511 
66207 85 
66212 1218 
66274 23 
66276 218 
66294 5215 
66327 2772 
66340 2559 
66402 742 
66456 433 
66468 2765 
66568 1034 
66605 45 
66610 26 
66675 186 
66676 3041 
66710 483 
66712 2421 
66744 32 
66814 128 
66827 84 
66831 1040 
66855 507 
66860 18 
66871 52 
66905 948 
66931 3858 
66935 947 
66939 40 
66969 10906 
66973 192 
66987 1442 
67024 962 
67076 158 
67083 5 
67096 6783 
67113 636 
67122 635 
67210 2069 
67223 665 
67236 360 
67275 617 
67277 340 
67349 1566 
67350 387 
67422 1053 
67424 333 
67434 755 
67444 36 
67461 2876 
67491 1045 
67506 434 
67519 156 
67529 1340 
67580 4685 
67599 266 
67608 719 
67613 289 
67615 1219 
67636 739 
67666 825 
67679 835 
67731 225 
67733 993 
67743 1732 
67758 113 
67849 437 
67852 585 
67855 337 
67865 904 
67894 255 
67903 431 
67912 480 
67950 82 
67961 1004 
67970 22 
68006 101 
68010 338 
68013 5 
68033 1710 
68042 484 
68121 742 
68133 85 
68151 455 
68188 5584 
68206 1464 
68211 419 
68237 159 
68297 534 
68371 29 
68380 79 
68383 2086 
68414 1413 
68474 472 
68479 2081 
68561 994 
68569 1351 
68570 17 
68598 2194 
68621 5295 
68625 1129 
68635 1516 
68678 4090 
68679 635 
68683 1241 
68724 351 
68754 1368 
68769 747 
68781 661 
68842 140 
68860 124 
68927 775 
68927 604 
68946 4 
68948 8 
68977 857 
69004 765 
69031 452 
69088 76 
69124 568 
69145 648 
69189 1822 
69204 1805 
69220 244 
69226 421 
69234 49 
69240 4 
69272 913 
69275 948 
69277 138 
69283 15 
69305 18 
69384 158 
69405 1697 
69495 880 
69529 847 
69530 153 
69539 3058 
69547 1575 
69548 1092 
69565 1252 
69567 436 
69576 984 
69604 1730 
69629 1097 
69632 886 
69714 735 
69734 798 
69762 491 
69824 1457 
69833 1416 
69854 314 
69879 3267 
69886 360 
69892 412 
69952 37 
69964 1821 
70051 1278 
70057 673 
70106 2698 
70125 1726 
70125 192 
70171 104 
70175 1007 
70255 11 
70258 946 
70276 139 
70350 1601 
70355 2288 
70526 304 
70542 237 
70548 435 
70566 3798 
70603 1090 
70607 416 
70608 239 
70679 21 
70684 40 
70704 384 
70716 311 
70790 243 
70808 786 
70838 6029 
70848 70 
70863 556 
70897 90 
70952 1818 
70953 140 
70958 197 
70959 828 
71040 358 
71050 18 
71056 156 
71072 1617 
71083 26 
71101 330 
71137 246 
71137 1056 
71167 145 
71225 1484 
71229 417 
71338 553 
71405 0 
71458 929 
71513 1408 
71529 1081 
71536 754 
71543 204 
71552 121 
71553 3104 
71579 141 
71590 576 
71618 771 
71626 27 
71680 931 
71701 1507 
71706 692 
71713 107 
71717 117 
71757 1450 
71773 995 
71788 1063 
71799 331 
71850 1193 
71896 791 
71931 761 
72037 1287 
72079 761 
72104 208 
72108 743 
72142 521 
72144 245 
72167 376 
72179 122 
72200 69 
72244 765 
72265 648 
72345 1735 
72365 1146 
72378 31 
72386 555 
72399 377 
72451 98 
72456 1035 
72469 158 
72501 39 
72529 1379 
72545 554 
72607 493 
72645 1097 
72694 1347 
72737 18 
72746 211 
72758 1597 
72779 78 
72922 566 
72967 584 
72993 374 
73045 47 
73051 1632 
73149 1895 
73174 823 
73192 388 
73211 809 
73261 960 
73288 1192 
73366 1327 
73415 348 
73422 151 
73481 482 
73493 1146 
73518 243 
73528 2122 
73590 43 
73599 318 
73625 186 
73669 869 
73673 10411 
73696 192 
73698 1065 
73737 2433 
73744 363 
73754 823 
73778 380 
73817 1065 
73862 8165 
74046 929 
74051 319 
74058 51 
74084 1209 
74127 637 
74172 1149 
74212 126 
74238 0 
74343 1049 
74352 1 
74357 0 
74389 31038 
74400 259 
74422 858 
74437 55 
74450 850 
74480 210 
74518 567 
74566 887 
74594 1049 
74600 186 
74611 169 
74613 1985 
74665 66 
74715 220 
74729 240 
74800 503 
74821 871 
74822 521 
74822 946 
74837 30 
74893 518 
74941 596 
75028 437 
75044 1391 
75062 67 
75167 380 
75172 98 
75190 718 
75201 687 
75218 548 
75219 1208 
75244 1977 
75256 2787 
75269 683 
75317 1521 
75348 798 
75367 4326 
75377 18 
75398 709 
75413 938 
75462 401 
75462 401 
75463 65 
75463 65 
75486 56 
75486 56 
75497 89 
75497 89 
75513 1373 
75513 1373 
75539 538 
75555 827 
75555 405 
75560 1479 
75624 325 
75625 200 
75627 101 
75636 902 
75723 888 
75726 58 
75753 683 
75758 26 
75769 1896 
75773 1520 
75783 30181 
75787 774 
75797 418 
75845 132 
75891 1543 
76123 994 
76132 1792 
76237 532 
76309 229 
76361 541 
76419 106 
76427 399 
76449 208 
76468 244 
76492 1499 
76528 83 
76584 93 
76608 17355 
76620 174 
76631 449 
76635 64628 
76702 31 
76801 1002 
76803 429 
76817 483 
76835 350 
76861 93 
76896 1008 
76926 775 
76955 1224 
76964 839 
77047 545 
77065 1666 
77094 605 
77108 1064 
77183 1279 
77231 1072 
77245 177 
77323 503 
77402 1084 
77426 138 
77446 190 
77480 238 
77526 1689 
77613 1602 
77630 1242 
77697 99 
77707 371 
77770 420 
77840 150 
77873 1070 
78029 371 
78117 403 
78119 316 
78128 336 
78141 240 
78195 319 
78208 253 
78216 679 
78249 164 
78260 398 
78289 208 
78292 95 
78332 1518 
78335 115 
78339 484 
78360 386 
78406 1580 
78540 641 
78668 422 
78687 390 
78687 238 
78712 757 
78716 453 
78824 254 
78831 27 
78888 585 
78922 136 
79000 1040 
79040 374 
79136 448 
79214 145 
79292 3818 
79305 717 
79328 1402 
79386 219 
79408 75 
79433 54 
79466 477 
79512 1502 
79517 332 
79518 32 
79556 787 
79630 2 
79649 30 
79657 865 
79717 110 
79731 1055 
79808 3096 
79816 90 
79836 434 
79856 6 
79868 86 
79898 221 
79906 168 
80049 1387 
80064 5 
80068 860 
80083 20 
80107 182 
80137 1073 
80154 1278 
80167 1149 
80189 185 
80226 210 
80245 812 
80314 303 
80380 746 
80381 1223 
80403 1292 
80417 1619 
80539 968 
80544 238 
80665 1607 
80681 252 
80696 218 
80732 841 
80758 1112 
80789 661 
80795 1394 
80961 157 
80990 90 
81079 1254 
81107 116 
81241 172 
81257 217 
81264 450 
81271 689 
81288 552 
81347 45 
81414 389 
81443 56 
81454 729 
81458 329 
81604 263 
81605 3840 
81613 619 
81614 740 
81628 193 
81646 17 
81670 210 
81721 1762 
81814 4129 
81849 762 
81905 1056 
81929 1308 
81960 569 
81979 946 
82020 276 
82100 174 
82106 1801 
82206 216 
82284 377 
82293 921 
82368 955 
82391 145 
82428 32 
82444 0 
82498 589 
82560 34 
82572 834 
82652 1250 
82748 838 
82816 5596 
82827 130 
82883 476 
82904 408 
82919 4176 
82929 2530 
82942 1705 
82960 443 
82982 1534 
83024 310 
83076 356 
83143 827 
83198 408 
83226 1169 
83234 860 
83272 4306 
83283 376 
83285 2722 
83328 417 
83339 643 
83347 473 
83350 206 
83360 3704 
83367 1122 
83387 13 
83401 672 
83403 1453 
83426 3619 
83448 94 
83454 279 
83637 274 
83678 49 
83682 740 
83834 211 
83876 431 
83886 1213 
83956 2228 
83960 812 
83964 165 
83972 1577 
83991 3270 
84027 36 
84042 10 
84093 1179 
84102 192 
84119 502 
84166 103 
84170 841 
84182 955 
84237 966 
84273 36 
84302 1052 
84369 790 
84421 14788 
84422 925 
84453 55 
84549 605 
84660 102 
84670 408 
84727 2943 
84729 2 
84774 135 
84787 1381 
84802 127 
84830 304 
84915 1369 
84920 139 
84953 165 
84965 36 
85064 3590 
85103 5733 
85204 1151 
85214 476 
85220 663 
85239 721 
85348 1036 
85397 1321 
85439 383 
85480 507 
85501 360 
85554 398 
85557 3734 
85575 509 
85660 333 
85729 95 
85755 178 
85774 1587 
85813 1463 
85822 502 
85858 5986 
85993 166 
86129 101 
86142 727 
86281 1411 
86296 290 
86354 2141 
86385 4097 
86395 427 
86439 475 
86503 86 
86508 1437 
86573 8 
86626 55 
86628 624 
86751 459 
86786 232 
86793 202 
86872 200 
87042 528 
87063 736 
87082 1009 
87150 629 
87310 227 
87311 75 
87364 630 
87414 253 
87486 101 
87486 163 
87540 2658 
87573 333 
87581 1684 
87623 190 
87674 1371 
87742 238 
87779 138 
87814 370 
87880 692 
87943 5272 
88050 1085 
88138 1167 
88141 1071 
88144 103 
88170 62 
88238 426 
88268 1044 
88331 333 
88352 2067 
88388 438 
88419 48 
88422 1970 
88428 614 
88436 134 
88447 84 
88520 850 
88538 304 
88591 1217 
88602 1555 
88620 28 
88717 117 
88827 1262 
88861 1108 
88948 2188 
88966 108 
88971 483 
88991 1253 
89022 1708 
89051 12 
89075 42 
89136 5940 
89143 235 
89153 377 
89159 156 
89180 324 
89313 71 
89331 3578 
89383 750 
89387 62 
89475 406 
89484 29 
89485 153 
89639 5 
89700 797 
89803 1171 
89979 2 
90145 352 
90207 478 
90373 221 
90530 34 
90546 703 
90657 859 
90680 1038 
90740 1107 
90778 707 
90790 87 
90799 88 
90869 146 
90881 35 
90887 247 
90958 892 
90973 733 
90976 86 
91030 379 
91158 1366 
91174 148 
91298 1150 
91315 92 
91342 1087 
91356 466 
91477 651 
91665 975 
91802 629 
91946 404 
92079 354 
92088 676 
92096 92 
92202 532 
92228 1830 
92795 140 
92909 58 
92923 274 
92958 39 
93023 2037 
93068 396 
93173 248 
93310 400 
93392 3632 
93424 998 
93427 281 
93509 417 
93517 768 
93535 123 
93573 933 
93647 915 
93671 679 
93693 2044 
93767 235 
93868 643 
94024 145 
94032 351 
94062 763 
94262 52 
94328 334 
94498 147 
94521 1743 
94667 485 
94676 22 
94713 21 
94721 30 
94755 1855 
94794 320 
94859 83 
94929 314 
95081 257 
95090 1668 
95115 90 
95130 53 
95234 1551 
95239 108 
95281 5118 
95312 157 
95395 581 
95474 300 
95523 1649 
95731 3895 
95795 63 
95838 23 
95879 750 
95885 2 
95895 342 
95968 36 
96075 123 
96103 68 
96111 4233 
96149 1923 
96204 2559 
96268 1277 
96280 1610 
96285 628 
96393 355 
96554 1375 
96684 1905 
96752 2973 
96812 609 
97099 7 
97120 940 
97143 1094 
97196 1478 
97199 517 
97275 915 
97625 177 
97647 687 
97651 1395 
97806 916 
97934 1235 
98001 205 
98014 595 
98032 107 
98106 1 
98115 555 
98116 305 
98179 855 
98224 927 
98305 56 
98323 1548 
98327 180 
98396 116 
98443 219 
98452 404 
98494 1498 
98522 538 
98627 407 
98689 3434 
98727 478 
98785 180 
98835 568 
98869 61 
98894 158 
98939 109 
99038 1373 
99056 574 
99114 334 
99171 563 
99178 151 
99262 713 
99317 1985 
99327 432 
99391 173 
99514 2471 
99578 2122 
99644 305 
99668 786 
99750 1783 
100110 3000 
100145 970 
100247 831 
100421 1008 
100712 844 
100821 561 
100882 1074 
100884 9124 
101178 1736 
101274 12 
101294 647 
101314 897 
101474 31 
101545 902 
101561 1493 
101574 255 
101583 384 
101621 570 
101900 998 
101939 54 
102006 174 
102233 1321 
102258 710 
102383 16 
102425 1788 
102436 103 
102582 315 
102747 826 
103140 690 
103513 2889 
103520 39 
103548 2422 
103633 433 
104350 502 
104372 131 
104397 149 
104458 319 
104515 51 
104518 122 
104838 561 
104838 561 
105086 705 
105091 1727 
105133 111 
105231 110 
105467 730 
105877 17 
105936 1788 
105952 2019 
105974 530 
106034 1226 
106129 318 
106502 961 
106513 282 
106782 175 
106785 336 
106967 350 
107001 1388 
107140 1105 
107230 185 
107281 824 
107313 128 
107664 812 
108033 881 
108383 1373 
108387 0 
108566 146 
108591 57 
109594 651 
109624 155 
109643 443 
109797 13748 
110285 59 
110365 280 
110993 86 
111019 431 
111102 687 
111409 224 
111494 122 
111502 2750 
111564 1244 
111577 10 
111590 2534 
111612 526 
111663 204 
111665 2262 
111702 415 
112276 279 
112432 3329 
112470 2590 
112547 55 
112566 44490 
112611 1403 
112647 495 
112655 844 
112793 1007 
113594 2251 
113597 810 
113610 1644 
113649 1774 
113796 1289 
114122 1959 
114144 976 
114169 1107 
114303 531 
114587 254 
114593 335 
114788 697 
114793 946 
114834 108 
114888 204 
115102 160 
115199 5083 
115437 248 
115449 278 
115467 3434 
115656 1346 
115675 449 
115685 219 
115686 878 
115849 744 
115902 2389 
115933 404 
116014 245 
116157 602 
116180 1462 
116306 92 
116508 2419 
116906 182 
117134 245 
117139 398 
117241 444 
117398 10 
117507 2317 
117534 1493 
117537 526 
117652 333 
117768 556 
118033 62 
118082 8475 
118093 37 
118152 1317 
118247 2022 
118291 1284 
118299 170 
118410 618 
118589 53 
118615 1410 
118635 510 
118672 351 
118725 867 
118740 2 
118752 2270 
119014 3523 
119203 715 
119214 861 
119362 106 
119504 426 
119709 133 
119709 133 
119843 283 
119902 268 
119921 3259 
119997 208 
120944 111 
121109 1283 
121198 1117 
121327 1699 
121467 439 
121805 3752 
121807 903 
121995 912 
122047 135 
122278 1341 
122409 1318 
122457 239 
122541 178 
122658 46 
122698 40 
122800 687 
123014 294 
123302 116 
123430 110 
123710 822 
123802 433 
123803 344 
123879 991 
123901 151 
123907 982 
123920 1278 
124014 212 
124110 299 
124226 299 
124255 865 
124300 287 
124539 1978 
124559 37 
124616 463 
124672 681 
124727 381 
124743 365 
124886 2227 
124911 577 
124914 2305 
125210 959 
125289 130 
125343 1772 
125473 1873 
125574 800 
125640 384 
125665 1421 
125772 9 
125858 2523 
125904 978 
125983 352 
126476 107 
126838 998 
127030 122 
127171 693 
127206 4183 
127244 71 
127285 614 
127305 152 
127309 468 
127428 26 
127457 640 
127586 975 
128120 493 
128187 256 
128478 1012 
128522 2957 
128691 161 
129037 467 
129135 1850 
129139 177 
129225 1868 
129290 507 
129485 28 
129539 446 
129639 669 
129776 142 
130181 2 
130278 87 
130392 1088 
130440 278 
130448 108 
130533 223 
130675 193 
130941 83 
131244 1092 
131257 243 
131511 1734 
131702 1668 
131764 224 
131885 1214 
132053 160 
132199 181 
132328 891 
132396 192 
132423 668 
132435 442 
132584 38 
132614 574 
132901 626 
132908 944 
133012 308 
133145 168 
133149 948 
133213 897 
133349 0 
133670 584 
133691 777 
133765 401 
133980 434 
134052 9 
134281 1354 
134502 94 
134539 1617 
134691 1233 
134933 782 
134951 147 
134968 152 
135002 299 
135174 2672 
135296 2302 
135305 126 
135315 397 
135420 223 
135480 49 
135496 268 
135505 528 
135638 1452 
135685 1111 
135696 823 
135696 719 
135724 9 
135948 1135 
135951 6 
135977 2556 
136062 680 
136103 133 
136155 343 
136212 460 
136228 2038 
136397 3193 
136419 535 
136496 723 
136532 154 
136540 3188 
136582 5353 
136599 795 
136626 1488 
136660 1235 
136736 1665 
136759 737 
136898 81 
136999 1275 
137177 277 
137538 337 
137591 4360 
137613 759 
137803 536 
137935 254 
137945 20 
138081 521 
138317 496 
138398 57 
138519 2366 
138601 5416 
138618 305 
138691 836 
138757 1130 
138762 232 
138835 215 
138911 161 
138918 172 
139253 1105 
139263 100 
139357 658 
139598 127 
139678 178 
139819 787 
139847 340 
139878 49 
139893 410 
140029 842 
140160 1581 
140347 3270 
140431 182 
140563 505 
140635 48 
140835 1486 
140842 230 
140999 1636 
141051 68 
141059 437 
141085 870 
141287 29 
141301 406 
141318 176 
141387 181 
141422 996 
141480 118 
141515 620 
141535 1370 
141583 1114 
141605 827 
141637 143 
141724 796 
141958 397 
142049 1135 
142094 802 
142131 519 
142141 24 
142156 2024 
142227 109 
142237 565 
142301 924 
142489 638 
142690 519 
142750 473 
142918 423 
142970 268 
142972 817 
143043 361 
143146 1084 
143153 1903 
143243 1595 
143423 1962 
143432 973 
143705 1595 
143784 1544 
143840 13 
143932 589 
144066 351 
144140 20 
144167 118 
144260 10 
144347 4638 
144533 456 
144708 485 
145113 163 
145178 758 
145240 2159 
145245 1179 
145527 209 
145603 418 
145720 18 
145735 475 
145743 884 
145842 1264 
145851 131 
145876 265 
145950 587 
146027 2770 
146054 326 
146066 537 
146094 715 
146162 4252 
146199 1407 
146302 1001 
146313 883 
146382 1201 
146424 106 
146469 268 
146543 1845 
146584 1027 
146673 1011 
146763 28 
146769 176 
147133 33650 
147160 166 
147167 655 
147278 353 
147470 768 
147495 3907 
147570 134 
147579 142 
147583 128 
147696 1309 
147853 352 
147891 717 
148098 468 
148104 5672 
148131 178 
148272 1463 
148321 515 
148454 1012 
148455 1432 
148575 147 
148606 1203 
148625 1408 
148664 241 
148853 670 
148916 648 
148942 1174 
149138 14 
149188 709 
149278 1051 
149356 736 
149516 66 
149725 108 
149828 1279 
150010 42 
150037 580 
150074 69 
150096 92 
150139 140 
150148 671 
150216 220 
150309 23392 
150309 23392 
150342 3625 
150342 3625 
150347 778 
150347 778 
150380 281 
150397 1969 
150432 275 
150434 44 
150451 1473 
150492 296 
150533 3143 
150619 442 
150667 39 
150710 41 
150877 286 
151183 105 
151212 1411 
151258 227 
151426 691 
151463 629 
151517 1227 
151580 251 
151585 529 
151592 65 
151700 1061 
151825 624 
152186 1397 
152252 134 
152443 276 
152460 1225 
152658 448 
152661 68 
152745 549 
152841 1860 
153197 573 
153264 68 
153347 48 
153622 78 
153667 536 
153853 362 
153893 409 
153899 1120 
154029 441 
154119 10 
154209 592 
154228 1 
154250 1569 
154276 1518 
154474 152 
154607 250 
154656 465 
154774 1679 
154804 1165 
155013 174 
155077 81 
155320 1850 
155329 1442 
155408 1133 
155432 643 
155438 702 
155441 403 
155444 682 
155474 177 
155522 1839 
155535 476 
155598 290 
155746 163 
155875 1398 
155967 839 
156018 359 
156028 701 
156254 716 
156262 174 
156276 195 
156339 891 
156405 9 
156681 310 
156808 640 
156837 896 
157054 383 
157066 1146 
157074 838 
157108 298 
157123 1010 
157168 144 
157173 1207 
157198 1092 
157744 186 
157809 880 
157968 660 
157974 1376 
157986 447 
157990 224 
158080 12 
158098 283 
158312 585 
158391 297 
158614 338 
158775 326 
158809 33 
158862 222 
159131 73 
159251 273 
159315 621 
159514 169 
159888 548 
159939 742 
160057 1320 
160098 247 
160167 654 
160259 183 
160474 13 
160498 1557 
160684 1174 
160691 210 
160759 924 
160841 1127 
160842 1392 
161017 572 
161046 753 
161290 548 
161299 274 
161311 2442 
161359 747 
161467 238 
161591 1121 
161594 930 
161759 810 
162055 30 
162174 623 
162177 183 
162736 851 
162893 102 
163216 50 
163575 1006 
163976 120 
164098 117 
164363 211 
164527 1268 
164723 2889 
164817 54 
164977 506 
165128 55 
165501 516 
165525 231 
165639 839 
165716 129 
165796 490 
165949 1185 
166110 2999 
166153 1091 
166218 55 
166293 142 
166742 452 
166753 724 
166761 193 
166913 344 
167066 36 
167120 243 
167752 405 
167829 1938 
167862 936 
167939 186 
168137 1120 
168628 164 
168663 1261 
168830 138 
169023 961 
169123 91 
169315 162 
169559 203 
169669 7 
170013 115 
170167 439 
170216 77 
170298 7400 
170318 890 
171025 404 
171405 881 
171414 2398 
171550 528 
172004 73 
172384 633 
172422 131 
172703 140 
172740 1309 
173144 1018 
173320 1047 
173970 12739 
174212 499 
174553 3006 
175304 78 
175895 1817 
175926 85 
175938 492 
176147 694 
176396 123 
176743 139 
177001 238 
177465 58 
177535 411 
178523 604 
178811 613 
178883 133 
179144 368 
179319 707 
179353 2707 
179888 67 
180032 1 
180038 500 
180125 392 
180587 1861 
181170 1430 
181508 143 
181814 70 
181837 758 
182360 148 
182494 26 
182942 27 
183828 153 
184176 105 
184195 512 
184480 350 
184676 161 
184825 186 
184970 49 
185206 277 
185477 23 
186677 482 
187789 246 
188128 2640 
188712 34 
189449 649 
189564 647 
190322 1456 
190680 371 
190997 1432 
191092 469 
192903 947 
194185 63 
194862 239 
195758 420 
196644 279 
196768 653 
199486 50 
200314 205 
200855 757 
201801 23 
205083 1749 
205088 456 
205527 815 
207189 1011 
210202 147 
210454 1206 
210454 1206 
211192 2442 
211722 357 
211981 187 
212603 2893 
212799 1961 
213514 105 
214422 129 
215786 263 
216510 1117 
216676 246 
217880 270 
218352 210 
218413 259 
218803 1363 
219039 578 
219171 1257 
219578 795 
219635 1882 
219948 73 
220082 529 
220319 1048 
220357 178 
220361 684 
220703 281 
221027 725 
221127 38 
221266 207 
221344 486 
221344 1602 
221420 376 
221430 566 
221728 348 
222113 2392 
222343 221 
222548 245 
222564 4 
222635 481 
223059 393 
223431 1634 
223622 287 
224397 1156 
224497 519 
224636 46 
224806 433 
225640 456 
225830 1573 
225842 13 
226001 169 
226638 845 
226774 622 
227449 429 
227628 1190 
227981 968 
228499 8 
228960 189 
229056 1014 
229511 1081 
230095 96 
230128 1012 
231095 510 
231659 609 
232162 401 
232251 647 
232418 127 
232532 1111 
233001 136 
233817 22 
234442 561 
234454 183 
234560 993 
234779 6806 
234807 746 
234863 88 
235211 91 
235429 0 
235938 304 
235948 156 
236226 670 
236595 762 
236904 78 
237049 1873 
237387 289 
237555 191 
237848 815 
239130 1132 
239185 461 
239187 279 
239259 6659 
239323 275 
239682 583 
240003 271 
241107 442 
241252 247 
241319 745 
241685 232 
241912 1003 
241928 240 
242073 857 
242100 220 
242114 26 
242245 635 
242422 1567 
242699 1011 
242758 1452 
243472 1049 
243616 419 
244135 1066 
244184 807 
244201 1139 
244226 845 
244494 159 
244501 15230 
244609 576 
244671 191 
244763 697 
244764 5764 
244888 431 
245565 73 
245827 247 
245996 224 
246216 97 
246569 5 
246690 1194 
246714 1104 
247802 5787 
248228 828 
248713 310 
249127 992 
249570 297 
249583 1407 
249831 423 
249845 218 
250155 118 
250445 2238 
251088 398 
251537 120 
251594 396 
251608 2481 
252013 682 
252298 4183 
252735 407 
252759 44 
252975 1158 
253137 388 
253173 1345 
253409 175 
253507 157 
253800 1025 
254525 1271 
255095 862 
255223 184 
255373 138 
255571 78 
256341 246 
256487 588 
256552 236 
256622 248 
256758 814 
256777 6664 
256827 198 
257455 110 
258147 41 
258222 82 
258426 1376 
258502 913 
258507 799 
258876 13 
258958 966 
258984 257 
259505 3412 
259561 529 
259633 61 
259889 238 
260434 85 
260793 733 
261225 66 
261392 81 
261546 2098 
262187 5 
262326 530 
263315 12 
263843 135 
264678 2452 
264833 982 
265177 236 
265177 3097 
265200 101 
265252 84 
265631 2732 
265786 1743 
266745 577 
268606 406 
271367 148 
274977 841 
277204 563 
278569 1496 
279798 908 
283335 47 
298470 256 
298851 259 
299155 677 
300739 105 
301833 790 
302907 1104 
303737 1375 
303754 3806 
305022 1081 
307099 2252 
307372 8 
307422 1998 
307466 37 
307494 6111 
309353 104 
309436 81 
309774 6 
309807 83 
310197 30 
310556 268 
312690 71 
314858 1089 
315677 840 
315753 837 
316144 1195 
316754 2642 
317295 589 
317688 335 
318308 323 
319008 200 
319013 274 
320920 266 
321437 1129 
322327 131 
323930 735 
324014 995 
324685 1027 
325651 130 
326209 553 
326332 543 
326884 4847 
326894 194 
326912 1421 
326921 166 
326988 104 
327325 0 
328467 280 
329138 116 
329671 192 
329762 483 
330909 116 
330909 116 
332434 42 
332509 926 
332991 3662 
333148 35 
333651 112 
334444 2893 
334766 1037 
335336 814 
336451 114 
336461 211 
336570 956 
336684 364 
336798 639 
336873 28 
337913 743 
338562 550 
338998 0 
339251 1923 
340644 74 
342033 1447 
342695 222 
342771 62 
345371 408 
345631 420 
346165 752 
346392 49 
348037 81 
348521 86 
349224 370 
349238 14 
349499 527 
350872 472 
351154 90 
352908 822 
354798 797 
358069 165 
358411 624 
358869 748 
365535 228 
371728 158 
372643 27 
373267 1143 
373948 700 
376727 146 
382875 1487 
384445 785 
386180 233 
386923 349 
387048 612 
388166 857 
388975 1172 
390306 384 
390736 1597 
391716 1603 
392070 254 
392070 254 
392482 371 
393462 702 
394180 311 
398152 506 
398669 261 
399545 1088 
400284 483 
400636 509 
402298 1157 
402943 2618 
403095 764 
405057 227 
406144 543 
407183 235 
410485 815 
411007 275 
412029 1548 
413963 1179 
414668 298 
417760 459 
419698 275 
419998 11 
420973 1578 
424167 165 
427333 660 
428176 834 
430906 1519 
431435 1267 
433313 6803 
433334 1335 
433608 25 
437692 268 
437692 268 
441094 0 
441440 699 
441724 808 
443699 7 
445571 217 
448418 765 
451622 678 
458002 296 
462468 653 
468971 644 
470767 1192 
474767 788 
478147 1516 
482482 212 
483354 54 
487230 172 
487487 363 
493474 450 
494070 950 
500032 237 
500558 1388 
501789 141 
502223 431 
503842 496 
505806 279 
505858 827 
506234 1583 
506684 1292 
523462 1234 
527434 315 
532390 472 
533618 258 
534497 231 
545996 115 
553239 489 
553286 243 
563004 161 
572776 3612 
573173 359 
577464 409 
578270 1280 
582494 810 
583607 423 
589690 226 
598990 436 
599148 300 
600255 9 
601342 811 
