3245 5.50702546296
0 1029304 
12 322 
14 612 
15 359 
17 300 
18 346 
19 421 
20 419 
21 213 
23 137 
24 114 
24 26 
24 319 
25 28 
26 145 
26 221 
27 483 
27 185 
27 134 
27 35 
28 153 
29 1125 
29 116 
29 198 
29 151 
30 220 
30 655 
30 929 
30 284 
31 149 
31 52 
31 246 
31 39 
31 108 
31 376 
32 299 
32 354 
32 46 
32 384 
32 782 
32 114 
32 243 
32 160 
34 430 
34 103 
34 669 
35 190 
35 144 
35 72 
36 3774 
36 291 
36 99 
37 501 
37 226 
37 503 
38 95 
38 408 
38 65 
38 242 
38 15 
38 112 
39 239 
39 74 
39 412 
39 72 
40 142 
40 121 
40 154 
41 115 
41 334 
41 62 
41 603 
41 157 
41 702 
41 144 
42 8 
42 183 
42 467 
42 97 
43 201 
43 194 
43 318 
43 708 
43 84 
44 601 
44 125 
44 154 
45 253 
45 276 
45 177 
46 1135 
46 227 
46 159 
47 253 
47 51 
48 227 
48 361 
48 830 
48 781 
48 110 
49 14 
49 143 
49 1043 
49 159 
49 433 
49 496 
49 354 
51 302 
51 284 
51 452 
51 155 
51 123 
51 224 
51 240 
51 166 
51 1250 
52 145 
52 135 
52 77 
52 196 
53 139 
53 93 
53 112 
54 201 
54 332 
54 188 
54 277 
54 166 
54 21 
54 74 
55 120 
55 211 
55 89 
55 2315 
56 174 
56 312 
57 5 
57 37 
57 253 
57 166 
57 304 
57 26 
57 197 
58 305 
58 545 
58 356 
58 191 
58 657 
58 263 
58 117 
58 409 
59 142 
59 146 
59 667 
59 838 
60 210 
60 195 
60 16 
60 350 
60 1280 
60 804 
60 299 
61 147 
61 239 
61 196 
61 493 
61 396 
61 290 
61 131 
62 92 
62 109 
62 319 
62 166 
63 822 
63 175 
63 1090 
63 661 
63 43 
63 909 
63 474 
64 104 
64 198 
64 223 
64 230 
65 463 
65 121 
65 402 
65 224 
66 323 
66 183 
66 320 
66 224 
66 282 
67 316 
67 366 
67 207 
68 291 
68 662 
68 174 
68 188 
68 413 
68 136 
68 152 
68 305 
69 224 
69 85 
69 536 
69 424 
70 394 
70 892 
70 236 
71 147 
71 363 
71 306 
71 84 
72 338 
72 87 
73 404 
73 38 
73 457 
73 129 
74 1463 
74 198 
74 262 
74 426 
74 270 
74 208 
74 40 
75 122 
75 436 
75 299 
75 34 
75 715 
75 320 
75 393 
76 526 
76 206 
76 409 
76 386 
76 456 
76 283 
76 344 
76 9 
77 149 
77 529 
77 204 
77 121 
77 160 
77 489 
77 96 
77 79 
78 117 
78 171 
78 850 
78 194 
78 190 
78 277 
78 52 
78 550 
78 92 
79 217 
79 460 
79 398 
79 567 
79 274 
80 251 
80 275 
80 428 
81 197 
81 88 
81 83 
81 159 
82 117 
82 404 
82 167 
83 125 
83 540 
83 124 
83 1894 
83 404 
84 218 
84 156 
84 396 
84 283 
85 676 
85 124 
85 73 
86 37 
86 180 
86 39 
86 233 
86 4235 
86 209 
86 299 
86 286 
87 369 
87 198 
87 196 
87 88 
88 459 
88 1214 
88 23 
88 117 
88 260 
88 21 
88 202 
88 356 
88 2823 
88 252 
88 81 
88 31 
89 169 
89 86 
89 1130 
89 67 
89 415 
90 150 
90 88 
90 143 
91 25 
91 230 
92 432 
92 569 
92 174 
92 166 
92 94 
93 369 
93 127 
93 123 
93 136 
93 56 
93 145 
93 738 
93 626 
93 262 
94 107 
94 71 
94 305 
94 305 
95 292 
95 157 
95 339 
95 12 
95 465 
95 328 
95 157 
96 291 
96 115 
96 204 
96 431 
96 156 
97 221 
97 175 
97 719 
97 42 
97 232 
97 283 
98 64 
98 141 
98 2169 
98 87 
98 154 
99 15 
99 120 
99 59 
99 112 
99 450 
99 78 
99 232 
99 301 
99 96 
100 39 
101 1886 
101 140 
101 301 
101 104 
102 115 
102 1649 
102 307 
102 303 
102 335 
103 38 
103 507 
103 198 
104 947 
104 157 
104 143 
104 181 
105 25 
105 109 
105 69 
105 115 
106 342 
106 76 
106 165 
107 95 
107 186 
107 1524 
107 18 
107 160 
108 212 
108 159 
108 172 
108 258 
108 94 
108 296 
109 610 
109 242 
109 1558 
109 629 
109 344 
109 63 
109 1042 
109 67 
109 328 
109 224 
110 224 
110 26 
110 104 
110 606 
110 319 
110 238 
110 496 
110 61 
110 121 
111 1495 
111 436 
111 281 
111 139 
111 268 
111 196 
111 955 
112 304 
112 1160 
112 18 
112 258 
112 1320 
113 67 
113 201 
113 398 
113 235 
113 111 
114 129 
114 143 
115 236 
115 395 
115 362 
115 277 
115 1712 
116 433 
116 469 
116 2085 
116 152 
116 139 
116 496 
116 58 
116 78 
116 118 
117 89 
117 556 
117 533 
117 451 
117 216 
118 348 
118 465 
118 267 
118 77 
118 134 
118 116 
118 113 
118 143 
119 1065 
119 313 
119 614 
119 101 
119 255 
119 283 
119 299 
120 836 
120 195 
120 51 
120 88 
120 268 
121 128 
121 329 
121 26 
121 257 
121 134 
122 463 
122 175 
122 307 
123 42 
124 268 
124 53 
124 363 
124 530 
124 189 
125 606 
125 146 
125 370 
126 273 
126 1110 
126 178 
127 230 
127 66 
127 66 
127 460 
128 228 
129 337 
129 258 
129 1764 
130 470 
130 692 
130 307 
130 377 
130 190 
130 2798 
130 611 
130 293 
131 486 
131 356 
131 130 
131 228 
131 160 
131 227 
131 127 
131 126 
131 287 
132 521 
132 158 
132 379 
132 210 
132 104 
133 86 
133 60 
133 209 
134 213 
134 63 
134 645 
135 344 
135 101 
135 208 
135 336 
135 285 
135 342 
136 113 
136 402 
136 282 
136 122 
137 183 
137 225 
137 369 
137 95 
138 111 
138 1156 
138 524 
138 160 
138 152 
138 77 
138 337 
138 63 
139 281 
139 124 
139 185 
139 360 
139 325 
140 1242 
140 233 
140 52 
140 80 
141 366 
141 278 
141 97 
141 187 
142 209 
142 453 
142 875 
142 82 
142 290 
143 227 
143 532 
143 341 
143 205 
144 166 
144 992 
144 145 
144 191 
145 252 
146 349 
146 72 
146 356 
146 954 
147 70 
147 270 
147 1075 
147 758 
148 24 
148 71 
148 139 
148 284 
148 434 
148 172 
149 103 
149 301 
150 660 
150 115 
150 145 
150 232 
151 29 
151 249 
151 136 
151 783 
151 159 
152 157 
152 332 
152 62 
152 203 
152 194 
152 480 
152 143 
153 315 
154 49 
154 174 
155 197 
155 462 
155 47 
156 209 
156 317 
157 339 
157 55 
157 95 
157 260 
157 122 
157 669 
157 115 
158 999 
158 253 
158 799 
158 253 
158 588 
158 135 
159 260 
159 261 
159 77 
160 218 
160 52 
160 92 
160 56 
160 138 
160 638 
160 575 
161 94 
161 304 
161 172 
162 363 
162 379 
163 320 
163 486 
163 274 
164 341 
165 372 
165 275 
165 157 
166 327 
166 1662 
166 71 
167 410 
167 261 
167 569 
168 143 
168 503 
168 229 
168 176 
168 201 
169 319 
169 205 
169 165 
169 38 
169 51 
169 85 
169 14 
169 803 
170 10 
170 78 
172 129 
172 488 
172 217 
173 109 
173 78 
173 316 
173 297 
173 255 
174 376 
174 128 
175 194 
175 543 
175 112 
175 384 
176 67 
176 61 
176 157 
176 83 
177 125 
178 48 
178 182 
179 122 
179 639 
179 227 
179 100 
180 512 
180 118 
181 64 
181 264 
181 300 
181 100 
181 484 
181 79 
181 39 
182 117 
182 255 
182 88 
182 77 
182 543 
182 327 
183 279 
183 124 
183 1171 
183 140 
183 172 
183 127 
183 196 
184 202 
184 170 
184 130 
185 408 
185 429 
185 296 
185 313 
185 127 
185 229 
186 41 
186 42 
187 445 
187 987 
188 124 
188 395 
188 407 
188 163 
188 238 
189 288 
189 333 
189 226 
189 188 
190 61 
190 378 
190 91 
190 227 
191 713 
191 426 
191 153 
191 3 
192 178 
192 155 
192 113 
192 286 
192 230 
193 51 
193 784 
193 988 
194 1072 
194 266 
194 134 
195 140 
195 92 
195 120 
195 99 
196 655 
196 39 
196 56 
196 872 
196 257 
198 325 
198 38 
198 317 
198 124 
198 304 
198 48 
199 508 
199 202 
199 392 
199 401 
200 111 
200 166 
200 144 
200 74 
201 354 
201 679 
202 297 
202 63 
202 737 
203 138 
203 392 
203 1038 
203 295 
203 233 
204 780 
204 108 
204 61 
205 75 
205 132 
206 1474 
206 548 
206 211 
206 73 
206 467 
207 654 
208 620 
208 443 
208 637 
208 217 
209 191 
209 311 
209 53 
210 282 
210 567 
211 954 
211 157 
211 37 
211 125 
212 200 
212 56 
212 191 
213 351 
214 628 
214 193 
214 119 
214 343 
215 462 
215 477 
215 468 
215 277 
215 607 
215 232 
215 529 
215 702 
216 285 
216 203 
216 191 
217 97 
217 175 
217 113 
217 21 
217 181 
218 140 
219 980 
219 103 
219 1005 
219 99 
220 132 
220 232 
220 661 
221 123 
221 194 
221 77 
222 158 
222 177 
222 154 
222 12 
222 264 
222 364 
223 554 
223 168 
223 115 
223 175 
224 517 
224 129 
224 1113 
225 241 
226 279 
226 625 
226 274 
226 260 
226 110 
226 1091 
227 231 
227 232 
227 149 
227 9 
227 20 
227 304 
228 241 
228 117 
228 119 
229 189 
229 425 
229 88 
230 289 
230 275 
230 3326 
231 153 
231 92 
231 222 
231 313 
232 244 
233 260 
233 844 
233 699 
233 31 
234 104 
235 284 
236 91 
236 355 
236 365 
236 374 
237 153 
238 83 
238 169 
238 242 
238 118 
239 60 
240 614 
241 326 
241 267 
242 375 
242 135 
243 409 
243 250 
243 158 
243 208 
243 155 
243 108 
243 71 
244 201 
244 166 
245 183 
246 146 
246 143 
247 101 
247 679 
247 39 
247 126 
247 193 
248 1 
248 264 
248 238 
249 1262 
249 213 
249 607 
249 189 
250 61 
250 253 
250 206 
250 279 
251 272 
251 362 
251 251 
251 327 
251 514 
252 171 
252 407 
253 219 
253 227 
253 41 
253 35 
254 310 
254 182 
254 106 
254 313 
254 290 
254 650 
254 652 
255 381 
255 92 
256 551 
256 1357 
256 30 
257 64 
257 278 
257 253 
258 1899 
258 184 
260 223 
260 344 
260 229 
261 102 
261 199 
261 308 
262 235 
263 129 
263 126 
263 458 
263 280 
264 30 
264 273 
264 184 
265 131 
265 190 
265 101 
265 233 
266 291 
267 194 
267 115 
268 136 
268 223 
268 102 
268 505 
269 194 
269 241 
269 18 
269 266 
269 211 
270 79 
270 333 
270 247 
271 678 
271 490 
271 110 
272 288 
273 343 
273 467 
273 133 
274 206 
274 44 
275 166 
275 157 
276 507 
276 248 
276 83 
277 753 
277 248 
277 44 
277 133 
277 281 
277 88 
278 1864 
278 262 
279 1665 
280 376 
283 26 
285 31 
285 174 
285 74 
286 821 
286 281 
288 352 
288 805 
288 710 
289 1595 
289 261 
289 160 
290 342 
290 153 
291 281 
291 112 
292 340 
292 187 
292 112 
293 350 
293 70 
293 253 
294 63 
294 223 
294 1263 
295 406 
296 145 
296 270 
296 128 
296 1400 
297 63 
297 312 
297 250 
297 397 
297 144 
298 175 
298 182 
299 209 
299 68 
299 888 
299 68 
299 237 
300 322 
300 123 
300 288 
300 164 
301 345 
301 172 
301 60 
302 31 
302 178 
303 406 
303 184 
303 297 
305 161 
305 388 
307 24 
307 130 
308 131 
308 585 
308 212 
309 310 
310 135 
310 461 
310 644 
311 305 
311 171 
311 217 
311 114 
312 685 
312 267 
312 81 
312 216 
313 314 
313 83 
313 308 
314 644 
317 182 
318 435 
318 163 
318 220 
318 361 
318 300 
319 72 
319 483 
319 221 
319 249 
320 240 
320 49 
320 442 
320 175 
321 68 
321 209 
321 706 
321 183 
322 107 
322 272 
322 88 
322 72 
323 115 
323 13 
323 14 
323 261 
323 215 
323 136 
324 209 
325 680 
326 692 
327 486 
327 129 
328 90 
329 200 
329 219 
329 226 
330 5372 
330 93 
330 91 
331 143 
331 131 
331 89 
332 59 
332 183 
333 323 
333 273 
333 230 
334 102 
334 244 
335 369 
335 105 
336 111 
337 165 
337 5926 
337 205 
338 229 
340 105 
340 71 
340 315 
342 34 
343 397 
343 55 
344 150 
344 95 
344 83 
345 502 
345 666 
346 162 
346 85 
346 243 
347 439 
347 180 
348 48 
349 44 
349 323 
349 218 
349 159 
350 121 
350 133 
350 195 
351 613 
351 474 
351 214 
351 682 
351 42 
352 101 
352 121 
353 165 
354 154 
354 207 
355 118 
356 39 
356 1314 
356 163 
357 556 
358 323 
358 1366 
358 78 
359 98 
361 133 
361 184 
362 111 
363 54 
363 228 
363 98 
363 227 
364 179 
364 163 
364 154 
364 69 
365 59 
365 133 
368 95 
368 299 
368 175 
370 138 
370 398 
370 103 
371 375 
372 755 
372 654 
372 367 
373 143 
373 49 
373 800 
374 26 
375 332 
376 173 
376 120 
376 496 
376 90 
377 103 
377 658 
377 64 
377 221 
378 239 
378 74 
379 608 
379 2603 
379 128 
379 61 
380 82 
380 200 
381 350 
381 732 
381 340 
382 48 
382 47 
382 186 
383 244 
385 120 
385 105 
385 130 
385 402 
385 54 
385 239 
386 169 
386 66 
387 149 
387 1090 
388 143 
388 356 
389 125 
389 116 
390 40 
390 59 
391 104 
391 122 
393 1224 
393 86 
393 66 
395 52 
395 231 
396 278 
396 96 
397 96 
397 348 
397 489 
398 400 
398 235 
400 149 
400 52 
401 381 
401 93 
401 2005 
401 15 
401 315 
402 99 
402 106 
403 162 
403 350 
403 263 
404 161 
404 63 
404 668 
404 411 
404 283 
406 400 
406 292 
406 92 
406 77 
407 639 
408 113 
409 40 
409 375 
410 487 
410 102 
411 328 
411 1431 
411 139 
413 134 
420 242 
420 53 
421 297 
421 1651 
422 83 
422 195 
423 129 
423 116 
424 265 
424 946 
424 486 
425 412 
425 57 
426 821 
427 179 
427 94 
428 236 
428 31 
428 1112 
429 445 
430 984 
431 104 
431 106 
431 92 
432 134 
432 328 
432 109 
435 604 
436 281 
437 123 
437 2538 
438 594 
438 167 
439 47 
440 83 
442 235 
442 542 
442 244 
442 356 
442 1754 
442 367 
442 397 
444 231 
444 44 
446 268 
447 124 
447 98 
450 454 
450 95 
451 93 
451 187 
451 135 
451 786 
452 252 
454 324 
454 90 
455 94 
456 164 
456 46 
458 334 
458 81 
458 125 
458 106 
459 98 
459 38 
459 73 
460 63 
461 207 
461 225 
461 153 
463 79 
464 691 
464 249 
464 329 
465 33 
466 10 
466 35 
466 713 
468 80 
469 45 
469 105 
469 203 
469 223 
469 162 
470 575 
470 234 
472 121 
473 156 
473 531 
473 85 
475 133 
475 198 
476 41 
478 99 
478 225 
479 405 
479 48 
480 239 
480 359 
481 280 
483 587 
483 344 
486 187 
486 119 
489 82 
490 428 
491 135 
491 250 
492 235 
492 197 
492 203 
492 141 
492 297 
493 73 
493 428 
494 235 
495 265 
497 142 
498 254 
498 282 
499 70 
499 213 
500 175 
500 83 
500 45 
502 122 
502 249 
502 109 
503 209 
503 129 
503 227 
504 1192 
505 127 
505 267 
507 63 
508 66 
509 546 
509 35 
510 305 
511 1474 
511 201 
512 219 
512 120 
512 104 
512 94 
512 356 
513 67 
513 164 
514 25 
514 628 
515 188 
515 64 
515 808 
516 98 
517 89 
517 121 
519 160 
521 155 
521 108 
524 368 
525 552 
526 168 
526 106 
526 143 
527 5718 
528 331 
529 809 
529 744 
531 64 
531 73 
531 311 
532 148 
533 1165 
533 259 
534 293 
534 28 
537 169 
537 206 
537 226 
537 93 
538 191 
538 188 
540 469 
540 436 
541 191 
542 101 
542 643 
542 95 
543 27 
544 323 
544 88 
546 213 
547 444 
548 26 
549 193 
549 608 
550 152 
551 90 
551 112 
551 85 
552 188 
553 485 
553 89 
553 49 
554 324 
555 367 
559 103 
560 35 
560 395 
561 332 
561 1120 
562 196 
563 71 
564 1148 
565 520 
566 71 
568 207 
568 207 
569 191 
569 256 
569 483 
573 134 
573 138 
577 35 
577 547 
579 116 
579 122 
581 159 
583 48 
583 137 
585 132 
586 330 
587 186 
589 130 
591 2015 
591 116 
592 101 
593 763 
594 163 
595 36 
595 619 
596 60 
596 476 
598 378 
598 3 
598 75 
600 21 
600 157 
600 46 
605 388 
605 161 
606 12 
607 56 
608 92 
608 391 
608 320 
609 149 
612 34 
612 124 
613 676 
614 206 
614 1 
615 309 
615 121 
618 1399 
619 198 
619 43 
621 163 
622 243 
623 274 
623 426 
624 138 
627 362 
629 431 
629 141 
630 343 
631 181 
632 270 
633 127 
633 160 
634 86 
634 367 
636 804 
636 189 
637 245 
637 274 
638 752 
639 50 
640 485 
641 126 
642 151 
645 25 
645 208 
647 139 
649 133 
649 341 
651 182 
655 222 
657 206 
657 48 
658 232 
660 18 
662 48 
664 52 
665 98 
665 61 
666 156 
667 396 
667 436 
668 98 
669 214 
670 815 
670 21 
671 87 
672 52 
672 108 
676 54 
676 36 
677 268 
677 22 
677 34 
677 170 
677 252 
678 39 
682 412 
683 514 
685 63 
686 247 
686 191 
686 76 
686 273 
687 139 
687 91 
688 150 
689 41 
689 98 
690 111 
691 193 
692 550 
693 127 
693 110 
694 25 
696 580 
697 143 
697 43 
697 425 
698 89 
699 142 
699 157 
699 136 
700 60 
700 568 
702 819 
702 417 
703 464 
704 54 
706 1768 
706 479 
706 194 
706 79 
707 91 
707 106 
707 327 
710 437 
710 476 
712 70 
714 47 
718 24 
718 191 
719 126 
721 266 
722 18 
725 138 
725 62 
725 219 
725 322 
726 24 
726 157 
726 158 
728 122 
728 84 
729 1325 
729 83 
731 8 
733 393 
734 102 
735 83 
736 43 
737 187 
737 47 
746 108 
747 130 
750 58 
750 64 
750 605 
750 374 
752 48 
752 77 
752 67 
753 336 
753 419 
756 53 
756 237 
757 14 
757 200 
758 262 
759 854 
760 333 
760 50 
760 42 
765 347 
768 162 
769 160 
770 316 
771 167 
772 60 
774 227 
775 20 
775 591 
777 159 
778 34 
779 132 
783 129 
786 296 
787 60 
789 116 
790 174 
791 47 
792 262 
792 102 
795 168 
797 166 
800 1212 
801 76 
807 401 
814 94 
815 29 
816 265 
821 68 
823 77 
825 321 
826 134 
827 43 
828 498 
830 777 
835 113 
839 66 
839 43 
839 498 
840 303 
844 368 
846 244 
847 132 
847 124 
848 43 
850 105 
850 29 
851 227 
851 188 
852 94 
852 274 
853 190 
855 130 
856 355 
856 222 
858 314 
858 277 
859 202 
863 40 
864 162 
867 186 
869 268 
872 144 
873 95 
875 441 
876 174 
878 75 
878 368 
878 300 
879 114 
880 86 
881 69 
881 320 
882 224 
883 444 
884 442 
884 44 
884 40 
884 25 
886 112 
887 129 
888 49 
888 140 
889 303 
890 305 
893 301 
893 32 
893 98 
896 229 
896 782 
896 32 
898 50 
901 90 
901 143 
902 62 
903 1127 
904 64 
905 47 
908 34 
908 108 
908 69 
908 181 
908 337 
909 103 
909 130 
910 250 
914 317 
915 170 
915 789 
916 216 
917 156 
917 28 
919 268 
920 209 
921 114 
923 1229 
925 81 
928 742 
929 81 
929 106 
930 73 
933 52 
935 139 
938 137 
939 48 
940 295 
941 101 
941 413 
942 192 
942 198 
943 93 
945 75 
947 63 
948 120 
948 155 
950 161 
951 186 
952 177 
953 234 
954 96 
954 192 
957 24 
958 46 
959 106 
960 39 
961 287 
961 241 
965 79 
968 173 
972 467 
973 57 
973 43 
976 179 
979 306 
982 100 
989 22 
991 28 
992 228 
993 248 
993 153 
996 307 
996 87 
997 368 
999 267 
999 98 
1000 43 
1000 76 
1004 80 
1006 350 
1007 276 
1007 226 
1009 133 
1009 104 
1010 139 
1010 73 
1012 212 
1012 114 
1026 58 
1027 389 
1029 231 
1042 665 
1052 203 
1052 71 
1053 273 
1053 120 
1054 120 
1055 9 
1058 16 
1059 166 
1060 1122 
1060 103 
1060 300 
1061 113 
1063 611 
1064 17 
1065 242 
1068 90 
1071 197 
1072 158 
1074 766 
1075 61 
1081 58 
1083 406 
1085 49 
1088 46 
1090 61 
1090 253 
1091 516 
1097 84 
1097 355 
1101 515 
1101 338 
1101 59 
1102 316 
1105 160 
1107 117 
1113 157 
1114 196 
1114 211 
1115 115 
1124 144 
1126 91 
1126 27 
1127 188 
1128 124 
1129 306 
1133 136 
1134 72 
1135 211 
1137 117 
1140 63 
1140 200 
1144 187 
1148 102 
1150 590 
1154 69 
1155 69 
1155 109 
1157 83 
1159 576 
1168 465 
1171 14 
1174 21 
1174 153 
1174 198 
1177 174 
1178 70 
1179 104 
1180 60 
1183 55 
1189 114 
1191 383 
1191 115 
1192 96 
1198 582 
1202 131 
1207 377 
1208 17 
1208 22 
1220 147 
1220 50 
1221 146 
1222 229 
1223 72 
1226 388 
1227 61 
1227 54 
1229 304 
1229 41 
1230 434 
1231 154 
1233 150 
1234 38 
1236 115 
1237 208 
1245 38 
1247 145 
1253 390 
1255 96 
1258 85 
1260 137 
1261 46 
1264 260 
1265 156 
1267 149 
1267 30 
1271 33 
1271 734 
1272 81 
1279 114 
1281 27 
1283 531 
1286 476 
1288 629 
1289 59 
1293 43 
1296 142 
1297 80 
1297 232 
1298 211 
1299 92 
1300 773 
1303 104 
1306 257 
1310 353 
1311 30 
1314 106 
1315 66 
1317 1414 
1320 446 
1320 116 
1321 44 
1331 150 
1334 198 
1335 208 
1340 77 
1359 403 
1363 47 
1363 215 
1364 93 
1366 210 
1373 159 
1377 313 
1380 329 
1391 95 
1406 230 
1407 57 
1410 115 
1412 43 
1421 83 
1424 98 
1428 1348 
1428 193 
1433 169 
1435 65 
1441 24 
1451 51 
1453 22 
1453 220 
1455 329 
1457 135 
1457 65 
1459 164 
1460 126 
1479 359 
1481 124 
1484 1108 
1494 306 
1501 360 
1501 75 
1502 309 
1503 166 
1507 112 
1518 470 
1518 476 
1521 26 
1527 145 
1527 104 
1528 142 
1528 154 
1528 125 
1528 290 
1530 66 
1531 119 
1537 10 
1538 61 
1547 88 
1563 177 
1565 72 
1565 151 
1568 70 
1569 75 
1578 25 
1580 426 
1581 223 
1586 177 
1588 93 
1589 17 
1592 565 
1597 116 
1600 101 
1603 20 
1605 303 
1611 114 
1615 120 
1618 246 
1622 312 
1624 669 
1626 782 
1626 166 
1629 123 
1629 184 
1630 917 
1634 116 
1637 38 
1637 125 
1640 410 
1649 120 
1657 65 
1669 248 
1672 212 
1695 132 
1701 75 
1702 51 
1704 143 
1709 293 
1711 909 
1711 243 
1711 69 
1717 131 
1719 155 
1727 104 
1735 332 
1735 176 
1738 21 
1738 118 
1742 61 
1744 100 
1745 620 
1750 50 
1755 167 
1755 211 
1761 52 
1762 625 
1764 96 
1766 530 
1768 287 
1768 59 
1769 25 
1771 94 
1774 568 
1779 380 
1785 141 
1786 169 
1788 58 
1790 130 
1791 227 
1799 121 
1807 92 
1809 62 
1812 106 
1818 237 
1828 133 
1838 104 
1842 123 
1848 79 
1853 1268 
1854 306 
1856 49 
1856 114 
1864 25 
1868 186 
1870 89 
1871 152 
1875 60 
1880 153 
1884 213 
1889 11 
1892 7 
1893 390 
1894 73 
1895 162 
1896 121 
1900 231 
1909 19 
1910 42 
1916 140 
1922 64 
1932 124 
1938 52 
1950 183 
1958 271 
1969 235 
1977 233 
1992 690 
1995 70 
1997 21 
1997 128 
2001 53 
2002 191 
2003 211 
2004 242 
2009 162 
2014 70 
2030 830 
2031 190 
2031 78 
2034 162 
2038 224 
2041 137 
2042 312 
2042 471 
2044 76 
2050 65 
2061 18 
2061 12 
2070 76 
2075 126 
2083 126 
2088 67 
2092 287 
2094 47 
2101 105 
2106 171 
2107 98 
2113 187 
2119 88 
2132 13 
2133 161 
2140 55 
2141 9 
2142 540 
2150 118 
2158 286 
2167 2158 
2175 58 
2184 205 
2226 136 
2226 246 
2232 357 
2233 217 
2252 102 
2257 145 
2262 94 
2274 110 
2275 217 
2279 12 
2286 87 
2290 1184 
2292 128 
2300 165 
2301 601 
2322 355 
2328 54 
2329 144 
2333 115 
2345 44 
2347 172 
2355 134 
2358 220 
2359 25 
2368 113 
2391 60 
2392 46 
2393 168 
2396 161 
2401 42 
2404 197 
2413 119 
2415 333 
2419 50 
2420 97 
2429 9 
2443 565 
2451 4 
2459 727 
2466 180 
2469 17 
2474 389 
2484 50 
2485 1552 
2492 1228 
2518 58 
2523 110 
2531 54 
2531 32 
2543 55 
2566 190 
2569 63 
2572 108 
2578 13 
2579 19 
2582 30 
2584 50 
2594 208 
2603 210 
2619 58 
2651 123 
2652 181 
2655 114 
2661 134 
2685 105 
2691 468 
2712 179 
2714 1769 
2727 939 
2728 154 
2741 82 
2756 94 
2758 126 
2766 87 
2775 265 
2776 317 
2778 135 
2781 106 
2781 8 
2796 399 
2796 133 
2799 155 
2816 124 
2825 61 
2840 108 
2849 14 
2864 86 
2872 92 
2876 131 
2897 85 
2898 30 
2905 1988 
2940 152 
2960 69 
2963 61 
2986 470 
2993 63 
2999 407 
3012 38 
3035 41 
3039 24 
3040 45 
3041 8 
3054 144 
3057 103 
3071 538 
3109 167 
3114 167 
3114 36 
3129 14 
3130 72 
3138 40 
3143 197 
3175 206 
3202 538 
3208 359 
3218 128 
3228 351 
3245 23 
3261 82 
3268 120 
3280 20 
3290 80 
3292 64 
3340 47 
3370 432 
3375 116 
3379 25 
3388 160 
3395 42 
3410 73 
3457 239 
3465 193 
3473 41 
3476 142 
3488 67 
3489 124 
3545 126 
3550 80 
3562 690 
3568 56 
3582 84 
3596 856 
3599 224 
3610 84 
3616 503 
3616 53 
3628 470 
3641 157 
3644 299 
3654 277 
3685 73 
3688 43 
3706 305 
3726 40 
3744 15 
3768 203 
3774 938 
3803 679 
3834 252 
3835 319 
3838 130 
3856 61 
3856 610 
3863 130 
3896 53 
3899 42 
3903 67 
3949 116 
3952 20 
3968 331 
3969 627 
3971 133 
3973 1989 
3978 148 
3987 258 
3994 264 
3999 38 
4005 314 
4014 1898 
4025 90 
4041 649 
4046 465 
4049 119 
4057 219 
4064 190 
4106 143 
4121 298 
4156 1281 
4160 156 
4169 264 
4178 130 
4178 30 
4199 72 
4237 12 
4253 61 
4258 431 
4261 173 
4270 308 
4270 944 
4312 72 
4355 145 
4366 42 
4392 241 
4401 29 
4403 84 
4422 919 
4441 149 
4451 48 
4451 48 
4475 184 
4475 184 
4490 299 
4490 299 
4491 60 
4491 60 
4493 14 
4493 14 
4495 165 
4495 38 
4495 165 
4495 38 
4514 167 
4518 199 
4522 304 
4522 62 
4535 280 
4540 29 
4648 164 
4651 344 
4656 138 
4663 226 
4663 46 
4676 40 
4686 303 
4689 59 
4695 151 
4704 48 
4734 402 
4749 55 
4753 140 
4768 128 
4792 84 
4810 1618 
4819 10 
4838 154 
4853 126 
4865 305 
4880 46 
4887 602 
4899 42 
4901 811 
4929 213 
4932 331 
4939 962 
4940 245 
4947 206 
5025 222 
5040 161 
5054 496 
5077 12 
5109 14 
5126 180 
5132 212 
5141 1061 
5171 44 
5225 628 
5225 265 
5239 76 
5240 957 
5246 358 
5247 108 
5307 1126 
5314 2283 
5319 237 
5344 584 
5355 1469 
5365 695 
5381 682 
5393 31 
5399 46 
5406 167 
5409 1003 
5410 339 
5413 362 
5422 36 
5439 176 
5487 112 
5491 271 
5504 751 
5507 203 
5529 273 
5540 449 
5549 66 
5555 901 
5578 174 
5578 356 
5592 11 
5596 341 
5620 361 
5624 437 
5634 37 
5677 117 
5681 77 
5682 900 
5687 283 
5711 693 
5716 538 
5720 347 
5725 204 
5739 72 
5757 54 
5777 38 
5792 22 
5818 153 
5842 76 
5848 88 
5856 52 
5890 394 
5905 341 
5906 635 
5911 154 
5920 1251 
5953 648 
5963 1322 
5970 76 
5980 275 
6026 224 
6028 1099 
6061 174 
6085 404 
6092 27 
6104 21 
6122 78 
6127 155 
6132 718 
6237 117 
6253 724 
6257 125 
6270 6 
6280 38 
6296 882 
6296 263 
6336 186 
6344 41 
6353 169 
6357 339 
6357 26 
6369 331 
6370 78 
6386 171 
6388 19 
6432 68 
6439 96 
6444 139 
6445 101 
6446 475 
6451 38 
6462 113 
6496 524 
6552 68 
6577 96 
6615 25 
6635 165 
6737 218 
6792 66 
6816 178 
6890 940 
6897 46 
6902 52 
6910 35 
6935 319 
6962 35 
7037 14 
7044 253 
7079 102 
7147 51 
7157 145 
7170 1602 
7203 88 
7204 80 
7225 7 
7233 240 
7258 22 
7266 175 
7279 1547 
7286 15 
7295 219 
7300 57 
7308 54 
7380 14 
7404 1641 
7410 1678 
7458 923 
7469 443 
7592 106 
7623 497 
7665 16 
7676 1225 
7714 326 
7755 41 
7764 45 
7775 190 
7788 98 
7792 159 
7825 28 
7851 259 
7895 56 
7913 526 
7991 34 
7996 1665 
8052 519 
8059 800 
8064 910 
8114 476 
8128 68 
8132 70 
8146 280 
8188 306 
8188 207 
8219 101 
8230 422 
8234 22 
8265 443 
8289 144 
8330 1473 
8358 842 
8396 389 
8409 461 
8440 104 
8465 543 
8490 179 
8512 27 
8541 135 
8545 90 
8561 663 
8606 414 
8740 59 
8787 189 
8813 66 
8983 18 
9027 987 
9034 2 
9079 50 
9144 228 
9161 416 
9324 1825 
9327 313 
9374 64 
9374 27 
9403 344 
9411 152 
9417 134 
9720 77 
9848 133 
9890 287 
9897 54 
9908 40 
9990 337 
10261 64 
10349 237 
10439 1066 
10441 135 
10447 448 
10507 17 
10602 176 
10643 56 
10796 299 
10852 620 
10888 93 
10968 19 
11007 371 
11128 151 
11331 2019 
11651 52 
11781 296 
12562 86 
12687 737 
12704 27 
12737 10 
12760 636 
12867 191 
12904 512 
12930 64 
12938 344 
13193 307 
13257 406 
13293 23 
13395 7 
13550 345 
13783 122 
14098 187 
14148 25 
14300 32 
14325 43 
14441 187 
14449 124 
14484 420 
14576 190 
14612 8182 
14614 18 
14800 149 
15123 196 
15123 561 
15317 243 
15464 26 
15483 71 
15545 767 
15667 166 
15741 78 
15760 19 
15809 111 
15914 163 
15928 103 
16253 158 
16862 1715 
16980 1840 
17001 262 
17050 735 
17437 62 
17509 1144 
17908 217 
17951 402 
18143 957 
18786 370 
19242 261 
19421 47 
19910 49 
20065 307 
20434 19 
21521 179 
21704 1962 
21831 178 
21832 95 
23519 266 
23827 2093 
24191 37 
24325 145 
24511 85 
24671 324 
26669 175 
28129 907 
28324 20 
29436 356 
30345 131 
31205 165 
32365 46 
32456 466 
32679 558 
32940 600 
32964 100 
33224 767 
33426 11 
33562 453 
33900 227 
33928 453 
34006 133 
34279 458 
34541 250 
34900 88 
35011 323 
35814 164 
36026 469 
36144 49 
36393 319 
36564 341 
36788 73 
37048 236 
37065 35 
37794 721 
37867 2962 
37873 487 
37898 52 
38323 50 
38684 13 
39328 291 
39400 54 
39404 63 
39853 333 
40085 149 
40161 56 
40274 136 
41085 394 
41250 447 
41267 196 
42148 738 
42181 32 
43039 2287 
43357 946 
43553 1644 
43714 132 
43921 114 
44009 14 
44301 25 
44311 2703 
44369 1201 
44636 223 
44731 975 
44846 70 
44978 458 
45667 9 
46191 29 
47608 287 
47945 73 
48000 217 
48279 158 
48583 1 
48758 63 
49027 372 
49080 1474 
50632 133 
51603 150 
51618 404 
52249 19 
53066 67 
53530 350 
53614 75 
54349 244 
55521 163 
56055 0 
56447 543 
59063 19 
60528 1837 
60758 86 
60911 309 
61009 371 
62654 137 
63233 130 
63322 178 
63523 105 
63779 42 
63917 405 
64621 336 
64625 1610 
64718 699 
66038 262 
66066 179 
66092 427 
67288 194 
67622 25 
67997 219 
68434 319 
68536 434 
69250 213 
69457 260 
70184 117 
70608 201 
71392 489 
71861 189 
72715 195 
72716 278 
72800 270 
72900 71 
73376 8 
73662 227 
73908 428 
74795 137 
76101 65 
76147 450 
77047 796 
77100 29 
77383 573 
77451 1093 
77582 76 
77985 63 
78085 83 
78788 186 
79080 1136 
79142 224 
79247 528 
79357 291 
79425 159 
79507 1109 
79682 100 
79856 530 
80037 361 
80126 278 
80162 157 
80180 288 
80466 33 
82277 232 
82934 395 
83805 314 
83919 286 
86208 472 
86210 136 
86684 35 
87475 308 
87540 666 
88203 641 
88220 390 
88304 190 
88555 397 
88683 584 
92086 324 
94057 74 
94619 262 
97046 68 
114729 140 
118822 571 
119059 5 
119974 222 
121033 35 
121195 284 
137741 245 
141414 68 
142106 92 
148130 537 
148187 494 
148290 849 
148357 368 
148372 156 
149537 427 
150395 24 
151890 504 
152504 601 
152686 471 
152736 65 
152793 440 
153484 105 
154658 388 
156008 1 
156613 6 
156854 2 
157128 58 
158168 16 
158357 0 
158371 165 
158822 12 
159757 6 
160421 86 
161577 0 
162249 20 
163059 361 
164424 108 
164533 455 
164686 16 
165018 152 
165387 44 
165554 64 
168046 0 
168334 354 
168436 1188 
168468 526 
168526 201 
168668 142 
172717 859 
172952 1031 
173087 595 
174961 6 
174962 16 
175460 1152 
175612 827 
175726 54 
175878 112 
176009 494 
176043 92 
176492 1252 
176714 0 
176962 308 
178207 835 
178288 905 
178324 4829 
178374 472 
178379 621 
178422 1142 
178431 447 
178456 216 
178470 717 
178472 639 
178475 2649 
178492 279 
178507 291 
178510 1117 
178511 816 
178533 132 
178533 304 
178568 569 
178586 190 
178604 406 
178645 374 
178656 5914 
178667 256 
178749 1705 
178796 547 
178816 145 
178824 237 
178923 197 
178956 366 
179431 262 
179509 215 
179525 658 
179764 516 
181463 13 
182178 153 
184574 4 
186023 231 
186572 386 
187054 8 
187061 2457 
187084 129 
187096 5142 
187111 102 
187200 44 
187237 50 
187269 284 
187291 320 
187341 37 
187394 98 
188240 49 
202209 1069 
207777 449 
222631 799 
223099 162 
223389 417 
224435 243 
224914 39 
224930 48 
225617 0 
225671 10 
226949 127 
237984 2448 
239891 51 
240007 4 
240382 10 
241901 58 
244320 203 
245619 155 
247171 36 
248986 4 
249277 126 
250307 257 
250749 240 
252813 281 
258599 132 
258689 127 
260197 30 
264469 306 
267197 48 
267910 190 
269397 9 
269427 10 
269512 28 
271096 175 
273082 77 
273204 32 
274085 201 
274556 67 
277256 350 
278577 199 
278889 692 
283418 4 
284187 37 
291383 974 
311168 123 
313487 636 
313519 2130 
313683 1943 
313772 1274 
313827 200 
313853 272 
313863 650 
313911 360 
313917 383 
313975 364 
314198 837 
314224 208 
314310 403 
314365 303 
314453 95 
314775 161 
314803 238 
314826 233 
314920 61 
314935 249 
317265 122 
317315 2600 
317383 216 
317418 862 
317426 165 
317435 645 
317437 28 
317466 194 
317516 180 
317530 132 
317559 295 
317577 282 
317603 146 
317646 112 
317691 170 
317747 144 
317804 1280 
317863 348 
317868 204 
317914 192 
317980 672 
318001 93 
318062 286 
318108 145 
318245 0 
318524 51 
318622 67 
319207 465 
320761 17 
325724 320 
342986 201 
355584 6 
362365 4 
362920 411 
364265 57 
365301 271 
369096 253 
369105 764 
369116 457 
369128 426 
369144 884 
369149 208 
369151 389 
369156 314 
369174 324 
369174 418 
369307 399 
369307 288 
369327 279 
369376 639 
369379 676 
369422 225 
369444 250 
369473 42 
369490 296 
369519 241 
369943 998 
398604 299 
402640 341 
415312 3 
427316 497 
430603 399 
430637 764 
430686 504 
430860 131 
451671 79 
452587 88 
455701 459 
456706 154 
456782 189 
457851 118 
458510 75 
460028 35 
461377 310 
461855 269 
463537 119 
466400 54 
466721 110 
467244 112 
467474 11 
467544 127 
470059 562 
471210 258 
472046 3533 
472264 141 
472440 132 
473667 247 
475577 626 
476315 94 
476649 496 
481213 28 
484529 149 
484791 590 
492722 307 
492847 20 
496163 30 
498247 12 
519616 162 
522668 4411 
532200 34 
536715 42 
540330 114 
542140 5 
554119 132 
558260 21 
560343 189 
562313 602 
562372 322 
562391 163 
562471 258 
562634 148 
563015 66 
574787 200 
588387 214 
588797 154 
598948 1389 
604164 444 
