2310 5.1121412037
0 3365 
39 39 
69 329 
74 818 
77 808 
99 631 
104 315 
123 2270 
134 367 
140 807 
145 316 
158 408 
159 374 
168 62 
175 115 
177 374 
177 129 
178 503 
186 24 
217 308 
278 47 
282 769 
286 320 
292 282 
306 260 
310 308 
316 264 
331 68 
342 216 
360 159 
361 563 
362 841 
388 220 
390 30 
390 184 
405 13 
418 19 
435 211 
442 144 
452 68 
456 136 
465 239 
465 229 
488 171 
522 302 
537 230 
547 620 
548 107 
550 247 
565 153 
575 241 
592 119 
619 399 
623 160 
640 113 
651 160 
683 354 
701 244 
707 42 
732 288 
737 350 
753 335 
753 159 
754 210 
763 210 
815 272 
845 474 
855 222 
871 151 
873 134 
908 362 
921 240 
922 207 
927 209 
928 79 
941 1701 
964 472 
980 44 
995 458 
995 123 
999 289 
1011 147 
1029 1844 
1038 360 
1039 41 
1066 116 
1139 257 
1148 53 
1152 208 
1154 234 
1192 397 
1229 217 
1263 2661 
1265 197 
1287 483 
1288 732 
1306 509 
1309 156 
1316 254 
1321 175 
1328 1336 
1331 638 
1334 416 
1335 322 
1343 170 
1351 330 
1363 135 
1385 1035 
1386 219 
1407 210 
1410 369 
1417 831 
1429 169 
1429 568 
1430 390 
1434 81 
1440 302 
1451 118 
1456 49 
1458 155 
1458 622 
1464 1052 
1469 636 
1484 839 
1485 477 
1487 549 
1488 414 
1490 345 
1492 1284 
1494 138 
1509 123 
1511 248 
1521 640 
1525 47 
1527 233 
1529 411 
1543 484 
1543 220 
1546 254 
1550 130 
1550 398 
1557 486 
1562 513 
1563 477 
1566 109 
1573 1156 
1579 1667 
1583 254 
1583 66 
1584 710 
1585 330 
1595 198 
1599 856 
1604 232 
1617 92 
1618 876 
1620 633 
1628 140 
1629 52 
1636 231 
1637 56 
1642 346 
1644 411 
1647 234 
1648 96 
1649 391 
1655 232 
1658 144 
1659 127 
1661 752 
1661 158 
1664 296 
1676 327 
1681 263 
1682 107 
1692 39 
1693 2542 
1700 167 
1705 12 
1710 428 
1733 201 
1737 624 
1751 453 
1757 667 
1764 98 
1775 300 
1778 688 
1789 43 
1791 463 
1793 98 
1800 216 
1801 128 
1811 1152 
1812 28 
1816 247 
1817 244 
1826 311 
1827 635 
1829 375 
1832 204 
1841 371 
1846 642 
1849 369 
1851 82 
1858 276 
1858 229 
1864 142 
1869 706 
1875 285 
1877 498 
1878 120 
1881 512 
1888 642 
1888 62 
1889 208 
1891 128 
1895 120 
1901 197 
1902 491 
1903 70 
1919 1190 
1922 241 
1924 367 
1925 74 
1926 132 
1930 48 
1937 454 
1940 446 
1942 199 
1952 830 
1969 269 
1973 92 
1982 148 
1984 187 
2043 157 
2046 429 
2048 498 
2053 277 
2053 69 
2061 293 
2068 230 
2076 117 
2079 241 
2087 323 
2089 175 
2090 814 
2093 156 
2097 223 
2103 81 
2112 66 
2115 162 
2121 175 
2123 225 
2126 215 
2127 101 
2133 574 
2140 466 
2147 386 
2150 71 
2153 539 
2155 286 
2159 486 
2161 428 
2162 51 
2162 313 
2180 89 
2183 119 
2192 827 
2193 254 
2194 191 
2198 37 
2201 641 
2207 130 
2210 197 
2220 47 
2237 143 
2237 107 
2263 126 
2265 563 
2268 751 
2273 204 
2279 510 
2283 310 
2289 221 
2292 333 
2298 385 
2310 323 
2317 133 
2323 269 
2333 407 
2334 398 
2337 109 
2341 472 
2349 261 
2355 308 
2356 45 
2359 803 
2360 76 
2360 296 
2366 191 
2367 521 
2373 215 
2377 175 
2380 957 
2390 176 
2395 209 
2404 120 
2409 124 
2413 142 
2474 603 
2489 129 
2491 138 
2502 2183 
2511 164 
2539 232 
2571 100 
2601 471 
2619 223 
2620 356 
2627 366 
2628 102 
2637 313 
2645 105 
2661 166 
2692 304 
2701 207 
2710 453 
2715 88 
2717 216 
2718 229 
2723 278 
2723 210 
2727 95 
2749 384 
2749 415 
2761 454 
2763 170 
2767 219 
2777 187 
2797 238 
2815 91 
2830 661 
2844 312 
2855 549 
2862 487 
2876 335 
2881 265 
2883 222 
2884 203 
2888 495 
2889 289 
2895 94 
2905 462 
2905 117 
2924 323 
2929 92 
2933 60 
2936 694 
2944 173 
2984 712 
2989 474 
2996 199 
3004 25 
3006 331 
3015 177 
3016 509 
3022 196 
3037 379 
3054 763 
3070 159 
3078 302 
3082 423 
3087 368 
3099 334 
3106 184 
3128 218 
3128 195 
3132 9 
3152 149 
3157 215 
3170 71 
3173 2715 
3183 1066 
3191 417 
3192 215 
3198 1137 
3203 1038 
3213 212 
3215 256 
3219 172 
3221 322 
3223 118 
3233 250 
3237 629 
3239 134 
3242 196 
3243 107 
3247 672 
3259 200 
3264 572 
3267 631 
3268 609 
3269 703 
3289 43 
3296 810 
3302 404 
3304 172 
3314 730 
3314 637 
3319 43 
3327 179 
3340 210 
3348 162 
3368 274 
3372 265 
3374 409 
3377 130 
3399 98 
3402 232 
3421 360 
3425 363 
3430 530 
3432 558 
3446 527 
3448 561 
3455 776 
3458 92 
3474 844 
3481 2917 
3492 219 
3513 84 
3518 1606 
3538 87 
3550 411 
3550 77 
3554 544 
3585 251 
3586 168 
3606 557 
3619 206 
3628 396 
3630 211 
3647 203 
3648 702 
3654 423 
3659 128 
3671 131 
3671 1095 
3676 205 
3681 749 
3691 96 
3707 309 
3716 351 
3719 250 
3725 491 
3728 104 
3740 19 
3757 336 
3759 400 
3768 131 
3778 1463 
3781 417 
3787 77 
3792 53 
3822 596 
3844 123 
3849 121 
3866 392 
3891 225 
3893 705 
3893 154 
3899 655 
3942 258 
3962 135 
3972 232 
3982 78 
3989 146 
4008 89 
4012 191 
4021 846 
4053 370 
4061 2680 
4073 132 
4080 31 
4091 554 
4093 182 
4094 1297 
4095 558 
4098 789 
4098 192 
4099 728 
4111 1058 
4156 252 
4163 219 
4168 176 
4177 568 
4187 43 
4196 142 
4212 437 
4227 338 
4232 148 
4235 27 
4251 222 
4263 112 
4283 554 
4283 45 
4301 517 
4308 176 
4325 78 
4340 314 
4356 615 
4366 162 
4368 204 
4372 208 
4388 292 
4397 265 
4401 260 
4411 1543 
4415 40 
4425 440 
4431 248 
4434 73 
4446 18 
4448 37 
4487 86 
4512 566 
4517 703 
4525 61 
4530 860 
4531 246 
4536 104 
4597 174 
4607 47 
4620 342 
4627 220 
4632 71 
4645 274 
4718 40 
4761 112 
4793 939 
4856 195 
4890 426 
4890 511 
4901 1103 
4918 572 
4920 397 
4932 35 
4935 87 
4937 487 
4943 571 
4953 355 
4967 184 
4977 579 
4995 1258 
4998 229 
5010 481 
5012 1052 
5059 166 
5081 147 
5082 658 
5092 42 
5095 302 
5098 139 
5122 224 
5149 193 
5170 550 
5171 332 
5218 197 
5232 173 
5234 71 
5235 226 
5239 434 
5262 566 
5270 130 
5280 33 
5289 1080 
5297 634 
5311 139 
5311 490 
5312 151 
5336 322 
5387 167 
5426 327 
5459 193 
5478 165 
5508 573 
5514 114 
5527 71 
5530 524 
5555 173 
5567 433 
5571 64 
5607 465 
5623 449 
5642 114 
5796 119 
5825 407 
5839 83 
5875 982 
5906 234 
5907 214 
5909 539 
5947 359 
5969 570 
5998 206 
6029 380 
6068 164 
6076 293 
6103 146 
6110 107 
6131 59 
6137 67 
6150 733 
6261 72 
6381 1059 
6382 100 
6433 370 
6441 48 
6455 674 
6487 341 
6513 339 
6536 668 
6546 242 
6573 410 
6611 400 
6614 264 
6626 288 
6641 149 
6657 709 
6707 112 
6789 202 
6804 521 
7048 294 
7051 245 
7173 1195 
7178 411 
7219 164 
7243 641 
7280 228 
7290 585 
7298 99 
7359 63 
7376 36 
7429 289 
7456 185 
7536 260 
7621 104 
7975 112 
8096 270 
8607 70 
8645 292 
10400 89 
11799 80 
11956 91 
12091 386 
12176 184 
12497 71 
12647 282 
13661 524 
14289 407 
14304 91 
14331 143 
14367 209 
15252 235 
15776 73 
16511 50 
19010 96 
19274 488 
19493 121 
19951 124 
20928 2 
23566 515 
26974 395 
27592 740 
28709 120 
29721 18 
30632 154 
30901 292 
31062 56 
31068 547 
32867 62 
34482 179 
35465 122 
35920 169 
35936 604 
35947 529 
36508 0 
36781 30 
40712 51 
40755 268 
42880 90 
44494 269 
44531 145 
44636 1101 
44669 345 
46562 342 
46985 327 
47156 387 
47444 644 
47932 137 
48273 406 
48290 178 
48328 236 
48374 379 
48396 125 
48420 460 
48430 99 
48571 1117 
48591 87 
48642 128 
48657 414 
48845 250 
48896 419 
49016 491 
49029 56 
49062 194 
49072 178 
49096 616 
49100 202 
49109 224 
49121 1569 
49143 398 
49191 369 
49224 317 
49229 1624 
49232 14 
49247 584 
49260 143 
49286 682 
49336 141 
49372 169 
49372 377 
49395 1272 
49552 119 
49588 677 
49659 71 
49824 172 
49850 45 
50069 156 
50196 176 
50277 444 
50362 207 
50382 340 
50430 350 
50638 63 
51914 315 
52064 175 
52101 228 
53713 179 
54082 212 
54130 119 
54319 806 
54348 125 
54375 304 
54382 248 
54434 66 
54648 264 
54757 194 
54948 155 
55639 588 
55685 430 
55689 481 
55831 188 
56900 295 
56909 286 
57096 498 
57192 382 
57361 76 
57380 266 
57646 172 
57675 714 
59386 238 
59421 229 
59592 145 
59646 384 
59798 548 
59867 371 
59889 405 
59913 116 
59957 63 
60081 91 
60108 126 
60130 81 
60288 300 
60305 558 
60821 1016 
61485 15 
62159 1310 
62193 436 
62219 418 
62270 173 
62299 373 
62342 76 
62342 271 
62360 109 
62412 244 
62422 128 
62770 613 
62820 743 
62848 487 
62868 536 
62869 66 
63340 832 
63382 508 
63425 55 
63460 237 
63584 246 
63620 174 
63630 54 
63646 199 
63711 266 
63736 759 
63753 249 
63796 241 
63803 641 
63825 158 
63850 309 
63883 149 
63887 438 
63894 149 
63911 301 
63927 181 
63928 283 
63943 212 
63951 227 
63962 28 
63979 112 
63980 171 
63988 271 
64001 249 
64005 282 
64025 423 
64039 563 
64060 378 
64066 546 
64067 56 
64077 1219 
64084 467 
64086 41 
64094 515 
64098 105 
64104 159 
64105 337 
64115 196 
64133 29 
64136 126 
64140 316 
64160 130 
64161 27 
64165 828 
64182 182 
64191 141 
64216 406 
64252 350 
64253 403 
64276 516 
64282 257 
64282 182 
64285 204 
64306 535 
64315 968 
64379 158 
64391 455 
64405 494 
64428 96 
64433 316 
64475 448 
64480 1551 
64492 61 
64510 563 
64514 73 
64551 479 
64570 190 
64572 94 
64581 344 
64583 290 
64585 153 
64588 164 
64605 327 
64609 716 
64611 129 
64645 32 
64655 962 
64672 151 
64674 425 
64678 167 
64685 62 
64687 182 
64736 37 
64763 287 
64788 501 
64789 77 
64808 32 
64812 226 
64814 216 
64824 32 
64849 1230 
64865 344 
64880 185 
64915 509 
64924 184 
64960 675 
64969 160 
64972 1175 
64979 4217 
64982 246 
64993 241 
65007 113 
65024 199 
65061 538 
65061 346 
65075 173 
65079 609 
65103 272 
65110 458 
65135 160 
65140 115 
65156 258 
65158 166 
65164 484 
65178 83 
65186 174 
65191 192 
65196 384 
65197 719 
65211 36 
65219 273 
65241 369 
65247 326 
65253 491 
65261 91 
65267 414 
65280 155 
65282 547 
65285 38 
65288 173 
65293 196 
65293 216 
65310 409 
65324 1097 
65376 199 
65609 344 
65628 727 
65631 285 
65650 465 
65663 104 
65665 739 
65669 112 
65672 120 
65672 164 
65682 316 
65690 271 
65706 178 
65715 198 
65759 83 
65759 235 
65777 79 
65788 155 
65849 146 
65857 192 
65879 41 
65888 35 
65894 268 
65934 235 
65948 101 
65988 46 
65989 533 
66013 196 
66019 384 
66030 137 
66043 122 
66053 430 
66069 129 
66137 5218 
66147 384 
66164 247 
66186 786 
66203 69 
66211 274 
66212 124 
66217 157 
66228 377 
66244 521 
66285 149 
66303 512 
66306 101 
66322 398 
66341 105 
66372 890 
66379 564 
66387 380 
66398 193 
66419 116 
66432 676 
66457 215 
66475 182 
66568 176 
66609 1214 
66614 383 
66632 223 
66646 266 
66663 260 
66666 20 
66686 833 
66723 26 
66791 319 
66825 284 
66859 292 
66875 1096 
66887 286 
66920 738 
66931 381 
66932 620 
66943 194 
66950 408 
66969 157 
66991 117 
67088 443 
67110 729 
67147 168 
67195 190 
67296 674 
67304 964 
67417 271 
67457 141 
67497 81 
67498 466 
67532 241 
67718 140 
67764 468 
67766 250 
67813 753 
67869 214 
67883 262 
67896 228 
68015 683 
68045 302 
68084 45 
68144 209 
68196 216 
68217 408 
68240 195 
68301 42 
68361 917 
68402 162 
68402 162 
68428 102 
68429 162 
68462 24 
68462 102 
68464 252 
68475 63 
68488 651 
68505 63 
68526 4196 
68527 47 
68548 281 
68550 764 
68552 304 
68565 230 
68581 159 
68587 418 
68625 297 
68655 162 
68667 588 
68689 296 
68709 214 
68714 366 
68730 206 
68787 119 
68792 505 
68793 470 
68819 244 
68869 150 
68875 114 
68884 569 
68903 459 
68942 723 
68948 426 
68958 89 
68962 310 
68966 319 
68979 180 
68992 840 
69008 323 
69014 591 
69018 360 
69033 1855 
69039 436 
69041 297 
69049 252 
69052 190 
69078 701 
69088 396 
69089 556 
69090 66 
69099 391 
69115 201 
69125 182 
69131 822 
69133 170 
69140 52 
69146 146 
69150 252 
69161 1337 
69167 654 
69167 654 
69172 264 
69172 264 
69177 287 
69177 287 
69181 120 
69181 120 
69182 251 
69182 251 
69183 443 
69183 443 
69186 138 
69186 138 
69187 116 
69187 116 
69207 317 
69207 317 
69218 446 
69218 446 
69224 120 
69224 120 
69229 508 
69229 508 
69232 815 
69234 71 
69237 157 
69248 276 
69248 961 
69255 217 
69259 240 
69277 786 
69284 139 
69289 90 
69295 1081 
69296 32 
69303 831 
69311 269 
69327 743 
69331 319 
69331 2188 
69349 546 
69351 221 
69367 93 
69368 119 
69372 424 
69372 83 
69391 220 
69395 159 
69401 116 
69410 102 
69412 692 
69413 70 
69418 322 
69419 37 
69420 186 
69423 148 
69427 162 
69431 705 
69434 1052 
69444 298 
69445 227 
69454 581 
69467 126 
69467 96 
69481 71 
69484 881 
69488 1093 
69489 415 
69492 244 
69496 37 
69500 203 
69504 313 
69514 361 
69523 268 
69525 26 
69525 82 
69542 398 
69567 50 
69579 109 
69582 103 
69605 147 
69613 1905 
69624 247 
69643 476 
69645 147 
69661 1432 
69669 306 
69678 117 
69681 518 
69682 384 
69682 165 
69729 268 
69745 89 
69758 326 
69779 770 
69783 303 
69801 439 
69807 246 
69811 676 
69843 11 
69848 99 
69849 485 
69854 441 
69873 437 
69888 25 
69889 103 
69892 530 
69895 249 
69912 769 
69919 251 
69973 280 
69979 750 
70002 246 
70018 212 
70034 460 
70101 66 
70105 170 
70110 138 
70136 176 
70150 154 
70151 214 
70159 376 
70174 1132 
70178 313 
70185 337 
70227 487 
70235 592 
70241 1304 
70251 242 
70257 106 
70268 2267 
70290 436 
70302 331 
70336 249 
70365 225 
70382 365 
70383 163 
70393 280 
70438 171 
70451 16 
70453 313 
70457 119 
70466 228 
70475 314 
70481 594 
70485 62 
70487 330 
70489 634 
70492 287 
70507 131 
70513 376 
70532 175 
70538 64 
70572 55 
70590 608 
70592 107 
70602 105 
70609 265 
70625 126 
70629 359 
70682 128 
70698 55 
70738 51 
70764 218 
70809 316 
70814 76 
70862 667 
70866 135 
70872 437 
70885 284 
70891 131 
70914 387 
70934 484 
70941 39 
70960 56 
71019 13 
71033 254 
71037 334 
71039 228 
71043 583 
71047 254 
71047 372 
71052 67 
71096 128 
71112 179 
71124 104 
71152 118 
71173 220 
71190 213 
71206 228 
71208 435 
71238 451 
71249 155 
71255 168 
71288 268 
71296 153 
71321 107 
71330 155 
71335 60 
71377 720 
71393 50 
71466 394 
71473 298 
71513 173 
71533 153 
71557 134 
71564 1276 
71583 93 
71600 164 
71706 620 
71742 317 
71749 82 
71755 538 
71778 132 
71795 17 
71801 107 
71823 216 
71938 417 
71949 215 
71968 19 
71975 444 
71977 309 
71994 1051 
71996 510 
71998 418 
72033 195 
72042 804 
72052 88 
72052 137 
72089 398 
72093 445 
72105 189 
72130 537 
72133 807 
72144 490 
72153 470 
72168 53 
72174 492 
72197 16 
72218 324 
72244 32 
72257 93 
72262 37 
72325 592 
72345 1084 
72348 419 
72360 551 
72382 97 
72382 555 
72423 19 
72480 251 
72582 1021 
72591 248 
72607 181 
72632 336 
72652 173 
72661 121 
72682 1083 
72683 131 
72691 185 
72697 96 
72840 587 
72842 49 
72847 234 
72858 284 
72858 209 
72863 584 
72876 393 
72880 2431 
72890 1872 
72912 1230 
72913 487 
72925 464 
72945 671 
72960 544 
72961 413 
72966 337 
72975 361 
72986 411 
72991 1080 
73004 212 
73009 285 
73009 210 
73012 382 
73022 1618 
73032 221 
73141 130 
73150 8 
73157 420 
73163 143 
73205 38 
73241 60 
73244 152 
73254 113 
73302 132 
73314 409 
73335 162 
73392 77 
73416 452 
73435 44 
73450 391 
73453 128 
73454 338 
73471 53 
73485 55 
73659 108 
73709 154 
73720 200 
73966 962 
73999 253 
74030 123 
74040 619 
74052 123 
74071 270 
74115 327 
74132 141 
74173 218 
74275 957 
74290 123 
74347 63 
74357 232 
74388 326 
74400 4 
74405 334 
74430 153 
74508 289 
74513 437 
74522 252 
74549 548 
74582 178 
74606 108 
74629 90 
74661 159 
74739 156 
74894 74 
74995 279 
75053 136 
75073 137 
75117 298 
75170 441 
75216 289 
75258 286 
75297 35 
75394 208 
75506 874 
75737 339 
75861 161 
75878 473 
75911 77 
75915 600 
75919 269 
75920 382 
75996 150 
76137 197 
76163 49 
76173 206 
76239 620 
76246 655 
76265 480 
76500 172 
76553 798 
76580 496 
76646 236 
76677 44 
76693 274 
76806 114 
76838 254 
76890 264 
77135 89 
77190 38 
77200 63 
77634 128 
77661 8 
77748 95 
77781 45 
77844 70 
77979 761 
78036 410 
78086 853 
78110 429 
78128 20 
78139 212 
78166 424 
78185 57 
78203 128 
78284 269 
78320 379 
78329 548 
78329 277 
78345 787 
78346 378 
78347 618 
78362 1518 
78371 249 
78375 118 
78376 1117 
78393 765 
78400 358 
78409 287 
78414 197 
78425 729 
78427 88 
78429 143 
78433 57 
78439 195 
78445 177 
78492 1281 
78496 355 
78496 19 
78499 192 
78512 211 
78521 639 
78530 131 
78537 23 
78539 826 
78582 29 
78582 207 
78585 1153 
78587 291 
78635 126 
78669 88 
78701 167 
78704 25 
78775 411 
78780 133 
78789 485 
78797 130 
78818 373 
78827 23 
78852 355 
78857 33 
78871 374 
78879 168 
78884 152 
78905 3922 
78922 1022 
78935 208 
78937 224 
78947 552 
78986 882 
79011 643 
79016 313 
79020 47 
79080 377 
79168 85 
79185 36 
79186 174 
79232 94 
79259 200 
79317 175 
79338 59 
79455 1683 
79473 106 
79518 274 
79560 347 
79573 231 
79574 255 
79610 108 
79610 379 
79624 96 
79637 1186 
79652 106 
79676 232 
79686 671 
79704 316 
79720 236 
79753 121 
79758 413 
79769 391 
79798 167 
79849 106 
79895 164 
79981 132 
79987 525 
80041 123 
80041 211 
80078 271 
80089 249 
80111 87 
80142 57 
80164 87 
80191 215 
80211 192 
80213 125 
80275 591 
80299 251 
80347 151 
80369 157 
80391 224 
80427 163 
80472 359 
80602 61 
80969 174 
80975 590 
80986 152 
81089 58 
81105 216 
81119 291 
81125 195 
81148 109 
81217 199 
81238 78 
81268 292 
81396 59 
81579 214 
81684 57 
81767 314 
81809 70 
81920 37 
81976 221 
82057 1038 
82060 379 
82115 241 
82132 125 
82180 563 
82227 111 
82251 652 
82272 240 
82297 183 
82354 303 
82359 92 
82363 172 
82588 104 
82761 96 
82818 102 
82992 317 
83040 1528 
83042 358 
83051 430 
83060 292 
83066 540 
83081 373 
83081 346 
83087 647 
83092 226 
83103 448 
83111 397 
83132 96 
83136 744 
83141 21 
83148 929 
83167 103 
83168 237 
83184 86 
83187 244 
83199 327 
83215 159 
83218 40 
83220 393 
83225 83 
83236 61 
83243 152 
83245 511 
83258 70 
83270 156 
83288 132 
83295 200 
83310 479 
83320 368 
83338 611 
83353 309 
83354 269 
83370 245 
83376 118 
83379 490 
83384 194 
83395 268 
83424 200 
83428 674 
83457 212 
83464 226 
83464 273 
83471 178 
83479 52 
83491 426 
83504 1539 
83514 287 
83517 155 
83525 186 
83527 157 
83537 92 
83544 211 
83545 205 
83551 141 
83552 191 
83579 155 
83588 208 
83606 78 
83615 726 
83653 196 
83662 66 
83680 44 
83681 46 
83683 164 
83703 59 
83764 295 
83768 148 
83775 358 
83807 157 
83812 530 
83829 129 
83865 55 
83875 403 
83887 98 
83941 337 
83955 559 
84019 140 
84040 212 
84056 137 
84071 346 
84084 369 
84107 155 
84169 111 
84183 241 
84283 293 
84336 302 
84347 83 
84356 182 
84446 476 
84474 501 
84567 276 
84622 162 
84645 31 
84671 32 
84697 35 
84747 98 
84792 160 
84884 174 
84918 71 
84934 215 
85005 282 
85197 88 
85264 420 
85334 790 
85463 447 
85535 97 
85614 61 
86042 320 
86175 70 
86222 176 
86357 682 
86387 666 
86410 602 
86434 95 
86449 243 
86461 1160 
86486 159 
86494 910 
86554 326 
86562 420 
86569 368 
86581 1013 
86595 191 
86605 306 
86625 103 
86654 822 
86677 283 
86701 131 
86719 773 
86738 843 
86742 324 
86819 188 
86824 344 
86861 427 
86874 195 
87004 190 
87011 140 
87092 57 
87133 300 
87200 67 
87264 202 
87388 24 
87413 247 
87457 163 
87503 144 
87523 190 
87568 315 
87585 485 
87585 485 
87604 229 
87608 595 
87616 630 
87623 102 
87628 882 
87653 654 
87674 361 
87710 97 
87711 233 
87729 200 
87977 166 
88212 116 
88305 230 
88716 64 
88896 922 
89756 181 
90215 109 
90229 427 
90311 599 
90368 1099 
90389 390 
90409 1065 
90446 250 
90464 588 
90874 444 
91790 179 
94376 1187 
95056 428 
95111 469 
95171 164 
96726 1651 
96829 425 
97602 149 
97631 543 
97649 1934 
97714 684 
97755 1687 
97819 59 
97850 869 
97868 482 
97914 25 
97942 998 
98065 919 
98947 52 
99746 576 
99853 162 
99905 833 
100794 250 
101223 180 
115809 1106 
115960 280 
118211 33 
118402 331 
120185 120 
125318 34 
129540 999 
135773 99 
135965 0 
138742 337 
140535 52 
143086 106 
144370 17 
146223 136 
146397 620 
146649 213 
146770 446 
147179 205 
147308 200 
147352 137 
148346 258 
148384 822 
148388 498 
148408 288 
148842 149 
149096 177 
149262 340 
149287 50 
149330 90 
149518 26 
149625 96 
149680 166 
150334 62 
150769 227 
151930 473 
152900 304 
152969 808 
153210 1351 
153218 20 
153229 126 
153248 302 
153248 120 
153359 1293 
153489 103 
153506 307 
153576 234 
153841 1261 
153869 31 
153870 2151 
153892 963 
153956 256 
154099 268 
154147 37 
154191 14931 
154199 277 
154205 321 
154207 452 
154209 465 
154217 2768 
154230 110 
154235 589 
154241 1302 
154244 332 
154318 300 
154319 399 
154320 169 
154334 243 
154343 361 
154353 309 
154355 393 
154358 376 
154359 143 
154367 465 
154398 704 
154400 163 
154472 368 
154518 133 
154519 370 
154546 596 
154554 431 
154593 374 
154656 1190 
154657 62 
154667 114 
154686 97 
154724 305 
154761 69 
154776 356 
154789 101 
154847 120 
154897 112 
154911 99 
154999 392 
155077 46 
155093 319 
155121 138 
155223 103 
155240 435 
155246 114 
155256 105 
155355 211 
155383 137 
155399 168 
155448 278 
155451 45 
155477 162 
155478 115 
155514 120 
155563 420 
155584 776 
155613 499 
155636 312 
155652 370 
155704 163 
155788 250 
155836 47 
156136 90 
156296 103 
156350 736 
156370 568 
156477 132 
156514 225 
156564 84 
156659 406 
156697 65 
156807 1209 
157076 270 
157136 46 
157189 97 
157279 21 
157363 30 
157790 116 
157878 1310 
169225 178 
169288 245 
169293 192 
169316 398 
169372 278 
169402 188 
169402 19 
169417 351 
169538 120 
169542 600 
169549 105 
169641 30 
169707 8 
169709 13 
169727 150 
169743 666 
169862 182 
169873 326 
169881 681 
169926 257 
169994 156 
170024 151 
170033 59 
170039 130 
170077 941 
170102 97 
170131 307 
170331 28 
170364 387 
170399 316 
170425 354 
170450 50 
170473 242 
170527 13 
170560 1047 
170594 270 
170624 288 
170635 186 
170677 246 
170788 361 
170957 53 
171356 178 
171413 951 
171543 48 
171607 977 
171727 310 
171735 247 
171748 534 
171831 236 
171840 143 
171888 96 
171941 314 
171968 679 
172007 437 
172051 419 
172089 201 
172094 392 
172130 97 
172359 67 
172368 60 
172373 117 
172560 476 
172582 400 
172601 81 
172629 1160 
172639 8221 
172660 67 
172664 386 
172668 481 
172701 286 
172701 583 
172721 426 
172731 84 
172732 98 
172735 937 
172760 952 
172774 551 
172779 1192 
172789 1720 
172796 188 
172812 11 
172821 1343 
172824 463 
172846 695 
172853 12 
172872 866 
172920 60 
172923 98 
172940 410 
172998 248 
173013 38 
173029 15 
173031 176 
173138 198 
173166 342 
173307 608 
173328 184 
173360 158 
173368 99 
173383 269 
173420 357 
173472 356 
173539 202 
173585 110 
173609 631 
173682 180 
173702 502 
173712 166 
173781 31 
173874 379 
173993 692 
174016 539 
174023 315 
174038 334 
174047 288 
174113 930 
174170 258 
174176 477 
174211 412 
174323 60 
174507 81 
174554 72 
174592 29 
174654 150 
174828 107 
174912 1314 
174931 31 
175032 335 
175038 593 
175144 126 
175486 123 
176193 170 
176363 108 
176591 46 
177946 96 
178141 26 
179828 201 
180198 515 
180620 245 
181475 40 
184380 1773 
184398 436 
184402 220 
184486 171 
184503 218 
184552 375 
184553 188 
184947 7732 
184960 254 
184965 463 
184991 753 
185011 153 
185025 107 
185156 228 
185267 513 
185294 456 
185297 152 
185398 382 
185435 458 
185552 133 
185648 181 
185837 346 
186736 126 
187359 306 
187771 22 
188478 257 
188658 253 
188743 131 
207154 203 
211548 68 
211667 286 
219998 141 
223416 704 
239603 237 
239616 166 
239643 429 
240163 155 
240412 82 
244733 91 
257560 136 
261827 135 
297170 417 
297229 230 
297387 563 
297563 415 
297828 174 
297849 55 
299384 18 
299760 120 
301787 124 
301925 58 
302279 61 
303877 22 
304000 96 
307679 162 
308984 81 
313725 726 
313763 82 
313782 128 
313820 219 
313857 98 
313862 200 
313866 510 
314030 205 
314032 108 
315123 96 
316744 486 
321344 446 
322388 324 
323955 141 
324001 293 
324876 18 
324879 12 
325892 85 
325902 1303 
327333 41 
330838 25 
330961 61 
335528 439 
335579 428 
335592 2196 
335665 25 
335690 131 
335722 103 
336318 61 
336517 10635 
336636 325 
336663 337 
336673 253 
336988 61 
337224 515 
337252 41 
337392 76 
337607 299 
337642 41 
344507 1151 
344530 369 
344560 1044 
344570 1586 
344712 487 
344780 244 
345150 115 
345167 101 
345326 377 
345502 986 
345548 1095 
345597 357 
345663 161 
349028 245 
349912 130 
379846 575 
389605 170 
391420 133 
392425 49 
394822 777 
394886 83 
395147 116 
395203 221 
395224 174 
395280 573 
395367 836 
395410 359 
395418 197 
395442 252 
395462 159 
395468 176 
395487 219 
395491 144 
395491 244 
395581 173 
395636 28 
395661 87 
395765 122 
395790 261 
396020 131 
396058 70 
396285 387 
398833 22 
410723 0 
418051 190 
418116 685 
418192 157 
418750 539 
419182 63 
419272 578 
419332 270 
419342 395 
419745 611 
420251 282 
420554 454 
421025 239 
421607 413 
429714 1034 
433398 4 
477588 224 
477621 648 
477673 449 
477939 1571 
478137 463 
478227 429 
478239 294 
478241 333 
478242 968 
478248 315 
478250 58 
478276 385 
478291 452 
478302 142 
478412 445 
478415 276 
478417 471 
478431 524 
478432 305 
478468 319 
478548 148 
478561 446 
478578 163 
478587 214 
478643 167 
478656 248 
478722 562 
478743 139 
478764 622 
478765 187 
478784 34 
478785 328 
478948 45 
478963 132 
479071 117 
479072 192 
479073 1016 
479091 60 
479236 13 
479403 263 
479433 827 
479560 50 
480329 278 
480580 95 
481534 27 
481959 163 
486418 18 
505856 41 
506702 48 
506792 306 
