2491 4.19737268519
0 2662068 
6 265 
9 506 
10 1705 
11 1258 
13 993 
16 435 
16 128 
20 60 
20 22 
23 38 
24 3223 
25 38 
25 297 
25 197 
26 217 
26 113 
26 90 
26 805 
26 42 
26 2190 
27 86 
27 132 
27 3833 
28 938 
29 324 
29 2971 
29 317 
29 1568 
30 320 
30 502 
31 1365 
31 448 
31 1718 
31 5811 
31 2266 
32 415 
32 211 
33 69 
33 733 
34 290 
35 1202 
35 54 
35 449 
36 121 
37 34 
37 210 
38 34 
38 400 
38 153 
38 126 
38 661 
38 57 
39 390 
39 311 
39 94 
39 4240 
40 298 
40 318 
41 138 
41 96 
41 380 
41 84 
42 21 
42 989 
43 90 
43 370 
44 325 
44 327 
44 529 
45 21 
45 71 
46 107 
46 97 
46 1087 
47 341 
48 95 
48 58 
48 212 
48 63 
49 16 
49 200 
49 150 
49 1414 
49 196 
50 25 
50 175 
50 92 
51 232 
51 470 
52 539 
52 2065 
52 350 
53 2153 
54 62 
54 72 
57 2547 
57 140 
57 288 
58 208 
58 204 
58 72 
58 80 
58 2587 
59 25 
59 324 
60 26166 
60 517 
60 535 
61 40 
61 281 
62 783 
62 119 
62 34 
62 127 
63 578 
64 55 
64 637 
64 200 
64 493 
65 319 
66 2454 
66 721 
66 82 
67 349 
68 871 
68 222 
69 1170 
70 79 
70 954 
70 367 
70 600 
70 198 
71 1343 
71 57 
71 1382 
71 220 
72 222 
72 36448 
72 32 
73 120 
73 189 
73 782 
73 841 
73 58 
74 36 
74 632 
74 118 
75 679 
76 333 
76 24 
78 55 
78 636 
78 1549 
79 27 
80 143 
81 168 
81 159 
81 0 
82 50 
82 444 
83 1168 
83 49 
83 1693 
83 193 
84 299 
84 34 
85 479 
85 423 
86 157 
86 263 
87 200 
87 203 
87 645 
87 319 
87 77 
89 479 
89 150 
89 775 
89 4471 
89 469 
90 283 
90 198 
90 300 
92 74 
93 83 
94 197 
94 4156 
96 484 
96 261 
97 247 
98 32 
98 184 
98 74 
99 165 
99 937 
99 914 
100 1932 
100 229 
100 174 
101 757 
102 775 
102 29 
103 1328 
104 2370 
104 69 
105 20 
105 4 
106 235 
106 110 
106 135 
106 484 
107 985 
107 300 
108 326 
108 191 
109 125 
111 220 
111 811 
111 8989 
112 132 
112 1317 
113 354 
114 91 
114 185 
115 548 
116 141 
117 1891 
117 58 
120 191 
120 204 
121 41 
121 142 
121 204 
121 161 
122 89 
122 4939 
123 566 
125 402 
125 80 
126 1747 
126 121 
127 193 
127 315 
128 1212 
128 440 
129 341 
130 222 
130 112 
130 101 
131 899 
131 300 
132 1111 
132 253 
132 812 
133 98 
133 149 
134 171 
134 153 
135 437 
138 448 
138 650 
138 43 
141 282 
142 209 
144 177 
147 263 
147 147 
149 570 
149 167 
149 249 
149 577 
151 1169 
153 52 
153 2214 
154 1113 
155 35 
155 516 
155 178 
157 734 
162 29 
163 840 
163 20 
164 68 
164 258 
165 651 
165 320 
166 2019 
167 514 
168 862 
168 213 
168 234 
168 2950 
169 695 
170 47 
173 410 
176 4255 
178 204 
180 1090 
181 2669 
181 48 
184 3335 
184 253 
185 1381 
186 38 
186 131 
187 269 
187 119 
188 1189 
190 346 
193 518 
194 621 
194 501 
195 342 
195 540 
197 22 
197 1888 
197 309 
198 1221 
199 606 
199 162 
201 324 
201 1191 
202 385 
204 131 
204 2619 
205 678 
205 228 
206 992 
207 852 
207 1162 
208 95 
208 535 
210 1749 
212 68 
212 5002 
213 6797 
214 957 
215 1444 
218 214 
218 138 
218 60 
221 3002 
222 114 
222 190 
223 2041 
223 763 
223 117 
224 671 
224 3 
228 114 
229 297 
229 2488 
230 413 
232 124 
237 280 
237 6487 
240 238 
240 220 
243 481 
246 6 
248 121 
248 163 
249 6173 
254 329 
256 130 
260 1532 
263 18 
266 189 
271 151 
273 433 
273 1126 
279 137 
280 800 
282 3113 
284 234 
286 171 
289 228 
290 227 
291 137 
292 11 
297 67 
300 157 
301 3850 
301 730 
306 54 
306 58 
311 938 
312 2910 
313 42 
315 1378 
316 881 
321 634 
323 261 
323 101 
323 77 
324 713 
325 1487 
328 2200 
330 131 
332 94 
338 2398 
342 517 
342 773 
344 90 
347 954 
347 164084 
350 420 
350 251 
353 25 
356 212 
360 320 
363 1045 
364 133 
373 80 
374 11 
374 160 
377 140 
377 127 
382 1068 
382 1378 
384 335 
392 213 
393 685 
395 54 
398 297 
405 324 
405 379 
409 921 
410 178 
410 61 
411 1126 
411 70 
416 250 
417 290 
423 357 
424 1293 
425 99 
429 87 
438 122 
439 187 
442 626 
443 130 
443 490 
444 490 
446 2301 
452 185 
458 102 
459 101 
466 1554 
468 1013 
472 1272 
477 533 
477 33 
491 354 
493 278 
495 269 
497 698 
500 1066 
504 761 
505 39 
519 1449 
520 12 
529 124 
530 461 
535 63 
536 730 
539 82 
542 4 
542 59 
545 441 
564 305 
572 197 
579 5388 
580 77 
580 122 
585 907 
585 202 
591 177 
596 356 
604 253 
610 117 
614 1736 
617 881 
623 3340 
625 174 
625 255 
627 34 
631 499 
634 88 
647 361 
650 1453 
661 6448 
672 1872 
673 283 
675 324 
676 21 
679 206 
681 57 
686 884 
691 94 
693 727 
699 1206 
699 66 
702 33 
709 170 
721 2688 
727 8 
736 529 
737 101 
738 838 
749 224 
758 111 
771 107 
774 874 
774 233 
779 40 
783 40 
783 544 
784 2867 
803 38 
804 36 
810 67 
812 1918 
813 116 
814 45 
820 40 
820 341 
834 334 
834 2209 
845 85 
847 42 
863 132 
864 161 
872 507 
878 27 
878 75 
884 323 
888 352 
892 159 
901 64 
902 71 
902 716 
905 1188 
906 80 
909 1928 
920 1172 
923 63 
955 647 
961 386 
968 183 
982 366 
983 2987 
992 243 
992 147 
998 528 
1012 94 
1020 371 
1021 177 
1025 3323 
1028 1065 
1031 79 
1031 912 
1033 4282 
1050 540 
1057 2050 
1061 348 
1067 75 
1070 1596 
1088 904 
1090 1 
1103 0 
1105 70 
1111 910 
1114 36 
1120 2730 
1135 1543 
1139 1338 
1140 17 
1141 307 
1146 31 
1149 3253 
1151 812 
1154 201 
1158 327 
1164 169 
1165 710 
1166 347 
1167 325 
1186 388 
1192 161 
1200 260 
1203 65 
1225 441 
1229 3678 
1237 414 
1238 209 
1239 687 
1253 443 
1260 754 
1276 467 
1279 1467 
1289 34 
1289 5105 
1289 63 
1295 23 
1298 5203 
1309 750 
1335 2314 
1359 328 
1366 142 
1379 1904 
1388 85 
1395 2700 
1402 98 
1410 4618 
1415 1363 
1417 60 
1418 123 
1427 53 
1431 1134 
1437 19 
1454 448 
1461 273 
1470 854 
1473 422 
1480 1796 
1481 368336 
1485 218 
1506 232 
1507 72 
1511 176 
1534 133 
1542 5846 
1566 420 
1595 943 
1610 1067 
1618 1244 
1620 106 
1621 283 
1631 14 
1632 29 
1638 245 
1650 20 
1659 461 
1662 168 
1670 648 
1674 142 
1678 204 
1679 575 
1682 46 
1686 776 
1688 1713 
1753 562 
1758 980 
1772 1506 
1780 48 
1794 1277 
1795 86 
1810 1082 
1811 753 
1832 506 
1839 162 
1862 649 
1862 354 
1877 148 
1902 6 
1902 612 
1920 923 
1924 782 
1953 70 
1978 251 
1985 1212 
2012 2176 
2017 119 
2018 337 
2019 626 
2025 274 
2047 428 
2049 1590 
2079 34 
2105 1650 
2109 176 
2109 163 
2125 720 
2135 258 
2142 79 
2166 947 
2186 1322 
2192 157 
2197 114 
2200 41 
2208 316 
2214 1194 
2215 271 
2224 158 
2225 912 
2236 88 
2251 720 
2263 196 
2268 132 
2274 1867 
2277 8 
2285 10 
2290 36 
2351 188 
2371 94 
2381 96 
2423 4 
2424 287 
2463 186 
2493 46 
2496 1069 
2515 244 
2530 1427 
2539 445 
2575 415 
2590 390 
2623 18 
2627 1024 
2641 108 
2643 48 
2664 233 
2686 75 
2693 17 
2699 582 
2751 261 
2796 112 
2851 117 
2868 1913 
2906 1391 
2915 1008 
2936 293 
2950 11375 
2968 388 
2972 121 
2984 1196 
2986 1057 
2987 87 
3013 151 
3014 882 
3016 117 
3035 1073 
3109 524 
3123 1209 
3144 19 
3163 963 
3184 172 
3230 972 
3236 263 
3265 150 
3277 486 
3316 91 
3337 2514 
3373 759 
3417 14244 
3438 145 
3439 512 
3441 1350 
3447 901 
3452 4502 
3472 655 
3472 1565 
3477 56 
3494 138 
3509 641 
3514 35 
3525 167 
3552 376 
3608 524 
3619 1597 
3642 253 
3668 1012 
3669 183 
3687 96 
3720 96 
3806 695 
3877 221 
3896 720 
3924 490 
4034 597 
4037 122 
4108 299 
4118 107 
4124 1446 
4154 32 
4164 717 
4209 53 
4236 83 
4246 1365 
4254 130 
4283 1143 
4310 905 
4320 1870 
4322 174 
4344 837 
4375 158 
4379 78 
4421 40 
4431 44 
4434 105 
4497 926 
4500 482 
4500 260 
4506 530 
4517 1690 
4592 362 
4662 18 
4690 216 
4893 313 
4905 1503 
4922 134 
4995 181 
4996 542 
5008 784 
5027 11 
5035 212 
5049 795 
5100 118 
5260 66 
5275 41 
5345 258 
5348 178 
5387 789 
5396 1557 
5462 2316 
5500 165 
5646 92 
5658 1016 
5661 150 
5680 122 
5749 764 
5779 43 
5780 474 
5784 120 
5828 482 
5830 470 
5835 1716 
5926 227 
5974 478 
5994 188 
6060 979 
6061 651 
6117 304 
6267 15 
6366 507 
6376 115 
6443 63 
6447 9 
6456 35 
6481 1272 
6483 275 
6494 368 
6663 824 
6762 1684 
6780 89 
6952 5472 
7010 269 
7027 326 
7038 248 
7060 627 
7092 235 
7153 142 
7155 572 
7368 514 
7377 139 
7380 958 
7488 46 
7514 805 
7821 598 
8014 858 
8019 111 
8103 11 
8103 484 
8144 939 
8267 1436 
8298 7245 
8302 60 
8308 881 
8337 218 
8356 80 
8593 159 
8698 5902 
8701 101 
8726 2829 
8844 1954 
8850 71 
8853 44 
8955 2105 
9131 88 
9310 800 
9606 1193 
9737 2814 
9757 376 
9780 1013 
9858 1256 
9898 249 
10005 124 
10014 918 
10160 15 
10230 392 
10332 1283 
10371 1151 
10592 578 
10755 191 
10877 1159 
11088 1741 
11143 212 
11245 162 
11327 108 
11868 796 
11925 1087 
11967 2038 
12152 279 
12156 5 
12266 84 
12327 1139 
12517 28 
12529 77 
12579 18 
12832 607 
12847 3082 
12848 1112 
12854 113 
12907 77 
13121 2010 
13395 19 
13453 49 
13464 773 
13753 1754 
13981 1451 
14239 13 
14289 2183 
14303 183 
14357 150 
14416 4984 
14593 516 
14643 716 
14709 1872 
14799 616 
14883 279 
14906 197 
14986 862 
15791 424 
15791 659 
15951 574 
15970 891 
16016 655 
16155 78 
16532 1191 
16576 188 
16664 1360 
16767 1416 
16814 459 
16840 550 
16851 35 
16936 7976 
16952 116 
16971 4106 
16980 1757 
16992 116 
17093 83 
17111 27 
17213 74 
17337 1975 
17472 119 
17612 180 
17689 1431 
17749 1595 
17775 257 
17776 246 
17841 68 
17844 828 
17911 1398 
17953 157 
17973 3123 
18008 668 
18022 736 
18050 216 
18089 2770 
18204 175 
18240 885 
18268 974 
18408 183 
18442 266 
18496 94 
18566 1241 
18583 1604 
18719 1201 
18734 436 
18769 722 
18788 35 
18815 9462 
18838 932 
18939 2415 
19048 102 
19081 135 
19197 1989 
19251 233 
19269 89 
19303 11 
19328 609 
19333 363 
19457 63 
19529 344 
19659 14 
19707 340 
19775 1371 
19805 560 
19848 157 
19882 62 
19885 81 
20093 1985 
20190 117 
20476 146 
20504 2018 
20587 1482 
20663 902 
20670 453 
20671 9 
20713 3788 
20749 228 
20804 30 
20835 86 
20880 875 
20882 301 
20889 923 
20900 690 
21019 412 
21034 511 
21077 46 
21088 3855 
21094 20 
21146 4414 
21278 266 
21321 457 
21326 60 
21365 824 
21375 919 
21388 702 
21455 25 
21501 305 
21501 1186 
21511 264 
21524 36 
21590 1332 
21595 105 
21614 589 
21620 581 
21626 37 
21648 665 
21707 670 
21736 28 
21756 3121 
21820 269 
21987 592 
22013 1105 
22017 1404 
22019 186 
22057 60 
22061 4 
22091 565 
22278 452 
22349 70 
22407 168 
22495 424 
22514 123 
22576 653 
22638 770 
22653 115 
22745 584 
22770 687 
22820 766 
22848 118 
22859 1787 
22870 490 
22896 61 
22920 26 
22934 598 
22939 1531 
22994 55 
23001 39 
23019 2095 
23028 1746 
23042 254 
23068 53 
23077 114 
23172 232 
23193 864 
23205 1646 
23270 152 
23292 1153 
23301 114 
23379 27 
23406 194 
23411 1003 
23412 192 
23425 4201 
23450 930 
23516 402 
23549 123 
23549 3371 
23567 11 
23575 143 
23579 1491 
23619 1486 
23636 527 
23675 429 
23716 160 
23728 1366 
23767 88 
23807 546 
23852 437 
23871 259 
23914 1049 
23963 101 
23986 483 
24085 119 
24136 524 
24141 1034 
24172 413 
24173 917 
24209 687 
24240 1025 
24268 65 
24278 834 
24282 106 
24295 598 
24304 181 
24314 18 
24336 107 
24358 2795 
24379 1305 
24396 114 
24417 166 
24461 2037 
24524 135 
24588 1047 
24598 1012 
24627 906 
24643 1852 
24655 180 
24663 72 
24728 256 
24785 1795 
24790 15 
24849 261 
24869 1418 
24908 345 
24930 645 
24964 26 
24986 820 
25015 791 
25089 211 
25102 1819 
25219 2147 
25310 195 
25366 13 
25520 283 
25691 35 
25697 34 
25721 3241 
25727 88 
25746 547 
25787 1666 
25808 1075 
25838 469 
25864 337 
25869 488 
25880 666 
25918 652 
26050 2109 
26093 1234 
26192 2675 
26205 549 
26226 393 
26258 4134 
26260 269 
26265 1396 
26339 220 
26356 960 
26367 6434 
26384 155 
26388 1299 
26388 1299 
26405 558 
26405 558 
26429 117 
26429 117 
26510 2475 
26543 43 
26562 539 
26575 834 
26608 288 
26632 7 
26636 27 
26670 109 
26717 653 
26775 12 
26777 17 
26785 62 
26798 1007 
26854 173 
26884 5 
26909 691 
26929 62 
26946 1313 
26954 281 
26999 67 
27011 657 
27014 3159 
27035 275 
27065 219 
27066 2254 
27091 1346 
27125 527 
27160 443 
27242 187 
27255 925 
27259 548 
27317 2300 
27329 465 
27358 81 
27392 193 
27392 249 
27427 440 
27440 898 
27452 105 
27478 90 
27483 259 
27494 230 
27504 364 
27525 1549 
27570 755 
27591 85 
27683 267 
27724 155 
27743 160 
27789 8 
27808 433 
27828 704 
27881 318 
27961 39 
27997 269 
28020 9239 
28025 629 
28052 357 
28081 1112 
28101 1130 
28107 392 
28123 109 
28171 130 
28190 21 
28214 156 
28216 29 
28220 882 
28229 882 
28253 261 
28286 523 
28331 2147 
28334 75 
28366 679 
28391 247 
28401 854 
28407 259 
28422 417 
28445 3791 
28469 2285 
28473 57 
28542 152 
28579 417 
28583 561 
28615 761 
28615 556 
28629 46 
28693 1295 
28703 319 
28704 1527 
28909 192 
28924 252 
28952 2417 
28954 290 
29012 61 
29064 22 
29082 1075 
29093 236 
29094 151 
29097 1847 
29107 1049 
29159 176 
29173 147 
29249 1759 
29251 1106 
29266 911 
29278 1078 
29299 493 
29301 760 
29306 71 
29363 665 
29434 1618 
29503 18 
29558 74 
29646 1409 
29657 1508 
29660 696 
29700 1293 
29758 432 
29782 1202 
29789 55 
29794 95 
29815 373 
29819 2296 
29843 2447 
29845 734 
30026 555 
30158 168 
30231 643 
30237 166 
30253 1250 
30287 196 
30301 545 
30306 1213 
30358 339 
30414 4991 
30434 16008 
30470 326 
30508 739 
30527 263 
30539 179 
30612 3415 
30618 99 
30638 1361 
30648 551 
30660 1284 
30682 2340 
30730 392 
30809 85 
30820 562 
30830 5843 
30855 454 
30882 138 
30902 3256 
30956 3099 
30968 1057 
30997 4814 
31041 277 
31050 123 
31083 197 
31096 2781 
31123 1245 
31135 208 
31208 556 
31252 2027 
31265 345 
31294 551 
31294 126 
31312 819 
31324 1610 
31335 861 
31339 1162 
31354 890 
31357 288 
31375 148 
31382 910 
31423 1251 
31441 772 
31451 246 
31466 20 
31471 127 
31475 210 
31483 288 
31486 23 
31490 328 
31514 323 
31536 2403 
31569 1431 
31584 265 
31612 7 
31647 1662 
31669 262 
31688 37 
31691 295 
31729 1176 
31733 2073 
31762 183 
31784 1937 
31858 182 
31864 2727 
31876 216 
31920 405 
31951 1218 
32011 789 
32018 1064 
32035 282 
32054 2316 
32104 317 
32226 572 
32237 190 
32238 1232 
32246 118 
32338 141 
32397 891 
32405 488 
32434 566 
32475 2139 
32499 786 
32506 4 
32535 79 
32550 598 
32551 146 
32579 529 
32587 515 
32633 162 
32644 588 
32662 151 
32672 2742 
32711 70 
32726 261 
32727 171 
32729 3289 
32764 1045 
32768 487 
32778 156 
32838 944 
32849 149 
32851 795 
32908 207 
32915 2241 
32933 385 
33006 344 
33039 180 
33055 68 
33060 298 
33140 545 
33183 272 
33203 263 
33208 551 
33304 193 
33306 621 
33370 300 
33387 241 
33491 1130 
33535 550 
33615 1627 
33661 783 
33662 369 
33741 861 
33784 150 
33804 3289 
33923 270 
33927 221 
33939 19 
33952 1805 
34035 1036 
34077 177 
34082 86 
34139 1509 
34178 646 
34367 181 
34392 44 
34395 2292 
34437 309 
34461 8229 
34497 327 
34533 1396 
34544 356 
34620 636 
34639 57 
34666 4862 
34686 670 
34690 989 
34792 627 
34792 296 
34877 861 
34891 273 
34905 1410 
34915 354 
34925 499 
34947 34 
34947 919 
34990 387 
35026 1286 
35038 1390 
35055 1276 
35062 146 
35078 801 
35079 183 
35096 2934 
35196 1874 
35243 3936 
35246 1133 
35263 142 
35285 3118 
35372 854 
35461 290 
35565 122 
35625 956 
35654 1067 
35718 403 
35719 399 
35763 137 
35782 1257 
35787 293 
35794 147 
35797 517 
35806 1616 
35811 377 
35822 872 
35829 2331 
35848 307 
35882 266 
35890 605 
36028 6380 
36045 500 
36061 74 
36102 956 
36105 2062 
36110 1053 
36111 358 
36153 575 
36194 598 
36327 1172 
36380 116 
36398 592 
36437 292 
36519 97 
36530 290 
36546 2126 
36548 698 
36594 2167 
36641 974 
36652 4065 
36716 801 
36722 2070 
36742 1116 
36811 755 
36826 707 
36840 431 
36851 1162 
36910 976 
36962 136 
37249 503 
37294 460 
37334 776 
37372 149 
37386 89 
37465 620 
37482 5664 
37485 532 
37496 33 
37521 161 
37584 363 
37649 465 
37649 50 
37682 111 
37691 510 
37694 318 
37698 2806 
37735 1589 
37782 5020 
37801 533 
37821 2704 
37823 32 
37850 1365 
37868 3491 
37956 522 
38080 213 
38092 415 
38094 6838 
38128 2938 
38128 1249 
38131 902 
38150 61 
38198 438 
38210 137 
38308 622 
38512 1164 
38530 679 
38550 2778 
38556 5843 
38601 1426 
38734 315 
38763 21 
38788 184 
38849 697 
38852 1443 
38866 2589 
38875 14 
38924 256 
38931 6363 
38970 500 
38971 2572 
39002 332 
39076 289 
39100 420 
39213 199 
39221 1335 
39222 5303 
39228 110 
39245 2987 
39256 145 
39257 22 
39269 221 
39287 2917 
39298 959 
39326 554 
39395 457 
39425 1276 
39443 7 
39465 328 
39465 9 
39471 100 
39568 318 
39605 1110 
39613 1978 
39619 321 
39652 2131 
39654 895 
39675 609 
39797 228 
39797 6 
39854 736 
39872 1665 
39956 731 
39958 224 
39964 1713 
39975 243 
39996 1334 
40044 296 
40079 1525 
40242 1495 
40269 702 
40286 2797 
40320 580 
40420 1356 
40487 1611 
40509 65 
40516 1654 
40543 543 
40677 257 
40683 2088 
40697 197 
40716 1192 
40746 3418 
40747 117 
40762 840 
40769 1511 
40770 813 
40785 5197 
40810 1397 
40824 1833 
40855 2079 
40871 1890 
40902 399 
40981 99 
41010 128 
41073 782 
41133 0 
41163 294 
41178 7 
41182 499 
41188 663 
41224 364 
41225 298 
41257 134 
41262 188 
41289 175 
41437 2024 
41439 1407 
41510 1080 
41526 341 
41573 274 
41638 251 
41645 2065 
41651 711 
41655 954 
41698 233 
41726 4665 
41733 2534 
41761 146 
41782 389 
41814 50 
41882 343 
41908 39 
41959 369 
41987 953 
42006 142 
42047 479 
42048 1809 
42079 1410 
42143 1029 
42190 244 
42210 618 
42214 165 
42219 1476 
42252 494 
42275 2326 
42318 261 
42335 309 
42384 1601 
42406 149 
42410 370 
42428 465 
42444 792 
42451 848 
42454 330 
42467 229 
42574 156 
42629 1604 
42701 460 
42733 276 
42866 1193 
42868 291 
42959 449 
43000 509 
43013 549 
43041 372 
43048 1171 
43092 319 
43108 338 
43115 236 
43116 422 
43127 224 
43181 224 
43227 17 
43231 65 
43252 1295 
43276 563 
43287 60 
43295 976 
43309 552 
43343 481 
43373 1225 
43379 1495 
43425 1160 
43485 1429 
43519 398 
43557 633 
43573 102 
43592 1475 
43639 1876 
43745 85 
43999 3535 
44005 523 
44051 994 
44083 278 
44119 89 
44164 1036 
44170 338 
44202 997 
44205 2072 
44209 217 
44210 456 
44227 554 
44383 399 
44482 1394 
44509 26 
44590 392 
44597 2411 
44676 904 
44689 112 
44744 911 
44766 55 
44836 614 
44854 511 
44867 69 
44904 165 
44998 872 
45019 972 
45087 148 
45122 784 
45123 1954 
45147 1355 
45184 1611 
45230 256 
45262 5628 
45287 3196 
45341 1354 
45370 256 
45406 464 
45457 49 
45492 256 
45546 555 
45572 1775 
45582 3054 
45618 259 
45812 493 
45844 69 
45912 556 
45984 1623 
45987 168 
46006 481 
46032 538 
46085 93 
46087 501 
46112 619 
46173 77 
46207 2429 
46245 1440 
46281 1751 
46296 171 
46325 864 
46325 512 
46337 31 
46359 177 
46362 1456 
46438 235 
46444 792 
46489 558 
46640 1122 
46660 103 
46729 1404 
46794 86 
46817 805 
46833 779 
46918 1447 
46937 308 
47027 1016 
47067 45 
47108 97 
47225 1920 
47244 305 
47262 1313 
47278 1009 
47316 632 
47341 340 
47355 1552 
47371 746 
47392 729 
47412 2159 
47426 28 
47435 1544 
47440 148 
47456 1755 
47488 218 
47500 80 
47513 4 
47544 503 
47591 688 
47634 468 
47639 619 
47676 909 
47736 551 
47754 150 
47759 347 
47802 2029 
47831 12399 
47863 237 
47890 623 
47913 1735 
47931 129 
47978 155 
48032 580 
48043 6 
48067 224 
48086 1663 
48112 521 
48120 635 
48175 1322 
48185 881 
48256 149 
48312 2190 
48335 471 
48436 86 
48460 1643 
48467 1838 
48627 228 
48660 186 
48671 1967 
48706 733 
48738 1664 
48786 211 
48799 127 
48802 335 
48882 265 
48929 4870 
48959 1266 
49062 1595 
49090 86 
49119 299 
49406 28 
49451 175 
49485 269 
49645 1047 
49664 979 
49766 539 
49776 429 
49792 189 
49931 447 
49935 483 
49983 3241 
49987 1126 
50021 1196 
50041 394 
50070 309 
50196 625 
50274 302 
50326 1631 
50574 91 
50578 275 
50679 918 
50975 664 
51147 282 
51148 327 
51304 91 
51421 705 
51450 594 
51557 270 
51582 948 
51661 132 
51687 80 
51818 1732 
51858 672 
52001 1761 
52054 1000 
52056 173 
52096 684 
52136 99 
52162 133 
52214 94 
52217 425 
52239 53 
52248 1976 
52249 3227 
52265 507 
52278 1045 
52312 1643 
52336 2368 
52369 443 
52432 820 
52447 1448 
52585 384 
52687 270 
52713 74 
52727 11568 
52757 31 
52819 434 
52851 656 
52852 6228 
52870 16071 
52940 971 
52950 90 
52964 248 
53019 178 
53020 59 
53032 318 
53096 2012 
53217 305 
53269 361 
53292 128 
53337 624 
53386 1092 
53432 906 
53505 1123 
53541 289 
53584 805 
53601 342 
53610 293 
53617 66 
53648 278 
53658 858 
53689 265 
53702 223 
53816 3461 
53847 1967 
53878 1141 
53889 1737 
53916 1955 
53919 20 
53999 938 
54151 2496 
54164 225 
54178 385 
54315 2995 
54329 605 
54524 315 
54527 67 
54635 949 
54644 1324 
54678 1049 
54718 1742 
54752 1125 
54824 1708 
54903 1504 
54950 1836 
55071 377 
55095 2460 
55184 687 
55259 2803 
55304 1404 
55444 2707 
55457 41 
55475 498 
55520 433 
55521 2907 
55522 543 
55543 1003 
55612 3831 
55659 100 
55664 124 
55679 1444 
55687 965 
55696 233 
55699 283 
55842 442 
55843 281 
55873 118 
55956 1161 
55990 650 
56022 229 
56055 1352 
56065 468 
56092 883 
56147 1675 
56206 1076 
56306 644 
56403 3932 
56413 1101 
56499 354 
56507 2976 
56534 3128 
56619 590 
56641 227 
56684 360 
56684 1565 
56720 540 
56805 321 
56817 198 
56861 1865 
57050 1587 
57068 428 
57174 1164 
57177 426 
57217 2160 
57321 213 
57382 553 
57397 346 
57418 584 
57420 321 
57445 968 
57531 1527 
57647 461 
57685 1536 
57770 78 
57791 10212 
57823 466 
57878 1728 
57897 414 
57937 476 
57989 184 
58013 6528 
58110 149 
58150 2772 
58151 1146 
58273 247 
58283 25 
58330 2149 
58424 1162 
58506 1180 
58512 140 
58629 923 
58657 449 
58759 207 
58880 317 
58964 196 
59027 1403 
59103 111 
59104 203 
59138 1678 
59167 225 
59287 5059 
59310 58 
59344 2722 
59438 909 
59492 2010 
59521 891 
59535 127 
59659 132 
59673 482 
59711 525 
59742 164 
59892 257 
59915 413 
59935 803 
59958 218 
59964 637 
59969 462 
60005 9 
60024 113 
60053 834 
60068 2389 
60415 462 
60446 784 
60508 338 
60543 2061 
60553 3072 
60666 664 
60690 981 
60695 386 
60706 1037 
60873 72 
60879 840 
60896 154 
61068 295 
61250 1621 
61356 416 
61395 449 
61421 37 
61532 2066 
61552 370 
61605 2078 
61617 1734 
61670 1112 
61697 649 
61774 417 
61784 108 
61871 361 
62012 1498 
62017 535 
62027 1738 
62250 429 
62259 119 
62482 646 
62603 156 
62709 6806 
62723 12919 
62783 72 
62795 971 
62813 984 
62825 2347 
62877 1491 
62955 389 
63085 1474 
63126 1512 
63172 399 
63207 1775 
63327 159 
63388 33 
63482 248 
63531 497 
63540 2467 
63546 380 
63573 26 
63734 1387 
63873 422 
63881 235 
63933 238 
63964 1295 
64010 104 
64019 37 
64076 2668 
64086 246 
64156 1745 
64301 1305 
64310 797 
64407 115 
64494 407 
64532 88 
64622 3401 
64662 152 
64719 620 
64807 10406 
64845 1303 
64853 1486 
64853 1040 
64973 1301 
65034 208 
65266 72 
65294 396 
65510 982 
65529 795 
65648 1045 
65665 1 
65748 260 
65938 2394 
65999 1616 
66019 94 
66040 165 
66062 403 
66095 518 
66129 263 
66331 838 
66508 464 
66529 3055 
66559 120 
66573 2306 
66591 1046 
66612 359 
66646 751 
66825 2470 
66930 275 
66946 235 
66965 1309 
66975 31 
67002 205 
67367 911 
67455 66 
67588 322 
67675 1264 
67742 747 
67950 1676 
68129 612 
68198 531 
68503 1786 
68586 271 
68609 352 
68646 1689 
68656 358 
68709 1456 
68760 2868 
68779 1609 
68785 520 
68797 971 
69020 684 
69046 1275 
69060 617 
69068 2358 
69090 1525 
69146 162 
69161 470 
69538 654 
69915 53 
70010 114 
70100 908 
70176 1356 
70300 18 
70674 1659 
70765 148 
70769 1218 
70889 3679 
70904 473 
70908 228 
70911 275 
70944 384 
71015 1516 
71019 247 
71145 5854 
71290 2145 
71415 1570 
71432 1911 
71484 986 
71609 970 
71619 2927 
71704 576 
71735 1335 
71896 1585 
71942 337 
71997 565 
72273 200 
72383 394 
72454 1611 
72720 152 
73133 1263 
73192 1054 
73314 83 
73342 659 
73483 693 
73617 2282 
73632 76 
73905 481 
74023 160 
74029 800 
74239 1721 
74353 2499 
74356 2497 
74363 40 
74371 2145 
74569 227 
74669 248 
74675 412 
74916 1277 
75536 2202 
75619 709 
76111 329 
76207 589 
76228 190 
76235 365 
76339 318 
76369 394 
76526 1167 
76544 304 
76690 2614 
76877 210 
76911 1773 
76961 886 
76993 296 
76997 2546 
77239 714 
77459 52 
77622 66 
77882 186 
77946 850 
78167 9109 
78177 980 
78256 475 
78259 1331 
78288 1330 
78296 1286 
78523 395 
78738 970 
78896 436 
78897 1157 
78979 379 
79220 314 
79329 102 
79399 228 
79425 642 
79462 279 
79692 92 
79774 1592 
79786 764 
80087 26 
80304 393 
80655 1352 
80807 1895 
80874 50 
80992 246 
81891 2836 
82130 55 
82132 1567 
82398 3825 
82443 631 
82451 592 
82507 291 
82581 809 
82716 406 
83060 562 
83224 52 
84107 58 
84278 1995 
84448 837 
85237 244 
85335 1448 
85383 2160 
86179 593 
86357 153 
86454 351 
86596 661 
86655 2516 
87098 1319 
87636 45 
89311 806 
91105 336 
91360 627 
93207 403 
98060 562 
98541 348 
100439 801 
105137 458 
106071 71 
106792 100 
107952 124 
109566 26 
110432 1741 
111459 266 
113332 1352 
115364 2676 
115857 472 
116601 218 
117160 1136 
122645 5 
122791 660 
123549 186 
124225 325 
124448 325 
125592 1437 
127025 119 
129502 302 
130536 387 
131962 855 
134200 764 
134353 333 
135534 883 
135576 1096 
137204 145 
137807 288 
138426 1592 
140312 1866 
140479 279 
141093 483 
141421 628 
141786 359 
141919 771 
142330 95 
144169 3039 
145619 319 
146502 1307 
146578 492 
149045 400 
150190 859 
150517 196 
150867 609 
151320 1025 
151381 474 
152192 49 
152341 421 
152419 1155 
153178 359 
153416 241 
154150 8024 
154214 802 
154246 28 
154285 1202 
154381 104 
154989 371 
155058 1460 
155125 99 
155846 2315 
155861 5331 
156050 381 
156054 1088 
156440 3817 
156471 4134 
157158 1116 
157171 4552 
157186 125 
157368 322 
157524 602 
157661 366 
159888 141 
160001 484 
160405 179 
160463 1251 
161247 1318 
161707 545 
162811 421 
164823 300 
167671 158 
167735 134 
167946 1049 
169351 516 
169373 785 
169470 830 
169774 224 
176517 612 
188443 4760 
203219 1667 
203725 509 
203873 178 
204172 144 
209722 295 
212886 375 
219211 902 
221221 240 
222663 950 
224059 1437 
224634 189 
226890 139 
227909 45 
232238 950 
234893 242 
235764 108 
248887 784 
249531 217 
256470 587 
257419 1821 
259354 845 
273153 2001 
273225 696 
289862 303 
296817 331 
302294 368 
304567 1 
305371 2483 
305799 1780 
306693 2361 
311663 1077 
318649 611 
320363 1307 
320439 3018 
334332 283 
334668 292 
336485 2147 
341354 1720 
341402 89 
345248 183 
371897 592 
396595 302 
400930 49 
405489 1106 
410146 1549 
410230 1418 
411050 1062 
418998 215 
428048 1797 
431693 440 
434051 44 
471362 553 
484756 1353 
491112 981 
579401 106 
584706 646 
