2308 2.62505787037
0 106088 
14 361 
18 133 
19 85 
23 122 
27 50 
27 179 
27 154 
27 44 
27 62 
33 100 
33 19 
37 65 
37 241 
39 39 
41 29 
42 55 
42 57 
43 54 
43 477 
44 46 
44 73 
44 61 
45 55 
46 76 
48 85 
50 100 
50 206 
50 401 
53 50 
53 192 
53 94 
54 82 
54 24 
55 117 
57 200 
58 46 
58 144 
59 162 
59 73 
60 50 
63 119 
66 338 
67 154 
67 440 
68 140 
69 81 
70 102 
70 144 
73 251 
75 101 
77 149 
77 23 
78 171 
82 199 
82 210 
84 90 
84 140 
87 135 
90 31 
92 408 
94 17 
96 28 
97 89 
97 147 
99 205 
99 253 
99 280 
101 87 
101 52 
103 272 
103 141 
104 97 
106 140 
107 19 
107 143 
108 149 
109 35 
111 567 
112 41 
113 91 
115 305 
116 130 
117 91 
117 188 
119 57 
120 2 
122 54 
130 166 
134 291 
135 70 
137 28 
138 47 
139 129 
139 299 
142 219 
142 138 
143 108 
145 38 
148 62 
149 122 
149 149 
152 164 
152 121 
158 95 
161 36 
162 109 
162 57 
163 26 
163 9 
164 122 
165 157 
167 119 
168 49 
168 198 
171 101 
172 113 
173 289 
175 86 
176 307 
181 60 
182 26 
183 110 
184 134 
189 50 
190 164 
192 483 
192 98 
196 99 
197 323 
198 64 
202 2232 
202 110 
204 155 
207 241 
207 370 
207 2195 
208 40 
210 51 
211 173 
216 125 
217 34 
218 157 
221 45 
223 104 
223 62 
224 74 
226 148 
227 106 
228 46 
228 28 
230 53 
231 94 
231 81 
232 20 
234 25 
237 85 
237 82 
238 70 
240 54 
242 59 
242 43 
244 194 
244 36 
245 97 
246 32 
246 137 
248 52 
253 793 
257 35 
259 59 
262 68 
267 42 
271 129 
271 14 
272 34 
273 146 
275 254 
279 208 
281 79 
281 45 
282 185 
287 46 
290 72 
290 43 
290 22 
292 50 
293 135 
298 44 
299 160 
302 99 
303 18 
304 232 
306 7 
307 45 
307 6 
308 27 
312 64 
315 12 
316 64 
322 49 
326 58 
327 237 
333 83 
334 92 
334 104 
339 124 
342 311 
347 140 
352 36 
353 63 
356 156 
356 406 
357 55 
360 147 
361 55 
366 85 
367 88 
370 15 
371 261 
374 94 
376 343 
379 209 
384 153 
385 166 
386 52 
386 159 
387 32 
393 560 
393 137 
393 128 
393 35 
397 16 
401 148 
408 114 
409 75 
412 200 
412 141 
413 71 
413 139 
419 68 
419 39 
423 752 
428 112 
429 174 
429 241 
431 83 
436 68 
442 21 
444 9 
447 420 
448 50 
451 23 
455 34 
458 2 
463 190 
464 81 
466 67 
467 45 
468 36 
469 60 
473 142 
477 78 
478 26 
484 12 
485 97 
486 55 
493 173 
494 144 
498 123 
501 70 
506 27 
510 113 
512 99 
516 41 
516 250 
523 25 
523 17 
524 2004 
528 72 
529 192 
531 9 
531 77 
532 102 
533 200 
533 18 
534 1308 
536 40 
538 36 
544 137 
553 82 
553 217 
556 78 
558 97 
566 55 
570 337 
571 14 
571 10 
571 62 
577 82 
583 4 
584 206 
584 45 
585 276 
586 91 
586 18 
590 238 
592 575 
594 61 
594 59 
596 213 
599 415 
604 202 
606 60 
607 26 
609 6 
610 85 
615 77 
616 101 
617 22 
623 28 
625 101 
631 97 
633 44 
635 17 
639 59 
640 47 
645 18 
647 129 
648 279 
648 122 
649 255 
652 297 
658 287 
664 103 
665 55 
666 103 
669 155 
669 112 
670 74 
672 25 
677 281 
678 70 
683 77 
683 120 
687 67 
688 42 
691 97 
695 123 
697 21 
700 93 
710 533 
712 26 
713 159 
717 75 
718 35 
723 10 
736 38 
737 152 
740 64 
741 147 
742 199 
748 68 
750 202 
756 227 
756 182 
757 161 
759 99 
760 640 
760 448 
762 116 
763 29 
763 64 
765 32 
770 117 
771 128 
781 70 
785 99 
787 35 
792 4 
796 87 
801 153 
801 189 
805 83 
809 123 
814 82 
814 190 
814 86 
821 31 
822 92 
823 40 
827 152 
830 24 
831 67 
835 128 
837 116 
838 217 
840 120 
840 67 
841 124 
842 151 
843 41 
845 146 
847 53 
847 94 
847 60 
847 25 
851 112 
861 23 
865 31 
865 17 
867 67 
869 19 
871 100 
876 43 
881 205 
882 48 
888 95 
891 61 
892 457 
892 38 
897 42 
898 94 
901 71 
901 30 
906 74 
907 118 
911 99 
919 140 
925 22 
927 127 
929 157 
930 100 
932 59 
933 154 
943 34 
943 161 
945 36 
945 38 
946 57 
958 64 
961 107 
961 5 
964 49 
964 30 
970 69 
971 39 
974 31 
978 72 
982 84 
982 33 
984 31 
985 281 
992 152 
994 64 
1004 191 
1005 50 
1011 45 
1013 47 
1013 138 
1014 91 
1019 66 
1022 69 
1024 38 
1032 78 
1037 26 
1038 91 
1039 22 
1039 27 
1053 185 
1056 136 
1058 481 
1059 161 
1060 96 
1060 145 
1062 80 
1065 88 
1067 134 
1070 80 
1077 51 
1080 112 
1082 1262 
1083 76 
1101 10 
1107 77 
1116 95 
1118 710 
1121 12 
1121 30 
1122 31 
1125 72 
1126 85 
1137 51 
1140 159 
1141 110 
1141 58 
1146 66 
1148 87 
1150 29 
1153 29 
1154 155 
1156 183 
1158 49 
1160 362 
1163 55 
1168 817 
1170 464 
1182 117 
1185 108 
1193 19 
1212 4 
1213 138 
1214 94 
1220 251 
1228 310 
1232 36 
1235 35 
1238 98 
1247 75 
1247 192 
1248 88 
1249 12 
1253 59 
1255 167 
1256 29 
1258 45 
1258 126 
1261 10 
1269 20 
1271 23 
1274 23 
1274 71 
1277 123 
1278 125 
1281 186 
1283 77 
1290 35 
1292 44 
1297 109 
1297 131 
1297 149 
1301 70 
1307 129 
1312 40 
1319 260 
1327 278 
1336 34 
1338 22 
1338 201 
1342 196 
1344 4 
1346 141 
1352 98 
1355 172 
1357 65 
1363 34 
1379 104 
1379 189 
1381 22 
1395 196 
1397 65 
1400 3 
1407 51 
1409 32 
1411 76 
1411 662 
1411 16 
1412 66 
1414 150 
1415 37 
1416 139 
1420 214 
1427 61 
1429 43 
1437 25 
1446 132 
1447 117 
1450 13 
1454 45 
1457 126 
1462 60 
1464 167 
1465 61 
1467 32 
1470 40 
1472 53 
1475 249 
1475 61 
1477 484 
1478 110 
1483 69 
1485 150 
1486 285 
1487 25 
1488 122 
1499 74 
1500 274 
1500 134 
1501 60 
1503 503 
1503 189 
1504 372 
1507 108 
1515 37 
1517 25 
1526 107 
1531 19 
1531 78 
1534 72 
1538 32 
1540 10 
1544 48 
1545 65 
1545 31 
1547 8 
1548 133 
1549 37 
1550 48 
1553 20 
1555 72 
1557 95 
1557 40 
1558 189 
1559 29 
1563 39 
1564 327 
1566 39 
1571 147 
1572 115 
1577 201 
1579 175 
1583 20 
1585 23 
1586 341 
1587 185 
1589 118 
1595 257 
1601 29 
1602 123 
1612 97 
1613 41 
1613 128 
1618 64 
1625 75 
1629 120 
1634 134 
1646 50 
1649 46 
1656 53 
1668 68 
1669 26 
1672 54 
1677 225 
1678 123 
1680 56 
1685 217 
1686 85 
1687 76 
1687 39 
1689 18 
1689 69 
1694 142 
1696 21 
1701 44 
1707 45 
1716 22 
1717 2062 
1718 14 
1719 54 
1720 48 
1721 27 
1730 13 
1732 188 
1742 164 
1744 7 
1753 124 
1755 187 
1758 19 
1760 110 
1763 86 
1774 161 
1792 28 
1793 311 
1796 225 
1799 96 
1800 73 
1811 20 
1821 92 
1824 50 
1825 109 
1828 161 
1832 38 
1834 154 
1834 34 
1834 243 
1838 105 
1864 135 
1866 51 
1870 145 
1871 16 
1873 223 
1875 209 
1877 59 
1879 100 
1882 11 
1895 141 
1896 202 
1902 263 
1906 144 
1911 49 
1919 28 
1920 156 
1921 37 
1925 21 
1927 184 
1937 1775 
1940 24 
1940 8 
1951 6 
1954 96 
1960 10 
1963 106 
1964 156 
1965 95 
1968 70 
1973 73 
1985 35 
1986 131 
1987 46 
1989 920 
1989 275 
2002 94 
2003 142 
2009 77 
2015 135 
2022 63 
2029 30 
2033 29 
2040 165 
2040 210 
2045 90 
2060 100 
2060 45 
2061 88 
2063 164 
2067 639 
2069 19 
2069 106 
2072 98 
2075 84 
2091 17 
2095 75 
2104 133 
2108 83 
2127 329 
2130 27 
2133 1781 
2139 67 
2146 16 
2153 88 
2154 21 
2154 4040 
2156 30 
2159 84 
2168 15 
2172 45 
2172 45 
2175 112 
2175 142 
2179 234 
2189 187 
2190 526 
2194 152 
2197 978 
2201 145 
2217 14 
2222 113 
2227 330 
2234 197 
2245 103 
2247 45 
2248 206 
2268 109 
2274 9 
2275 83 
2277 186 
2278 104 
2291 27 
2292 86 
2302 62 
2302 38 
2302 63 
2305 150 
2309 95 
2314 32 
2319 82 
2333 107 
2334 26 
2334 99 
2335 45 
2340 148 
2341 119 
2351 2883 
2353 23 
2356 91 
2357 100 
2364 234 
2369 18 
2371 22 
2371 84 
2373 15 
2378 57 
2380 139 
2394 63 
2400 115 
2403 84 
2411 8 
2413 114 
2414 117 
2416 92 
2423 78 
2428 144 
2430 299 
2447 63 
2456 70 
2472 90 
2474 27 
2477 68 
2488 100 
2490 49 
2491 143 
2491 231 
2494 89 
2501 12 
2504 81 
2506 58 
2509 144 
2514 128 
2535 104 
2535 89 
2540 119 
2540 113 
2544 1448 
2544 533 
2555 80 
2556 178 
2564 112 
2590 185 
2594 61 
2597 108 
2601 10 
2603 46 
2607 2 
2608 118 
2609 50 
2614 94 
2616 73 
2630 81 
2634 105 
2638 36 
2650 154 
2654 206 
2654 20 
2667 135 
2674 15 
2713 212 
2716 32 
2717 60 
2720 22 
2725 25 
2730 39 
2731 35 
2734 6 
2736 113 
2738 210 
2744 184 
2745 57 
2748 163 
2750 23 
2753 78 
2760 184 
2761 85 
2773 97 
2782 20 
2785 67 
2788 39 
2790 200 
2791 114 
2794 130 
2797 436 
2801 117 
2809 135 
2811 13 
2813 34 
2818 8 
2828 63 
2837 339 
2839 94 
2841 53 
2844 23 
2845 100 
2850 25 
2850 48 
2851 171 
2860 213 
2861 47 
2863 35 
2874 47 
2874 459 
2875 592 
2880 470 
2881 16 
2881 79 
2898 93 
2898 195 
2900 24 
2902 59 
2910 140 
2919 61 
2920 126 
2921 174 
2929 55 
2933 120 
2940 470 
2947 28 
2948 74 
2948 153 
2952 182 
2961 142 
2967 131 
2975 102 
2987 36 
2989 61 
2991 45 
2993 47 
2994 105 
2995 13 
2998 91 
2999 57 
2999 712 
3001 9 
3011 713 
3017 29 
3033 9 
3033 46 
3052 62 
3053 174 
3053 25 
3057 101 
3067 78 
3070 1432 
3070 27 
3071 87 
3074 29 
3086 34 
3090 23 
3090 161 
3091 87 
3092 57 
3093 13 
3095 18 
3096 44 
3098 323 
3103 32 
3106 100 
3114 36 
3115 70 
3121 13 
3123 195 
3140 130 
3144 17 
3150 220 
3153 64 
3157 43 
3165 246 
3167 258 
3174 34 
3174 59 
3182 43 
3194 159 
3201 164 
3210 73 
3211 40 
3217 100 
3220 54 
3225 187 
3225 149 
3232 124 
3240 31 
3244 136 
3253 15 
3259 58 
3263 103 
3263 102 
3266 63 
3272 67 
3274 95 
3276 66 
3277 79 
3287 43 
3289 18 
3295 26 
3302 28 
3310 105 
3313 140 
3319 48 
3322 138 
3323 74 
3330 146 
3330 48 
3332 160 
3340 58 
3340 820 
3342 72 
3351 23 
3353 143 
3358 67 
3366 59 
3367 4 
3369 97 
3373 63 
3381 23 
3397 49 
3400 428 
3403 291 
3404 22 
3416 27 
3416 53 
3417 28 
3421 55 
3424 17 
3435 79 
3438 100 
3440 59 
3442 15 
3448 7 
3449 122 
3474 12 
3474 86 
3477 100 
3484 65 
3493 40 
3498 44 
3515 46 
3515 416 
3520 77 
3522 34 
3527 104 
3530 27 
3538 43 
3538 33 
3548 137 
3557 164 
3580 273 
3584 13 
3595 64 
3609 61 
3617 175 
3620 182 
3623 41 
3627 90 
3631 48 
3633 37 
3642 52 
3644 94 
3657 120 
3680 106 
3688 165 
3704 56 
3711 335 
3714 124 
3734 789 
3737 8 
3770 5510 
3771 68 
3778 114 
3781 50 
3789 178 
3801 70 
3805 64 
3808 111 
3810 22 
3813 23 
3816 166 
3817 176 
3823 50 
3832 88 
3846 85 
3859 95 
3859 0 
3873 320 
3876 74 
3876 5 
3885 43 
3903 39 
3906 102 
3906 369 
3908 15 
3920 26 
3932 112 
3947 68 
3960 156 
3960 244 
3982 29 
4016 92 
4017 141 
4017 75 
4018 89 
4021 21 
4029 58 
4050 240 
4059 768 
4060 40 
4062 140 
4063 83 
4071 31 
4076 240 
4079 84 
4094 204 
4104 63 
4105 304 
4109 96 
4112 5 
4118 77 
4124 40 
4124 49 
4133 76 
4151 264 
4154 10 
4155 93 
4165 30 
4178 30 
4180 112 
4187 108 
4188 45 
4191 320 
4192 65 
4195 120 
4215 45 
4233 225 
4237 26 
4252 83 
4252 45 
4258 13 
4264 56 
4264 3 
4267 25 
4269 171 
4276 107 
4289 488 
4292 22 
4295 26 
4311 77 
4315 16 
4332 385 
4339 32 
4340 94 
4341 44 
4342 578 
4385 102 
4388 44 
4406 170 
4436 32 
4440 212 
4442 201 
4450 193 
4465 79 
4472 53 
4480 185 
4482 31 
4497 38 
4500 19 
4500 43 
4509 237 
4528 938 
4540 69 
4553 46 
4555 21 
4592 14 
4603 89 
4612 188 
4613 41 
4623 143 
4624 115 
4633 87 
4635 109 
4641 19 
4642 157 
4646 58 
4652 54 
4653 29 
4656 89 
4688 708 
4695 23 
4707 78 
4713 79 
4730 44 
4731 158 
4738 21 
4761 153 
4762 6 
4767 146 
4768 139 
4769 10 
4783 636 
4794 55 
4802 8 
4812 52 
4812 5 
4838 29 
4844 234 
4845 188 
4856 232 
4860 264 
4870 104 
4876 55 
4878 13 
4884 73 
4901 54 
4909 62 
4910 163 
4917 96 
4932 41 
4957 72 
4957 801 
4965 20 
4985 31 
5009 28 
5021 84 
5022 145 
5024 47 
5039 24 
5048 41 
5076 1091 
5090 9 
5098 18 
5099 91 
5110 32 
5120 1276 
5125 118 
5126 52 
5130 116 
5132 107 
5141 26 
5143 128 
5165 20 
5170 28 
5171 4 
5173 201 
5189 41 
5190 33 
5192 70 
5194 48 
5198 35 
5207 37 
5209 61 
5215 56 
5245 50 
5246 291 
5258 48 
5269 98 
5280 546 
5283 159 
5295 97 
5296 14 
5298 6 
5318 64 
5323 68 
5330 13 
5351 97 
5352 82 
5353 40 
5360 13 
5368 61 
5371 70 
5372 231 
5385 90 
5388 35 
5409 57 
5412 16 
5418 34 
5418 14 
5423 10 
5425 49 
5433 168 
5434 90 
5435 99 
5458 48 
5481 124 
5526 90 
5528 214 
5530 179 
5531 157 
5535 82 
5541 26 
5545 31 
5545 801 
5577 213 
5579 10 
5585 91 
5592 96 
5598 130 
5605 97 
5605 8 
5631 40 
5639 279 
5640 475 
5651 6 
5655 30 
5667 12 
5680 72 
5698 19 
5708 98 
5720 636 
5744 28 
5746 58 
5746 833 
5769 58 
5777 67 
5782 11 
5797 20 
5798 12 
5808 59 
5826 15 
5837 173 
5849 303 
5855 110 
5855 35 
5858 113 
5871 47 
5896 176 
5907 88 
5909 39 
5920 63 
5931 262 
5936 64 
5937 117 
5940 23 
5945 46 
5959 151 
5962 71 
5976 70 
5980 59 
6002 1211 
6019 85 
6022 63 
6039 74 
6043 32 
6045 232 
6050 21 
6052 6 
6053 96 
6055 65 
6059 75 
6066 145 
6066 75 
6067 2 
6069 43 
6092 79 
6093 61 
6096 35 
6100 115 
6107 32 
6111 109 
6131 25 
6134 302 
6138 13 
6163 105 
6170 34 
6175 92 
6177 106 
6185 23 
6194 72 
6194 175 
6199 49 
6205 25 
6221 34 
6229 118 
6242 95 
6251 82 
6262 186 
6273 64 
6282 5 
6296 272 
6331 95 
6345 56 
6348 79 
6350 18 
6359 59 
6364 49 
6369 44 
6372 63 
6373 50 
6381 6 
6393 237 
6403 88 
6416 210 
6420 93 
6421 9 
6441 142 
6441 44 
6455 88 
6463 118 
6490 97 
6501 174 
6511 11 
6533 108 
6542 15 
6546 74 
6550 41 
6567 17 
6568 28 
6575 22 
6614 39 
6619 13 
6632 46 
6636 106 
6636 114 
6640 178 
6643 173 
6646 65 
6647 68 
6655 79 
6657 152 
6665 12 
6673 94 
6698 10 
6708 95 
6718 85 
6732 75 
6737 33 
6756 27 
6781 141 
6781 189 
6784 26 
6798 35 
6799 43 
6807 43 
6807 33 
6807 75 
6813 9 
6814 11 
6843 47 
6869 957 
6896 160 
6909 10 
6923 55 
6932 123 
6934 38 
6937 182 
6945 31 
6950 300 
6955 28 
6958 36 
6969 156 
6981 16 
6993 455 
7022 13 
7044 78 
7046 46 
7060 118 
7063 70 
7080 27 
7080 38 
7085 92 
7087 41 
7089 25 
7093 66 
7097 11 
7105 88 
7111 95 
7113 151 
7118 104 
7157 92 
7167 18 
7171 133 
7177 116 
7195 112 
7198 89 
7220 169 
7220 95 
7222 73 
7238 61 
7246 41 
7254 75 
7270 91 
7297 17 
7307 40 
7308 17 
7310 31 
7319 65 
7327 142 
7336 69 
7354 70 
7365 322 
7365 11 
7366 66 
7369 156 
7391 241 
7425 47 
7429 53 
7437 16 
7445 17 
7456 17 
7467 85 
7486 32 
7492 37 
7500 60 
7543 73 
7545 140 
7590 85 
7599 49 
7607 253 
7610 57 
7614 104 
7630 4 
7631 45 
7635 16 
7666 213 
7678 106 
7689 25 
7695 226 
7710 20 
7748 105 
7768 55 
7777 16 
7788 41 
7797 214 
7824 765 
7837 34 
7863 123 
7887 173 
7896 320 
7918 489 
7923 50 
7930 46 
7933 304 
7966 48 
7979 88 
7985 57 
7994 0 
7997 428 
8018 40 
8030 16 
8069 2092 
8071 48 
8075 38 
8088 281 
8100 136 
8112 36 
8115 12 
8117 36 
8132 152 
8147 63 
8161 22 
8167 28 
8182 171 
8183 61 
8187 44 
8188 78 
8188 11 
8199 51 
8202 745 
8204 1 
8207 71 
8223 260 
8242 4 
8243 442 
8252 83 
8256 7 
8281 212 
8302 307 
8306 77 
8325 11 
8343 55 
8352 33 
8367 91 
8384 5 
8388 134 
8409 93 
8415 1350 
8416 132 
8417 16 
8420 62 
8443 19 
8449 6 
8456 8 
8480 33 
8496 9 
8497 16 
8509 12 
8511 134 
8512 32 
8558 325 
8560 105 
8564 69 
8574 25 
8588 41 
8602 69 
8604 79 
8609 32 
8618 47 
8624 42 
8652 4 
8658 104 
8660 77 
8675 186 
8678 3273 
8679 177 
8700 22 
8717 2 
8724 26 
8776 125 
8778 188 
8797 14 
8799 21 
8803 31 
8816 87 
8818 27 
8820 77 
8830 27 
8832 202 
8866 9 
8877 90 
8883 39 
8884 94 
8904 178 
8905 9 
8907 23 
8921 11 
8931 92 
8933 79 
8940 121 
8951 84 
8986 60 
8987 136 
8989 39 
8993 279 
8999 155 
9008 67 
9016 126 
9022 169 
9037 107 
9052 76 
9086 25 
9091 68 
9093 107 
9094 59 
9117 38 
9119 8 
9124 26 
9127 71 
9149 13 
9152 89 
9197 17 
9197 161 
9198 101 
9222 239 
9222 15 
9232 52 
9262 18 
9291 100 
9293 10 
9319 15 
9323 146 
9328 117 
9329 36 
9340 89 
9351 54 
9355 103 
9403 54 
9411 87 
9417 108 
9417 42 
9424 121 
9426 80 
9438 28 
9451 204 
9471 35 
9480 138 
9498 1 
9505 19 
9508 15 
9511 32 
9522 57 
9524 58 
9525 110 
9526 29 
9535 102 
9544 74 
9560 95 
9572 65 
9594 16 
9596 261 
9611 163 
9627 67 
9632 684 
9634 16 
9641 470 
9652 17 
9655 94 
9679 91 
9682 9 
9686 85 
9686 7 
9700 565 
9712 17 
9722 92 
9733 78 
9736 270 
9750 19 
9756 27 
9766 14 
9792 7 
9808 46 
9815 23 
9868 61 
9872 8 
9876 12 
9897 25 
9945 23 
9948 418 
9950 339 
9962 72 
9963 79 
9980 72 
9982 42 
9989 49 
9996 34 
10014 46 
10018 94 
10025 10 
10040 13 
10056 67 
10076 100 
10077 121 
10186 24 
10203 113 
10215 127 
10230 278 
10266 36 
10282 59 
10287 14 
10351 82 
10359 25 
10362 57 
10374 60 
10386 23 
10393 71 
10398 29 
10413 69 
10413 40 
10415 52 
10441 218 
10444 78 
10483 74 
10531 5 
10531 34 
10558 46 
10566 52 
10567 314 
10588 32 
10605 60 
10625 120 
10634 18 
10650 14 
10657 28 
10708 134 
10720 47 
10729 52 
10798 134 
10803 93 
10808 26 
10814 50 
10834 42 
10875 61 
10880 132 
10909 39 
10923 20 
10934 1 
10943 29 
11006 47 
11067 185 
11080 28 
11085 42 
11127 32 
11193 61 
11199 51 
11236 49 
11256 46 
11274 663 
11300 127 
11332 88 
11346 49 
11349 23 
11357 123 
11374 56 
11387 6 
11389 311 
11399 220 
11417 16 
11428 71 
11453 61 
11517 13 
11592 75 
11600 23 
11664 38 
11715 106 
11715 106 
11763 38 
11870 140 
11959 113 
12163 108 
12188 40 
12339 85 
12383 51 
12409 20 
12421 227 
12466 17 
12498 164 
12505 42 
12512 14 
12568 48 
12587 85 
12657 18 
12721 264 
12749 85 
12762 88 
12769 155 
12783 45 
12784 150 
12817 36 
12873 8 
12919 46 
12944 161 
13016 13 
13047 86 
13058 42 
13111 175 
13131 9 
13197 48 
13204 63 
13213 40 
13236 134 
13246 73 
13428 77 
13467 35 
13509 103 
13530 87 
13532 313 
13599 7 
13623 21 
13680 80 
13682 45 
13709 50 
13741 216 
13937 25 
14062 35 
14201 50 
14415 58 
14475 31 
14508 82 
14587 14 
14730 77 
14737 81 
14782 21 
14800 63 
14871 50 
14904 74 
14935 36 
14996 7 
15076 186 
15093 51 
15118 109 
15160 7 
15176 101 
15289 77 
15456 146 
15462 11 
15463 27 
15547 19 
15609 186 
15618 19 
15681 148 
15763 271 
15774 25 
15861 172 
15896 20 
15918 97 
15923 12 
15998 275 
16008 112 
16044 9 
16143 34 
16168 15 
16222 34 
16228 87 
16294 199 
16351 36 
16363 43 
16404 122 
16476 86 
16653 118 
16837 130 
16937 16 
17005 85 
17266 55 
17370 35 
17399 45 
17421 90 
17709 32 
17772 14 
17932 2 
17991 3 
17995 14 
17996 9 
18089 86 
18198 4 
18225 17 
18373 88 
18531 121 
18545 16 
18562 7 
18784 84 
18801 14 
18818 115 
18840 7 
18844 163 
18898 13 
18984 44 
19067 18 
19284 31 
19362 36 
19379 56 
19408 98 
19455 229 
19474 655 
19720 31 
19987 45 
20144 206 
20240 33 
20240 32 
20264 46 
20457 10 
20760 25 
20832 77 
20895 21 
21000 21 
21088 13 
21216 28 
21311 124 
21313 11 
21452 4 
21486 43 
21685 84 
21806 19 
21807 126 
21869 31 
21946 62 
21965 57 
21983 91 
22135 24 
22147 20 
22271 46 
22303 116 
22422 192 
22554 33 
22935 46 
23003 28 
23108 38 
23192 167 
23264 85 
23419 110 
23462 6 
23797 404 
23911 23 
24005 16 
24263 51 
24414 60 
24418 51 
24517 23 
24567 50 
25295 10 
25435 26 
25503 35 
25661 13 
25665 76 
25706 124 
25745 1818 
25759 1303 
25794 69 
25807 339 
25839 2 
25996 3273 
26106 121 
26354 138 
26354 170 
26477 173 
26738 2 
26749 47 
26888 20 
26924 26 
26929 10 
27078 66 
27278 15 
27424 195 
27592 226 
27654 36 
27671 405 
27785 190 
27859 138 
27870 29 
27972 175 
27980 24 
28030 142 
28197 26 
28445 26 
28525 45 
28771 142 
28847 130 
28928 70 
28931 45 
28984 89 
29546 103 
29618 151 
29695 65 
29836 69 
29911 94 
30171 13 
30322 1772 
30343 124 
30362 20 
30519 114 
30830 57 
30834 45 
30939 282 
31358 281 
31404 8 
31705 131 
31741 87 
32340 83 
32506 18 
33097 58 
33513 48 
34010 26 
34095 276 
34181 113 
34192 2984 
34566 94 
34660 38 
34731 158 
34824 41 
35095 28 
35351 339 
35377 97 
35457 36 
35549 1021 
35966 62 
36070 204 
36248 139 
36317 117 
36640 162 
36823 19 
36842 28 
36850 51 
37465 236 
37476 14 
37863 31 
37881 33 
38110 73 
38650 331 
38715 36 
38855 57 
38972 31 
39027 59 
39289 192 
39466 35 
39763 49 
39850 37 
40281 27 
40289 26 
40691 26 
41126 59 
41364 87 
41417 46 
44297 44 
44301 194 
44364 535 
44398 61 
44472 37 
44484 62 
44716 193 
44753 35 
44832 313 
44998 85 
45091 155 
45925 50 
45960 142 
46006 428 
46047 49 
46106 434 
46109 27 
46483 86 
46483 58 
46969 137 
47003 562 
47011 158 
47074 321 
47195 1 
47240 143 
47426 2 
50071 23 
50159 15 
50535 36 
50649 37 
50803 245 
51812 8 
52664 228 
52960 68 
53115 39 
53882 88 
53966 84 
54271 15 
54455 345 
54753 101 
55160 135 
55383 92 
57328 246 
57502 88 
57561 121 
57714 481 
57834 84 
57839 163 
58287 162 
61110 77 
61973 655 
62566 461 
62758 74 
65669 42 
67896 40 
73115 22 
73142 11 
76308 18 
77149 40 
77576 116 
78038 104 
78131 22 
78855 60 
79603 322 
79940 73 
80273 10 
80332 78 
80674 217 
80971 206 
81127 121 
81384 18 
82119 65 
82955 342 
83059 119 
83066 50 
83086 148 
83265 93 
83320 106 
83400 80 
83421 46 
83437 49 
83993 192 
84143 55 
85114 96 
85476 64 
85485 18 
85764 176 
85883 5 
86131 62 
86174 22 
86412 12 
87479 77 
87749 55 
89225 18 
90365 112 
90992 109 
91818 89 
92173 197 
92510 80 
92609 94 
95768 63 
95810 49 
96171 57 
96184 8 
96641 25 
96881 70 
98144 16 
98297 36 
98621 13 
99978 140 
100091 14 
100315 132 
101606 67 
102090 23 
102654 57 
103200 30 
103422 203 
103818 129 
104166 417 
104743 124 
104767 27 
105219 60 
105993 121 
107955 20 
110210 227 
111068 202 
112216 106 
112889 33 
113221 23 
113247 49 
113530 164 
113963 40 
113990 160 
114002 26 
114191 74 
114249 18 
114734 113 
116365 112 
116686 193 
116786 57 
119141 50 
119540 59 
120193 483 
120519 31 
121044 32 
121993 227 
122018 197 
122044 161 
122414 200 
122521 119 
124042 6 
124142 47 
125457 21 
125887 201 
125911 233 
126375 44 
126485 35 
126818 17 
127101 417 
127342 113 
127471 31 
127762 131 
127822 174 
127877 55 
128207 67 
129796 36 
130334 80 
131587 124 
132586 191 
133140 108 
133926 99 
135029 555 
135236 333 
135381 126 
137586 185 
138212 542 
138244 353 
138372 379 
138411 32 
142055 129 
144562 63 
145757 166 
145958 106 
147690 12 
158161 13 
162369 36 
166766 68 
167253 118 
172446 44 
173600 16 
174833 12 
175767 64 
179570 54 
179620 16 
179762 125 
186698 54 
187228 3 
188620 82 
189470 21 
192244 81 
195022 3 
195995 86 
197139 130 
224894 17 
224962 426 
264047 13 
269606 167 
272383 79 
272509 272 
272968 40 
273473 32 
273630 74 
273922 60 
274571 179 
282421 60 
292700 102 
294714 26 
296246 102 
341455 19 
349650 35 
350040 38 
373094 84 
477879 110 
548513 46 
