2753 2.07086805556
0 8366170 
9 865 
11 318 
13 104 
14 4437 
27 87 
29 26 
32 442 
33 2579 
35 127 
37 79 
37 99 
38 17847 
40 90 
41 70 
42 143 
42 59 
43 128 
44 174 
44 50 
46 33846 
47 222 
49 221 
50 190 
50 121 
51 45 
52 619 
54 1668 
56 382 
56 225 
56 213 
57 160 
59 889 
60 60 
61 5144 
61 105 
62 44 
62 30 
62 191 
63 279 
63 150 
64 575 
65 18 
65 72 
65 139 
65 59 
66 111 
66 470 
66 1500 
67 83 
68 148 
69 427 
71 235 
72 225 
72 62 
72 126 
72 9 
74 188 
74 121 
75 349 
76 25 
77 227 
77 434 
77 26 
78 0 
78 292 
79 94 
81 137 
85 202 
85 54 
87 334 
87 699 
88 180 
88 156 
88 4 
88 300 
88 1665 
88 543 
88 146 
89 902 
89 756 
89 235 
90 105 
90 278 
91 453 
91 17 
91 18 
92 180 
92 19 
93 110 
93 282 
95 98 
96 718 
96 136 
97 298 
99 9116 
100 8 
101 54 
101 304 
102 503 
104 438 
105 1868 
106 211 
106 61 
106 33 
107 42 
108 5 
109 263 
109 171 
109 34 
109 167 
110 51 
110 90 
111 46 
111 199 
111 1028 
113 1003 
113 887 
113 57 
114 1207 
114 19 
115 201 
115 66 
116 139 
117 1135 
117 71 
118 497 
119 279 
119 443 
120 129 
120 131 
121 437 
123 185 
123 100 
124 4250 
125 109 
125 372 
125 4450 
125 92 
126 41 
127 113 
127 74 
128 5 
129 39 
131 134 
132 15 
135 90 
135 322 
136 167 
137 375 
137 207 
137 3798 
141 186 
142 627 
142 18 
143 236 
144 693 
144 201 
144 113 
146 69 
148 352 
149 351 
149 81 
149 441 
151 259 
151 767 
152 11 
152 123 
153 82 
154 1114 
154 40 
155 460 
155 190 
155 443 
155 13 
155 6 
156 57 
158 26 
158 13 
158 260 
158 279 
159 178 
160 73 
162 1128 
162 626 
163 319 
164 57 
165 486 
165 247 
165 436 
166 325 
166 1005 
167 154 
167 94 
168 185 
168 151 
168 176 
168 22 
169 3526 
170 588 
170 6 
170 51 
172 103 
172 227 
172 62 
173 363 
173 87 
174 920 
176 229 
177 43 
177 44 
178 151 
179 56 
179 173 
180 317 
181 48 
181 96 
182 141 
182 14 
182 39 
182 904 
183 99 
184 65 
185 241 
186 29 
189 130 
189 19 
189 125 
189 44 
195 13 
196 89 
198 53 
199 106 
201 3 
201 3671 
202 1461 
203 1554 
203 355 
205 73 
205 295 
205 291 
205 23 
206 87 
207 86 
208 441 
208 12 
210 122 
210 8 
211 74 
211 351 
213 134 
214 170 
216 167 
216 521 
217 417 
218 1158 
219 51 
219 60 
219 179 
220 3098 
220 502 
221 96 
222 40 
223 31 
223 12 
223 1071 
224 137 
224 71 
224 114 
225 1568 
226 341 
227 241 
228 135 
228 509 
228 99 
229 113 
230 78 
230 119 
230 100 
230 188 
230 739 
232 3333 
232 297 
233 148 
234 48 
235 107 
237 402 
237 260 
237 62 
237 612 
238 103 
238 107 
239 268 
240 15 
240 280 
241 1017 
243 224 
245 82 
246 8 
247 449 
248 346 
248 27 
249 123 
249 355 
250 74 
251 281 
255 691 
256 123 
256 304 
259 250 
259 440 
259 163 
259 53 
260 301 
260 362 
261 132 
262 94 
263 43 
263 637 
265 122 
265 101 
266 1842 
268 665 
268 51 
268 285 
269 227 
270 103 
271 2046 
271 367 
271 221 
272 99 
273 198 
273 1014 
274 73 
274 329 
275 536 
278 778 
279 65 
279 1112 
280 10 
280 2406 
280 87 
280 33 
281 230 
281 280 
282 118 
282 402 
283 290 
283 175 
285 769 
287 345 
287 84 
287 46 
288 141 
290 2 
291 118 
291 339 
292 83 
295 37 
296 40 
300 554 
300 292 
302 38 
302 147 
302 710 
303 419 
303 37 
305 64 
306 840 
306 40 
307 120 
309 70 
311 68 
312 76 
312 27 
313 348 
315 279 
315 61 
316 281 
318 48 
322 155 
323 30 
323 126 
323 1508 
324 34 
325 107 
325 138 
327 78 
330 21 
331 329 
333 514 
334 112 
334 47 
334 517 
336 178 
345 105 
345 821 
347 15 
348 794 
349 16 
351 78 
351 75 
352 146 
352 74 
353 1309 
353 24 
354 37 
355 897 
355 1523 
355 25 
356 324 
357 433 
357 9 
357 595 
357 225 
358 93 
359 169 
361 314 
365 1203 
365 196 
366 143 
366 596 
369 355 
369 22 
369 4 
369 1007 
371 105 
371 1263 
373 30 
374 130 
375 32 
376 45 
376 770 
376 137 
376 59 
378 158 
379 43 
380 199 
381 741 
381 38 
384 164 
385 82 
385 9 
390 23 
396 160 
396 122 
400 601 
401 13 
403 179 
406 1531 
406 96 
406 121 
409 2874 
412 5 
412 3 
416 25 
417 64 
417 277 
418 79 
418 248 
418 78 
420 256 
420 320 
422 246 
424 412 
425 106 
426 128 
427 656 
428 1312 
428 1323 
428 27 
430 167 
440 270 
440 116 
442 55 
442 1285 
449 28 
449 72 
454 148 
454 357 
455 118 
458 305 
459 922 
460 239 
460 2 
461 700 
462 158 
463 29 
465 418141 
465 2094 
466 1098 
468 32 
471 8 
471 235 
471 219 
471 21 
472 162 
475 192 
477 515 
478 234 
478 58 
479 188 
481 89 
481 323 
484 156 
486 574 
486 59 
488 11 
489 52 
492 33 
496 96 
497 371 
497 101 
498 302 
499 223 
502 94 
503 11 
506 255 
509 107 
509 316 
511 133 
513 1269 
519 749 
519 243 
521 2299 
522 41 
524 105 
526 213 
527 71 
528 34 
528 62 
531 146 
531 56 
536 94 
539 470 
539 160 
543 2094 
545 221 
546 2 
546 133 
548 72 
549 168 
550 44 
551 19 
554 218 
555 234 
556 28 
557 74 
557 276 
558 183 
558 629 
564 327 
565 1015 
566 10071 
566 699 
568 18 
570 118 
577 151 
582 1270 
583 283 
583 376 
590 54 
596 103 
599 210 
608 53 
613 175 
618 1092 
618 430 
618 112 
624 301 
625 593 
627 963 
629 538 
632 361 
634 1036 
641 72 
645 63 
645 1 
646 24 
647 14 
650 104 
656 37 
659 209 
660 242 
662 244 
666 164 
666 355 
667 102 
673 250 
674 113 
676 46 
678 527 
684 27 
686 528 
689 61 
690 4 
692 210 
697 151 
698 303 
700 151 
701 295 
702 398 
705 1625 
706 811 
710 42 
713 151 
714 472 
718 109 
719 191 
720 291 
723 2 
726 62 
731 55 
731 18 
737 80 
740 165 
741 491 
742 46 
745 85 
746 152 
749 210 
750 123 
750 109 
755 32 
756 59 
758 224 
764 1067 
765 138 
765 54 
766 228 
766 53 
774 7 
776 72 
776 98 
779 248 
782 131 
788 198 
788 238 
789 110 
789 178 
790 45 
796 78 
796 336 
804 235 
814 2114 
817 103 
820 83 
821 271 
821 279 
825 702 
825 31 
828 371 
828 1813 
829 628 
838 495 
841 87 
842 72 
847 59 
847 72 
853 223 
854 63 
855 23910 
860 338 
861 90 
862 266 
868 134 
869 494 
872 235 
872 175 
872 22 
873 32 
874 438 
882 34 
886 439 
893 40 
904 38 
906 137 
912 2290 
931 2676 
934 68 
943 448 
947 110 
949 112 
952 16 
963 89 
965 565 
965 13 
967 338 
967 1804 
982 37 
986 523 
991 70 
992 360 
993 868 
993 179 
994 57 
996 19 
996 231 
1001 66 
1001 569 
1004 161 
1004 63 
1004 113 
1007 594 
1007 64 
1011 110 
1011 1 
1012 87 
1023 57 
1034 186 
1044 7 
1049 357 
1051 157 
1053 189 
1062 1872 
1066 76 
1077 89 
1085 56 
1086 134 
1090 352 
1091 294 
1092 27 
1099 92 
1111 66 
1122 69 
1131 60 
1133 1470 
1142 40 
1155 803 
1155 286 
1162 138 
1171 37 
1174 67 
1177 118 
1180 779 
1182 349 
1184 778 
1187 264 
1191 94 
1194 459 
1197 33 
1201 2 
1222 4349 
1225 99 
1229 12 
1240 442 
1261 13 
1261 181 
1269 631 
1270 127 
1271 125 
1272 360 
1273 63 
1282 312 
1283 333 
1288 85 
1293 4 
1296 37 
1312 37 
1324 95 
1328 37 
1332 35 
1337 129 
1341 388 
1343 168 
1344 283 
1365 79 
1366 27 
1373 22 
1383 249 
1384 174 
1388 5 
1391 159 
1393 273 
1398 127 
1403 130 
1403 264 
1423 125 
1424 15 
1426 167 
1427 5275 
1428 267 
1429 89 
1450 130 
1460 147 
1470 43 
1473 81 
1487 206 
1497 2 
1508 157 
1509 68 
1514 122 
1517 153 
1535 616 
1539 22 
1542 23 
1543 188 
1544 639 
1546 246 
1554 91 
1561 417 
1563 175 
1564 1142 
1568 37 
1574 194 
1575 37 
1586 110 
1588 99 
1599 106 
1600 162 
1602 161 
1610 3 
1612 2703 
1615 378 
1619 225 
1621 1419 
1623 18 
1630 178 
1634 7 
1634 65 
1656 42 
1658 2 
1660 71 
1662 134 
1664 598 
1679 123 
1684 50 
1684 503 
1688 81 
1692 3 
1693 77 
1693 229 
1705 41 
1715 1032 
1717 600 
1718 1720 
1722 22 
1724 11 
1734 179 
1767 475 
1771 205 
1773 52 
1797 114 
1803 22 
1803 10 
1808 154 
1810 9144 
1823 57 
1828 30 
1833 3207 
1837 122 
1847 70 
1863 32 
1898 66 
1899 12 
1903 741 
1909 76 
1910 1660 
1921 39 
1923 12 
1934 3497 
1939 10182 
1945 86 
1948 24 
1951 24 
1953 203 
1959 15 
1960 1 
1962 10986 
1966 4623 
1985 816 
1987 72 
1989 31 
2005 37 
2011 313 
2015 4 
2040 1873 
2044 452 
2062 81 
2071 46 
2077 37 
2086 203 
2098 7103 
2111 259 
2113 136 
2119 816 
2129 78 
2140 100 
2162 257 
2183 1 
2186 76 
2202 315 
2205 8 
2213 177 
2219 333 
2222 950 
2226 2587 
2228 3305 
2228 1217 
2234 188 
2265 258 
2270 116 
2277 83 
2290 354 
2295 494 
2298 788 
2301 95 
2304 609 
2309 76 
2333 168 
2348 831 
2364 598 
2369 294 
2371 941 
2386 22 
2396 228 
2403 7483 
2411 1157 
2446 108 
2456 271 
2486 86 
2490 0 
2511 595 
2512 1079 
2519 136 
2520 99 
2524 56 
2532 274 
2544 20 
2546 53 
2558 30163 
2562 133 
2580 49 
2585 463 
2592 27 
2592 30 
2613 67 
2618 125 
2627 27 
2636 191 
2641 51 
2656 19 
2660 220 
2661 550 
2670 172 
2680 111 
2681 98 
2682 202 
2683 1444 
2700 128 
2707 303 
2707 70 
2707 179 
2719 910 
2719 669 
2733 80 
2734 244 
2743 707 
2753 168 
2765 149 
2780 25 
2799 211 
2800 275 
2817 1144 
2824 79 
2830 80 
2831 1664 
2832 150 
2838 205 
2842 209 
2860 26 
2865 25 
2868 1402 
2872 392 
2875 19 
2876 32 
2887 148 
2892 37 
2896 90 
2896 124 
2900 1049 
2905 253 
2911 82 
2911 18 
2913 277 
2943 97 
2948 153 
2963 70 
3009 42 
3014 3 
3041 492 
3043 139 
3044 286 
3044 24 
3054 243 
3074 135 
3076 53 
3098 31 
3099 173 
3099 1104 
3106 191 
3118 78 
3119 136 
3119 87 
3121 173 
3123 317 
3126 76 
3127 28 
3131 322 
3133 14 
3140 477 
3142 2104 
3149 3354 
3156 269 
3160 181 
3163 757 
3171 2601 
3172 582 
3185 127 
3191 84 
3213 23 
3216 259 
3229 57 
3230 56 
3235 89 
3247 865 
3260 69 
3262 6 
3264 89 
3272 4 
3287 4 
3295 26 
3303 73 
3309 1966 
3330 167 
3330 79 
3341 37 
3346 289 
3395 72 
3402 309 
3404 2400 
3421 132 
3424 333 
3459 189 
3464 20 
3479 181 
3484 6829 
3488 736 
3496 684 
3505 40 
3506 14983 
3509 978 
3511 18 
3519 67 
3520 1542 
3535 115 
3549 278 
3552 48 
3554 38 
3562 396 
3565 172 
3569 188 
3570 77 
3586 341 
3593 16 
3628 120 
3629 227 
3641 43 
3662 63 
3663 74 
3674 44 
3677 319 
3682 57 
3697 62 
3701 134 
3726 89 
3809 26 
3851 44 
3864 69 
3873 48 
3885 11 
3903 162 
3909 61 
3926 63 
3948 49 
3956 90 
3960 153 
3971 1315 
3977 10 
3995 635 
3997 40 
4017 42 
4062 309 
4067 4 
4068 36 
4071 831 
4081 2690 
4085 17 
4093 25 
4099 9 
4110 584 
4121 299 
4135 592 
4147 4877 
4171 305 
4179 36 
4184 2232 
4244 613 
4249 88 
4268 46 
4276 169 
4293 89 
4294 1436 
4295 885 
4319 612 
4333 310 
4355 890 
4367 358 
4371 27 
4383 37 
4383 875 
4387 95 
4413 351 
4416 40 
4433 238 
4446 55 
4460 352 
4507 390 
4513 141 
4542 100 
4560 37 
4583 117 
4593 1083 
4635 72 
4643 2701 
4644 109 
4654 145 
4661 15 
4676 58 
4736 18 
4767 15 
4769 48 
4792 9 
4806 105 
4825 151 
4832 1022 
4845 609 
4848 68 
4853 113 
4888 72 
4889 44 
4897 3810 
4903 258 
4909 81 
4918 10 
4919 890 
4920 41 
4940 11366 
4973 106 
4999 5 
5000 4674 
5001 41 
5005 965 
5008 310 
5021 593 
5046 5845 
5055 226 
5056 32 
5057 948 
5057 241 
5062 39 
5095 103 
5100 284 
5102 82 
5105 553 
5109 170 
5122 47 
5133 666 
5137 44 
5144 2102 
5154 637 
5179 29 
5184 0 
5204 957 
5212 1098 
5261 323 
5265 326 
5272 13 
5274 25 
5275 64 
5293 479 
5322 49 
5327 27 
5337 75 
5367 23 
5369 114 
5372 99 
5413 37 
5420 170 
5446 51 
5475 78 
5500 29 
5529 10 
5542 41 
5561 360 
5586 129 
5591 527 
5609 81 
5643 891 
5665 335 
5694 65 
5694 98 
5695 43 
5697 811 
5719 43 
5719 205 
5724 2 
5735 167 
5738 254 
5757 197 
5763 723 
5773 44 
5795 219 
5830 2183 
5838 67 
5842 0 
5879 19 
5910 294 
5949 41 
5950 44 
5966 98 
6024 57 
6031 206 
6033 124 
6039 178 
6042 68 
6050 746 
6167 15 
6213 101 
6234 70 
6298 94 
6298 433 
6303 182 
6306 102 
6310 551 
6359 41 
6386 85 
6419 35 
6451 38 
6484 131 
6524 855 
6558 505 
6576 4333 
6612 44 
6644 141 
6686 3349 
6704 35 
6717 2150 
6757 372 
6759 90 
6776 67 
6784 52 
6787 223 
6796 75 
6801 1156 
6805 277 
6814 74 
6850 114 
6861 23 
6862 143 
6914 22 
6921 165 
6937 2059 
6959 62 
6970 1085 
6986 1574 
6990 71 
6999 17 
7061 1206 
7062 81 
7085 425 
7111 55 
7121 1903 
7147 436 
7166 1113 
7188 20 
7271 23 
7271 2381 
7279 1839 
7283 13 
7297 98 
7309 399 
7323 125 
7324 74 
7404 3 
7420 48 
7453 55 
7480 178 
7516 3582 
7537 94 
7547 635 
7550 714 
7561 1100 
7570 27 
7587 734 
7633 900 
7648 215 
7665 13448 
7679 1247 
7688 170 
7696 534 
7706 137 
7709 766 
7715 832 
7770 30 
7801 108 
7819 2 
7832 6792 
7835 185 
7849 220 
7853 0 
7921 26 
7932 154 
7964 238 
7993 707 
7996 44 
8167 11 
8178 1563 
8180 1507 
8191 104 
8211 77 
8230 35447 
8246 299 
8247 2684 
8262 174 
8264 2007 
8272 148 
8279 465 
8285 659 
8324 1803 
8327 837 
8346 77 
8349 1194 
8352 677 
8400 7483 
8406 28 
8408 131 
8421 1000 
8453 92 
8485 2052 
8500 109 
8512 3043 
8577 1940 
8579 101 
8648 9 
8675 67 
8693 499 
8696 114 
8699 3834 
8721 38 
8757 7 
8773 57 
8791 309 
8809 68 
8822 62 
8841 226 
8865 187 
8910 29 
8920 479 
8958 1471 
8965 259 
8979 143 
9089 44 
9092 85 
9121 207 
9134 43 
9142 144 
9218 333 
9242 524 
9270 312 
9278 833 
9291 157 
9320 468 
9330 80 
9348 533 
9381 172 
9388 13 
9404 225 
9410 1252 
9413 186 
9416 54 
9435 13 
9435 65 
9440 91 
9470 42 
9471 85 
9497 11 
9508 2262 
9510 168 
9518 99 
9549 22 
9553 162 
9553 32 
9557 321 
9565 420 
9575 57 
9583 16 
9665 1655 
9670 886 
9684 87 
9688 2230 
9707 1358 
9711 1033 
9721 5506 
9739 374 
9769 71 
9780 41 
9795 395 
9809 5063 
9809 48 
9828 308 
9850 335 
9865 96 
9870 428 
9877 427 
9898 114 
9958 66 
9982 139 
10040 20 
10040 76 
10045 656 
10071 50 
10095 69 
10106 154 
10146 95 
10164 107 
10168 63 
10180 93 
10184 1048 
10221 43 
10235 315 
10258 4 
10318 1507 
10428 14 
10444 85 
10445 166 
10447 2280 
10458 5 
10488 85 
10518 29 
10526 561 
10545 56 
10567 1237 
10589 203 
10629 67 
10648 9 
10652 2861 
10669 681 
10685 53 
10715 907 
10721 96 
10723 64 
10724 118 
10759 259 
10761 16 
10807 7 
10808 46 
10821 47 
10878 21 
10908 674 
10935 454 
10941 82 
10965 11 
10977 101 
10997 183 
11024 93 
11026 422 
11047 56 
11069 408 
11074 54 
11081 42 
11084 55 
11090 27 
11104 34 
11150 173 
11188 200 
11223 92 
11223 176 
11240 66 
11240 313 
11263 21 
11265 164 
11279 153 
11308 31 
11327 395 
11357 29 
11366 120 
11368 723 
11408 186 
11408 12 
11419 100 
11447 125 
11458 245 
11485 94 
11506 242 
11540 65 
11549 226 
11556 653 
11593 140 
11598 812 
11604 36 
11615 410 
11635 71 
11658 141 
11696 16 
11710 191 
11754 235 
11765 446 
11770 55 
11776 31 
11831 28 
11851 8680 
11862 1 
11879 1310 
11886 149 
11935 137 
11950 131 
11961 21 
11982 3701 
12032 594 
12054 45 
12058 38 
12070 23 
12089 175 
12098 16 
12128 102 
12170 446 
12174 1092 
12198 49 
12219 20 
12233 43 
12239 50 
12266 831 
12313 191 
12316 11 
12340 910 
12372 48 
12399 795 
12402 783 
12436 1310 
12462 2055 
12477 106 
12488 135 
12509 540 
12526 23 
12553 303 
12567 547 
12568 42 
12585 423 
12616 792 
12618 134 
12636 63 
12638 368 
12650 77 
12653 144 
12697 181 
12716 332 
12754 118 
12817 19 
12826 6 
12826 140 
12856 292 
12859 24 
12860 584 
12890 81 
12937 103 
12969 34 
12985 6 
12997 102 
13023 399 
13035 301 
13058 33 
13077 61 
13144 183 
13173 26 
13178 983 
13206 23 
13213 260 
13216 2009 
13251 6 
13253 1709 
13276 28 
13297 152 
13297 9 
13304 35 
13323 43 
13356 85 
13400 53 
13457 5 
13468 207 
13474 74 
13510 4 
13516 5 
13539 9 
13540 22 
13607 25 
13656 591 
13676 133 
13686 26 
13745 663 
13750 511 
13790 79 
13848 412 
13872 602 
13947 21 
13957 52 
13967 79 
13974 128 
13979 308 
13998 1074 
14011 54 
14012 59 
14015 60 
14024 53 
14027 110 
14141 536 
14141 536 
14215 55 
14227 14 
14281 241 
14396 367 
14420 42 
14423 935 
14432 14 
14444 53 
14484 12 
14532 1473 
14536 60 
14539 769 
14540 25 
14603 10 
14605 154 
14623 126 
14678 8 
14689 678 
14696 59 
14769 128 
14830 109 
14841 15 
14855 34 
14870 3 
14902 568 
15006 55 
15054 66 
15064 453 
15074 21 
15114 97 
15126 22 
15138 37 
15145 3 
15157 45 
15162 119 
15174 51 
15204 372 
15247 85 
15332 281 
15349 189 
15392 31 
15446 72 
15479 76 
15585 108 
15666 43 
15748 67 
15802 478 
15808 1663638 
15845 180 
15846 57 
15856 461 
15874 249 
15875 35 
15880 302 
15888 99 
15897 25 
15899 141 
15901 1606 
15911 2 
15914 112 
15916 521 
15931 192 
15934 468 
15948 243 
15955 62 
15957 187 
15970 1163 
15977 72 
15982 413 
16019 47454 
16020 49 
16043 59 
16049 10 
16100 123 
16124 240 
16178 80 
16189 5046 
16229 138 
16250 117 
16287 82 
16287 3707 
16297 117 
16324 175 
16358 77 
16376 32 
16403 630 
16411 73 
16416 121 
16426 9 
16435 166 
16459 885 
16482 433 
16488 8552 
16516 1 
16555 422 
16573 230 
16577 35 
16603 54 
16604 744 
16672 22 
16704 17 
16726 208 
16733 43 
16750 498 
16763 130 
16763 123 
16836 43 
16850 47 
16905 78 
16922 166 
16928 129 
16963 59 
16998 2 
17072 81 
17161 803 
17170 35 
17178 433 
17199 419 
17294 110 
17341 122 
17358 118 
17393 8 
17402 4124 
17532 158 
17534 3044 
17546 12 
17554 56 
17568 82 
17579 86 
17779 871 
17788 29 
17823 25 
17844 38 
17851 8 
17871 75 
18009 862 
18066 11 
18072 138 
18113 60 
18127 21 
18127 36 
18165 22 
18202 47 
18293 4 
18346 75 
18347 124 
18352 22 
18383 669 
18384 33 
18414 849 
18458 159 
18596 305 
18659 105 
18708 62 
18721 1010 
18748 69 
18765 41 
18812 43 
18859 74 
18929 141 
18944 15 
18986 214 
19001 21 
19042 68 
19079 328 
19091 171 
19092 209 
19126 210 
19138 24 
19175 29 
19240 109 
19298 1086 
19332 114 
19375 5 
19379 298 
19410 2411 
19439 80 
19440 90 
19441 54 
19476 106 
19479 160 
19740 118 
19862 463 
19904 16 
19996 121 
20029 607 
20097 15 
20158 374 
20212 1528 
20287 53 
20324 18 
20418 55 
20511 15 
20519 42 
20606 2 
20632 134 
20641 530 
20661 750 
20745 174 
20755 522 
20782 317 
20784 41 
20795 163 
20799 239 
20831 28 
20856 130 
20858 68 
20891 23783 
20904 133 
20941 165 
21069 167 
21096 22 
21179 116 
21243 41 
21251 687 
21307 40 
21427 25 
21431 214 
21435 6133 
21540 77 
21644 10915 
21654 114 
21659 503 
21839 29 
21941 54 
22062 28 
22134 11 
22304 3134 
22332 254 
22384 28 
22434 2726 
22453 95 
22455 2135 
22486 63 
22496 165 
22548 9 
22553 524 
22571 478 
22760 24 
22827 4 
22893 61 
22918 20 
23013 8 
23189 20 
23245 167 
23500 55 
23508 893 
23638 8 
23720 50 
23756 57 
23767 524 
23868 35 
23918 778 
23933 1069 
23948 391 
23950 903 
23982 98 
24003 629 
24065 39 
24320 6845 
24601 233 
24614 267 
24707 492 
24755 75 
24806 122 
24862 89 
25040 20 
25066 1842 
25097 217 
25106 21 
25246 135 
25464 70 
25523 888 
25576 1685 
25626 445 
25800 451 
25941 805 
25959 4 
26027 22 
26214 86 
26221 270 
26228 323 
26320 381 
26347 1120 
26362 1356 
26368 11 
26380 593 
26566 4634 
26757 177 
26850 148 
26880 65 
26887 4585 
26906 146 
27053 263 
27179 87 
27192 39 
27315 23 
27356 5213 
27429 14 
27503 982 
27576 1067 
27650 210 
27737 6 
27742 227 
27770 1053 
27970 56 
27999 16 
28027 17 
28058 24 
28237 260 
28373 280 
28423 97 
28480 87 
28483 68 
28638 366 
29109 407 
29114 64 
29131 87 
29225 512 
29258 1066 
29283 2275 
29430 213 
29672 755 
29676 2 
30011 219 
30121 186 
30538 152 
30552 462 
30586 384 
30587 1044 
30764 46 
30789 161 
30924 493 
31000 1569 
31021 107 
31031 905 
31079 306 
31079 30 
31467 377 
31562 477 
31696 257 
31698 97 
31720 292 
31746 68 
31783 774 
31808 66 
31964 170 
32000 9 
32098 28 
32131 155 
32337 882 
32340 1203 
32386 319 
32403 1127 
32445 383 
32467 628 
32510 1707 
32539 184 
32552 88 
32572 647 
33027 3 
33041 241 
33076 488 
33274 808 
33461 1023 
33495 340 
33762 627 
33772 1031 
33808 2 
34019 32 
34772 556 
35188 1417 
35268 2012 
35273 234 
35282 749 
35337 1003 
35376 1183 
35549 101 
35588 138 
35805 1010 
35872 0 
35971 5 
36631 945 
36696 133 
36835 336 
37366 6304 
37464 1506 
37522 254 
37531 235 
37552 704 
37631 325 
37633 1512 
37695 173 
37747 1117 
38137 22 
38210 279 
38370 60 
38398 632 
38440 507 
38563 26 
38935 33 
39138 4050 
39803 1106 
40202 1569 
40475 1140 
40618 146 
40627 993 
40715 229 
41035 573 
41171 138 
41189 20488 
41297 66 
41318 1278 
41354 5881 
41399 1002 
41436 153 
41644 1482 
41650 721 
41659 453 
41729 1202 
41772 1877 
41839 487 
41852 77 
41977 71 
42002 856 
42022 430 
42054 383 
42079 1086 
42085 4576 
42143 78 
42149 316 
42289 30 
42338 953 
42433 830 
42602 648 
42757 1 
42768 19 
42834 1206 
42887 53 
42949 164 
43339 1119 
43341 31 
43345 479 
43396 163 
43456 657 
43507 1224 
43731 213 
43766 42 
43830 1584 
43879 752 
43883 5685 
43945 77 
43986 1132 
44003 298 
44013 1050 
44045 671 
44102 27 
44208 956 
44391 1271 
44393 111 
44415 197 
44486 378 
44486 378 
44525 45 
44525 45 
44660 1230 
45186 46 
45295 136 
45621 773 
45819 7 
45855 320 
45911 81 
45942 14 
46014 139 
46107 462 
46305 149 
46419 25 
46490 35 
46557 658 
46640 1143 
46642 2364 
46702 819 
46726 1570 
46799 2938 
46844 213 
46984 494 
47036 93 
47117 24 
47149 81 
47203 132 
47222 160 
47294 142 
47339 530 
47381 34 
47537 306 
47676 66 
47781 16 
47797 122 
47836 23 
47907 1285 
47942 1135 
47987 96 
48010 1246 
48047 690 
48063 9 
48095 658 
48123 231 
48168 82 
48244 217 
48345 374 
48353 9 
48390 32 
48495 1214 
48550 81 
48606 3388 
48727 345 
48754 1625 
48882 14 
49174 1324 
49237 16 
49279 225 
49355 111 
49583 55 
49779 34 
49790 27 
49829 238 
49830 375 
49919 75 
50032 1559 
50137 106 
50212 2066 
50321 5564 
50324 46 
50367 1777 
50382 265 
50429 565 
50478 114 
50649 446 
50718 998 
50801 80 
51041 219 
51052 213 
51128 222 
51183 66 
51202 646 
51228 18 
51236 1582 
51363 1586 
51451 191 
51662 11 
51728 93 
51812 62 
51817 151 
51891 395 
51985 50 
52040 87 
52065 621 
52113 11 
52188 285 
52200 156 
52206 71 
52358 31 
52518 248 
52574 9 
52647 10 
52743 93 
52762 148 
52843 1 
53302 19 
53379 378 
53390 24 
53445 49 
53462 1388 
53661 4260 
53708 193 
53792 1867 
53822 152 
53854 1688 
53865 154 
53880 114 
53971 340 
54005 0 
54246 32 
54387 36 
54525 23 
54746 97 
54833 73 
54928 1421 
54963 964 
54983 846 
55258 1154 
55331 53 
55383 56 
55645 5609 
55654 806 
55673 1014 
55803 150 
55811 3834 
55862 210 
55885 68 
55979 363 
56068 16 
56172 188 
56531 268 
56536 637 
56982 122 
57049 206 
57106 106 
57354 32 
57451 223 
57567 214 
57921 144 
58046 29 
58059 78 
58070 439 
58104 44 
58280 138 
58492 6 
58533 1010 
58557 2350 
58669 474 
58736 3339 
58774 1963 
59058 90 
59216 744 
59222 612 
59326 7 
59351 130 
59411 411 
59777 175 
59851 156 
60127 186 
60141 4055 
60185 1764 
60247 999 
60535 581 
60586 9 
61058 20 
61266 102 
61280 30 
61585 163 
61590 527 
61656 158 
61719 753 
61728 273 
61867 9 
62057 75 
62310 139 
62539 1763 
62620 407 
62666 86 
62683 49 
62936 93 
63034 425 
63107 723 
63512 333 
63661 56 
63698 225 
63730 1661 
63827 1062 
64050 1071 
64183 1647 
64205 27 
64237 417 
64873 85 
64934 905 
64983 110 
65352 1089 
65392 1328 
65709 8 
65802 27 
65858 33 
66031 11 
66074 876 
66105 104 
66143 339 
66170 460 
66183 80 
66399 1088 
66505 1887 
66567 2494 
66768 185 
67069 1163 
67651 213 
68111 18 
68142 138 
68238 0 
68421 66 
68539 55 
68951 7 
69016 118 
69404 161 
69555 87 
69705 1842 
69732 634 
69739 1840 
69780 169 
69826 1464 
69838 458 
70207 22 
70210 10 
70289 179 
70509 2763 
70786 628 
70823 1288 
70978 198 
71347 92 
71594 369 
71806 483 
71907 116 
72214 95 
72515 497 
72691 1061 
72714 110 
72729 2952 
73030 216 
73087 397 
73091 378 
73270 84 
73336 137 
73885 241 
74270 10 
74510 98 
74510 98 
75037 1467 
75053 1430 
75163 169 
76361 1270 
76427 112 
76582 18 
76694 177 
76896 515 
77740 1485 
78123 1437 
78159 33 
78175 579 
78792 165 
79108 890 
79210 11 
79522 2507 
79536 3343 
79541 1653 
79569 383 
79936 523 
80148 1103 
80789 455 
80879 1430 
80943 2508 
80956 4680 
81031 1719 
81295 46 
81613 199 
81902 553 
82028 1312 
82329 98 
82563 1818 
82667 103 
82750 680 
82751 9 
82941 114 
82966 348 
83133 166 
83517 220 
84184 514 
84199 3370 
84488 708 
84555 1071 
85218 306 
85490 143 
86421 139 
86702 787 
87252 58 
87670 168 
88121 84 
88789 177 
89804 324 
90239 1671 
91449 269 
91505 1625 
91624 143 
92393 73 
92445 177 
92625 148 
92670 329 
93015 2483 
93127 62 
93259 376 
93505 36 
94077 973 
94403 336 
94581 109 
95172 1397 
96065 309 
96182 1033 
96606 38 
98472 364 
99266 829 
101207 309 
102202 1582 
102211 155 
102407 30 
107193 31 
107508 42 
108528 423 
110470 803 
110590 342 
113238 37 
113257 540 
114650 672 
114662 88 
114745 70 
115096 0 
115477 765 
115652 318 
115664 94 
116368 397 
116391 191 
116404 717 
117629 970 
117756 5 
120588 1897 
121685 0 
122109 6485 
122149 1294 
122335 2087 
122771 714 
123926 19 
124652 678 
125260 6 
126469 75 
126611 165 
128880 3949 
130112 1 
130730 1430 
130889 18 
130960 557 
131154 4503 
131857 3 
132389 366 
132710 303 
133754 293 
133900 195 
134846 3650 
135099 24 
136246 525 
136492 43 
136890 538 
138283 1209 
138879 461 
138966 648 
139949 478 
140474 457 
143006 238 
143138 216 
143792 1354 
143935 344 
143936 927 
144446 7 
145046 78 
145186 8 
145232 1138 
146090 27 
146201 1252 
146544 210 
147242 3935 
147877 1866 
148536 901 
148805 428 
148887 2829 
149213 639 
150408 219 
150467 10 
150555 0 
150555 0 
150781 4373 
151126 219 
151279 2289 
151944 568 
152044 816 
152120 1030 
152558 118 
155250 1609 
155694 3673 
155715 1789 
156479 0 
156590 2011 
156666 62 
156913 13 
156957 1381 
156995 759 
157453 471 
157756 850 
158148 1021 
158197 845 
158819 7 
158917 395 
159122 945 
159286 200 
159596 357 
160987 331 
162081 2106 
162147 559 
162818 20807 
162840 583 
163310 1312 
165015 58 
165523 55 
166574 2054 
166579 477 
167040 23 
167066 37 
167682 809 
167699 393 
168829 1370 
168993 524 
169582 1249 
170312 1980 
170346 1790 
170352 384 
171653 155 
174907 91 
174928 439 
177108 105 
178996 19 
179721 372 
181538 264 
184148 1561 
189221 82 
191128 1375 
192145 1436 
192284 7245 
197347 218 
199433 346 
200582 895 
200887 37 
203479 243 
205745 1570 
206105 894 
206182 74 
206577 4 
211606 64 
211680 988 
211933 3 
212273 451 
212684 165 
212961 534 
215669 5 
216296 175 
216525 6760 
217253 193 
218600 3 
218841 58 
220869 519 
221076 73 
223854 105 
224453 104 
225818 1818 
226086 2506 
226337 26 
226643 1374 
226998 0 
227095 254 
227150 4904 
230154 1318 
230176 228 
230414 429 
230427 341 
232136 635 
232230 95 
235069 168 
239263 94 
239267 39 
239388 61 
242643 326 
246779 704 
247084 52 
248499 974 
248879 996 
249635 50 
251356 1047 
251393 944 
251582 926 
253708 429 
256019 28 
256190 78 
257608 1714 
259470 16067 
259595 284 
260154 242 
260603 1098 
262356 24 
264399 134 
265049 359 
265275 400 
265644 337 
267718 346 
269187 403 
275076 27 
275960 46 
279436 32 
291619 67 
294139 603 
294535 219 
294650 1870 
295259 41 
295928 907 
296185 1955 
296940 249 
297008 1773 
300327 4330 
301714 19 
302923 724 
303792 513 
310761 1247 
312112 1036 
312487 0 
312651 6 
313235 35 
314459 1672 
314530 1884 
314624 461 
315294 121 
316210 1317 
317248 2018 
318792 894 
322784 59 
323797 740 
325353 309 
326330 419 
326692 1310 
327619 728 
335852 2301 
338818 96 
338957 798 
339220 119 
339903 168 
340008 3388 
341883 1 
345035 646 
346165 354 
349193 41 
351049 57 
351065 881 
351594 1037 
351888 20 
352159 284 
357854 27 
359567 76 
362009 163 
363792 1401 
368628 185 
372726 3731 
373264 196 
374185 17 
382435 547 
383081 1015 
384312 873 
385168 718 
385213 1490 
386749 1207 
390221 157 
394480 381 
395976 51 
396674 51 
398683 349 
405848 12151 
411389 451 
411400 415 
411476 827 
416327 67 
418165 1383 
418232 5 
419173 390 
433164 399 
435171 326 
441319 239 
442457 262 
444996 151 
446897 1240 
461675 1015 
462793 190 
466447 221 
469643 554 
481274 596 
490848 677 
491415 319 
501234 528 
503630 218 
505518 1850 
505589 2433 
505654 452 
505828 698 
507043 379 
507439 395 
512549 185 
513489 262 
513916 1586 
514156 278 
515295 437 
518791 316 
524187 19 
527128 2080 
527339 49 
527382 57 
528609 1024 
530330 258 
531000 134 
552579 13 
553857 970 
554091 392 
555412 586 
559798 1099 
559822 655 
559845 530 
561789 608 
569124 270 
569574 70 
570812 61 
570996 19 
573480 329 
576153 21 
579788 249 
583724 33 
586449 788 
587019 130 
597673 353 
604752 12642 
