2486 1.66333333333
0 2668397 
14 158 
17 335 
17 248 
18 131 
21 328 
23 15 
28 112 
33 212 
34 144 
37 34 
38 106 
38 44 
41 91 
42 35 
43 18 
43 379 
44 283 
44 129 
44 65 
46 30 
46 128 
47 167 
47 64 
47 201 
47 20 
50 89 
51 68 
52 1724 
52 155 
52 17 
53 9 
53 159 
54 69 
55 67 
55 43 
55 204 
57 19 
57 49 
58 28 
58 160 
58 403 
59 14 
60 46 
61 71 
62 99 
64 79 
65 38 
66 37 
66 6700 
68 47 
70 58 
70 262 
71 48 
72 64 
72 115 
73 43 
73 43 
73 109 
73 311 
73 161 
74 240 
74 110 
76 321 
76 292 
76 28 
76 53 
77 194 
77 13 
77 87 
77 79 
79 75 
79 18 
79 189 
80 31 
81 57 
82 185 
83 295 
83 125 
83 26 
83 74 
85 57 
85 77 
85 80 
87 263 
87 113 
88 67 
89 408 
90 132 
90 17 
91 70 
92 135 
92 4 
93 15 
94 29 
94 85 
95 96 
95 37 
96 203 
96 71 
97 149 
97 228 
98 199 
98 14 
98 78 
99 76 
100 1234 
101 1386 
103 73 
104 3 
104 996 
104 41 
104 87 
104 218 
104 10 
106 80 
106 535 
106 135 
108 12 
109 137 
110 414 
111 35 
111 248 
112 17 
112 120 
112 187 
113 89 
113 34 
114 92 
114 209 
114 63 
115 9 
116 52 
116 28 
116 2 
117 31 
117 31 
117 89 
118 37 
118 119 
118 50 
118 26 
119 27 
119 171 
120 20 
120 163 
121 278 
121 72 
121 74 
122 26 
123 240 
123 43 
123 166 
123 52 
124 19 
125 66 
125 46 
127 90 
128 21 
131 120 
131 142 
132 48 
132 122 
132 92 
134 176 
134 171 
134 115 
136 76 
136 12 
137 96 
137 293 
138 345 
138 119 
138 14 
139 439 
139 92 
142 153 
142 78 
142 139 
143 8 
143 76 
143 1399 
143 150 
145 206 
146 133 
146 69 
148 20 
148 60 
149 186 
149 20 
150 153 
152 10 
153 313 
153 53 
154 211 
155 45 
156 113 
156 246 
157 51 
158 52 
158 96 
160 10 
160 93 
160 127 
160 63 
161 105 
162 176 
162 166 
163 14 
163 68 
165 115 
166 40 
166 194 
166 25 
166 1097 
167 63 
167 64 
167 12 
167 107 
171 127 
173 82 
173 103 
174 19 
174 136 
174 78 
174 169 
174 58 
175 2 
176 177 
177 5 
178 112 
182 78 
185 123 
186 43 
186 12 
186 2778 
187 167 
188 9 
189 59 
191 81 
191 68 
191 110 
193 160 
193 67 
195 153 
195 127 
195 220 
199 56 
200 76 
202 38 
202 139 
203 138 
203 63 
203 41 
204 103 
205 64 
207 80 
208 13 
210 193 
210 135 
213 85 
214 262 
214 374 
215 21 
216 290 
217 330 
218 35 
219 57 
219 44 
220 1178 
221 142 
222 330 
224 7 
224 130 
225 45 
225 166 
226 367 
226 126 
227 120 
227 40 
232 193 
233 94 
234 140 
236 94 
236 3 
236 191 
237 106 
239 80 
240 37 
242 8 
244 110 
246 79 
246 97 
247 106 
248 102 
248 10 
250 32 
250 45 
251 93 
251 78 
253 74 
255 588 
256 24 
256 80 
259 51 
259 34 
260 205 
261 12 
266 90 
267 65 
268 49 
270 113 
270 258 
271 89 
273 73 
274 184 
274 41 
275 14 
280 93 
280 61 
281 21 
282 34 
282 19 
284 80 
285 65 
285 51 
286 75 
287 141 
287 150 
288 108 
289 14 
290 6862 
291 32 
291 570 
293 176 
293 256 
293 88 
294 85 
294 55 
295 36 
295 122 
296 96 
297 563 
300 86 
300 89 
300 103 
300 29 
301 30 
302 53 
302 74 
303 9 
303 402 
303 36 
305 94 
305 26 
305 189 
306 87 
307 54 
308 88 
312 137 
313 22 
313 801 
314 167 
315 104 
315 55 
315 38 
319 10 
320 111 
322 147 
323 116 
326 83 
327 11 
330 145 
333 131 
338 264 
340 42 
340 52 
340 290 
346 92 
346 15 
347 40 
350 77 
350 47 
350 125 
351 552 
351 21 
357 76 
358 184 
358 85 
358 25 
360 216 
361 340 
362 139 
362 375 
363 153 
363 194 
366 15 
367 67 
369 67 
370 20 
370 28 
371 49 
371 1 
372 1420 
373 30 
373 21 
374 38 
380 221 
381 40 
383 216 
387 12 
387 508 
388 95 
388 108 
390 71 
391 199 
391 44 
391 240 
396 50 
397 70 
397 194 
400 150 
400 8 
401 113 
406 287 
408 34 
411 79 
412 22 
414 94 
416 117 
417 8 
418 135 
418 190 
420 123 
421 19 
426 104 
428 53 
432 209 
432 103 
432 147 
434 47 
436 11 
436 63 
442 79 
443 56 
444 16 
444 50 
447 35 
448 119 
450 11 
450 30 
452 22 
452 137 
454 78 
454 103 
458 215 
462 57 
465 231 
466 103 
467 97 
468 68 
468 1031 
470 199 
473 188 
473 188 
473 35 
473 11 
478 446 
479 29 
479 79 
481 69 
483 140 
484 207 
484 238 
485 31 
486 83 
487 27 
488 104 
490 119 
492 197 
493 118 
494 47 
494 151 
494 81 
496 52 
498 93 
498 47 
498 151 
500 41 
501 217 
501 57 
503 30 
505 578 
505 73 
505 1877 
507 135 
507 44 
508 20 
510 85 
520 36 
521 115 
521 178 
526 26 
528 252 
528 260 
531 39 
532 31 
534 81 
536 98 
537 32 
543 76 
546 32 
546 16 
546 91 
549 100 
550 14 
554 215 
554 75 
555 56 
558 17 
565 48 
567 60 
575 67 
575 7 
575 36 
576 20 
577 7 
579 124 
581 54 
582 13 
585 21 
585 96 
588 25 
592 24 
594 202 
595 72 
597 91 
598 42 
598 31 
600 218 
603 40 
604 75 
607 27 
608 159 
609 36 
611 6 
611 170 
611 36 
612 10 
615 243 
616 70 
617 107 
619 38 
623 80 
628 292755 
631 55 
633 28 
633 194 
634 41 
635 193 
637 32 
648 39 
649 674 
651 0 
652 22 
653 85 
653 75 
654 19 
654 537 
655 23 
658 33 
658 366 
659 63 
663 59 
666 3020 
669 45 
670 74 
671 15 
672 189 
680 4954 
680 230 
681 16 
683 150 
686 72 
687 132 
689 254 
690 61 
691 273 
693 20 
693 94 
697 805 
697 11 
700 117 
702 25 
704 58 
707 142 
708 195 
714 23 
716 24 
719 39 
720 249 
721 66 
722 414 
724 20 
726 44 
726 61 
727 56 
731 107 
733 81 
733 54 
734 0 
734 12 
735 75 
735 427 
743 207 
744 200 
751 44 
752 14 
756 444 
757 118 
758 73 
758 19 
762 155 
768 94 
768 27 
769 246 
777 84 
778 27 
781 20 
784 89 
785 86 
785 79 
785 34 
786 143 
786 151 
787 58 
789 22 
790 147 
791 158 
792 29 
800 28 
801 41 
802 152 
804 13 
805 14 
806 16 
807 161 
808 420 
808 95 
808 31 
818 96 
819 243 
820 309 
824 170 
825 196 
829 26 
830 81 
833 199 
836 5 
838 38 
842 159 
846 123 
847 1666 
847 53 
849 61 
851 84 
852 57 
861 45 
865 28 
867 36 
867 20 
875 404 
876 143 
877 47 
878 43 
883 132 
884 247 
886 81 
894 62 
896 76 
897 193 
898 187 
898 1069 
899 775 
909 90 
913 300 
913 1825 
916 35 
917 137 
920 33 
931 163 
936 10 
940 110 
944 46 
945 46 
950 80 
953 16 
964 116 
974 244 
974 759 
981 303 
985 19 
985 36 
986 87 
988 192 
988 672 
990 59 
992 245 
999 21 
1006 106 
1007 438 
1008 23 
1013 82 
1017 28 
1023 90 
1026 19 
1027 11 
1028 33 
1031 33 
1034 54 
1035 164 
1037 95 
1038 61 
1038 190 
1041 48 
1042 126 
1044 22 
1044 39 
1047 80 
1048 64 
1050 448 
1050 113 
1051 59 
1053 193 
1057 19 
1058 280 
1061 92 
1062 83 
1066 402 
1072 60 
1078 29 
1080 138 
1083 57 
1091 44 
1091 26 
1105 157 
1106 57 
1106 329 
1111 23 
1114 29 
1116 44 
1121 137 
1124 39 
1126 41 
1128 27 
1131 539 
1132 29 
1133 303 
1135 56 
1139 831 
1144 94 
1145 128 
1146 18 
1147 190 
1151 270 
1160 94 
1162 6 
1170 142 
1187 231 
1193 125 
1200 8 
1203 1480 
1207 153 
1211 49 
1219 154 
1220 142 
1226 732 
1237 29 
1242 110 
1246 57 
1250 40 
1257 99 
1264 99 
1268 44 
1276 59 
1276 25 
1279 158 
1279 690 
1280 11 
1280 234 
1282 849 
1296 37 
1300 14 
1310 39 
1314 226 
1315 214 
1321 24 
1322 149 
1330 144 
1332 66 
1334 860 
1335 39 
1337 49 
1360 45 
1372 52 
1376 62 
1385 126 
1389 29 
1395 25 
1395 17 
1395 37 
1397 19 
1406 270 
1409 193 
1409 133 
1410 52 
1412 51 
1413 98 
1416 134 
1417 32 
1418 41 
1420 252 
1420 12 
1430 11 
1433 53 
1441 46 
1442 40 
1442 128 
1446 2724 
1447 214 
1448 50 
1449 18 
1449 13 
1451 41 
1458 37 
1476 6 
1479 19 
1481 32 
1488 56 
1488 69 
1491 79 
1492 81 
1497 20 
1500 290 
1502 102 
1508 20 
1524 73 
1527 9 
1530 29 
1535 16 
1536 8 
1537 66 
1539 3 
1550 202 
1552 23 
1552 35 
1555 79 
1559 23 
1564 45 
1574 16 
1578 115 
1580 44 
1588 34 
1589 6 
1597 7 
1603 14 
1604 27 
1605 13 
1609 32 
1616 68 
1618 47 
1620 88 
1639 7 
1643 22 
1647 55 
1649 61 
1655 62 
1660 69 
1661 55 
1664 393 
1664 155 
1675 29 
1680 22 
1682 268 
1687 105 
1688 37 
1694 109 
1702 24 
1708 12 
1716 165 
1717 485 
1719 64 
1719 263 
1721 60 
1724 42 
1734 47 
1736 280 
1744 170 
1745 589 
1747 88 
1751 27 
1758 65 
1759 41 
1763 71 
1769 48 
1769 72 
1780 88 
1784 40 
1794 113 
1794 28 
1797 50 
1798 13 
1805 74 
1806 31 
1808 56 
1810 40 
1817 51 
1821 78 
1824 178 
1826 131 
1826 35 
1830 20 
1836 113 
1840 80 
1844 48 
1852 56 
1854 115 
1863 157 
1864 235 
1864 0 
1869 36 
1876 107 
1879 15 
1880 27 
1886 74 
1893 32 
1893 14 
1896 36 
1900 231 
1904 44 
1906 28 
1907 126 
1908 270 
1912 16 
1913 220 
1918 41 
1919 26 
1923 50 
1923 24 
1925 100 
1927 24 
1939 5 
1941 15 
1943 135 
1943 93 
1951 27 
1955 33 
1963 59 
1966 79 
1975 1156 
1979 45 
1980 169 
1981 54 
1983 15 
1983 1 
1984 47 
1984 48 
1987 94 
1990 208 
1993 121 
2001 20 
2006 9 
2009 28 
2011 83 
2018 48 
2020 7 
2041 147 
2066 25 
2076 3 
2088 170 
2090 310 
2093 127 
2093 83 
2112 834 
2112 14 
2115 16 
2116 63 
2118 80 
2121 19 
2124 31 
2130 42 
2144 8 
2144 422 
2148 40 
2151 11 
2152 95 
2153 12 
2156 357 
2163 15 
2163 470 
2169 20 
2173 28 
2186 22 
2188 55 
2188 25 
2198 63 
2211 249 
2212 17 
2215 92 
2215 39 
2220 55 
2224 110 
2227 300 
2227 41 
2230 44 
2231 340 
2234 73 
2237 74 
2246 154 
2277 49 
2283 167 
2284 137 
2285 42 
2294 99 
2302 53 
2302 94 
2306 110 
2309 32 
2314 49 
2318 875 
2326 97 
2331 49 
2340 3863 
2340 93 
2342 13 
2355 64 
2356 13 
2357 28 
2370 80 
2388 106 
2390 145 
2394 12 
2401 13 
2405 78 
2409 10 
2436 71 
2439 20 
2445 71 
2451 154 
2452 49 
2452 15 
2456 9 
2461 16 
2475 27 
2487 20 
2493 8 
2494 90 
2497 128 
2501 8 
2512 68 
2516 27 
2518 3 
2522 352 
2528 483 
2529 19 
2541 15 
2541 43 
2542 13 
2573 104 
2578 45 
2585 21 
2588 83 
2592 66 
2593 22 
2599 189 
2600 7 
2602 25 
2606 34 
2621 5 
2626 116 
2630 160 
2632 18 
2633 39 
2636 767 
2638 83 
2642 20 
2661 77 
2662 17 
2667 25 
2675 55 
2689 26 
2689 43 
2693 173 
2693 87 
2697 4 
2701 67 
2701 10 
2713 52 
2734 202 
2736 105 
2737 18 
2737 14 
2744 128 
2763 46 
2763 29 
2789 356 
2796 8 
2805 15 
2808 29 
2810 30 
2810 19 
2814 48 
2815 31 
2818 17 
2818 27 
2820 4 
2827 183 
2834 174 
2838 404 
2841 35 
2841 82 
2864 35 
2867 3 
2871 113 
2879 149 
2881 53 
2884 199 
2884 13 
2887 2882 
2897 71 
2904 114 
2910 30 
2915 41 
2919 33 
2924 2 
2930 1050 
2931 2394 
2935 296 
2939 32 
2953 26 
2955 86 
2973 23 
2976 17 
2981 76 
2981 171 
2983 33 
2995 12 
2996 8 
2998 267 
3005 140 
3007 98 
3014 43 
3030 118 
3034 40 
3045 52 
3048 54 
3061 55 
3066 3356 
3066 3672 
3068 182 
3069 17 
3079 32 
3102 120 
3107 1004 
3122 30 
3133 118 
3141 137 
3142 80 
3147 106 
3148 72 
3149 1059 
3153 8 
3159 86 
3167 41 
3171 21 
3178 23 
3188 44 
3198 9 
3200 90 
3207 74 
3225 63 
3237 27 
3255 70 
3258 109 
3258 0 
3260 90 
3275 244 
3277 100 
3282 73 
3286 57 
3297 251 
3299 13 
3302 42 
3304 34 
3310 212 
3314 35 
3323 15 
3324 97 
3357 23 
3362 71 
3374 53 
3378 9 
3382 16 
3384 22 
3387 40 
3389 1400 
3394 20 
3403 77 
3408 222 
3412 42 
3436 108 
3441 60 
3444 85 
3446 40 
3451 124 
3476 97 
3483 38 
3497 17 
3497 54 
3499 611 
3502 667 
3503 81 
3504 70 
3516 48 
3516 99 
3519 6 
3524 33 
3526 122 
3534 327 
3550 6 
3565 42 
3579 56 
3581 119 
3582 58 
3584 104 
3587 64 
3594 115 
3596 2 
3615 20 
3616 93 
3628 69 
3633 324 
3644 31 
3645 134 
3664 35 
3673 11 
3681 36 
3687 149 
3689 410 
3693 48 
3693 180 
3693 78 
3713 23 
3728 36 
3729 33 
3738 27 
3739 22 
3748 68 
3750 17 
3754 116 
3767 61 
3767 249 
3777 10 
3781 14 
3784 7 
3796 211 
3817 40 
3833 16 
3850 9 
3855 12 
3861 35 
3872 75 
3885 594 
3885 132 
3899 15 
3910 81 
3912 1430 
3916 122 
3917 135 
3918 51 
3923 45 
3934 7 
3935 292 
3943 50 
3944 54 
3945 24 
3958 93 
3961 182 
3961 8 
3963 21 
3963 23 
3970 9636 
3978 64 
3987 58 
4000 52 
4001 47 
4007 25 
4010 39 
4014 38 
4021 31 
4034 39 
4038 8 
4057 57 
4061 121 
4063 140 
4069 21 
4080 34 
4100 191 
4104 362 
4107 42 
4118 18 
4121 96 
4131 33 
4132 31 
4135 39 
4143 63 
4149 318 
4151 13 
4158 60 
4180 19 
4180 85 
4215 5 
4216 75 
4246 11 
4249 55 
4258 376 
4266 44 
4270 27 
4270 54 
4281 63 
4282 79 
4285 17 
4289 17 
4291 143 
4294 185 
4299 63 
4303 42 
4305 23 
4310 76 
4320 4 
4322 1 
4332 1 
4332 266 
4337 7 
4347 20 
4349 84 
4354 8 
4354 49 
4372 112 
4376 83 
4385 47 
4388 258 
4399 28 
4403 18 
4410 32 
4414 42 
4421 33 
4425 164 
4427 30 
4456 15 
4462 1537 
4479 39 
4488 108 
4494 93 
4507 131 
4508 161 
4520 25 
4529 94 
4531 9 
4534 18 
4547 108 
4551 102 
4571 80 
4571 80 
4579 75 
4579 75 
4580 48 
4580 48 
4587 6 
4587 6 
4591 54 
4591 54 
4606 26 
4606 26 
4608 25 
4608 25 
4625 81 
4625 81 
4635 3 
4660 96 
4667 471 
4669 16 
4674 106 
4679 81 
4683 8 
4701 5 
4726 17 
4727 28 
4730 17 
4732 18 
4739 13 
4759 247 
4773 9 
4775 1 
4777 62 
4783 143 
4788 35 
4792 64 
4800 36 
4815 13 
4826 150 
4844 14 
4845 13 
4855 38 
4867 28 
4898 64 
4900 24 
4911 18 
4916 224 
4935 364 
4949 21 
4955 88 
4965 54 
4977 17 
4978 67 
5023 648 
5027 6 
5030 60 
5036 94 
5036 70 
5043 44 
5043 79 
5044 54 
5051 271 
5053 25 
5057 15 
5057 61 
5059 25 
5073 18 
5075 3369 
5077 75 
5088 386 
5098 57 
5103 17 
5112 27 
5114 8 
5125 36 
5125 10 
5138 34 
5149 6 
5150 7 
5161 92 
5186 32 
5198 36 
5224 473 
5239 54 
5244 11 
5245 19 
5247 20 
5248 28 
5249 262 
5250 12 
5279 48 
5299 2504 
5306 53 
5310 35 
5320 3 
5321 97 
5329 133 
5365 66 
5366 55 
5370 5 
5406 15724 
5421 69 
5448 36 
5455 70 
5491 144 
5506 134 
5514 22 
5521 26 
5540 38 
5554 165 
5571 496 
5583 46 
5605 36 
5608 21 
5609 26 
5625 33 
5625 63 
5628 27 
5668 62 
5678 24 
5683 274 
5708 164 
5713 17 
5722 19 
5728 13743 
5729 13 
5736 11 
5743 5 
5751 26 
5756 27 
5763 49 
5765 96 
5769 17 
5777 83 
5792 45 
5811 336 
5815 29 
5817 10 
5852 56 
5858 347 
5862 26 
5864 54 
5904 84 
5920 12 
5921 119 
5924 70 
5927 136 
5933 36 
5951 87 
5968 163 
5975 15 
6039 5 
6061 141 
6075 14 
6077 58 
6078 20 
6117 18 
6121 24 
6137 5 
6150 3 
6157 72 
6194 59 
6197 1088 
6202 29 
6203 438 
6285 70 
6318 12 
6320 122 
6331 34 
6336 15 
6344 44 
6348 95 
6350 49 
6354 78 
6358 722 
6363 777 
6409 38 
6422 42 
6431 6 
6452 23 
6467 92 
6487 26 
6498 19 
6506 17 
6511 15 
6512 38 
6521 20 
6539 149 
6560 68 
6566 82 
6603 29 
6604 115 
6604 88 
6608 151 
6623 170 
6627 10 
6655 5 
6664 9 
6674 35 
6677 54 
6687 12 
6701 17 
6713 15 
6715 10 
6743 5 
6746 2284 
6751 350 
6756 46 
6773 37 
6774 5 
6800 43 
6804 37 
6815 40 
6827 84 
6833 36 
6852 7 
6853 5703 
6875 88 
6925 27 
6971 700 
7013 5 
7018 329 
7058 108 
7058 2 
7076 62 
7094 46 
7116 47 
7122 105 
7127 27 
7133 63 
7144 764 
7149 8 
7149 173 
7161 295 
7163 187 
7169 30 
7177 53 
7187 22 
7210 72 
7218 25 
7220 26 
7230 35 
7233 50 
7255 12741 
7272 7 
7287 41 
7296 61 
7321 217 
7347 28 
7357 54 
7359 189 
7364 11 
7366 14 
7377 163 
7380 23 
7384 23 
7387 107 
7402 34 
7416 153 
7440 431 
7474 84 
7491 11 
7515 55 
7543 32 
7574 110 
7588 6 
7588 144 
7593 24 
7612 80 
7619 522 
7622 698 
7682 46 
7697 11 
7712 28 
7809 3 
7833 13 
7837 129 
7878 67 
7878 489 
7881 35 
7888 20 
7951 8 
7976 132 
7977 16 
8011 151 
8036 37 
8038 340 
8042 17 
8043 26 
8055 52 
8110 32 
8131 34 
8140 25 
8183 628 
8190 24 
8219 149 
8235 123 
8253 42 
8258 55 
8261 3176 
8264 11 
8286 4 
8289 25 
8305 75 
8322 137 
8337 7 
8370 124 
8371 64 
8372 11 
8375 88 
8375 65 
8396 1000 
8409 68 
8411 54 
8453 68 
8492 661 
8512 6020 
8533 12 
8546 14 
8549 272 
8552 9 
8553 15 
8577 501 
8595 891 
8604 57 
8613 260 
8613 1010 
8621 29 
8631 45 
8647 1798 
8690 110 
8703 9 
8747 37 
8753 59 
8792 16 
8837 66 
8879 60 
8941 82 
8975 28 
8989 4 
8997 31 
9025 130 
9033 442 
9036 17 
9063 71 
9082 56 
9093 178 
9096 191 
9099 19 
9100 69 
9120 21 
9145 1408 
9158 17 
9160 6 
9175 314 
9180 210 
9194 32 
9213 0 
9230 99 
9240 156 
9247 91 
9253 42 
9287 503 
9319 1774 
9325 64 
9326 34 
9354 36 
9365 46 
9387 6255 
9399 111 
9401 404 
9405 32 
9438 83 
9447 19 
9471 88 
9473 265 
9475 410 
9500 10 
9502 64 
9515 11 
9519 21 
9524 26 
9566 30 
9614 19 
9631 133 
9648 343 
9650 122 
9663 16 
9695 39 
9697 24 
9758 610 
9787 14 
9787 65 
9795 32 
9825 14 
9873 64 
9885 38 
9889 52 
9901 42 
9977 867 
10014 39 
10034 3 
10036 8 
10109 2 
10139 76 
10143 72 
10181 139 
10181 197 
10194 48 
10194 62 
10229 2 
10235 7 
10241 42 
10262 13 
10281 70 
10330 159 
10341 36 
10346 6 
10375 74 
10387 30 
10395 29 
10451 116 
10453 376 
10464 322 
10496 23 
10541 34 
10556 543 
10610 205 
10642 124 
10649 50 
10649 23 
10671 27 
10687 45 
10701 27 
10719 3 
10723 50 
10744 6 
10747 72 
10748 93 
10778 6 
10794 44 
10873 24 
10879 85 
10897 156 
10967 7 
10987 25 
11011 41 
11034 29 
11045 25 
11066 36 
11078 80 
11085 36 
11112 60 
11186 38 
11194 63 
11211 33 
11216 98 
11219 137 
11219 37 
11282 143 
11303 105 
11314 31 
11315 98 
11354 76 
11369 7 
11373 17 
11404 12 
11423 7 
11448 58 
11462 9 
11519 275 
11534 140 
11538 49 
11542 31 
11666 26 
11668 7 
11668 32 
11671 51 
11728 55 
11789 173 
11794 0 
11815 225 
11854 33 
11960 353 
11998 16 
12039 2247 
12045 31510 
12089 89 
12171 99 
12200 5654 
12207 4 
12264 85 
12280 30 
12287 8 
12333 95 
12340 49 
12392 38 
12392 122 
12406 77 
12406 14 
12428 11 
12479 2 
12533 21 
12537 35 
12571 31 
12683 9 
12688 149 
12755 146 
12771 50 
12781 92 
12786 11 
12948 7 
13035 111 
13052 15 
13095 55 
13204 27 
13225 22 
13355 22 
13377 211 
13460 23 
13512 4 
13561 76 
13591 340 
13635 60 
13675 18 
13734 9 
13782 21 
13789 3 
13829 917 
13839 149 
13842 39 
13902 16 
13921 50 
13928 331 
13935 53 
13965 93 
13988 171 
14050 34 
14088 68 
14199 57 
14202 42 
14222 54 
14269 27 
14271 9 
14323 28 
14522 28 
14530 20 
14657 15 
14741 13 
14759 10 
14886 239 
14926 22 
15014 17 
15065 47 
15173 20 
15377 86 
15392 39 
15496 17 
15606 38 
15670 17 
15757 7 
15830 53 
15840 6344 
15872 24 
16017 67 
16154 5 
16228 25 
16364 2765 
16562 5 
16579 3 
16693 61 
16731 32 
16762 8 
16812 236 
16957 18 
17059 29 
17088 6 
17157 39 
17382 118 
17392 28 
17441 39 
17584 21 
17618 4 
17625 5 
17633 1176 
17689 3 
17746 88 
17820 90 
17833 92 
17842 37 
18071 32 
18121 44 
18347 46 
18623 28 
18641 23 
18647 10 
18650 56 
18725 31 
18788 13 
18795 46 
18812 18 
18984 17 
19059 94 
19078 51 
19136 10 
19187 1767 
19193 16149 
19229 25 
19250 39 
19254 12 
19281 31 
19303 69 
19340 38 
19421 5 
19458 24 
19497 21 
19718 35 
19733 9 
19853 40 
20043 8 
20072 83 
20206 11 
20282 30 
20380 40 
20403 15 
20494 21 
20530 31 
20667 11 
20669 41 
20750 158 
20832 17 
20834 10 
20852 69 
20891 16 
21105 5 
21128 49 
21132 23 
21170 10 
21327 29 
21394 5 
21468 91 
21537 16 
21626 12 
21781 8 
21803 58 
21925 65 
21993 19 
22019 17 
22114 42 
22251 38 
22501 24 
22763 50 
22776 1655 
22803 194 
22892 48 
22991 3 
23045 21 
23177 28 
23338 20 
23390 64 
23551 22 
23587 98 
23605 7 
23622 9 
23625 78 
23758 53 
23772 41 
23786 4 
23931 37 
24089 12650 
24225 18 
24284 41 
24527 2077 
24574 15 
24687 47 
24949 14 
25034 1132 
25146 117 
25221 17 
25228 22 
25300 6 
25320 36 
25367 18385 
25427 23 
25470 12 
25487 54 
25535 3 
25638 318 
25673 5 
25673 554 
25676 74 
25759 37 
25797 17 
25860 55 
25923 14 
25940 56 
26006 278 
26350 7 
26443 525 
26507 5 
26628 134 
26943 20 
26954 25 
27034 5 
27051 441 
27124 43 
27840 21 
28050 1 
28097 30 
28124 77 
28261 19 
28334 26 
28393 99 
28431 53 
28690 251 
28706 22 
28758 12 
28940 155 
28941 53 
29044 55 
29168 148 
29190 7 
29267 9 
29861 2 
29927 55 
30200 26 
30301 43 
30555 11 
30821 38 
30891 58 
31083 10 
31282 34 
31282 20 
31368 15 
31517 27 
31531 6 
32358 10 
32790 5 
32877 259 
33236 78 
33464 48 
33488 50 
34541 68 
34627 4 
34627 4 
34669 1310 
35269 24 
35369 56 
35602 212 
35818 33 
35945 44 
36491 3 
36491 99 
36601 1412 
36814 148 
37028 9 
37507 56 
37573 179 
37576 43 
37909 28 
37912 97 
37992 81 
38172 10 
38227 20 
38360 49 
38538 23 
38554 13 
38612 27 
38922 24 
39367 14 
39446 21 
39632 95 
40638 5 
40735 13 
40790 67 
41031 52 
41072 13 
41332 108 
41335 57 
41638 19 
42130 9 
42521 445 
42590 33 
43097 185 
43258 39 
44053 13 
44280 30 
44473 25 
44909 21 
45181 49 
45195 132 
45576 45 
46758 135 
46981 72 
47161 23 
47543 58 
47899 1 
48025 68 
48439 43 
48563 8 
48643 98 
48660 51 
49063 86 
49327 60 
49327 60 
50204 120 
50503 25 
50531 6 
50584 36 
51176 18 
51283 10 
51352 30 
51362 20 
51527 44 
51896 92 
52731 10 
53547 33832 
54854 49 
54989 7 
55131 528 
55628 37 
56820 320 
56886 79 
56906 10 
57119 72 
57793 139 
57814 22 
58677 3003 
59119 21 
59931 137 
60190 41 
60342 95 
60468 125 
60996 106 
61122 34 
61223 73 
63885 948 
64026 314 
65187 159 
66143 21 
67230 18 
67438 25 
67678 20 
68526 43 
69576 2 
69610 90 
69784 208 
71605 28 
73294 66884 
73674 0 
73701 247 
74101 881 
74144 8472 
74524 63 
74540 2 
74634 14 
74699 595 
75170 15 
75419 209 
75990 96 
76474 25 
78517 62 
78914 47 
79338 33 
79349 21 
79550 18 
79918 3 
80106 1182 
80220 0 
80380 22 
80397 342 
80472 156 
80551 84 
82088 0 
82111 62 
83101 63 
84337 62 
86227 36 
86635 116 
86672 246 
86703 143 
86793 10 
86805 41 
86859 54 
86954 28 
87322 32 
87605 66 
87619 115 
88394 137 
88423 41 
89761 67 
90227 32 
90571 11 
91727 50 
91870 39 
91879 181 
92839 51 
93704 30 
96468 22 
97765 46 
98280 115 
99235 8 
99818 28 
100994 7 
101277 100 
102032 295 
102148 1 
102450 77 
103444 11649 
103473 70 
103488 5 
107354 247 
109161 60 
112033 1 
114423 11 
114676 27 
116170 36 
117507 18 
118495 27 
122930 1 
124058 198 
125563 9 
125896 6 
126552 9 
129093 32 
137814 69 
138602 16 
138817 23 
139399 6 
141807 16 
144097 17 
145765 83 
147617 76 
149459 159 
154820 6 
161904 6 
162249 154 
163143 34 
164619 87 
165486 72 
165919 1 
167428 2753 
168708 7 
170301 5 
171578 3 
171715 1038 
172433 46 
172740 71 
173012 34 
173192 41 
175464 6 
175470 31 
179161 85 
180717 32 
181850 278 
183039 362 
183174 65 
183388 46 
191065 30 
192003 24 
192080 11 
192226 0 
193280 15 
194362 16 
197814 12 
199714 30 
201047 39 
201509 133 
204799 29 
209994 23 
212695 158 
213220 297 
213879 60 
214139 38 
215468 5 
218839 0 
221750 98 
230561 232 
230561 232 
235742 3 
235780 208 
236842 314 
237090 4 
241061 31 
241599 116 
243179 82 
253294 23 
253871 9 
253968 3 
255690 408 
255713 377 
257158 545 
257410 168 
257995 34 
258262 60 
258728 151 
259803 41 
263147 19 
263353 6 
263879 10 
264895 417 
266090 38 
266104 13 
267339 28 
269087 24 
270709 33 
270961 71 
274494 325 
274753 193 
277496 234 
278074 24 
279946 116 
280244 578 
281450 11 
304181 13 
308795 108 
314038 54 
316637 12 
317420 431 
318104 28 
323153 2123 
327998 18 
328925 81 
340643 933 
340934 136 
341922 37 
344229 343 
345457 27 
346123 82 
346404 235 
348667 58 
348849 27 
348892 201 
351113 85 
351448 5 
351583 26 
351733 7 
351733 7 
355529 67 
357815 0 
359320 53 
360818 1090 
361477 44 
365943 16 
367852 83 
368137 1574 
368690 40 
372027 22 
374307 10 
378183 70 
387532 18 
387826 48 
388070 29 
388401 18 
388704 1854 
389483 542 
392496 30 
413016 21 
433716 431 
441131 25 
445774 2 
446978 18 
447356 42 
451329 25 
452766 52 
472183 43 
477442 42 
477483 106 
477596 14 
478045 185 
478152 20 
479560 331 
484955 211 
488892 3 
495115 43 
495991 108 
509374 35 
509814 4 
509991 38 
511612 12 
512373 154 
513135 124 
516263 104 
516486 133 
516845 16 
516982 20 
517353 68 
518146 265 
518528 62 
518887 9 
519722 50 
519839 156 
524022 48 
524614 193 
529953 81 
532706 105 
534336 36 
535627 12 
535636 9 
542219 31 
545709 44 
551047 2349 
551858 896 
553625 228 
555915 16 
564954 29 
566006 52 
570117 80 
570173 223 
577718 6 
584640 69 
586173 43 
586446 50 
593356 0 
602593 36 
