3739 7.4778125
0 570284 
14 345 
17 1572 
23 478 
24 1602 
25 357 
27 422 
27 246 
27 46 
28 706 
28 2262 
29 800 
31 2120 
32 32 
32 693 
33 131 
34 871 
34 1350 
34 136 
35 978 
36 446 
36 91 
37 109 
38 80 
38 726 
39 1661 
40 212 
42 160 
44 187 
45 1940 
45 128 
46 648 
46 332 
46 605 
47 41 
48 614 
49 187 
49 143 
50 188 
50 191 
52 135 
52 438 
52 100 
55 347 
55 403 
56 1243 
57 254 
57 259 
57 150 
58 68 
58 585 
59 315 
60 109 
60 13 
61 265 
61 157 
63 133 
63 180 
63 82 
64 450 
65 74 
68 357 
68 372 
68 461 
68 91 
70 1080 
71 213 
71 38 
71 629 
71 4208 
72 7 
72 730 
72 40 
73 1752 
74 86 
74 1164 
74 130 
75 217 
76 80 
76 63 
76 210 
76 4 
77 118 
77 363 
77 1188 
78 73 
78 119 
79 200 
80 349 
80 819 
81 484 
82 50 
82 174 
83 488 
85 57 
85 1089 
86 552 
86 10 
86 145 
86 97 
88 102 
88 988 
88 226 
88 11 
90 194 
90 127 
91 284 
91 1914 
91 58 
92 773 
93 807 
93 39 
93 115 
93 19 
93 178 
95 92 
95 111 
97 15 
97 557 
97 130 
97 37 
98 3034 
99 279 
99 509 
100 25 
101 293 
103 3102 
103 58 
103 199 
105 944 
105 142 
106 15 
106 360 
106 540 
108 259 
109 873 
109 439 
109 494 
110 330 
110 305 
112 1864 
113 298 
113 397 
113 225 
114 49 
114 43 
114 34 
115 220 
116 402 
117 59 
118 293 
119 288 
119 606 
119 528 
119 152 
120 8 
125 72 
126 824 
126 706 
127 34 
128 99 
130 2045 
131 16 
132 192 
133 140 
134 276 
135 41 
135 14 
135 13 
137 99 
137 415 
138 868 
139 83 
139 193 
140 315 
140 81 
140 201 
141 69 
141 90 
141 220 
141 1187 
143 743 
144 325 
144 71 
144 545 
146 969 
147 187 
147 667 
147 9 
147 134 
148 1227 
152 11 
153 1179 
156 290 
156 1750 
157 428 
158 164 
158 77 
158 53 
159 123 
160 1760 
160 1671 
160 237 
161 34 
162 684 
162 2 
164 394 
165 96 
167 1896 
167 378 
167 192 
169 250 
170 34 
171 238 
172 73 
173 194 
174 92 
175 34 
176 292 
176 806 
177 88 
179 31 
182 116 
183 217 
183 143 
184 323 
186 158 
186 29 
186 278 
187 522 
187 238 
188 518 
190 175 
190 130 
192 573 
193 100 
199 1066 
199 146 
199 148 
199 168 
200 2961 
201 44 
201 15 
202 2773 
202 1125 
203 202 
203 78 
204 158 
207 194 
207 189 
208 574 
208 302 
210 158 
214 108 
216 70 
217 47 
217 859 
218 341 
219 115 
219 188 
222 727 
223 707 
224 305 
225 95 
225 137 
225 728 
226 86 
228 487 
231 224 
232 179 
233 254 
234 71 
236 257 
240 541 
241 2414 
242 258 
242 174 
243 57 
244 125 
244 2608 
245 216 
246 1073 
246 179 
247 373 
248 265 
249 234 
249 150 
249 7 
250 44 
250 44 
257 346 
257 346 
262 100 
262 100 
264 16 
264 16 
269 66 
269 66 
270 241 
270 241 
273 70 
273 70 
274 263 
274 1903 
274 1903 
274 263 
276 1802 
276 1802 
278 48 
278 48 
279 193 
279 193 
280 287 
280 287 
284 412 
284 5 
284 412 
284 5 
286 113 
286 1268 
286 904 
286 66 
286 1016 
286 1016 
286 66 
286 904 
286 1268 
286 113 
287 3162 
287 3162 
288 206 
288 206 
289 336 
289 336 
292 106 
292 106 
293 4632 
293 4632 
296 168 
296 168 
297 575 
297 279 
297 99 
297 145 
297 575 
297 279 
297 99 
297 145 
298 131 
298 131 
299 155 
299 155 
300 157 
300 157 
303 284 
303 284 
304 826 
304 826 
305 177 
305 169 
305 258 
305 258 
305 169 
305 177 
308 44 
308 61 
308 44 
308 61 
310 1688 
310 77 
310 77 
310 1688 
312 1428 
312 1428 
323 89 
323 520 
323 250 
323 250 
323 520 
323 89 
330 252 
330 252 
331 152 
331 1025 
331 152 
331 1025 
332 86 
332 86 
335 130 
335 219 
336 2644 
338 335 
338 300 
339 2506 
339 733 
344 1295 
349 239 
351 8812 
351 127 
351 605 
353 154 
355 560 
356 128 
358 930 
361 182 
364 2706 
369 933 
373 128 
375 3123 
377 813 
377 50 
381 648 
384 144 
386 86 
388 73 
388 339 
389 4084 
389 174 
392 247 
395 97 
396 109 
397 76 
397 108 
399 558 
402 108 
402 110 
416 293 
418 2442 
419 2119 
420 992 
422 117 
424 2 
424 54 
425 115 
426 1066 
427 48 
429 160 
429 395 
431 77 
432 181 
432 671 
433 707 
435 1040 
437 3140 
437 112 
438 454 
441 723 
442 84 
444 309 
444 40 
445 91 
446 8 
446 624 
448 2075 
449 115 
450 838 
450 90 
456 30 
456 24 
457 193 
460 29 
462 1157 
465 199 
468 128 
468 546 
474 154 
475 266 
477 86 
481 163 
481 62 
484 524 
486 82 
490 1045 
490 587 
493 817 
494 2781 
495 72 
496 10 
501 138 
502 575 
505 42 
509 115 
509 560 
509 1941 
510 433 
514 175 
515 484 
521 1253 
524 1366 
525 64 
526 46 
527 158 
539 58 
540 2200 
540 76 
543 528 
544 220 
544 138 
548 809 
548 233 
549 571 
556 28 
557 109 
574 4197 
586 122 
591 162 
593 249 
602 361 
605 26 
612 242 
614 53 
615 53 
615 183 
616 92 
617 97 
617 205 
620 475 
621 33 
624 84 
627 4 
630 717 
638 57 
643 488 
644 81 
649 242 
649 189 
652 46 
661 598 
665 360 
672 705 
677 234 
685 72 
686 76 
694 780 
695 30 
695 292 
697 20 
700 535 
705 278 
705 97 
705 139 
715 134 
730 363 
734 16 
742 710 
746 90 
747 129 
753 42 
762 411 
763 209 
765 122 
782 265 
784 78 
786 23 
792 42 
793 182 
804 124 
807 42 
809 561 
812 213 
814 377 
819 899 
821 123 
824 311 
825 378 
829 53 
842 1327 
843 86 
871 652 
886 313 
887 746 
915 206 
920 311 
921 52 
926 19 
934 208 
935 55 
937 225 
938 1319 
953 1275 
962 918 
976 3 
976 13 
980 208 
983 1870 
983 370 
986 190 
989 186 
991 1 
997 97 
1016 686 
1021 674 
1021 273 
1027 516 
1027 92 
1034 319 
1035 107 
1037 243 
1043 839 
1049 39 
1056 44 
1064 124 
1065 320 
1066 954 
1066 1481 
1070 91 
1072 134 
1074 362 
1074 190 
1084 3859 
1095 89 
1095 40 
1102 90 
1105 1226 
1105 442 
1108 1747 
1115 142 
1115 1156 
1130 1844 
1131 37 
1140 672 
1140 2398 
1153 239 
1162 252 
1181 54 
1185 1623 
1188 2 
1193 312 
1194 263 
1210 1205 
1217 53 
1225 149 
1229 41 
1233 801 
1233 90 
1233 117 
1239 34 
1241 188 
1241 29 
1246 101 
1247 229 
1252 82 
1258 217 
1259 122 
1264 68 
1267 81 
1274 1078 
1279 62 
1283 43 
1284 86 
1290 242 
1312 46 
1315 372 
1321 886 
1327 401 
1338 466 
1342 184 
1348 440 
1348 144 
1351 104 
1355 178 
1357 78 
1358 270 
1362 313 
1365 53 
1372 161 
1372 49 
1376 1 
1379 48 
1379 58 
1388 1546 
1388 121 
1388 190 
1388 604 
1394 255 
1397 1050 
1400 39 
1402 86 
1403 43 
1405 656 
1407 2138 
1410 1142 
1423 2780 
1428 618 
1429 1000 
1439 93 
1443 4 
1443 96 
1444 77 
1446 188 
1446 132 
1451 576 
1451 241 
1452 769 
1460 13407 
1463 51 
1469 134 
1471 126 
1476 9 
1477 93 
1482 1168 
1486 56 
1486 367 
1505 113 
1507 8 
1507 27 
1512 149 
1517 261 
1522 271 
1523 198 
1531 1579 
1548 1371 
1556 15 
1559 891 
1560 1201 
1564 605 
1570 95 
1573 119 
1575 308 
1575 152 
1575 188 
1584 59 
1602 250 
1615 41 
1625 26 
1628 402 
1628 1766 
1631 1355 
1637 997 
1640 1137 
1643 202 
1644 106 
1644 151 
1652 91 
1657 652 
1660 129 
1665 322 
1666 1182 
1673 1003 
1682 85 
1682 755 
1684 387 
1693 502 
1705 99 
1705 3 
1717 131 
1726 122 
1728 335 
1730 777 
1733 1585 
1735 156 
1735 21 
1742 2252 
1742 1740 
1743 122 
1745 29 
1746 19 
1750 274 
1762 4280 
1769 2641 
1771 102 
1776 764 
1785 359 
1786 1124 
1788 193 
1803 4 
1805 1171 
1818 600 
1823 279 
1824 819 
1836 2835 
1848 101 
1853 213 
1855 670 
1861 157 
1872 5 
1881 96 
1885 960 
1898 138 
1912 111 
1925 1726 
1927 439 
1933 406 
1949 23 
1951 267 
1953 143 
1968 260 
1986 259 
1986 54 
1992 168 
1996 811 
2004 463 
2013 193 
2035 190 
2053 58 
2064 247 
2077 358 
2091 1381 
2095 62 
2099 20 
2101 799 
2102 25 
2103 1610 
2105 3 
2122 64 
2159 96 
2167 130 
2187 963 
2194 2211 
2213 9 
2221 260 
2230 611 
2243 11 
2256 452 
2256 140 
2259 63 
2296 192 
2301 238 
2364 139 
2375 41 
2382 60 
2404 70 
2414 9518 
2417 311 
2418 195 
2419 72 
2425 157 
2435 67 
2448 78 
2454 2041 
2458 632 
2480 22 
2481 215 
2499 428 
2533 388 
2536 71 
2536 574 
2563 352 
2566 665 
2577 109 
2583 28 
2592 226 
2597 293 
2602 591 
2606 215 
2607 20 
2610 125 
2610 1043 
2616 1908 
2620 184 
2626 94 
2629 521 
2647 127 
2651 92 
2657 249 
2663 299 
2680 152 
2689 10 
2697 219 
2706 70 
2719 178 
2738 381 
2745 198 
2751 267 
2788 137 
2841 115 
2850 255 
2857 588 
2879 36 
2880 751 
2960 38 
3018 287 
3018 421 
3023 622 
3040 884 
3056 968 
3063 6 
3066 40 
3067 1524 
3114 3232 
3182 319 
3200 75 
3210 1 
3212 9 
3226 856 
3250 56 
3259 917 
3298 21 
3300 378 
3310 315 
3310 729 
3315 9 
3315 1157 
3316 194 
3325 1351 
3338 64 
3347 277 
3360 1365 
3404 24 
3429 150 
3470 86 
3505 41 
3535 484 
3542 694 
3544 18 
3556 1833 
3671 62 
3676 2 
3683 624 
3692 1743 
3694 28 
3725 66 
3733 1826 
3733 1627 
3775 28 
3802 1772 
3865 123 
3996 53 
4009 7 
4054 203 
4056 436 
4067 118 
4080 149 
4092 27 
4124 99 
4158 168 
4193 304 
4193 689 
4245 16 
4271 1442 
4274 19 
4290 75 
4296 29 
4304 2618 
4332 190 
4340 165 
4343 37 
4377 1393 
4398 2400 
4459 222 
4480 2441 
4512 1810 
4556 23 
4557 162 
4569 1653 
4576 89 
4603 90 
4607 96 
4620 887 
4680 166 
4696 1388 
4699 30 
4704 33 
4713 598 
4714 398 
4732 221 
4789 2419 
4791 31 
4799 2750 
4849 3191 
4855 212 
4862 123 
4866 148 
4884 169 
4886 1277 
4894 132 
4916 87 
4919 59 
4923 544 
4960 583 
4989 1352 
4991 183 
4995 1726 
4999 782 
5026 77 
5030 620 
5044 229 
5045 1890 
5157 167 
5177 137 
5196 156 
5220 1158 
5256 366 
5328 439 
5343 29 
5355 115 
5376 112 
5495 158 
5516 1593 
5538 4 
5546 483 
5548 7394 
5558 142 
5576 235 
5578 19 
5584 940 
5692 116 
5725 10 
5821 1485 
5933 87 
5968 398 
5988 34 
6011 98 
6047 49 
6055 1367 
6082 7 
6093 971 
6139 1109 
6139 435 
6144 361 
6148 22 
6168 446 
6221 198 
6229 29 
6242 210 
6254 52 
6266 1394 
6309 433 
6322 509 
6346 260 
6372 479 
6399 597 
6401 494 
6418 253 
6426 453 
6470 510 
6499 888 
6529 274 
6546 1211 
6556 246 
6557 129 
6560 1918 
6567 904 
6577 42623 
6578 2700 
6578 995 
6581 275 
6601 404 
6607 1458 
6612 63 
6630 62 
6658 3841 
6670 10 
6671 1137 
6689 44 
6698 79 
6743 4 
6769 7821 
6796 727 
6804 1760 
6835 37 
6840 310 
6848 297 
6872 418 
6895 37 
6937 832 
6960 350 
6962 757 
6965 86 
6981 247 
6992 12286 
7002 26 
7004 150 
7045 1149 
7056 4903 
7065 18 
7091 475 
7100 136 
7129 330 
7135 108 
7153 1163 
7159 896 
7178 125 
7191 439 
7236 46 
7248 380 
7249 1109 
7279 255 
7281 649 
7288 309 
7304 925 
7315 141 
7320 213 
7322 1691 
7343 1080 
7343 600 
7361 332 
7363 973 
7385 85 
7389 2011 
7390 1298 
7396 1133 
7397 229 
7424 449 
7427 169 
7430 3001 
7432 361 
7441 315 
7441 139 
7445 1064 
7448 40 
7449 55 
7458 745 
7469 719 
7498 2 
7517 88 
7546 281 
7557 198 
7558 250 
7619 48 
7624 503 
7642 145 
7647 902 
7653 149 
7671 632 
7674 104 
7683 41 
7687 273 
7707 875 
7744 273 
7747 1287 
7753 196 
7759 3714 
7772 44 
7790 965 
7796 115 
7822 323 
7842 239 
7847 3113 
7847 151 
7855 188 
7861 78 
7868 164 
7882 1588 
7897 29 
7897 98 
7898 806 
7904 256 
7907 806 
7929 1361 
7959 84 
7961 832 
7980 24 
8008 712 
8009 1251 
8030 897 
8075 100 
8085 300 
8094 217 
8097 48 
8106 57 
8127 672 
8138 998 
8171 1276 
8172 697 
8185 95 
8202 182 
8210 680 
8220 173 
8246 160 
8256 371 
8271 296 
8294 6361 
8302 248 
8309 290 
8337 12 
8345 416 
8350 525 
8394 34 
8397 71 
8403 301 
8418 138 
8478 8 
8486 136 
8498 122 
8503 179 
8505 725 
8573 263 
8634 598 
8652 430 
8659 131 
8671 547 
8674 185 
8681 595 
8698 514 
8754 63 
8759 239 
8763 782 
8778 180 
8813 1070 
8817 2635 
8848 113 
8867 336 
8922 129 
9029 2715 
9036 2756 
9052 102 
9090 92 
9102 216 
9174 707 
9183 55 
9210 8 
9233 77 
9266 1287 
9279 110 
9303 38 
9364 295 
9410 136 
9445 521 
9466 144 
9470 1375 
9492 528 
9500 2580 
9531 242 
9537 347 
9540 21 
9639 229 
9644 4549 
9650 1410 
9660 1079 
9699 1786 
9721 5043 
9724 272 
9741 28 
9744 83 
9759 5041 
9768 308 
9778 251 
9790 529 
9799 663 
9820 277 
9828 322 
9833 33 
9927 13 
9932 199 
9981 676 
10010 250 
10054 143 
10066 726 
10072 175 
10074 37 
10084 173 
10095 138 
10107 159 
10121 501 
10122 907 
10133 270 
10155 45 
10178 275 
10190 643 
10257 553 
10290 170 
10333 495 
10361 131 
10432 1494 
10468 57 
10489 45 
10494 216 
10512 605 
10548 213 
10556 1131 
10573 1207 
10591 4508 
10594 858 
10600 555 
10602 1145 
10603 15 
10629 1223 
10630 506 
10662 855 
10706 50 
10709 59 
10709 513 
10717 284 
10729 324 
10744 419 
10758 670 
10769 52 
10783 12 
10791 2084 
10809 3314 
10817 1227 
10821 1233 
10861 1333 
10867 482 
10875 3976 
10886 1 
10889 1444 
10909 174 
10925 2829 
10938 139 
10975 422 
11000 1173 
11025 1237 
11090 166 
11116 5048 
11134 938 
11134 1462 
11146 26 
11161 1064 
11189 136 
11195 1451 
11203 3062 
11217 639 
11254 602 
11302 2715 
11318 309 
11369 119 
11390 359 
11445 87 
11452 258 
11457 427 
11457 3 
11493 323 
11526 1209 
11573 41 
11574 263 
11590 261 
11591 135 
11595 1714 
11608 104 
11655 465 
11665 936 
11667 14 
11677 325 
11697 419 
11730 667 
11766 1051 
11770 464 
11784 1606 
11819 59 
11822 239 
11872 279 
11875 37 
11882 1703 
11905 771 
11906 2352 
11937 799 
11938 5568 
11978 931 
11995 1192 
12001 5854 
12003 11 
12005 516 
12024 427 
12047 19 
12051 209 
12058 2108 
12075 328 
12081 2593 
12082 16 
12113 66 
12123 220 
12129 734 
12158 83 
12168 439 
12169 103 
12170 410 
12223 160 
12233 16 
12238 132 
12284 395 
12301 1223 
12307 503 
12353 559 
12362 441 
12392 626 
12393 141 
12426 317 
12451 25 
12452 38 
12453 949 
12489 204 
12498 702 
12507 234 
12513 349 
12515 205 
12523 19 
12528 37 
12535 1098 
12594 1312 
12607 421 
12620 102 
12647 163 
12660 86 
12675 717 
12687 1047 
12689 2704 
12690 284 
12693 1111 
12708 56 
12718 362 
12721 110 
12736 485 
12790 1280 
12814 1342 
12825 115 
12826 642 
12828 220 
12836 699 
12853 336 
12869 179 
12911 469 
12923 489 
12927 1134 
12930 428 
12949 732 
12956 3969 
12958 1610 
12967 31 
12978 161 
12980 405 
12988 1246 
12993 241 
12995 733 
12996 1599 
13030 511 
13043 39 
13045 664 
13049 838 
13063 431 
13090 642 
13114 1052 
13166 795 
13187 66 
13200 189 
13229 830 
13241 173 
13245 290 
13270 87 
13283 3421 
13299 995 
13325 90 
13337 88 
13340 760 
13358 4138 
13390 562 
13405 461 
13417 6603 
13453 1853 
13455 1568 
13457 716 
13471 146 
13488 234 
13492 1245 
13493 450 
13503 558 
13507 555 
13519 22 
13525 1878 
13526 879 
13545 771 
13554 227 
13579 5859 
13609 411 
13617 86 
13622 497 
13647 1622 
13663 414 
13666 1587 
13668 5745 
13690 132 
13700 195 
13714 3907 
13719 1013 
13721 725 
13722 339 
13731 108 
13736 398 
13744 474 
13749 819 
13803 733 
13839 607 
13842 211 
13848 363 
13850 249 
13862 57 
13877 365 
13932 406 
13945 14 
13948 51 
13955 300 
13966 1738 
13969 5976 
14009 2625 
14015 414 
14017 1526 
14022 1486 
14026 120 
14048 3230 
14056 3182 
14068 53 
14084 426 
14097 1475 
14120 3511 
14122 127 
14182 705 
14224 3632 
14234 217 
14254 243 
14268 94 
14288 175 
14306 166 
14310 1213 
14317 1589 
14339 1524 
14363 92 
14380 3926 
14408 1867 
14413 2257 
14422 1041 
14449 343 
14456 319 
14467 218 
14470 93 
14481 125 
14500 147 
14520 471 
14529 545 
14530 585 
14535 1173 
14564 260 
14579 167 
14584 125 
14592 1031 
14595 1024 
14647 1442 
14664 721 
14674 22 
14695 1052 
14700 470 
14722 196 
14741 528 
14743 945 
14748 120 
14751 3072 
14757 158 
14758 56 
14768 133 
14845 411 
14870 11 
14885 149 
14885 118 
14890 394 
14895 1039 
14903 829 
14922 145 
14956 1591 
15000 3015 
15003 488 
15009 280 
15015 637 
15021 82 
15025 1595 
15056 1122 
15067 1251 
15085 1076 
15092 2243 
15127 2071 
15135 1631 
15169 97 
15175 154 
15186 487 
15212 99 
15225 580 
15244 104 
15244 231 
15255 1239 
15304 470 
15314 453 
15321 2858 
15333 401 
15343 435 
15352 84 
15366 6 
15369 1340 
15381 91 
15388 125 
15435 4713 
15471 274 
15507 326 
15513 1195 
15522 682 
15544 105 
15548 119 
15551 552 
15555 287 
15591 2081 
15616 756 
15616 756 
15637 264 
15637 264 
15655 1141 
15655 1141 
15671 1388 
15676 1416 
15678 297 
15712 4950 
15773 623 
15781 1028 
15784 491 
15801 1499 
15804 97 
15818 469 
15859 296 
15885 3115 
15897 1468 
15904 675 
15910 42 
15914 2360 
15948 116 
15977 3146 
15980 1287 
16009 205 
16016 761 
16038 61 
16043 2217 
16047 398 
16058 0 
16073 3860 
16105 287 
16126 522 
16127 221 
16129 852 
16145 102 
16174 908 
16200 565 
16209 1599 
16223 1953 
16247 1656 
16254 546 
16255 1600 
16263 278 
16266 341 
16280 1054 
16280 497 
16299 1349 
16299 466 
16315 1690 
16315 2468 
16334 1292 
16358 127 
16364 597 
16376 1035 
16389 1047 
16399 1889 
16431 312 
16437 501 
16455 38 
16488 10526 
16523 1095 
16550 431 
16597 1409 
16607 5596 
16610 22 
16625 564 
16626 1586 
16631 591 
16632 3980 
16646 474 
16657 462 
16658 255 
16717 61 
16726 434 
16753 1093 
16764 211 
16779 255 
16873 1880 
16886 899 
16930 652 
16944 856 
16946 515 
16960 1277 
16965 532 
17001 1000 
17013 74 
17024 1380 
17036 115 
17072 166 
17076 277 
17103 197 
17129 1183 
17165 155 
17171 1237 
17180 700 
17184 705 
17187 903 
17192 32 
17211 1741 
17225 237 
17231 88 
17262 670 
17264 653 
17288 425 
17373 47 
17380 1357 
17392 398 
17394 214 
17407 105 
17433 860 
17438 278 
17460 1502 
17473 298 
17487 279 
17487 422 
17573 234 
17636 435 
17653 64 
17672 464 
17686 6614 
17691 1531 
17709 630 
17715 219 
17764 207 
17825 600 
17832 888 
17865 2290 
17911 482 
17919 660 
17932 1256 
17935 663 
17966 1131 
18003 447 
18004 2088 
18007 112 
18051 77 
18109 162 
18210 455 
18228 698 
18247 668 
18296 82 
18333 2149 
18342 2318 
18364 3962 
18367 2971 
18395 1484 
18420 264 
18461 748 
18464 205 
18505 56 
18567 298 
18587 784 
18600 83 
18621 899 
18676 77 
18711 1738 
18741 89 
18743 1480 
18768 1209 
18803 194 
18818 760 
18827 881 
18850 1298 
18868 633 
18887 59 
18894 1113 
18909 1178 
18927 186 
18968 51 
18998 569 
19001 1594 
19012 319 
19051 1879 
19053 136 
19055 4070 
19058 265 
19080 922 
19096 1151 
19122 1423 
19144 1854 
19174 1434 
19243 804 
19266 492 
19297 797 
19310 157 
19395 317 
19418 40 
19421 3 
19423 511 
19451 1093 
19455 1460 
19486 319 
19500 1185 
19502 1067 
19542 875 
19552 7 
19618 869 
19631 966 
19639 58 
19676 96 
19680 660 
19707 638 
19715 203 
19724 441 
19756 108 
19810 191 
19813 48 
19841 88 
19854 967 
19868 1066 
19876 108 
19893 1884 
19904 196 
19924 393 
19964 1184 
19972 27 
20018 39 
20094 175 
20119 455 
20132 2692 
20187 33 
20206 206 
20211 1296 
20217 190 
20223 1165 
20231 1332 
20239 312 
20248 469 
20254 1395 
20273 139 
20282 3759 
20293 1815 
20314 338 
20331 302 
20336 74 
20339 13970 
20341 209 
20344 441 
20345 1102 
20355 126 
20359 884 
20364 707 
20371 1551 
20393 190 
20400 154 
20412 2693 
20421 408 
20433 469 
20448 467 
20493 560 
20497 1168 
20522 1628 
20530 12 
20535 1584 
20542 199 
20577 1077 
20584 578 
20643 320 
20673 309 
20684 72 
20693 1063 
20698 174 
20704 975 
20719 227 
20733 318 
20744 16 
20753 1459 
20773 599 
20791 184 
20791 105 
20796 180 
20808 570 
20813 8 
20865 53 
20921 742 
20937 365 
20940 166 
20954 684 
20964 635 
20971 45 
20973 318 
20992 328 
21013 4 
21015 530 
21067 221 
21078 1048 
21079 38 
21092 71 
21095 186 
21106 266 
21112 615 
21120 438 
21144 2322 
21146 620 
21171 262 
21180 581 
21180 5524 
21197 996 
21200 213 
21273 51 
21280 791 
21289 7459 
21301 310 
21322 247 
21328 48 
21328 983 
21331 44 
21332 905 
21368 431 
21369 11292 
21396 241 
21409 428 
21451 1137 
21451 196 
21462 141 
21464 5 
21480 170 
21500 189 
21522 3151 
21563 1890 
21612 1202 
21635 232 
21637 938 
21638 349 
21651 160 
21662 983 
21713 499 
21721 118 
21722 42 
21761 853 
21782 365 
21784 409 
21790 2163 
21812 201 
21814 307 
21829 687 
21850 472 
21896 300 
21945 505 
21949 824 
22013 1281 
22055 305 
22084 470 
22090 1105 
22091 268 
22092 991 
22094 11 
22105 2861 
22140 822 
22143 201 
22144 1362 
22166 4373 
22181 495 
22195 610 
22196 93 
22218 18 
22249 132 
22263 473 
22299 1504 
22378 1244 
22381 5534 
22399 988 
22407 5626 
22435 3204 
22446 1 
22450 259 
22454 18 
22474 40993 
22477 1276 
22480 776 
22491 1517 
22502 389 
22522 520 
22531 62 
22543 1397 
22555 102 
22560 262 
22583 406 
22589 2122 
22593 1350 
22599 826 
22623 75 
22633 3355 
22641 811 
22652 5644 
22668 912 
22670 1253 
22675 2361 
22727 1136 
22759 210 
22762 1571 
22768 688 
22796 716 
22815 20 
22903 3954 
22914 1433 
22919 827 
22933 76 
22961 375 
22981 107 
22983 227 
23036 124 
23037 181 
23052 545 
23057 133 
23102 62 
23113 820 
23153 143 
23170 803 
23176 361 
23177 3619 
23228 253 
23243 1257 
23251 98 
23294 619 
23340 1416 
23353 95 
23358 4849 
23385 1525 
23405 1200 
23421 1075 
23437 743 
23437 816 
23460 883 
23478 909 
23512 790 
23580 145 
23590 651 
23597 1150 
23617 1357 
23637 657 
23642 399 
23650 169 
23657 200 
23666 1086 
23669 455 
23690 102 
23724 573 
23730 1085 
23783 884 
23783 366 
23793 135 
23795 65 
23813 617 
23828 212 
23882 373 
23903 1390 
23910 48 
23910 340 
23936 2226 
23949 1520 
23972 926 
23991 273 
24037 17 
24068 5360 
24086 197 
24086 9317 
24093 937 
24103 9 
24106 567 
24147 257 
24157 63 
24178 50 
24196 421 
24237 120 
24284 1425 
24291 2417 
24337 55 
24351 291 
24365 131 
24374 1174 
24460 723 
24477 659 
24698 143 
24699 1598 
24702 431 
24705 43 
24714 28 
24770 931 
24808 1016 
24808 449 
24842 1127 
24851 236 
24863 10 
24883 986 
24893 689 
24932 1147 
24952 75 
24958 132 
24967 1207 
24990 28 
25060 464 
25061 1742 
25065 165 
25094 1006 
25113 126 
25168 1569 
25202 668 
25241 1169 
25254 1297 
25280 532 
25290 1671 
25296 103 
25304 549 
25366 358 
25373 375 
25407 617 
25411 1447 
25516 658 
25527 526 
25538 1080 
25570 2006 
25575 1285 
25578 1745 
25579 1123 
25596 926 
25597 2119 
25625 774 
25630 615 
25638 103 
25763 270 
25773 1624 
25802 3070 
25808 909 
25817 6811 
25825 963 
25827 186 
25828 1566 
25843 1194 
25851 43 
25860 500 
25860 56 
25887 709 
25891 56 
25891 86 
25907 466 
25912 32 
25917 6 
25924 240 
25930 248 
25976 267 
25985 224 
25992 287 
26010 605 
26013 7 
26038 4473 
26039 394 
26042 15075 
26059 169 
26064 1390 
26069 175 
26072 47 
26073 1689 
26088 1084 
26093 909 
26102 313 
26130 2729 
26132 761 
26139 1410 
26140 62 
26141 102 
26150 44 
26184 117 
26189 4126 
26200 46 
26205 88 
26217 534 
26218 93 
26233 289 
26240 1551 
26269 1274 
26317 8 
26328 24 
26349 54 
26370 214 
26385 95 
26395 790 
26456 232 
26482 6 
26494 53 
26502 2281 
26539 267 
26576 864 
26606 317 
26607 186 
26641 546 
26799 270 
26818 447 
26820 551 
26897 884 
26923 488 
26928 1873 
26954 91 
26975 102 
27030 2214 
27084 147 
27104 158 
27116 324 
27146 289 
27150 143 
27162 109 
27180 1358 
27212 593 
27255 578 
27262 2020 
27313 51 
27346 125 
27402 1748 
27407 190 
27440 1723 
27446 277 
27457 144 
27480 1791 
27505 266 
27523 183 
27533 34 
27533 420 
27544 1366 
27590 580 
27595 1101 
27673 33 
27684 258 
27700 190 
27790 253 
27817 296 
27849 421 
27854 768 
27861 343 
27880 669 
27902 1172 
27905 318 
27915 1795 
27925 498 
28008 116 
28032 14 
28058 3 
28069 83 
28079 225 
28106 556 
28131 265 
28266 2360 
28270 336 
28310 424 
28314 473 
28324 919 
28380 351 
28407 1906 
28552 345 
28635 272 
28636 1002 
28648 1190 
28661 6236 
28674 1226 
28715 834 
28752 11065 
28770 316 
28775 428 
28777 419 
28792 419 
28808 1660 
28826 225 
28827 5212 
28842 6729 
28859 47 
28876 186 
28878 2984 
28930 178 
28967 924 
28978 353 
28999 293 
29001 80 
29020 713 
29021 521 
29056 55 
29064 87 
29072 38 
29139 3507 
29140 54 
29141 260 
29146 28 
29202 2902 
29338 208 
29376 48 
29378 160 
29399 207 
29406 104 
29447 1717 
29498 75 
29510 5 
29529 148 
29530 147 
29533 3 
29540 160 
29548 1614 
29565 3 
29607 788 
29612 939 
29661 4511 
29720 575 
29754 10 
29764 1317 
29770 930 
29829 326 
29847 430 
29853 240 
29854 62 
29856 1427 
29869 562 
29904 230 
29935 459 
30003 1648 
30030 66 
30071 258 
30072 25 
30130 147 
30172 894 
30186 1230 
30217 51 
30219 96 
30286 51 
30287 126 
30297 33 
30307 32 
30309 1172 
30337 245 
30347 1062 
30411 710 
30411 710 
30421 3016 
30421 3016 
30428 1771 
30428 1771 
30502 865 
30518 405 
30550 857 
30564 246 
30570 958 
30574 1382 
30583 2242 
30586 2 
30606 530 
30608 1031 
30621 1105 
30624 2 
30637 18 
30644 9241 
30661 1240 
30673 694 
30673 252 
30673 2264 
30674 2101 
30678 9 
30682 6010 
30709 359 
30717 1354 
30724 4418 
30729 2445 
30759 1078 
30766 228 
30767 752 
30787 17363 
30794 334 
30800 212 
30806 1834 
30815 513 
30821 53 
30825 70 
30869 1276 
30898 2357 
30933 785 
30942 912 
30948 1438 
30949 872 
30974 5717 
30976 286 
30998 303 
31016 528 
31020 258 
31021 902 
31024 893 
31046 1454 
31113 675 
31116 59 
31137 2056 
31171 674 
31187 2772 
31258 478 
31261 1098 
31265 626 
31279 59 
31313 2514 
31326 834 
31333 841 
31451 250 
31464 116 
31547 3070 
31555 933 
31590 909 
31660 1061 
31684 1316 
31727 583 
31760 1 
31761 1878 
31820 886 
31833 1083 
31871 1208 
31909 430 
31922 511 
31925 313 
31967 352 
32028 3541 
32048 941 
32050 233 
32076 241 
32087 1035 
32124 1243 
32159 1054 
32169 773 
32229 314 
32266 12 
32335 88 
32356 512 
32359 359 
32373 4767 
32416 970 
32483 151 
32538 206 
32577 386 
32596 45 
32600 22 
32652 111 
32689 201 
32704 972 
32743 2965 
32751 765 
32762 517 
32775 571 
32826 3241 
32831 813 
32848 306 
32869 2750 
32898 157 
32950 2092 
32961 2388 
32963 327 
32965 4759 
32993 822 
33012 482 
33113 912 
33128 3888 
33135 228 
33166 21 
33167 620 
33174 2737 
33205 502 
33210 394 
33229 1251 
33237 206 
33273 103 
33325 265 
33412 270 
33417 2569 
33423 465 
33441 1147 
33509 182 
33541 496 
33554 134 
33585 360 
33608 110 
33620 1197 
33677 2136 
33688 568 
33698 67 
33703 391 
33755 1 
33780 128 
33836 42 
33850 540 
33924 456 
33925 98 
34054 151 
34102 15 
34125 2016 
34158 746 
34226 1254 
34277 4 
34290 308 
34291 147 
34346 231 
34492 373 
34539 4677 
34573 1466 
34582 205 
34590 145 
34604 105 
34616 678 
34680 339 
34699 750 
34713 364 
34726 1848 
34785 152 
34873 1927 
34904 942 
35013 144 
35023 85 
35052 599 
35054 8 
35061 74 
35119 564 
35127 563 
35177 134 
35229 6 
35231 1404 
35247 134 
35277 0 
35368 489 
35426 384 
35438 456 
35442 533 
35473 169 
35525 764 
35536 0 
35569 71 
35658 220 
35680 124 
35695 1348 
35724 570 
35733 57 
35751 43 
35762 245 
35786 1833 
35825 2816 
35827 397 
35833 888 
35843 715 
35882 1445 
35969 620 
35971 322 
36008 1013 
36038 370 
36054 68 
36062 82 
36078 1007 
36089 572 
36112 391 
36130 46 
36135 123 
36152 98 
36187 75 
36224 1099 
36289 152 
36360 3823 
36397 1650 
36398 3798 
36415 313 
36425 806 
36437 501 
36483 269 
36509 1816 
36518 974 
36535 73 
36552 134 
36561 3531 
36571 730 
36575 2278 
36601 774 
36623 71 
36642 197 
36701 196 
36746 270 
36758 762 
36789 263 
36805 198 
36821 2610 
36825 729 
36838 607 
36847 659 
36866 784 
36907 2506 
36912 166 
36961 820 
37088 374 
37092 169 
37141 1433 
37203 139 
37221 2448 
37232 543 
37233 107 
37305 293 
37354 704 
37437 1141 
37497 309 
37503 76 
37512 1646 
37550 139 
37574 738 
37607 286 
37622 228 
37628 1452 
37635 246 
37639 294 
37647 334 
37652 2015 
37723 2826 
37760 266 
37826 1029 
37942 127 
38038 198 
38102 3439 
38227 120 
38296 2172 
38337 546 
38371 83 
38377 323 
38413 50 
38452 634 
38511 28 
38546 1388 
38552 208 
38602 296 
38690 1449 
38706 151 
38757 352 
38792 59 
38830 198 
38900 703 
39002 1490 
39008 82 
39040 254 
39108 524 
39119 731 
39217 501 
39276 559 
39307 2 
39309 1165 
39417 853 
39426 276 
39497 1049 
39531 750 
39551 340 
39620 92 
39827 821 
39845 182 
39870 479 
39885 333 
39895 1073 
39952 606 
39966 247 
40015 179 
40018 3 
40030 426 
40030 257 
40032 151 
40041 441 
40091 537 
40117 355 
40198 237 
40211 88 
40223 1567 
40254 3697 
40336 190 
40355 113 
40380 54 
40480 2278 
40500 739 
40613 966 
40631 132 
40653 570 
40703 4 
40743 231 
40770 95 
40790 405 
40853 160 
40921 6792 
40939 1758 
40962 1406 
41171 17998 
41175 128 
41181 2362 
41229 916 
41466 188 
41479 55 
41481 515 
41484 54 
41497 477 
41553 378 
41568 1264 
41588 2466 
41595 464 
41617 505 
41653 320 
41716 152 
41724 884 
41781 122 
41794 135 
41852 48 
42212 178 
42268 1673 
42296 219 
42373 738 
42408 1669 
42438 389 
42662 2349 
42728 3030 
42891 124 
42913 3208 
43017 532 
43033 757 
43075 4823 
43309 406 
43384 26 
43412 1778 
43455 94 
43498 308 
43502 198 
43533 380 
43538 1117 
43548 172 
43551 1048 
43597 466 
43616 1119 
43629 99 
43661 672 
43665 30 
43728 842 
43751 79 
43771 314 
43780 533 
43854 163 
43863 204 
43884 701 
43928 60 
44089 59 
44104 3390 
44155 353 
44171 1001 
44266 298 
44339 1972 
44476 73 
44605 816 
44647 30 
44709 201 
44786 110 
44877 800 
44943 3042 
44958 76 
45081 1176 
45217 105 
45217 105 
45326 738 
45336 144 
45359 57 
45371 1428 
45372 3923 
45440 79 
45490 9037 
45508 410 
45513 237 
45707 77 
45716 518 
45751 158 
45766 62 
45805 882 
45808 861 
45883 964 
45994 399 
46115 294 
46166 70 
46272 1546 
46382 278 
46399 333 
46497 231 
46847 586 
46852 2 
46954 681 
46962 0 
46971 114 
46975 3442 
46987 775 
47093 941 
47170 3694 
47173 92 
47180 1028 
47200 18 
47261 1039 
47367 1212 
47379 80 
47386 567 
47391 252 
47600 1293 
47747 136 
47784 76 
47838 346 
47936 270 
47952 118 
48239 486 
48390 416 
48399 139 
48399 1061 
48422 1471 
48479 574 
48537 1363 
48620 36 
48627 239 
48648 766 
48816 744 
48901 1254 
49189 772 
49256 417 
49262 674 
49354 2671 
49365 398 
49366 639 
49421 3268 
49619 591 
49651 1096 
49679 470 
49683 487 
49686 1401 
49732 1256 
49806 52 
49861 75 
49999 2066 
50181 79 
50322 1215 
50465 453 
50499 401 
50689 176 
50767 258 
50807 2100 
50820 204 
50881 616 
50954 260 
51080 81 
51146 694 
51156 977 
51184 370 
51332 381 
51373 276 
51446 174 
51472 370 
51590 1155 
51616 97 
51663 695 
51679 1377 
51784 1920 
51792 304 
51887 318 
51999 709 
52002 292 
52073 65 
52077 297 
52090 322 
52091 1109 
52097 3977 
52107 87 
52141 1470 
52161 156 
52196 1138 
52229 624 
52245 3317 
52359 4 
52474 1117 
52482 490 
52499 9 
52591 1098 
52721 1799 
52803 276 
52940 273 
52974 1708 
53069 884 
53132 1511 
53173 8 
53191 3636 
53206 535 
53221 28 
53247 202 
53278 177 
53278 1625 
53293 92 
53363 1774 
53492 2076 
53496 31 
53524 55 
53575 961 
53632 637 
53665 29 
53720 2116 
53780 1353 
53801 139 
53807 519 
53828 524 
53832 228 
53944 1079 
54008 800 
54056 644 
54101 107 
54106 30 
54171 1896 
54207 297 
54284 858 
54381 149 
54723 169 
54726 1057 
54870 363 
54873 617 
55005 55 
55029 243 
55093 3931 
55258 4859 
55327 361 
55390 1133 
55489 2 
55776 1234 
55874 452 
56126 251 
56298 615 
56529 130 
56649 151 
56697 1057 
56973 545 
57060 175 
57183 1422 
57238 319 
57285 149 
57326 1112 
57340 480 
57521 294 
57592 8007 
57686 311 
57754 1572 
57913 621 
57927 351 
58089 733 
58161 67 
58203 1345 
58231 283 
58387 1360 
58430 610 
58477 675 
58504 1352 
58536 757 
58573 237 
58714 16 
58737 57 
58870 47 
59236 1162 
59281 490 
59318 155 
59440 420 
59491 58 
59515 1445 
59612 2080 
59669 643 
59710 1143 
59743 151 
59759 1807 
59901 11584 
59979 65 
60001 127 
60046 295 
60065 649 
60127 1123 
60360 150 
60405 2466 
60769 2 
60922 70 
61063 301 
61151 285 
61471 710 
61484 600 
61496 1636 
61509 18 
61539 605 
61765 1710 
61844 397 
61911 984 
61962 1792 
61970 160 
62755 851 
62888 1599 
62905 748 
63015 220 
63065 2 
63117 160 
63232 269 
63456 75 
63486 423 
63604 255 
63607 30 
63776 833 
64117 2172 
64166 859 
64193 900 
64293 436 
64328 138 
65049 3503 
65086 316 
65146 1294 
65271 407 
65350 107 
65486 8 
65573 1350 
65626 198 
65705 940 
66752 129 
67039 437 
67116 427 
67166 2894 
67252 164 
67294 175 
67352 158 
67532 2 
67543 2 
67991 96 
68070 2074 
68097 4389 
68109 582 
68151 3545 
68211 121 
68243 141 
68243 970 
68267 448 
68466 50 
68762 807 
68818 901 
68869 287 
68966 723 
69022 2397 
69039 115 
69047 2078 
69056 629 
69089 230 
69093 1796 
69121 16 
69171 1618 
69228 4586 
69272 246 
69282 311 
69289 508 
69310 2674 
69316 679 
69340 863 
69408 304 
69450 761 
69458 294 
69602 786 
69697 601 
69956 96 
70199 175 
70295 70 
70427 1427 
70667 421 
70839 358 
70862 29 
70907 556 
71236 118 
71271 702 
71343 701 
71463 1089 
71475 2929 
71527 215 
71593 135 
71703 270 
71816 34 
72117 372 
72569 329 
72768 2798 
72784 1538 
73026 255 
73113 258 
74030 1133 
74073 607 
74161 75 
74376 128 
74579 10 
74669 208 
74786 1056 
74821 588 
74887 243 
74916 2499 
74977 98 
74997 691 
75019 209 
75050 135 
75144 77 
75209 267 
75261 1314 
75280 334 
75301 160 
75369 395 
75387 354 
75400 1 
75409 101 
75454 243 
75508 5924 
75534 750 
75537 1200 
75629 2027 
75813 367 
75872 1251 
75906 1693 
75999 2142 
75999 2142 
76132 2635 
76183 120 
76236 447 
76327 105 
76584 175 
76726 77 
77138 452 
77146 939 
77197 202 
77395 752 
77992 281 
78210 4303 
78449 970 
78497 8609 
78526 168 
78583 92 
78627 869 
78650 142 
78658 27 
78837 572 
79389 98 
79428 959 
80130 1 
80309 870 
80315 720 
80365 389 
80384 1774 
80396 250 
80520 78 
80532 37 
80612 96 
81155 42 
81324 1948 
81399 3143 
81464 237 
81594 152 
81677 54 
81869 764 
82022 255 
82132 697 
82134 308 
82384 1533 
82392 153 
82424 11 
82484 586 
82493 661 
82590 137 
82625 565 
82826 546 
82910 787 
82920 343 
83028 36 
83247 1579 
83338 1171 
83654 377 
84607 55 
84770 216 
84893 1017 
84913 399 
85084 507 
85277 36 
85282 1155 
85461 1996 
85989 229 
86084 369 
86170 179 
86386 1736 
86994 622 
87003 248 
87071 27 
87192 2 
87274 981 
87948 734 
88191 1152 
88265 2688 
88692 15 
88966 399 
89098 355 
89140 1 
89216 1200 
89324 4099 
89349 9320 
89350 254 
89379 366 
89430 421 
89430 421 
89466 1635 
89466 1635 
89473 168 
89681 59 
89907 723 
89964 2866 
89999 886 
90149 657 
90150 146 
90150 29 
90204 1324 
90225 590 
90242 664 
90272 237 
90295 21 
90298 739 
90309 896 
90310 272 
90334 179 
90351 188 
90446 1078 
90459 11148 
90482 862 
90488 107 
90509 1524 
90527 94 
90569 7 
90922 701 
90942 1002 
90973 137 
90974 566 
91023 271 
91052 1730 
91072 427 
91131 903 
91233 490 
91304 801 
91336 646 
91347 1317 
91428 313 
91454 274 
91590 211 
91757 608 
91788 281 
92006 11649 
92098 1578 
92101 199 
92358 111 
92464 176 
92479 15 
92514 161 
92647 754 
92651 1434 
92655 234 
92670 408 
92692 159 
92797 354 
93019 1286 
93020 745 
93040 1083 
93112 75 
93453 831 
93505 968 
93583 1011 
93705 143 
93885 261 
93896 206 
93991 1006 
94040 988 
94201 386 
94322 107 
94360 360 
94409 287 
94440 854 
94556 50 
94643 48 
94651 247 
94656 1957 
95156 1144 
95239 1533 
95267 1593 
95270 591 
95282 197 
95330 95 
95508 735 
95606 1660 
95618 448 
95792 1204 
96091 553 
96131 232 
96187 728 
96229 190 
96316 1018 
96471 1055 
96478 4195 
96567 781 
96588 308 
96674 515 
96695 378 
96734 2 
96795 702 
96843 211 
96986 2384 
97171 915 
97252 12 
97384 6 
97390 1322 
97396 2411 
97445 123 
97508 1207 
97878 34 
98979 55 
99026 406 
99058 2425 
99095 293 
99240 1280 
99408 418 
99543 361 
99745 97 
100581 410 
100905 797 
101117 323 
101319 168 
101461 51 
101636 1542 
102000 5573 
102036 524 
102043 1329 
102209 87 
102408 705 
102625 1417 
102722 1397 
103513 91 
103865 311 
104350 2992 
104465 482 
104491 847 
104506 533 
104560 246 
104583 341 
104694 1359 
104719 374 
104726 44 
104926 358 
105192 291 
105359 277 
105380 1048 
105398 554 
106159 139 
106608 66 
106765 277 
106855 268 
106992 25 
107029 1135 
107099 478 
107148 12 
107193 12 
107238 52 
107335 1295 
107478 454 
107710 120 
107739 94 
107791 471 
107846 50 
107915 383 
108450 1967 
108794 176 
109129 79 
109215 80 
109254 2568 
109281 71 
109457 1089 
109497 3124 
109604 74 
109964 580 
110435 346 
110846 218 
111023 522 
111174 1581 
111358 2044 
111520 101 
111860 651 
112097 102 
112181 216 
112187 79 
112361 461 
112460 755 
112783 45 
113198 1046 
113582 367 
114019 1030 
114034 1332 
114535 2209 
116109 871 
116887 1065 
117080 36 
118151 1159 
118176 181 
118213 230 
118217 1954 
118221 1169 
118258 58 
118358 1580 
118362 297 
118418 265 
118449 174 
118449 174 
118586 442 
118674 107 
118848 265 
119716 650 
119727 1281 
119730 154 
120007 10 
120057 684 
120233 1015 
120264 1458 
120455 641 
120766 0 
120835 5 
121069 519 
121508 274 
122166 150 
122909 184 
123436 536 
123664 1745 
123771 289 
123904 195 
123936 1176 
124063 1974 
125127 400 
125141 1562 
125165 644 
125567 53 
125882 119 
126459 491 
126537 102 
126614 110 
126771 459 
127117 18 
127680 1162 
128248 914 
128710 1215 
128783 153 
128835 45 
128950 183 
128967 44 
129376 364 
129509 1372 
131018 1325 
131907 826 
131945 16 
132410 1524 
132475 690 
132650 136 
132887 412 
132969 602 
133574 143 
133871 169 
134719 470 
134737 189 
136233 977 
137172 403 
138662 1679 
140506 855 
140589 83 
141151 26 
143493 649 
143529 155 
143948 857 
145340 271 
145372 582 
147654 1899 
147996 4920 
148106 3013 
148172 606 
148896 1107 
148994 1251 
149092 478 
149325 73 
149432 161 
149812 2124 
151656 8810 
153031 293 
155700 55 
157092 2411 
157944 548 
158039 1066 
159344 1173 
160201 53 
160433 19 
160506 453 
161388 2947 
163173 463 
163334 1267 
163794 214 
164263 22 
164469 116 
164733 231 
164895 984 
165110 339 
165910 1711 
166181 597 
167636 97 
169535 460 
169560 101 
169979 206 
170337 606 
170349 321 
170363 693 
171341 210 
172315 149 
173652 1634 
173922 3180 
174074 6447 
174119 1202 
174171 298 
174887 747 
175449 619 
175658 457 
175717 12 
175872 98 
175904 369 
176227 34 
176228 26 
176653 295 
178177 243 
178387 96 
178653 858 
179041 6 
179205 386 
179357 119 
179875 1428 
181060 291 
184141 0 
184849 198 
185423 279 
185433 10 
185966 81 
186097 628 
187222 428 
187774 1403 
188030 29 
188454 659 
188613 97 
188754 66 
188898 629 
188925 757 
189077 2027 
189081 1536 
189233 44 
189240 1008 
189290 1051 
189570 467 
189774 275 
190602 69 
191169 1506 
191482 1594 
192096 710 
193303 1787 
195482 1242 
195500 1207 
197125 34 
198257 215 
199126 1134 
199425 552 
199435 41 
199446 671 
199496 326 
199520 197 
199723 334 
199942 248 
201760 284 
202454 643 
202521 245 
202681 208 
203064 2233 
203480 265 
203512 61 
203707 1257 
205310 1507 
205395 2013 
206537 1127 
206897 771 
207022 819 
207038 631 
208383 356 
208549 65 
209841 2768 
211186 49 
212520 1615 
212581 905 
212613 217 
214395 199 
223736 517 
224966 1188 
225370 41 
225679 2182 
228215 1012 
228271 183 
237563 122 
242387 315 
249465 579 
253703 507 
254557 38 
256630 79 
259725 620 
261283 855 
264227 339 
264502 919 
264557 117 
264589 19 
264592 59 
264761 377 
264921 3787 
265046 4 
265092 425 
265235 275 
265283 85 
271151 140 
274892 702 
277136 1399 
277335 114 
277581 50 
278242 1254 
278553 1383 
278698 410 
278937 176 
279005 723 
279172 646 
279491 641 
280033 210 
280138 3116 
280197 1107 
280478 211 
280706 649 
280713 765 
282129 61 
283658 358 
287349 869 
289274 4318 
289329 84 
289374 856 
289391 703 
289395 247 
289768 490 
290008 29 
290423 462 
290829 10250 
290870 1802 
293564 29 
299079 13 
301290 234 
302303 1687 
305057 203 
308773 273 
308968 175 
310385 3751 
310796 40 
311145 435 
311696 52 
315120 799 
319008 1310 
323009 358 
326881 145 
336140 348 
336989 199 
338329 26 
341545 7754 
344734 124 
345290 442 
346659 1174 
347570 239 
349806 24 
349953 294 
352680 154 
360464 848 
360552 725 
361322 677 
364226 949 
365545 2054 
366208 523 
366447 202 
372715 567 
374453 50 
374615 1046 
374701 5611 
375219 124 
375497 467 
376219 114 
377861 143 
378482 52 
379344 584 
384634 76 
385315 788 
385374 481 
387466 1336 
389958 227 
391519 1548 
396333 891 
399817 131 
400387 1265 
400681 40 
418237 1554 
418569 117 
418746 432 
420981 938 
430184 47 
432678 1195 
434689 27 
447963 1077 
451642 1237 
452877 136 
457039 135 
457418 2387 
460038 1739 
461996 65 
462360 704 
462820 265 
464526 464 
468528 1126 
468613 79 
469296 346 
471068 306 
471866 22 
471897 49 
472650 886 
475660 1089 
479534 142 
480177 2965 
482625 748 
486355 269 
499212 0 
510815 767 
522341 341 
526139 572 
528911 338 
534830 221 
538608 10 
545670 290 
550613 1437 
550808 5484 
551090 657 
551663 161 
559170 1074 
559449 684 
559825 554 
560954 2771 
565574 1051 
566369 182 
566616 42 
567197 128 
569335 1820 
573229 2369 
575781 287 
581731 157 
582134 591 
585024 55 
592766 1502 
603838 923 
