2500 6.69325231481
0 449372 
8 375 
12 66 
12 84 
14 360 
16 136 
20 1529 
20 276 
23 1097 
24 21 
24 98 
25 20 
26 511 
28 102 
29 57 
29 1463 
30 301 
30 527 
31 24 
31 180 
32 424 
33 188 
34 103 
34 16 
34 59 
35 524 
37 25 
37 833 
37 932 
37 1015 
37 176 
38 96 
38 18 
38 91 
39 46 
42 115 
42 51 
42 137 
43 153 
43 32 
43 350 
44 307 
45 387 
45 109 
46 114 
46 26 
47 1705 
47 60 
47 735 
48 66 
48 21 
49 147 
49 74 
51 5 
52 3 
52 40 
52 789 
55 46 
56 311 
56 127 
56 121 
57 265 
57 31 
57 374 
58 57 
58 667 
58 23 
59 90 
60 859 
60 32 
60 457 
60 9 
61 57 
62 370 
62 1424 
62 121 
62 137 
63 392 
63 550 
63 308 
64 168 
64 332 
64 255 
65 148 
65 20 
65 56 
66 354 
66 266 
68 6 
68 320 
68 489 
70 66 
70 121 
71 578 
72 218 
73 113 
74 10 
74 348 
76 147 
76 183 
77 13 
78 12 
78 277 
78 322 
79 160 
79 175 
80 125 
81 89 
82 170 
82 161 
82 154 
83 286 
83 121 
84 111 
85 55 
86 49 
87 85 
88 84 
89 170 
89 107 
91 146 
92 38 
94 69 
94 70 
95 137 
95 229 
95 33 
95 272 
95 73 
96 189 
97 114 
97 166 
98 174 
99 224 
99 1 
99 109 
100 320 
101 133 
101 180 
101 320 
102 274 
103 462 
104 99 
105 21 
105 63 
105 6 
105 403 
106 539 
106 43 
106 835 
106 70 
106 58 
107 43 
108 280 
109 12 
111 1134 
113 3343 
113 10 
113 423 
114 390 
115 1494 
115 38 
115 38 
115 71 
117 651 
118 24 
118 1434 
118 333 
118 306 
119 16 
119 48 
120 1188 
121 83 
121 151 
122 71 
122 7 
122 50 
125 537 
125 14 
126 61 
127 62 
130 246 
130 219 
130 97 
131 659 
132 21 
136 185 
136 96 
136 40 
137 277 
138 99 
138 268 
139 1000 
139 72 
139 401 
139 41 
141 30 
141 9 
141 68 
143 35 
145 35 
145 227 
145 3 
145 398 
147 59 
148 30 
148 254 
149 196 
149 1359 
149 55 
151 21 
151 30 
152 90 
154 109 
154 512 
154 657 
155 314 
156 106 
157 128 
157 97 
157 1135 
158 305 
158 95 
160 198 
161 87 
162 328 
164 90 
165 184 
166 192 
167 22 
167 43 
169 264 
171 162 
172 41 
174 47 
176 266 
176 33 
177 201 
177 112 
178 205 
178 1485 
178 47 
179 46 
179 26 
181 107 
182 12 
182 267 
182 7 
183 1531 
185 60 
186 32 
186 610 
186 371 
187 42 
189 203 
189 283 
192 976 
192 52 
194 67 
195 41 
198 418 
200 560 
202 471 
204 66 
205 12 
205 67 
206 225 
206 150 
206 167 
207 156 
207 28 
209 184 
214 185 
214 74 
215 39 
215 534 
216 233 
217 16 
218 118 
218 380 
218 2 
219 138 
221 63 
222 301 
222 62 
222 21 
223 134 
224 91 
224 176 
226 14 
228 27 
232 2 
235 84 
236 618 
237 525 
237 194 
239 69 
239 77 
241 251 
241 114 
242 3865 
243 18 
243 75 
247 27 
248 8 
249 164 
249 181 
250 31 
250 95 
250 26 
252 66 
253 34 
253 19 
254 137 
254 66 
254 76 
256 21 
257 168 
257 10 
258 207 
259 315 
260 645 
261 51 
262 197 
262 64 
263 19 
266 453 
267 27 
267 58 
267 51 
268 99 
268 71 
269 90 
270 46 
271 55 
272 26 
272 137 
277 298 
279 2597 
280 34 
281 23 
283 145 
286 113 
286 10 
288 71 
289 141 
291 75 
291 76 
293 73 
295 35 
297 392 
297 19 
297 158 
299 221 
300 21 
300 75 
302 38 
302 131 
305 175 
306 207 
306 74 
307 264 
308 142 
309 4 
312 199 
313 169 
316 72 
318 232 
320 48 
321 49 
321 55 
321 126 
322 64 
324 30 
324 1 
328 271 
329 174 
330 105 
334 58 
337 163 
340 47 
344 59 
346 118 
346 192 
347 974 
347 56 
349 40 
350 935 
350 28 
351 230 
351 48 
351 114 
353 134 
358 48 
364 274 
365 107 
366 194 
368 100 
371 19 
371 331 
372 118 
372 109 
372 46 
375 21626 
377 445 
378 20 
378 16 
380 153 
380 67 
383 76 
391 125 
392 21 
393 51 
402 55 
406 482 
407 242 
408 121 
410 63 
411 107 
411 95 
412 43 
412 168 
412 45 
415 43 
416 2 
419 58 
420 175 
420 823 
421 60 
424 93 
424 41 
425 131 
426 98 
426 14 
429 115 
431 174 
432 30 
433 9 
433 205 
433 93 
436 54 
437 8 
437 91 
441 108 
441 51 
443 73 
444 56 
445 39 
446 21 
453 210 
455 148 
460 396 
461 24 
461 20 
462 48 
463 45 
464 555 
465 28 
465 161 
466 37 
466 78 
469 42 
470 77 
472 77 
472 278 
472 411 
480 33 
481 73 
483 210 
488 447 
496 331 
498 317 
501 209 
502 446 
503 319 
506 53 
508 264 
509 73 
511 684 
511 39 
515 68 
516 25 
516 28 
516 85 
520 11 
520 122 
521 63 
522 82 
522 46 
524 55 
524 40 
525 1885 
527 28 
528 104 
528 64 
529 20 
530 269 
530 28 
534 64 
537 12 
541 82 
542 15 
543 18 
545 160 
546 16 
552 40 
553 490 
555 59 
555 1584 
557 306 
557 2350 
558 236 
560 94 
560 138 
560 21 
565 83 
572 172 
576 135 
576 290 
578 35 
579 21 
581 246 
583 87 
587 346 
588 65 
588 123 
590 73 
590 89 
593 9 
593 323 
596 131 
597 46 
601 122 
602 126 
603 306 
608 70 
609 40 
611 230 
613 50 
615 64 
616 164 
616 138 
616 57 
616 106 
618 187 
618 198 
618 3 
618 169 
624 34 
627 29 
628 264 
629 27 
630 46 
630 52 
630 35 
630 125 
632 2657 
635 17 
635 13 
637 17 
639 361 
640 120 
641 105 
641 90 
646 59 
646 25 
647 912 
648 13 
649 40 
650 71 
653 87 
656 438 
660 449 
660 129 
662 44 
662 74 
663 29 
664 2 
664 111 
666 27 
668 55 
672 68 
676 72 
678 4063 
679 398 
679 7 
680 4 
682 197 
684 22 
685 18 
687 143 
689 41 
689 19 
690 109 
692 81 
695 568 
695 13 
697 176 
698 97 
698 119 
700 38 
701 79 
705 251 
705 84 
706 32 
711 4 
712 129 
713 26 
714 12 
714 250 
718 116 
720 166 
723 192 
725 7 
729 40 
730 244 
733 38 
736 46 
736 34 
738 69 
743 196 
745 21 
745 20 
746 140 
749 77 
754 240 
755 129 
758 99 
760 114 
763 118 
763 112 
764 773 
765 244 
767 955 
771 687 
771 128 
780 25 
784 791 
786 26 
786 17 
786 35 
787 19 
789 137 
791 353 
791 164 
796 133 
798 11 
798 15 
800 15 
801 55 
803 345 
806 353 
806 17 
806 73 
807 573 
808 90 
810 64 
810 58 
812 230 
812 55 
816 143 
818 5522 
820 47 
820 351 
822 86 
823 115 
824 193 
825 304 
826 58 
829 184 
829 11 
831 19 
831 94 
834 111 
838 4 
839 155 
849 63 
849 30 
849 44 
850 133 
853 183 
856 296 
857 817 
858 129 
860 55 
861 25 
866 38 
869 76 
870 93 
874 120 
885 50 
888 17 
888 319 
891 178 
891 83 
892 170 
896 12 
897 19 
900 36 
907 54 
908 922 
909 56 
911 56 
916 38 
921 21 
922 5 
923 2876 
928 467 
929 200 
931 260 
934 87 
937 290 
937 112 
938 193 
940 97 
949 220 
950 44 
953 174 
956 139 
961 66 
963 19 
967 24 
970 342 
970 104 
972 54 
975 191 
978 39 
979 48 
980 7 
982 33 
983 38 
990 312 
991 66 
993 89 
995 159 
996 58 
996 38 
1002 276 
1003 268 
1003 37 
1011 147 
1011 13 
1011 68 
1015 33 
1016 63 
1018 114 
1018 140 
1022 42 
1025 90 
1026 114 
1026 76 
1032 39 
1034 90 
1035 23 
1041 245 
1042 38 
1046 312 
1046 44 
1048 43 
1049 56 
1050 199 
1053 251 
1054 63 
1055 101 
1058 81 
1061 195 
1070 55 
1071 69 
1080 21 
1081 79 
1084 163 
1092 34 
1093 165 
1098 74 
1100 33 
1101 100 
1110 260 
1114 126 
1117 46 
1122 48 
1127 8 
1132 123 
1135 18 
1138 66 
1139 154 
1140 100 
1146 42 
1151 75 
1159 58 
1160 63 
1160 64 
1161 3 
1162 209 
1166 927 
1170 71 
1175 424 
1176 156 
1183 666 
1184 132 
1184 346 
1185 500 
1185 100 
1187 261 
1187 16 
1187 4 
1191 70 
1191 94 
1192 1 
1196 318 
1198 18 
1198 131 
1204 11 
1205 172 
1211 145 
1211 22 
1215 288 
1229 46 
1230 45 
1231 32 
1232 1007 
1232 97 
1232 268 
1236 69 
1237 15 
1243 11 
1244 21 
1250 364 
1258 201 
1258 13 
1258 55 
1262 8 
1264 469 
1264 111 
1264 31 
1270 145 
1275 36 
1280 105 
1281 15 
1289 32 
1290 48 
1291 82 
1295 21 
1296 10 
1296 39 
1297 515 
1297 24 
1298 8 
1301 161 
1307 163 
1318 143 
1320 6 
1322 41 
1329 121 
1336 22 
1337 436 
1340 76 
1344 7 
1353 76 
1356 161 
1356 73 
1361 46 
1366 239 
1366 29 
1368 12 
1380 17 
1382 14 
1383 31 
1385 77 
1388 69 
1391 17 
1392 124 
1392 413 
1397 16 
1397 87 
1401 68 
1408 13 
1420 48 
1426 120 
1433 29 
1436 190 
1439 5 
1441 138 
1447 79 
1454 2022 
1463 374 
1464 78 
1466 47 
1467 59 
1469 96 
1471 117 
1473 9 
1474 157 
1477 134 
1479 156 
1482 46 
1483 21 
1487 151 
1491 7 
1495 99 
1505 227 
1514 141 
1515 170 
1523 1066 
1523 98 
1525 30 
1527 18 
1529 974 
1533 72 
1535 73 
1536 103 
1540 230 
1540 50 
1542 257 
1542 21 
1542 71 
1546 30 
1550 24 
1553 5 
1561 49 
1569 278 
1569 75 
1571 4847 
1572 71 
1573 94 
1586 13 
1587 73 
1590 188 
1600 91 
1602 289 
1603 15 
1605 25 
1606 292 
1609 60 
1612 40 
1618 63 
1619 25 
1625 63 
1627 101 
1630 58 
1631 401 
1632 111 
1632 63 
1633 38 
1634 63 
1641 223 
1643 121 
1648 22 
1653 218 
1653 112 
1654 15 
1655 129 
1657 70 
1659 60 
1661 64 
1662 94 
1668 27 
1676 59 
1687 272 
1690 21 
1691 62 
1696 8 
1698 130 
1708 194 
1712 24 
1715 422 
1717 219 
1718 136 
1729 227 
1743 71 
1744 18 
1750 146 
1751 144 
1762 43 
1768 59 
1769 747 
1772 136 
1780 15 
1784 101 
1786 167 
1797 11 
1798 46 
1801 61 
1804 528 
1811 9 
1816 73 
1821 33 
1823 25 
1833 31 
1835 141 
1837 55 
1840 147 
1843 86 
1845 74 
1857 116 
1864 33 
1867 47 
1875 3 
1881 9 
1884 11 
1892 947 
1894 609 
1898 119 
1899 9 
1922 19 
1926 57 
1927 21 
1940 383 
1946 140 
1949 9 
1953 3 
1956 8 
1956 10 
1962 429 
1966 103 
1969 88 
2008 57 
2012 164 
2019 357 
2024 201 
2030 3 
2041 3 
2042 473 
2044 8 
2047 65 
2048 259 
2049 242 
2050 106 
2055 130 
2059 331 
2065 120 
2070 261 
2071 16 
2075 185 
2079 49 
2087 202 
2088 41 
2097 174 
2102 105 
2108 188 
2115 10 
2116 729 
2119 69 
2127 37 
2127 64 
2135 19 
2142 329 
2143 10 
2172 235 
2175 595 
2180 29 
2194 16 
2197 8 
2203 101 
2209 168 
2211 53 
2217 551 
2222 76 
2222 321 
2223 259 
2230 24 
2230 15 
2231 65 
2234 20 
2254 145 
2255 12 
2268 11 
2275 128 
2276 144 
2279 121 
2283 260 
2283 87 
2283 206 
2287 71 
2289 144 
2289 79 
2290 35 
2294 108 
2294 64 
2297 151 
2301 38 
2302 27 
2305 7 
2312 33 
2320 25 
2334 19 
2334 124 
2338 17 
2339 74 
2341 105 
2348 49 
2358 47 
2362 21 
2372 41 
2382 19 
2389 170 
2393 184 
2404 480 
2406 57 
2411 25 
2411 51 
2414 156 
2420 14 
2431 12 
2443 83 
2449 70 
2451 13 
2455 59 
2461 22 
2468 104 
2476 162 
2478 51 
2499 105 
2503 118 
2505 104 
2524 23 
2530 31 
2531 177 
2539 21 
2544 114 
2545 174 
2549 46 
2555 41 
2561 44 
2572 150 
2577 42 
2581 9 
2590 81 
2597 25 
2604 12 
2611 91 
2619 5 
2631 23 
2643 10 
2661 14 
2667 64 
2669 72 
2674 99 
2679 59 
2680 31 
2681 22 
2692 14 
2705 569 
2709 15 
2713 38 
2713 79 
2715 27 
2721 103 
2728 37 
2730 68 
2739 16 
2740 71 
2754 35 
2760 76 
2763 42 
2768 296 
2770 49 
2780 38 
2797 307 
2799 383 
2799 120 
2800 11 
2803 25 
2808 23 
2819 732 
2828 77 
2832 51 
2837 33 
2839 9 
2842 37 
2854 35 
2860 19 
2864 11 
2873 35 
2877 30 
2882 25 
2885 10 
2893 49 
2896 123 
2900 35 
2912 52 
2912 14 
2922 33 
2926 42 
2937 49 
2955 8 
2959 10 
2968 88 
2969 51 
2975 25 
2995 20 
2997 64 
3010 488 
3014 76 
3019 13 
3027 10776 
3028 42 
3032 73 
3040 158 
3040 27 
3053 108 
3067 9 
3078 91 
3084 18 
3089 48 
3095 7 
3099 20 
3103 161 
3109 400 
3133 50 
3137 245 
3152 1206 
3159 38 
3163 183 
3168 93 
3190 18 
3240 51 
3240 276 
3245 31 
3264 89 
3265 35 
3269 25 
3296 226 
3303 18 
3309 36 
3331 92 
3338 849 
3366 51 
3377 122 
3379 30 
3383 150 
3433 77 
3441 139 
3442 29 
3446 41 
3449 5 
3453 11 
3456 19 
3460 46 
3464 24 
3466 50 
3472 155 
3473 26 
3474 537 
3481 11 
3505 40 
3525 14 
3529 15 
3541 21 
3545 61 
3549 95 
3555 17 
3564 70 
3565 39 
3570 177 
3570 130 
3575 361 
3581 535 
3590 63 
3595 3 
3597 62 
3606 47 
3611 112 
3611 27 
3612 22 
3613 226 
3619 70 
3626 17 
3644 77 
3650 27 
3701 2 
3724 42 
3731 149 
3732 5 
3754 99 
3759 50 
3760 21 
3776 56 
3794 13 
3805 11 
3818 42 
3823 8 
3824 94 
3826 81 
3833 71 
3833 61 
3835 130 
3855 68 
3859 215 
3865 15 
3872 20 
3885 26 
3888 23 
3896 28 
3906 131 
3915 17 
3920 50 
3949 59 
3949 109 
3959 42 
3959 27 
3966 38 
3971 78 
3993 604 
3994 17 
3997 9 
4000 35 
4027 138 
4043 4 
4046 96 
4061 12 
4069 117 
4085 154 
4095 96 
4096 193 
4101 31 
4108 36 
4111 50 
4114 73 
4121 76 
4145 91 
4146 56 
4150 546 
4153 68 
4158 61 
4164 51 
4168 7 
4186 16 
4190 91 
4191 5 
4203 32 
4207 312 
4242 43 
4270 130 
4276 303 
4283 65 
4297 92 
4299 117 
4305 199 
4311 25 
4315 134 
4317 276 
4327 22 
4329 72 
4347 30 
4350 5 
4354 7 
4361 686 
4373 39 
4394 13 
4398 76 
4421 109 
4430 165 
4436 20 
4439 19 
4449 50 
4453 46 
4455 43 
4467 26 
4482 57 
4499 94 
4525 21 
4529 10 
4529 114 
4539 28 
4548 21 
4549 528 
4551 39 
4551 205 
4554 45 
4576 149 
4577 28 
4589 31 
4596 6 
4596 44 
4602 84 
4605 8 
4607 6 
4627 37 
4631 37 
4656 51 
4657 251 
4660 14 
4661 72 
4679 40 
4691 56 
4692 40 
4703 37 
4705 32 
4726 106 
4732 223 
4734 67 
4755 17 
4758 41 
4761 26 
4762 227 
4815 21 
4819 11 
4822 15 
4847 11 
4849 42 
4850 39 
4856 409 
4886 124 
4891 153 
4910 16 
4912 3363 
4925 69 
4929 5 
4943 74 
4957 39 
5007 28 
5049 225 
5058 448 
5058 10 
5066 37 
5068 37 
5075 34 
5127 51 
5132 14 
5151 109 
5169 81 
5172 16 
5180 46 
5182 58 
5204 167 
5206 295 
5216 26 
5224 99 
5224 9 
5236 39 
5243 105 
5304 11 
5319 17 
5325 398 
5339 47 
5358 156 
5363 23 
5376 46 
5392 17 
5402 17 
5403 54 
5425 20 
5438 54 
5441 518 
5452 2 
5477 89 
5491 24 
5528 157 
5556 16 
5565 442 
5573 42 
5611 11 
5635 17 
5649 71 
5663 170 
5666 67 
5670 17 
5672 43 
5679 34 
5686 16 
5706 20 
5722 29 
5729 121 
5734 41 
5765 26 
5782 40 
5793 419 
5813 344 
5823 54 
5832 49 
5855 69 
5864 58 
5871 23 
5896 50 
5935 67 
5936 9 
5949 48 
5953 43 
5954 124 
5967 62 
5977 73 
5986 53 
5989 69 
6002 35 
6013 76 
6021 71 
6043 19 
6058 55 
6058 6030 
6060 12 
6127 134 
6143 73 
6167 168 
6167 171 
6177 53 
6179 11 
6183 19 
6183 165 
6191 72 
6219 80 
6241 52 
6251 51 
6277 8 
6282 13 
6286 22 
6287 83 
6299 45 
6316 172 
6320 174 
6327 81 
6351 21 
6376 68 
6405 6 
6409 40 
6412 27 
6492 94 
6503 15 
6505 47 
6513 4914 
6533 130 
6547 27 
6556 54 
6593 10 
6633 30 
6661 18 
6698 104 
6719 251 
6732 63 
6752 94 
6794 46 
6812 19 
6835 0 
6861 33 
6874 98 
6876 87 
6880 92 
6882 47 
6885 11 
6892 25 
6938 87 
6940 7 
6953 9 
6964 45 
6965 79 
6969 59 
6990 24 
7000 64 
7006 45 
7007 95 
7056 7 
7074 15 
7079 12 
7090 25 
7096 31 
7101 5 
7107 51 
7142 13 
7208 45 
7213 136 
7238 40 
7264 208 
7269 238 
7272 11 
7297 20 
7301 6 
7318 50 
7321 57 
7323 46 
7365 40 
7371 2 
7373 72 
7383 217 
7386 72 
7412 150 
7431 80 
7435 1847 
7445 156 
7446 104 
7451 161 
7456 184 
7464 289 
7469 16 
7469 73 
7528 91 
7551 172 
7560 102 
7591 31 
7611 334 
7632 238 
7666 35 
7675 32 
7679 25 
7740 43 
7752 66 
7791 19 
7815 43 
7820 64 
7824 60 
7861 5 
7897 152 
7909 4817 
7920 806 
7927 19 
7953 88 
7980 59 
7983 23 
8036 1885 
8040 29 
8065 5 
8100 20 
8184 15 
8214 50 
8242 171 
8251 13 
8256 13 
8273 26 
8274 5 
8324 75 
8355 57 
8372 31 
8378 29 
8393 3394 
8397 109 
8408 128 
8410 47 
8413 4 
8421 24 
8429 207 
8468 24 
8469 535 
8472 28 
8496 73 
8508 21 
8575 285 
8590 74 
8618 16 
8639 51 
8687 73 
8710 59 
8721 37 
8748 32 
8774 95 
8774 95 
8777 39 
8777 39 
8799 335 
8799 89 
8799 335 
8799 89 
8810 10 
8810 10 
8813 177 
8813 177 
8814 125 
8814 125 
8815 19 
8815 19 
8858 20 
8925 15 
8953 56 
8978 18 
8983 107 
9024 4 
9061 12 
9070 12 
9071 17 
9071 14 
9075 53 
9091 45 
9132 75 
9165 110 
9191 7 
9202 90 
9233 87 
9243 91 
9255 75 
9308 3 
9315 54 
9327 174 
9331 32 
9359 70 
9408 41 
9470 6 
9508 13 
9512 9 
9585 13 
9630 21 
9666 51 
9676 174 
9680 192 
9701 57 
9725 154 
9790 98 
9814 53 
9838 17 
9863 85 
9908 189 
9936 5 
9968 116 
10066 10 
10085 18 
10086 42 
10096 19 
10105 7 
10106 43 
10116 72 
10123 35 
10123 35 
10176 271 
10177 125 
10204 1 
10207 40 
10207 14 
10260 58 
10297 30 
10334 123 
10482 14 
10559 5 
10665 63 
10740 4 
10784 52 
10798 47 
10960 108 
11031 8 
11077 63 
11080 13 
11100 12 
11118 118 
11135 53 
11166 69 
11186 11 
11220 12 
11274 21 
11310 12 
11335 241 
11346 4 
11356 35 
11362 12 
11407 50 
11434 76 
11446 5 
11537 240 
11539 18 
11600 55 
11614 1270 
11640 41 
11646 30 
11679 34 
11680 13 
11735 33 
11746 118 
11763 47 
11765 46 
11783 23 
11805 73 
11835 14 
11854 43 
11858 138 
11913 16 
11944 142 
11948 124 
11978 85 
12045 16 
12054 3 
12066 40 
12077 20 
12124 11 
12152 12 
12187 268 
12214 7 
12293 76 
12410 60 
12444 113 
12461 35 
12485 31 
12487 9 
12496 249 
12553 69 
12560 33 
12577 27 
12600 131 
12603 75 
12643 13 
12665 17 
12666 225 
12667 252 
12712 25 
12730 261 
12759 29 
12772 98 
12823 256 
12873 82 
12891 162 
12908 106 
13029 20 
13121 7 
13134 74 
13136 16 
13167 51 
13235 10 
13259 27 
13290 1111 
13290 37 
13304 1414 
13305 56 
13320 216 
13325 12 
13357 7 
13363 76 
13417 1 
13449 139 
13555 12 
13558 0 
13600 49 
13714 16 
13743 69 
13764 50 
13850 26 
13893 5 
13909 10 
13981 21 
14025 472 
14111 27 
14188 3 
14203 378 
14258 25 
14305 22 
14356 24 
14359 22 
14381 29 
14410 11 
14442 5 
14456 17 
14472 32 
14496 49 
14525 4 
14543 109 
14545 44 
14550 88 
14645 455 
14675 278 
14696 104 
14708 92 
14828 15 
14841 114 
14912 44 
15004 17 
15044 4 
15059 0 
15098 34 
15137 4 
15171 9 
15210 7 
15313 32 
15436 12 
15488 46 
15517 18 
15518 24 
15535 47 
15547 162 
15557 118 
15562 21 
15563 20 
15608 15 
15634 36 
15682 73 
15725 3 
15756 24 
15775 29 
15800 3 
15830 22 
15994 22 
16085 353 
16105 40 
16172 16 
16182 11 
16196 9 
16208 20 
16461 9 
16552 384 
16583 48 
16612 229 
16613 1052 
16649 63 
16656 94 
16680 49 
16718 58 
16743 30 
16764 45 
16770 21 
16788 35 
16825 41 
16829 36 
16869 27 
16876 57 
16943 54 
17067 9 
17078 340 
17100 23 
17113 16 
17152 23 
17190 21 
17190 61 
17203 97 
17345 48 
17556 27 
17579 72 
17588 33 
17593 16 
17621 183 
17719 43 
17739 7 
17815 25 
17911 19 
18032 159 
18067 108 
18079 19 
18226 10 
18339 10 
18427 25 
18474 6 
18560 370 
18568 34 
18612 100 
18654 21 
18664 22 
18680 16 
18736 17 
18989 18 
19035 52 
19096 84 
19119 70 
19137 8 
19166 15803 
19204 77 
19248 88 
19318 45 
19387 126 
19750 5 
19803 7 
19839 192 
19862 68 
19909 14 
20027 154 
20033 26 
20049 29 
20104 41 
20172 32 
20173 9 
20285 117 
20312 41 
20320 8 
20549 56 
20559 7 
20617 48 
20628 97 
21017 100 
21019 65 
21025 7 
21033 13 
21099 22 
21119 153 
21132 168 
21254 14 
21457 11 
21517 10 
21621 40 
21625 67 
21700 18 
21915 25 
21959 34 
22124 661 
22139 142 
22147 43 
32613 12 
32635 30 
32700 19 
32751 1059 
32848 12 
33036 63 
33249 11 
33299 23 
33419 86 
33787 137 
33893 15 
33946 36 
33990 14 
34275 0 
34542 11 
34543 20 
34844 336 
34850 1316 
34907 33 
35421 7 
35565 8 
35626 8 
35632 5 
35989 28 
36129 345 
36149 17 
36259 75 
36316 10 
36515 6 
36519 38 
36643 400 
36962 20 
37296 22 
37312 7 
37354 107 
37637 199 
38048 21 
38247 231 
38388 9 
38506 103 
38624 79 
38936 9 
39429 21 
39576 104 
39793 28 
39865 7 
40001 8 
40017 36 
40246 74 
40474 18 
40811 20 
40817 4 
41296 35 
41358 40 
41367 275 
42176 30 
42691 23 
42761 20 
43501 82 
43661 2 
43716 544 
44554 59 
44558 11 
44948 92 
45133 98 
45840 6 
45882 3 
46009 27 
46792 4 
47638 31 
47794 18 
48154 80 
48217 90 
48617 791 
48925 8 
48977 40 
49284 13 
49914 19 
49950 162 
50000 554 
50088 307 
50348 16 
52411 10 
52593 32 
52790 13 
53378 60 
54460 14 
55225 6 
55440 12 
56636 4465 
56687 368 
56977 145 
57240 17 
58167 62 
59888 20 
60047 29 
62232 623 
62445 10 
62628 14 
62915 2 
63271 15 
63369 24 
63939 7 
64089 14 
64667 872 
64944 5 
65722 20 
66303 14 
66428 24 
66564 8 
66820 6 
67218 7 
67268 1 
67487 10 
68356 61 
68598 19 
68845 37 
68864 27 
69286 11 
70775 5 
71253 389 
71285 857 
73276 81 
73619 151 
74932 79 
75394 317 
75493 20177 
75514 237 
75634 5038 
75999 6 
76104 20 
76448 21 
76748 34 
77351 13 
77688 38 
78782 20 
78792 319 
79031 44 
79359 33 
80764 11 
81023 16 
81341 9 
81723 7 
82019 23 
82464 11 
82559 25 
82952 2448 
82982 428 
83302 533 
83722 3379 
83727 374 
83785 14 
84333 4 
84383 5 
86100 40 
86479 138 
87203 12 
87984 317 
88340 59 
88910 13 
88951 108 
88955 17 
89146 7 
89635 29 
90056 3890 
90641 1493 
90757 2 
92768 72 
94639 7 
95240 49 
95273 19 
95568 220 
95758 122 
96490 28 
97456 47 
98064 47 
98662 60 
100722 113 
103908 133 
107417 0 
107437 91 
109049 214 
110831 33 
111529 107 
112367 36 
113307 11 
116090 142 
116725 180 
117437 51 
117527 47 
117785 19 
118014 2 
118108 102 
118204 42 
118421 78 
118756 43 
118898 9 
119375 60 
119533 72 
122343 128 
123601 176 
124728 461 
124971 547 
125327 24 
125372 388 
125736 423 
126140 4 
127095 25 
127525 6 
127546 25 
128137 61 
128967 20 
129783 91 
130782 117 
132396 77 
132852 1431 
133537 40 
134152 291 
137449 9007 
137486 575 
137524 24 
137543 734 
137625 232 
137725 2 
137981 355 
138763 132 
139266 148 
142354 90 
149979 162 
155587 15 
157627 5 
158856 148 
158940 12 
160330 39 
161703 3 
162730 44 
163983 67 
164078 250 
166023 122 
166627 108 
167422 9 
168833 28 
171480 57 
172529 254 
180737 85 
181176 52 
191944 184 
192267 151 
193544 1458 
194212 61 
196828 88 
199897 90 
205817 507 
206116 49 
210193 3 
211300 15 
213339 9 
213626 9 
214447 7 
231559 181 
239153 34 
243967 37 
248438 11 
251214 63 
252478 374 
254241 104 
257844 7 
258054 2 
264634 2 
273181 35 
281816 745 
281909 67 
285630 37 
287108 109 
293381 107 
295304 65 
300815 328 
300879 283 
305154 113 
306687 152 
307343 33 
307798 12 
309332 439 
323199 44 
325781 3 
331047 503 
334024 606 
337031 187 
343214 22 
344223 83 
346485 42 
347548 412 
353215 28 
359408 28 
365845 150 
375001 131 
377275 33 
378770 52 
379119 91 
387189 83 
388731 21 
393828 3 
395358 230 
396192 87 
398008 403 
402411 21 
406421 3 
408364 45 
409737 45 
422266 1125 
429032 29 
440398 61 
449136 3 
449401 96 
467086 33 
467621 147 
477264 890 
479043 43 
479623 164 
483004 22 
486178 1640 
493816 997 
502945 24 
503008 4 
513583 194598 
513593 911 
513600 96 
513604 145 
513608 361 
513612 216 
513615 160 
513617 453 
513618 388 
513619 319 
513619 130 
513622 153 
513623 339 
513624 181 
513626 43 
513627 628 
513631 228 
513632 247 
513639 375 
513642 178 
513650 382 
513654 28 
513655 719 
513655 156 
513657 209 
513669 197 
513679 79 
513681 496 
513684 393 
513686 675 
513689 31 
513693 2747 
513700 105 
513704 159 
513704 216 
513706 110 
513708 524 
513717 120 
513722 603 
513725 152 
513727 121 
513727 197 
513730 232 
513732 193 
513749 69 
513750 106 
513761 298 
513763 1399 
513769 192 
513775 167 
513787 231 
513788 182 
513844 92 
513846 384 
513861 84 
513865 138 
513865 11 
513866 680 
513877 160 
513879 114 
513885 545 
513887 208 
513915 62 
513919 114 
513923 227 
513944 527 
513960 174 
513961 272 
513969 119 
513973 127 
513984 290 
513990 302 
513993 62 
513999 351 
513999 38 
514010 154 
514031 266 
514097 131 
514099 454 
514103 853 
514123 44 
514124 774 
514134 123 
514144 153 
514188 89 
514202 260 
514227 105 
514255 162 
514287 23 
514289 132 
514368 419 
514418 242 
514440 259 
514471 298 
514477 180 
514521 103 
514521 78 
514639 53 
514723 189 
514747 60 
514952 310 
514972 226 
515036 55 
515060 70 
515322 320 
515392 122 
515527 20 
515557 74 
515717 497 
515725 93 
515739 443 
515743 19 
515840 132 
515968 37 
516206 109 
516366 390 
516462 309 
516691 50 
516739 43 
516750 172 
516759 93 
516867 22 
516937 95 
517212 154 
517284 268 
517520 124 
517522 39 
517610 137 
517690 23 
517708 169 
518010 58 
518768 66 
519230 23 
519242 185 
519273 26 
519363 86 
519526 53 
519561 475 
520006 52 
520416 21 
520495 20 
520902 126 
521734 64 
522031 807 
522165 203 
522381 115 
522541 115 
522625 164 
524499 71 
524885 105 
525340 19 
526166 14 
526376 393 
526528 116 
528620 26 
528852 66 
533399 4945 
533577 28480 
533663 374 
533751 48 
533797 269 
533804 371 
534038 728 
534076 50 
534164 821 
534181 84 
534210 14 
534212 252 
534240 730 
534300 124 
534423 139 
534526 33 
534534 205 
534609 46 
535145 48 
535159 50 
535373 97 
535448 318 
535524 40 
536126 10 
536133 82 
536615 694 
537103 215 
538016 9 
538039 478 
539913 74 
546349 170 
552197 21 
554697 137 
559407 162 
559623 6 
572827 728 
572926 205 
574361 194 
574900 74 
577253 65 
594278 1498 
595726 29 
597205 115 
597512 1925 
599755 91 
600972 1066 
602280 40 
