3673 6.23142361111
0 704143 
6 246 
8 163 
8 195 
9 430 
10 204 
10 245 
11 213 
12 72 
13 108 
14 104 
14 326 
14 212 
14 131 
14 55 
15 38 
16 223 
16 117 
16 95 
17 375 
19 46 
20 62 
21 459 
22 76 
25 74 
25 379 
25 188 
25 118 
26 499 
27 172 
27 72 
27 120 
28 46 
28 9 
28 25 
29 274 
29 96 
29 39 
30 294 
30 253 
30 55 
31 157 
31 54 
31 109 
32 748 
32 43 
32 66 
33 36 
33 23 
33 37 
34 32 
34 94 
34 18 
35 83 
36 60 
36 63 
36 74 
36 109 
37 24 
37 151 
37 665 
37 66 
37 102 
38 139 
38 61 
38 106 
38 203 
39 198 
39 81 
39 105 
40 8 
40 66 
40 22 
40 19 
41 55 
41 255 
41 104 
41 225 
41 105 
42 23 
42 110 
43 1947 
43 234 
43 107 
43 655 
44 495 
44 68 
44 128 
44 52 
45 23 
45 189 
45 30 
46 432 
46 149 
46 249 
47 215 
47 15 
48 45 
48 38 
48 258 
48 53 
48 204 
49 183 
49 300 
49 46 
49 2 
50 42 
50 91 
50 87 
50 7 
50 70 
51 51 
51 967 
51 7 
51 130 
53 145 
53 87 
53 343 
53 135 
53 764 
53 33 
53 69 
53 35 
54 22 
54 27 
54 73 
54 23 
54 152 
54 35 
55 128 
55 44 
55 18 
56 193 
56 117 
56 79 
56 122 
56 111 
57 21 
58 49 
58 63 
58 132 
59 1230 
59 158 
59 364 
59 38 
60 97 
60 81 
60 54 
60 44 
61 98 
61 57 
61 62 
61 33 
61 61 
61 63 
61 74 
62 10 
62 53 
62 86 
62 56 
62 103 
63 18 
63 51 
63 617 
63 131 
63 34 
63 74 
64 35 
64 18 
64 195 
65 66 
65 87 
65 71 
65 238 
65 100 
66 314 
66 129 
66 166 
66 135 
66 828 
66 99 
67 40 
67 2 
67 67 
67 38 
67 392 
69 1460 
69 99 
69 109 
69 161 
69 542 
70 273 
70 50 
70 954 
71 105 
71 80 
71 14 
71 38 
71 137 
71 99 
71 73 
71 291 
72 122 
72 48 
72 40 
72 48 
72 62 
73 23 
74 79 
75 152 
75 1938 
75 52 
75 68 
76 64 
76 378 
76 107 
77 57 
78 114 
78 378 
78 3 
79 4 
79 31 
79 61 
80 25 
80 59 
81 180 
81 31 
81 103 
81 20 
82 17 
82 417 
82 95 
82 296 
82 121 
82 96 
83 20 
83 223 
83 38 
85 35 
85 69 
85 75 
85 46 
86 33 
86 81 
86 491 
87 76 
87 118 
87 11 
87 103 
88 41 
88 338 
88 131 
88 1 
88 164 
89 325 
89 4 
89 301 
89 19 
89 164 
89 11 
89 17 
89 14 
90 115 
90 398 
90 176 
91 31 
91 59 
91 47 
91 71 
92 154 
92 155 
92 23 
92 58 
92 237 
92 46 
92 2 
92 115 
93 65 
93 33 
93 117 
93 46 
93 97 
93 1230 
93 121 
94 69 
94 6 
94 43 
94 311 
94 57 
94 128 
94 146 
94 254 
94 39 
94 88 
95 260 
95 107 
95 312 
95 53 
95 100 
96 78 
96 361 
96 56 
97 85 
97 102 
98 117 
98 167 
98 203 
99 67 
99 29 
100 19 
100 35 
100 117 
100 2 
100 62 
101 7 
101 36 
101 68 
101 116 
101 47 
102 23 
102 57 
102 95 
102 200 
102 48 
103 121 
103 247 
103 278 
103 150 
103 36 
103 105 
104 61 
104 867 
104 155 
105 19 
105 73 
105 128 
105 369 
106 20 
107 8 
107 127 
107 52 
107 75 
107 15 
107 159 
108 40 
108 105 
108 26 
108 275 
108 36 
108 53 
109 296 
109 100 
109 70 
110 16 
110 15 
110 84 
110 22 
110 87 
110 97 
110 168 
110 88 
111 34 
111 185 
111 25 
111 528 
112 50 
112 41 
112 24 
112 29 
113 87 
113 41 
113 171 
113 189 
113 37 
114 814 
115 75 
115 89 
115 95 
115 35 
116 112 
116 114 
116 23 
117 83 
117 124 
117 9 
118 66 
119 18 
119 272 
119 126 
119 33 
119 47 
120 21 
120 39 
120 8 
120 42 
120 60 
121 32 
121 75 
121 21 
122 92 
122 90 
122 81 
122 55 
123 58 
123 18 
123 21 
123 27 
123 43 
123 310 
123 114 
123 47 
124 18 
124 30 
124 299 
124 104 
124 136 
125 76 
125 84 
125 32 
125 127 
126 149 
126 18 
126 102 
126 16 
127 74 
127 178 
127 24 
128 47 
128 6 
128 47 
128 30 
128 71 
128 61 
129 96 
129 60 
129 64 
129 207 
129 40763 
129 42 
129 1389 
130 34 
130 107 
130 85 
131 23 
131 163 
131 119 
131 92 
131 820 
132 164 
132 57 
132 124 
132 97 
132 128 
133 44 
133 86 
133 22 
133 38 
133 193 
134 104 
134 67 
134 133 
134 18 
136 99 
136 108 
136 19 
136 49 
137 22 
138 174 
138 48 
139 50 
139 54 
139 104 
139 90 
139 31 
140 113 
140 55 
140 21 
141 98 
141 45 
142 46 
142 89 
142 5 
143 16 
143 23 
143 144 
143 128 
144 74 
144 61 
145 21 
145 143 
145 702 
145 254 
146 336 
146 6 
146 75 
147 35 
147 45 
147 132 
148 15 
148 20 
149 451 
149 116 
149 38 
150 131 
150 93 
150 116 
150 223 
151 37 
152 43 
152 193 
153 74 
153 171 
154 84 
154 35 
155 251 
155 156 
155 38 
155 15 
155 63 
156 184 
156 132 
156 117 
156 18 
157 66 
157 281 
158 462 
158 15 
158 445 
158 108 
158 85 
158 67 
159 65 
159 71 
159 59 
159 196 
160 60 
160 111 
160 18 
161 82 
161 33 
161 65 
163 14 
163 41 
163 39 
164 115 
164 69 
164 13 
165 26 
165 63 
165 71 
165 85 
165 89 
165 90 
166 106 
166 3 
167 67 
167 33 
168 28 
168 100 
168 87 
168 75 
168 126 
169 163 
169 52 
169 93 
170 139 
170 49 
170 79 
170 43 
170 12 
170 35 
171 90 
171 43 
171 10 
171 14 
172 183 
172 52 
173 87 
173 12 
173 268 
174 38 
174 20 
174 131 
174 147 
174 49 
174 22 
175 36 
175 34 
175 79 
175 70 
176 720 
176 35 
176 48 
176 88 
177 14 
177 122 
177 258 
177 82 
178 91 
178 186 
178 171 
178 95 
178 157 
179 41 
179 32 
179 26 
179 217 
180 66 
180 73 
180 4 
180 272 
181 44 
181 43 
182 598 
182 198 
182 79 
183 149 
183 6 
183 73 
184 136 
184 7 
184 26 
185 16 
185 90 
185 99 
185 16 
185 31 
185 228 
186 181 
187 224 
187 44 
187 82 
188 65 
188 41 
189 18 
189 48 
189 165 
189 63 
189 77 
191 10 
191 115 
191 112 
192 447 
192 27 
192 327 
192 50 
193 64 
193 107 
193 399 
193 25 
193 215 
194 52 
194 82 
194 75 
195 77 
195 104 
195 110 
196 16 
196 543 
197 4414 
197 139 
197 11 
197 241 
197 23 
198 90 
198 407 
198 72 
199 92 
200 1525 
200 56 
200 311 
201 66 
201 1 
201 12 
201 237 
202 12 
203 54 
203 349 
203 91 
203 139 
204 55 
204 22 
204 189 
204 261 
206 5991 
206 211 
206 44 
206 157 
206 156 
207 9 
207 27 
207 19 
208 73 
208 10 
208 15 
208 13 
209 33 
210 10 
210 1 
210 59 
211 82 
211 206 
211 105 
212 84 
212 102 
213 8 
213 73 
213 107 
213 72 
214 17 
214 94 
215 85 
215 69 
215 140 
215 98 
216 78 
216 70 
217 66 
218 69 
219 3 
220 19 
220 23 
220 117 
220 68 
220 19 
221 20 
221 200 
222 83 
222 19 
222 27 
223 68 
225 39 
225 41 
226 138 
226 132 
226 130 
227 32 
227 11 
227 42 
229 39 
229 309 
230 66 
230 30 
230 80 
231 713 
231 35 
231 25 
231 103 
232 16 
233 55 
233 26 
234 236 
234 67 
234 123 
235 45 
235 86 
235 46 
235 85 
235 14 
236 19 
236 112 
237 115 
237 299 
237 0 
237 15 
238 28 
239 95 
239 43 
240 62 
240 25 
240 11 
240 345 
240 49 
241 24 
241 31 
242 70 
242 90 
243 91 
243 21 
243 19 
243 15 
244 9 
244 24 
244 218 
244 25 
245 148 
245 62 
246 75 
248 57 
248 109 
248 23 
249 199 
249 15 
250 277 
251 33 
251 18 
252 36 
252 43 
253 41 
253 63 
255 13 
256 71 
256 95 
256 130 
258 158 
259 17 
259 8 
260 33 
260 64 
260 27 
261 51 
261 54 
261 76 
262 25 
262 250 
262 15 
263 51 
263 154 
263 0 
263 379 
264 47 
264 72 
264 294 
264 48 
265 91 
266 9 
267 48 
268 59 
270 22 
270 28 
270 37 
271 3 
271 38 
272 582 
272 81 
272 173 
272 25 
273 148 
273 38 
274 238 
274 30 
274 47 
274 173 
276 47 
277 56 
278 37 
278 64 
279 34 
279 59 
279 166 
281 88 
282 47 
283 66 
283 23 
283 24 
283 131 
284 18 
284 239 
285 3 
285 101 
285 111 
286 39 
286 112 
287 531 
287 38 
288 62 
288 235 
289 36 
289 67 
289 26 
289 17 
290 24 
291 13 
291 11 
291 107 
292 56 
294 65 
294 21 
295 16 
295 77 
295 29 
295 44 
295 57 
297 388 
297 67 
297 68 
297 553 
298 67 
299 3 
300 35 
300 36 
300 354 
301 5 
301 14 
301 69 
301 82 
301 94 
302 27 
303 91 
304 245 
304 57 
304 59 
304 8 
305 2406 
306 38 
306 91 
306 63 
306 583 
307 379 
307 37 
307 399 
307 19 
307 144 
308 13 
309 1311 
309 30 
310 17 
311 58 
311 44 
312 58 
313 30 
314 21 
314 66 
314 25 
315 9 
316 17 
316 57 
316 28 
317 3 
317 102 
317 87 
318 31 
319 50 
319 6 
319 12 
320 120 
320 72 
322 45 
322 80 
323 60 
325 35 
326 120 
326 27 
326 56 
329 84 
329 51 
329 3 
331 35 
331 94 
331 82 
332 29 
332 12 
332 59 
332 44 
333 95 
334 355 
335 319 
335 77 
335 33 
335 4 
336 28 
338 97 
339 112 
340 153 
342 44 
342 69 
342 27 
342 17 
344 123 
346 4 
346 27 
347 84 
347 240 
348 191 
348 148 
349 83 
349 0 
350 7 
350 71 
351 20 
351 171 
351 68 
351 28 
352 33 
353 139 
354 69 
354 109 
354 82 
354 89 
355 14 
356 2 
356 46 
357 179 
357 18 
358 93 
360 56 
361 104 
362 19 
362 13 
363 65 
363 11 
364 83 
365 447 
365 40 
366 150 
366 20 
366 2 
367 35 
368 30 
368 111 
369 35 
370 35 
370 45 
372 118 
374 30 
374 51 
375 37 
375 23 
376 24 
377 124 
377 30 
377 86 
378 50 
378 42 
378 80 
379 111 
381 77 
381 36 
381 54 
381 43 
381 15 
382 319 
383 38 
384 31 
385 580 
385 98 
385 200 
387 82 
387 39 
389 82 
389 11 
390 38 
391 131 
391 127 
391 49 
392 192 
392 33 
392 138 
393 148 
393 126 
393 127 
394 36 
395 12 
395 26 
395 77 
396 158 
397 39 
398 27 
399 71 
401 88 
404 34 
404 40 
405 320 
406 47 
407 53 
407 221 
408 50 
411 23 
412 246 
412 163 
413 161 
414 42 
417 37 
417 26 
418 206 
418 26 
418 13 
419 55 
419 37 
421 6 
421 49 
421 76 
423 15 
423 23 
424 114 
426 75 
426 36 
427 2451 
427 150 
428 14 
428 72 
432 23 
433 69 
433 25 
433 42 
433 37737 
434 63 
435 46 
436 130 
436 44 
437 25 
438 47 
438 125 
439 124 
439 69 
439 74 
439 107 
441 52 
442 209 
442 72 
442 90 
445 124 
445 44 
447 154 
451 18 
451 69 
452 156 
453 16481 
457 95 
457 123 
458 8 
458 21 
459 51 
460 64 
460 37 
461 87 
461 287 
461 75 
461 77 
462 315 
462 268 
462 76 
463 155 
465 27 
467 47 
467 311 
467 17 
468 18 
468 28 
468 5 
468 25 
469 29 
471 63 
471 143 
472 287 
472 92 
473 14 
475 37 
476 112 
477 17 
477 22 
478 95 
478 29 
479 54 
479 4 
480 22 
480 58 
480 18 
481 153 
481 191 
482 59 
484 113 
484 19 
485 43 
485 10 
488 110 
489 11 
491 67 
491 35 
491 17 
492 18 
494 57 
495 34 
495 186 
496 372 
497 74 
498 73 
499 105 
499 76 
500 11 
500 162 
500 36 
500 68 
503 24 
504 141 
504 36 
505 84 
506 16 
506 37 
509 28 
510 44 
510 211 
510 32 
510 22 
511 57 
513 279 
513 25 
514 7 
514 83 
514 833 
516 259 
516 30 
517 15 
519 23 
520 80 
520 115 
520 33 
522 22 
524 9 
525 3 
525 189 
527 81 
527 9 
527 21 
527 89 
529 41 
529 16 
529 15 
529 41 
529 96 
533 53 
533 8 
533 124 
534 21 
537 239 
537 379 
538 51 
539 113 
540 26 
540 78 
540 60 
541 57 
543 34 
543 79 
544 26 
546 74 
547 657 
547 58 
547 292 
548 15 
548 29 
548 52 
549 2241 
549 220 
550 47 
551 11 
551 243 
552 53 
553 5 
554 5 
555 52 
555 52 
555 83 
557 169 
559 54 
560 11 
561 79 
561 29 
561 104 
562 560 
562 36 
563 121 
563 80 
564 67 
564 30 
564 46 
564 47 
566 18 
569 112 
571 12 
571 7 
572 305 
572 80 
572 33 
572 27 
573 117 
574 60 
575 64 
575 34 
575 53 
576 463 
578 28 
578 11 
581 11 
583 82 
585 34 
586 265 
587 136 
588 114 
589 121 
589 25 
590 47 
591 143 
593 50 
593 83 
594 50 
595 170 
595 129 
596 25 
599 92 
600 133 
600 73 
601 78 
601 13 
602 399 
603 58 
603 45 
606 54 
606 34 
609 64 
609 11 
610 35 
610 94 
610 34 
611 71 
611 17 
612 37 
613 134 
614 25 
614 16 
614 11 
615 62 
615 56 
616 8 
616 13 
616 77 
620 22 
621 29 
623 24 
625 406 
625 38 
627 25 
627 65 
628 161 
628 75 
628 29 
629 54 
630 812 
630 256 
633 103 
635 60 
636 172 
637 13 
637 130 
637 30 
637 5 
638 155 
639 30 
640 56 
640 25 
641 16 
641 33 
642 22 
643 111 
647 94 
647 461 
647 3 
649 53 
651 29 
652 11 
653 25 
653 95 
653 73 
654 50 
654 4555 
655 9 
657 46 
659 104 
660 46 
660 28 
662 37 
663 35 
664 19 
664 289 
669 623 
670 209 
670 116 
674 89 
674 47 
677 63 
678 88 
679 77 
679 333 
682 31 
683 587 
683 41 
685 45 
686 11 
686 48 
688 63 
689 119 
689 31 
690 204 
691 20 
693 84 
693 232 
693 70 
695 128 
695 436 
698 131 
698 13 
701 43 
701 18 
705 211 
707 43 
708 66 
709 14 
709 22 
709 30 
709 576 
715 133 
716 40 
716 51 
719 288 
719 30 
721 170 
721 93 
722 23 
724 96 
725 45 
727 79 
728 24 
729 36 
730 147 
731 48 
731 122 
731 339 
733 172 
734 26 
736 46 
738 55 
739 35 
739 18 
739 127 
740 132 
741 223 
741 104 
741 41 
742 198 
742 35 
743 127 
748 19 
748 120 
752 11 
754 529 
755 74 
756 87 
759 63 
759 28 
760 50 
760 41 
760 39 
763 51 
766 27 
767 122 
767 43 
768 47 
769 144 
770 21 
770 25 
771 140 
771 107 
772 9 
773 107 
773 37 
774 11 
775 69 
776 7 
780 12 
781 15 
782 43 
782 61 
784 51 
787 102 
790 37 
793 26 
794 57 
797 96 
797 78 
797 226 
798 60 
800 500 
800 435 
800 84 
801 73 
802 13 
804 51 
807 33 
807 68 
809 127 
811 12 
811 184 
812 46 
812 50 
812 60 
814 66 
815 6 
815 135 
816 40 
817 27 
819 25 
819 12 
820 27 
822 39 
826 420 
827 54 
827 16 
828 153 
829 233 
830 42 
830 103 
832 30 
832 39 
833 3 
836 87 
836 81 
836 44 
839 121 
839 132 
844 54 
845 127 
850 29 
851 32 
854 173 
859 63 
859 146 
859 119 
861 44 
862 18 
865 65 
865 53 
868 83 
870 76 
872 99 
873 152 
873 25630 
873 19 
874 4 
874 40 
877 50 
880 56 
882 82 
882 30 
883 7 
883 435 
884 180 
884 51 
887 96 
889 63 
889 86 
891 40 
895 20 
897 40 
897 57 
898 52 
898 11 
898 62 
902 37 
905 127 
909 146 
913 29 
914 36 
915 162 
916 36 
919 105 
919 39 
921 1 
924 13 
926 203 
926 48 
927 18 
928 113 
928 100 
931 131 
932 255 
932 56 
936 34 
937 401 
937 8 
937 93 
938 37 
939 1 
940 81 
943 727 
943 160 
943 99 
945 101 
948 23 
951 9 
951 9 
952 30 
952 46 
952 32 
952 13 
952 26 
952 18 
953 111 
955 300 
958 33 
960 32 
961 52 
962 58 
963 10 
973 15 
974 35 
974 48 
975 22 
978 100 
979 150 
980 27 
980 319 
981 82 
982 2 
982 30 
983 36 
985 128 
989 102 
990 797 
991 156 
994 72 
995 6 
995 141 
996 215 
997 40 
997 16 
1001 10 
1002 180 
1003 37 
1003 67 
1005 35 
1007 82 
1008 19 
1009 31 
1010 106 
1010 34 
1014 58 
1014 31 
1016 12 
1016 6 
1019 77 
1025 61 
1025 103 
1028 179 
1028 98 
1030 56 
1030 51 
1031 51 
1032 42 
1033 491 
1033 17 
1034 23 
1037 9 
1037 7 
1038 36 
1039 114 
1043 29 
1044 27 
1046 101 
1048 39 
1048 15 
1050 120 
1052 36 
1052 84 
1059 124 
1059 2 
1060 118 
1060 27 
1061 39 
1063 6 
1063 443 
1064 123 
1064 95 
1065 75 
1066 25 
1066 44 
1067 76 
1068 82 
1068 69 
1069 103 
1069 54 
1076 5 
1077 27 
1077 95 
1078 275 
1079 20 
1080 46 
1082 143 
1085 27 
1085 26 
1086 72 
1087 58 
1089 114 
1089 24 
1090 73 
1092 21 
1095 37 
1095 100 
1098 3 
1098 206 
1103 49 
1104 143 
1105 13 
1108 79 
1110 175 
1111 32 
1112 45 
1113 19 
1114 45 
1115 98 
1116 17 
1118 76 
1119 112 
1119 259 
1121 29 
1122 69 
1124 42 
1130 5 
1130 15 
1132 20 
1133 50 
1136 243 
1137 32 
1138 130 
1139 107 
1143 35 
1145 43 
1147 5 
1148 4 
1148 14 
1149 52 
1151 33 
1154 568 
1156 47 
1160 16 
1160 18 
1160 88 
1160 104 
1161 35 
1161 239 
1163 35 
1164 28 
1168 21 
1170 62 
1170 1382 
1171 58 
1173 71 
1173 786 
1178 101 
1179 15 
1180 49 
1189 144 
1191 69 
1192 83 
1193 22 
1195 330 
1196 60 
1198 5 
1198 66 
1199 132 
1203 4 
1205 2 
1206 13 
1209 202 
1210 35 
1210 69 
1211 161 
1212 111 
1215 42 
1216 73 
1216 40 
1218 62 
1219 46 
1221 5 
1222 47 
1223 27 
1223 12 
1227 145 
1227 50 
1228 41 
1235 238 
1237 73 
1247 34 
1247 137 
1248 78 
1248 119 
1248 92 
1249 73 
1249 13 
1251 20 
1251 18 
1254 37 
1255 67 
1255 13 
1256 19 
1258 31 
1260 74 
1265 26 
1266 116 
1270 51 
1273 87 
1274 101 
1276 183 
1279 83 
1280 125 
1283 13 
1284 35 
1285 23 
1286 49 
1288 91 
1289 46 
1290 184 
1296 26 
1296 29 
1296 39 
1304 35 
1305 94 
1309 51 
1310 59 
1312 415 
1314 230 
1317 0 
1318 51 
1318 45 
1324 10 
1328 20 
1331 102 
1332 1749 
1334 41 
1339 17 
1342 95 
1345 40 
1347 17 
1350 61 
1352 14 
1352 88 
1353 286 
1358 40 
1358 447 
1360 4 
1362 113 
1365 93 
1366 48 
1368 1029 
1371 21 
1375 209 
1376 160 
1378 52 
1379 19 
1381 64 
1384 132 
1384 101 
1386 49 
1389 38 
1390 58 
1392 126 
1393 4 
1397 62 
1398 50 
1398 17 
1398 60 
1398 8 
1403 44 
1404 96 
1406 10 
1407 27 
1408 29 
1410 46 
1412 37 
1412 140 
1414 837 
1417 119 
1419 53 
1419 30 
1419 208 
1419 52 
1420 111 
1420 48 
1424 87 
1427 21 
1432 31 
1433 45 
1433 68 
1434 91 
1435 52 
1437 18 
1438 41 
1440 575 
1446 6 
1446 5 
1457 217 
1473 283 
1473 94 
1480 43 
1482 84 
1487 45 
1499 49 
1499 69 
1500 49 
1502 39 
1504 20 
1505 70 
1505 262 
1509 52 
1514 179 
1514 48 
1519 39 
1519 8 
1528 1 
1537 49 
1538 16 
1539 93 
1540 37 
1542 71 
1543 75 
1550 26 
1550 5 
1554 12 
1559 32 
1561 10 
1561 68 
1562 128 
1565 13 
1567 49 
1574 72 
1575 176 
1576 63 
1577 246 
1588 39 
1588 38 
1590 60 
1591 122 
1592 56 
1598 49 
1599 61 
1600 128 
1601 53 
1601 113 
1603 191 
1614 93 
1616 286 
1617 77 
1620 78 
1629 35 
1631 115 
1635 18 
1648 239 
1654 43 
1663 90 
1663 32 
1664 45 
1665 32 
1666 73 
1676 27 
1676 39 
1682 13 
1684 4 
1689 224 
1691 17 
1696 807 
1696 110 
1711 35 
1713 20 
1717 184 
1718 60 
1719 44 
1726 95 
1727 19 
1735 80 
1742 3 
1743 90 
1743 91 
1750 89 
1752 106 
1753 31 
1755 36 
1755 83 
1759 22 
1760 150 
1761 27 
1761 16 
1762 33 
1769 17 
1770 1420 
1777 68 
1778 41 
1781 64 
1785 0 
1786 16 
1786 47 
1789 42 
1796 63 
1800 31 
1808 16 
1816 287 
1816 41 
1817 28 
1821 50 
1824 28 
1828 85 
1836 140 
1837 71 
1837 85 
1838 110 
1843 34 
1852 61 
1853 18 
1858 62 
1861 8 
1866 79 
1871 175 
1872 62 
1873 8 
1875 66 
1877 470 
1881 17 
1881 44 
1883 463 
1883 45 
1884 44 
1885 12 
1889 10 
1891 95 
1894 22 
1898 117 
1898 73 
1901 38 
1901 5 
1901 27 
1905 26 
1909 72 
1909 71 
1912 5 
1914 64 
1916 129 
1918 70 
1931 6 
1931 15 
1939 99 
1940 3 
1941 19 
1942 66 
1944 131 
1945 22 
1947 99 
1952 16 
1962 187 
1962 44 
1962 228 
1966 81 
1967 36 
1974 14 
1975 78 
1978 51 
1980 121 
1981 31 
1981 8 
1986 54 
1988 2961 
1990 84 
1990 46 
1993 61 
1993 20 
1993 51 
1998 13 
1999 6 
1999 24 
2003 46 
2005 114 
2006 24 
2008 0 
2009 4 
2013 25 
2016 16 
2018 277 
2031 117 
2035 54 
2040 26 
2040 101 
2045 43 
2046 5 
2046 59 
2050 192 
2052 51 
2056 9 
2059 25 
2064 92 
2065 12 
2067 95 
2072 20 
2073 70 
2077 41 
2080 78 
2083 21 
2087 23 
2090 75 
2095 30 
2099 24 
2101 38 
2118 29 
2123 41 
2124 5 
2135 47 
2139 12 
2143 15 
2147 152 
2156 109 
2161 9 
2165 86 
2167 15 
2167 42 
2168 56 
2172 24 
2173 133 
2184 51 
2187 19 
2188 31 
2195 85 
2196 394 
2198 19 
2199 6 
2205 40 
2209 23 
2209 47 
2223 96 
2229 28 
2231 72 
2251 89 
2253 6 
2253 126 
2259 42 
2261 39 
2262 1152 
2262 482 
2264 26 
2265 33 
2265 83 
2268 64 
2272 51 
2275 36 
2276 68 
2285 26 
2297 143 
2302 38 
2302 241 
2308 14 
2312 66 
2312 12 
2315 84 
2320 32 
2334 108 
2334 100 
2338 101 
2338 12 
2348 65 
2348 23 
2359 290 
2361 17 
2362 599 
2363 98 
2365 0 
2366 107 
2367 110 
2370 35 
2389 29 
2397 22 
2398 19 
2402 162 
2415 22 
2419 13 
2419 44 
2426 33 
2435 286 
2437 63 
2446 54 
2450 51 
2453 121 
2458 21 
2467 2 
2472 28 
2481 8 
2484 26 
2485 1 
2511 45 
2517 70 
2535 51 
2541 242 
2544 53 
2545 28 
2555 23 
2560 39 
2563 2 
2565 35 
2567 71 
2574 43 
2582 18 
2588 298 
2612 56 
2612 56 
2612 70 
2612 70 
2618 32 
2618 32 
2622 61 
2622 61 
2629 18 
2629 18 
2634 96 
2634 96 
2636 46 
2636 46 
2636 4 
2636 4 
2639 137 
2639 137 
2646 68 
2646 68 
2646 35 
2646 35 
2651 113 
2651 113 
2675 32 
2675 32 
2680 82 
2680 82 
2682 78 
2682 78 
2688 53 
2688 53 
2688 24 
2688 24 
2699 96 
2702 45 
2710 64 
2711 11 
2717 210 
2718 59 
2718 87 
2719 137 
2742 42 
2746 24 
2764 28 
2782 40 
2786 36 
2787 115 
2792 41 
2801 545 
2804 25 
2817 12 
2822 73 
2824 49 
2828 18 
2830 54 
2834 200 
2840 34 
2845 35 
2848 52 
2853 311 
2859 15 
2865 14 
2874 57 
2880 738 
2882 100 
2885 4 
2901 152 
2902 122 
2904 10 
2916 133 
2918 47 
2923 16 
2937 23 
2948 46 
2957 14 
2958 120 
2965 28 
2969 15 
2976 11 
2989 133 
2994 19 
3003 30 
3005 406 
3010 30 
3013 46 
3015 15 
3016 29 
3024 41 
3050 23 
3050 50 
3075 193 
3079 68 
3085 111 
3086 137 
3105 30 
3107 21 
3112 41 
3115 5 
3117 104 
3120 45 
3129 61 
3151 0 
3153 36 
3153 88 
3155 10 
3157 1 
3158 6 
3183 5 
3194 31 
3197 146 
3200 32 
3207 48 
3209 177 
3216 362 
3225 23 
3250 43 
3256 282 
3264 168 
3276 19 
3285 14 
3286 14 
3286 16 
3288 100 
3292 37 
3308 121 
3317 23 
3328 39 
3335 11 
3345 233 
3350 80 
3363 45 
3369 27 
3387 81 
3395 31 
3417 40 
3426 50 
3433 9 
3442 7 
3443 53 
3453 35 
3459 66 
3464 155 
3469 31 
3470 388 
3470 69 
3471 57 
3472 14 
3473 41 
3484 41 
3485 120 
3510 42 
3517 68 
3521 139 
3531 12 
3543 128 
3549 32 
3554 174 
3569 16 
3581 54 
3584 46 
3597 67 
3615 25 
3616 34 
3618 80 
3620 64 
3624 53 
3637 58 
3650 28 
3655 35 
3678 99 
3678 47 
3685 30 
3687 28 
3697 194 
3698 42 
3699 26 
3711 38 
3712 17 
3715 69 
3721 51 
3723 10 
3749 33 
3772 45 
3808 69 
3829 49 
3847 18 
3851 185 
3854 52 
3864 26 
3875 40 
3894 71 
3894 39 
3906 22 
3910 40 
3924 67 
3927 59 
3936 4163 
3947 25 
3953 127 
3957 43 
3957 68 
3958 4 
3961 36 
3971 41 
3973 135 
3984 24 
4002 23 
4011 164 
4012 68 
4043 101 
4051 15 
4054 9 
4060 10 
4067 105 
4067 33 
4131 15 
4135 43 
4146 66 
4157 39 
4158 93 
4173 123 
4175 29 
4179 19 
4181 4 
4199 209 
4210 97 
4215 106 
4224 28 
4231 44 
4232 33 
4263 87 
4271 42 
4272 33 
4273 37 
4279 25 
4289 26 
4293 66 
4294 49 
4296 70 
4320 138 
4322 133 
4329 45 
4345 6 
4364 15 
4373 5 
4382 21 
4400 18 
4404 29 
4412 44 
4415 1373 
4436 13 
4481 73 
4487 4 
4490 29 
4492 37 
4502 2 
4504 120 
4540 95 
4541 372 
4553 22 
4562 6 
4570 9 
4577 449 
4587 56 
4611 10 
4614 121 
4619 49 
4620 194 
4623 261 
4625 132 
4643 1201 
4644 84 
4647 50 
4670 2 
4671 19 
4681 35 
4702 34 
4707 58 
4713 172 
4716 83 
4729 35 
4748 19 
4757 151 
4761 12 
4769 14 
4817 15 
4820 51 
4825 190 
4829 66 
4842 1 
4845 6 
4849 23 
4850 114 
4863 170 
4869 63 
4889 2 
4893 123 
4910 51 
4917 22 
4919 60 
4922 68 
4932 51 
4947 512 
4965 88 
4974 33 
4989 3 
5019 2 
5024 75 
5041 1 
5045 62 
5047 28 
5048 113 
5067 45 
5069 92 
5074 59 
5083 27 
5087 62 
5097 68 
5105 14 
5118 65 
5120 10 
5128 168 
5131 43 
5136 26 
5158 6 
5195 48 
5197 29 
5223 11 
5232 5 
5256 46 
5275 79 
5292 68 
5293 41 
5297 53 
5299 40 
5308 126 
5332 17 
5348 18 
5352 66 
5362 94 
5362 15 
5385 17 
5389 1106 
5390 46 
5397 22 
5399 126 
5405 11 
5419 54 
5424 12 
5429 101 
5441 119 
5451 26 
5456 53 
5470 75 
5494 4 
5500 300 
5504 193 
5513 168 
5527 47 
5529 13 
5531 5 
5533 20 
5539 6 
5552 18 
5595 46 
5603 274 
5606 49 
5610 188 
5615 52 
5636 14 
5654 9 
5666 16 
5670 116 
5685 190 
5729 16 
5735 26 
5742 41 
5743 16 
5770 9 
5782 7 
5788 73 
5803 10 
5803 23 
5805 27 
5807 234 
5809 2 
5815 8 
5816 78 
5829 29 
5830 16 
5833 42 
5845 2 
5871 6 
5910 64 
5960 126 
5969 167 
5978 66 
5988 96 
6011 46 
6025 35 
6031 8 
6060 9 
6084 14 
6089 22 
6129 12 
6180 58 
6182 13 
6182 45 
6188 54 
6221 15 
6226 18 
6228 37 
6232 59 
6233 29 
6242 98 
6292 7 
6294 18 
6326 7 
6333 31 
6349 70 
6356 32 
6369 617 
6424 82 
6431 399 
6488 36 
6501 14 
6504 12 
6508 54 
6549 213 
6554 33 
6556 8 
6556 26 
6565 24 
6578 42 
6582 50 
6598 8 
6632 66 
6648 52 
6656 157 
6656 13 
6685 132 
6695 65 
6697 16 
6700 10 
6702 15 
6718 9 
6721 94 
6748 21 
6773 70 
6773 267 
6781 8 
6812 5 
6815 38 
6818 32 
6828 205 
6833 13 
6848 82 
6850 9 
6863 334 
6879 87 
6879 36 
6890 107 
6918 140 
6967 40 
6974 71 
6981 20 
6988 33 
6993 299 
7001 11 
7007 5 
7023 23 
7032 141 
7040 592 
7051 154 
7066 98 
7082 152 
7084 13 
7118 10 
7151 20 
7176 551 
7205 45 
7211 42 
7213 50 
7229 32 
7236 26 
7246 223 
7248 81 
7250 281 
7254 59 
7259 6 
7261 1 
7264 280 
7272 24 
7274 157 
7308 59 
7317 260 
7339 45 
7340 11 
7340 2 
7351 76 
7356 11 
7362 27 
7375 89 
7381 36 
7383 5 
7389 102 
7394 79 
7409 43 
7427 57 
7428 78 
7432 19 
7435 9 
7439 162 
7458 158 
7464 6 
7468 38 
7474 48 
7475 57 
7489 20 
7496 88 
7499 0 
7501 104 
7509 356 
7513 81 
7523 26 
7542 159 
7547 6 
7554 156 
7562 307 
7572 176 
7582 1 
7622 9 
7626 13 
7627 13 
7629 19 
7631 108 
7649 59 
7652 12 
7676 9 
7678 316 
7687 225 
7688 18 
7712 22 
7718 64 
7718 35 
7723 8 
7762 10 
7766 41 
7790 148 
7790 1 
7800 22 
7812 61 
7814 113 
7827 5 
7830 307 
7837 26 
7854 78 
7859 16 
7861 37 
7861 210 
7869 145 
7919 215 
7928 333 
7935 86 
7957 50 
7968 62 
7990 5 
8013 107 
8036 109 
8040 28 
8040 119 
8051 27 
8055 21 
8059 137 
8067 49 
8077 41 
8098 28 
8100 26 
8115 13 
8139 75 
8160 145 
8167 18 
8213 11 
8256 28 
8269 56 
8270 3 
8276 27 
8285 8 
8320 54 
8323 170 
8341 74 
8348 17 
8352 87 
8353 6 
8358 22 
8361 53 
8366 50 
8381 47 
8381 85 
8385 37 
8393 0 
8408 12 
8408 64 
8415 664 
8440 69 
8467 34 
8469 220 
8484 10 
8515 29 
8519 137 
8521 26 
8546 15 
8567 12 
8582 30 
8587 100 
8592 16 
8592 49 
8620 11 
8634 413 
8708 18 
8710 48 
8711 29 
8737 47 
8739 127 
8760 86 
8765 149 
8779 82 
8784 27 
8796 10 
8808 713 
8809 31 
8908 25 
8911 1 
8918 27 
8935 58 
8942 7 
8945 97 
8952 15 
9000 44 
9045 0 
9060 291 
9063 3 
9065 87 
9078 94 
9078 120 
9087 90 
9100 66 
9102 25 
9113 20 
9154 20 
9159 17 
9177 56 
9223 30 
9225 81 
9244 14 
9262 24 
9264 24 
9267 12 
9277 24 
9278 28 
9293 41 
9301 41 
9303 9 
9311 80 
9314 62 
9325 68 
9338 335 
9342 6 
9348 10 
9354 53 
9368 70 
9372 69 
9401 6 
9421 13 
9486 21 
9545 11 
9562 4 
9601 313 
9701 25 
9754 170 
9757 14 
9759 91 
9762 9 
9773 24 
9775 53 
9777 22 
9841 61 
9891 118 
9913 5 
9938 204 
9957 16 
9972 36 
9997 5 
10000 88 
10024 26 
10030 136 
10097 16 
10110 370 
10122 373 
10129 26 
10155 18 
10160 44 
10165 282 
10167 36 
10202 232 
10240 138 
10272 72 
10297 40 
10302 28 
10313 5 
10325 67 
10339 35 
10340 75 
10341 22 
10399 11 
10486 95 
10513 194 
10552 39 
10572 17 
10573 80 
10576 20 
10612 9 
10619 99 
10645 115 
10683 99 
10711 30 
10841 21 
10847 7 
10878 57 
10878 35 
10882 30 
10898 30 
10943 4 
10961 21 
10998 16 
11011 6 
11031 147 
11038 12 
11082 30 
11090 54 
11104 15 
11143 214 
11149 57 
11193 0 
11198 25 
11216 30 
11234 250 
11242 19 
11268 34 
11278 184 
11282 105 
11319 21 
11320 12 
11337 3 
11397 26 
11474 46 
11539 90 
11595 29 
11638 169 
11639 69 
11641 139 
11704 47 
11711 199 
11766 106 
11794 102 
11795 2 
11832 26 
11988 8 
12071 23 
12098 10 
12187 21 
12255 10 
12256 20 
12272 3 
12275 124 
12308 14 
12412 29 
12438 4 
12445 48 
12449 3 
12462 234 
12490 14 
12498 16 
12549 2 
12573 29 
12577 44 
12644 30 
12761 45 
12956 8 
12968 29 
12969 8 
12980 25 
13044 12 
13063 69 
13121 54 
13127 26 
13146 67 
13189 10 
13275 135 
13278 21 
13307 60 
13362 248 
13377 10 
13414 125 
13417 1 
13437 6 
13558 1 
13571 39 
13603 10 
13664 9 
13678 4 
13707 387 
13760 16 
13789 144 
13850 16 
13893 4 
13916 196 
13918 26 
14028 71 
14064 108 
14087 55 
14128 5 
14416 14 
14499 3 
14521 34 
14671 8 
14746 434 
14780 51 
14811 2 
14835 28 
14861 73 
14862 45 
14894 29 
14943 89 
14989 18 
15092 65 
15093 35 
15142 98 
15242 1 
15309 23 
15408 31 
15427 315 
15490 65 
15551 88 
15715 1 
15740 112 
15838 25 
15858 11 
15896 76 
15978 25 
16033 152 
16102 1 
16111 29 
16136 87 
16157 88 
16254 97 
16287 47 
16311 66 
16366 22 
16433 15 
16457 256 
16510 13 
16531 77 
16614 131 
16631 42 
16670 9 
16754 25 
16772 8 
16792 7 
16801 20 
16876 13 
16925 17 
16949 49 
16951 42 
16994 323 
17012 20 
17125 83 
17196 43 
17210 43 
17222 11 
17298 124 
17333 1 
17342 45 
17403 89 
17461 8 
17473 39 
17616 70 
17678 40 
17717 33 
17727 39 
17803 171 
17862 54 
17863 369 
17878 325 
17933 507 
17972 584 
17989 243 
18000 141 
18027 153 
18041 113 
18041 113 
18075 49 
18075 49 
18129 80 
18148 32 
18159 42 
18181 64 
18213 126 
18270 58 
18271 82 
18282 8 
18285 48 
18300 4 
18339 0 
18414 42 
18419 13 
18441 85 
18510 83 
18556 38 
18609 60 
18674 1 
18690 6 
18812 37 
18830 265 
18837 28 
18844 6 
18968 10 
18978 31 
18982 16 
19065 113 
19073 14 
19184 57 
19220 17 
19495 20 
19531 23 
19684 113 
19736 50 
19780 18 
19785 19 
19799 27 
19844 13 
19921 28 
19966 31 
20072 50 
20215 233 
20280 140 
20284 50 
20300 291 
20321 7 
20374 42 
20457 4 
20592 5 
20705 42 
20716 3 
20810 19 
20824 98 
20846 83 
20846 49 
20852 51 
20895 41 
20897 67 
20987 260 
21018 52 
21087 6 
21121 17 
21411 78 
21514 182 
21616 43 
21627 80 
21651 193 
21676 34 
21719 18 
21742 28 
21751 80 
21906 13 
22000 43 
22107 86 
22159 19 
22189 5 
22216 41 
22244 45 
22254 195 
22325 120 
22345 11 
22407 48 
22595 19 
22607 26 
22762 12 
22879 60 
22955 44 
22957 24 
22962 43 
23005 128 
23026 35 
23106 37 
23137 317 
23138 27 
23180 29 
23272 21 
23274 712 
23306 143 
23348 2600 
23364 40 
23370 37 
23468 13 
23473 39 
23767 10 
23820 26 
23850 29 
23931 23 
23981 1 
24086 8 
24152 28 
24233 947 
24244 48 
24376 29 
24395 24 
24406 41 
24413 28 
24447 16 
24526 94 
24591 120 
24608 563 
24627 45 
24642 148 
24741 101 
24954 7 
25018 35 
25025 26 
25085 18 
25139 41 
25162 33 
25267 190 
25278 94 
25328 152 
25396 17 
25474 117 
25486 23 
25493 22 
25564 214 
25585 284 
25709 222 
25724 20 
25737 157 
25773 37 
25831 53 
25898 67 
25909 45 
25951 69 
26011 33 
26111 36 
26363 93 
26432 73 
26525 28 
26601 41 
26605 21 
26653 20 
26703 25 
26728 83 
26765 93 
26796 78 
26817 7 
26911 25 
26941 173 
27088 64 
27275 135 
27344 208 
27503 75 
27543 17 
27650 28 
27744 4 
27747 28 
27774 11 
27949 44 
27997 60 
28076 162 
28239 110 
28248 96 
28249 208 
28280 129 
28285 143 
28365 52 
28391 5 
28411 88 
28473 161 
28544 128 
28591 345 
28595 132 
28656 39 
28702 91 
28714 52 
28810 3 
28836 17 
28932 35 
28963 1087 
29008 19 
29018 156 
29075 290 
29201 2 
29211 61 
29340 92 
29360 50 
29420 57 
29518 56 
29541 25 
29558 23 
29654 37 
29833 47 
29846 30 
29984 29 
31004 28 
31017 24 
31028 67 
31094 124 
31135 23 
31153 19 
31168 19 
31193 40 
31296 38 
31405 18 
31483 5 
31485 89 
31540 84 
31742 18 
32045 20 
32079 61 
32088 18 
32151 23 
32153 130 
32295 3 
32316 141 
32488 23 
32622 23 
32785 51 
32818 69 
32836 2 
32934 0 
33158 5 
33297 11 
33454 95 
33680 41 
33925 89 
33951 200 
33955 78 
34149 1 
34194 132 
34296 39 
34378 190 
34482 41 
34517 50 
34542 11 
34799 7 
34809 232 
34845 9 
34939 23 
34978 413 
35238 8 
35514 94 
35633 56 
35772 55 
35787 32 
35998 109 
36018 174 
36058 21 
36340 31 
36410 20 
36593 3 
36784 422 
36898 21 
36995 103 
37003 243 
37094 86 
37274 39 
37364 183 
37383 19 
37388 73 
37396 87 
37565 68 
37683 75 
37715 2 
37727 3 
37974 5 
38032 30 
38193 536 
38519 7 
38589 81 
38645 90 
38772 27 
39088 103 
39176 156 
39582 40 
39597 12 
39809 62 
39917 53 
40210 47 
40282 477 
40334 65 
40618 61 
40751 3 
40779 18 
40795 1 
40892 58 
40907 109 
41135 44 
41224 0 
41560 88 
41563 38 
41677 71 
41708 481 
42231 69 
42248 19 
42256 35 
42657 15 
42985 121 
43121 53 
43177 33 
43287 61 
43307 35 
44185 89 
44699 37 
44732 66 
45089 17 
45091 33 
45209 38 
45301 19 
45704 182 
45832 75 
46356 30 
47415 312 
47866 4 
49596 9 
49671 16 
49863 28 
51163 139 
52559 13 
57196 45 
57957 94 
58094 14 
59144 207 
59467 84 
60826 8 
72572 56 
72726 4 
72972 1 
73040 73 
75388 1 
75702 20 
76431 11 
76450 5 
77428 16 
78995 719 
79607 61 
79822 8 
79841 11 
81579 92 
81756 52 
85126 4 
85568 31 
85778 79 
85819 89 
85947 69 
86293 46 
86546 13 
86647 14 
86854 64 
87418 78 
87998 0 
88261 3 
88681 137 
88689 132 
88823 21 
88915 42 
90181 24 
90437 984 
90773 81 
91601 82 
91642 30 
91838 847 
92087 103 
92264 44 
92736 30 
93255 16 
94142 12 
95021 128 
95030 57 
95095 94 
95179 6 
95191 95 
95301 32 
95304 135 
95447 11 
95487 110 
95537 67 
96122 3 
97065 35 
98149 34 
98321 3 
98447 1 
98558 39 
99108 170 
100385 19 
100815 17 
100951 50 
101065 5 
102475 86 
103654 3 
104165 4 
105019 95 
105580 1 
105680 50 
108010 49 
108010 49 
108144 49 
108449 154 
108548 64 
108713 155 
109031 47 
109196 10 
109241 43 
109482 133 
109535 9 
109598 47 
109648 90 
109895 797 
110774 167 
110948 16 
111140 440 
112016 25 
113525 11 
114379 42 
114750 40 
114793 35 
115057 181 
115105 10 
115296 284 
115611 0 
115933 116 
116629 27 
117833 59 
117926 1 
118588 94 
119072 110 
119432 2254 
119562 111 
121210 71 
121787 130 
123116 68 
123266 45 
123339 42 
123339 42 
125789 6 
127015 94 
128411 14 
128747 45 
130935 9 
131155 30 
132280 50 
134542 37 
144146 0 
149458 895 
153962 22 
156546 28 
161158 74 
162574 36 
164098 26 
164362 67 
164865 100 
166456 21 
171204 2 
171538 241 
172190 112 
173047 7 
176025 16 
176767 213 
177864 546 
178460 76 
178639 95 
178715 108 
178965 437 
179572 71 
179639 676 
180124 118 
181973 33 
183521 58 
184381 70 
184655 221 
190528 55 
191316 1614 
191516 56 
191658 0 
195387 5 
195405 5 
195877 31 
197799 39 
199503 16 
199523 35 
199816 4 
200584 77 
202699 126 
202740 86 
202840 60 
203266 112 
203525 925 
203556 260 
203996 69 
204004 78 
204965 10 
205065 1 
205708 3 
206451 52 
206479 49 
206855 71 
208322 40 
211195 46 
212726 29 
213155 40 
214402 44 
215739 17 
219493 60 
239624 7 
242543 437 
243182 92 
249095 23 
254381 43 
260611 59 
263128 46 
263467 64 
265541 21 
269858 69 
269910 46 
269968 260 
269991 110 
270025 108 
270076 59 
270219 43 
272339 4 
272917 40 
282021 36 
287673 32 
288207 17 
288444 108 
288542 122 
288608 1 
288653 67 
288657 67 
288730 107 
289348 0 
295400 87 
295876 137 
296100 14 
296578 0 
296667 39 
297180 235 
297261 122 
325908 126 
334285 41 
355521 54 
366044 0 
369750 18 
373946 77 
379345 10 
380342 0 
419039 52 
429260 85 
430219 76 
433776 19 
438919 79 
442534 50 
459635 0 
479903 31 
480492 32 
480547 87 
506383 1 
523690 7 
548697 12 
564222 35 
572633 14 
