3041 6.03092592593
0 142781 
11 110 
11 1502 
14 1028 
16 476 
17 184 
19 417 
19 638 
20 337 
20 67 
20 161 
22 630 
22 412 
23 232 
23 362 
24 192 
24 148 
25 666 
25 281 
25 265 
27 510 
27 183 
28 561 
28 1338 
29 352 
29 281 
29 4094 
30 219 
30 80 
30 480 
30 152 
30 524 
31 114 
31 466 
32 90 
32 43 
32 101 
32 441 
34 396 
34 543 
36 157 
37 62 
37 127 
37 319 
37 141 
37 286 
38 256 
38 531 
39 82 
40 195 
40 16 
40 346 
41 63 
41 1088 
41 932 
43 47 
43 9309 
43 591 
43 246 
43 1164 
45 369 
45 310 
46 486 
46 446 
47 198 
47 337 
47 2325 
48 673 
48 16 
49 3 
49 4292 
49 59 
50 396 
50 528 
50 34 
52 25 
54 71 
54 58 
54 124 
55 103 
56 247 
56 110 
57 140 
57 62 
57 506 
57 266 
61 189 
61 387 
62 115 
62 699 
62 191 
64 353 
65 62 
65 549 
65 152 
65 319 
65 98 
68 253 
68 495 
69 70 
69 641 
69 594 
70 355 
71 257 
72 81 
72 158 
73 144 
73 1312 
74 274 
74 672 
75 597 
75 23 
75 645 
75 528 
76 113 
76 26 
76 3109 
77 204 
77 147 
77 286 
77 76 
78 323 
78 136 
78 105 
78 49 
78 57 
79 187 
79 0 
79 338 
81 427 
81 173 
81 81 
82 395 
82 1567 
82 159 
83 57 
83 704 
83 484 
83 2132 
83 572 
84 23 
84 270 
85 5 
85 159 
86 218 
87 695 
88 188 
90 88 
91 70 
91 47 
91 1277 
92 174 
92 239 
93 259 
93 980 
95 654 
95 104 
95 220 
96 109 
96 182 
97 445 
97 308 
97 33 
98 166 
99 5964 
99 748 
101 505 
101 35 
101 239 
101 136 
101 1712 
101 1384 
102 3992 
103 197 
103 411 
103 491 
104 477 
104 95 
104 1338 
105 533 
106 103 
106 453 
108 252 
108 471 
111 360 
111 149 
111 365 
113 227 
114 103 
114 124 
115 375 
116 190 
116 142 
116 126 
117 104 
118 214 
118 729 
119 343 
120 153 
120 638 
121 1470 
122 772 
122 153 
123 53 
124 869 
124 23 
125 1154 
126 1277 
126 63 
126 44 
127 1072 
127 139 
128 44573 
129 726 
129 66 
130 1530 
130 449 
132 199 
133 325 
134 226 
135 323 
135 329 
135 279 
135 247 
136 95 
137 167 
137 725 
137 952 
137 161 
138 247 
138 164 
139 68 
139 372 
140 169 
140 284 
142 124 
142 149 
142 270 
142 53 
142 548 
143 134 
144 1121 
144 121 
144 3424 
144 161 
144 415 
146 116 
149 258 
149 138 
150 162 
150 1535 
150 128 
150 127 
151 1025 
152 1017 
153 118 
154 230 
155 224 
155 7 
155 862 
156 876 
157 1000 
158 178 
158 119 
158 846 
158 2247 
158 69 
159 139 
160 1712 
162 583 
162 202 
162 118 
164 285 
164 551 
164 118 
167 431 
168 252 
168 237 
168 253 
169 807 
169 831 
169 29 
170 158 
172 4705 
173 416 
173 71 
174 424 
174 182 
175 2991 
175 236 
176 304 
177 666 
177 66 
178 389 
182 390 
182 149 
182 134 
183 2501 
183 1952 
185 108 
185 136 
185 473 
186 326 
186 134 
187 197 
188 469 
189 726 
191 77 
191 4622 
192 1642 
193 149 
193 486 
194 157 
194 730 
196 88 
196 373 
196 1805 
197 1088 
198 199 
198 610 
199 58 
199 624 
199 157 
199 238 
199 633 
200 186 
200 279 
201 75 
201 222 
202 89 
204 39 
206 195 
208 3882 
208 522 
209 391 
210 950 
210 344 
210 174 
211 20 
211 103 
213 2191 
214 1156 
214 1033 
215 279 
217 219 
217 695 
218 161 
219 820 
219 346 
220 518 
220 1771 
222 324 
222 157 
222 213 
223 100 
223 201 
224 143 
226 366 
227 3337 
227 477 
227 413 
227 207 
228 346 
228 404 
228 169 
229 1340 
229 263 
229 348 
229 1578 
231 53 
231 924 
232 896 
232 150 
233 396 
234 193 
234 6311 
236 117 
236 22 
238 36 
239 198 
242 221 
243 703 
243 166 
244 454 
245 896 
246 477 
247 348 
247 135 
249 540 
249 526 
250 845 
250 1118 
251 1219 
251 409 
251 439 
252 242 
252 288 
254 145 
256 242 
256 451 
256 1058 
257 345 
257 171 
258 502 
258 421 
258 475 
259 2247 
260 731 
260 606 
260 252 
261 340 
261 171 
261 229 
262 42 
264 200 
264 154 
264 58 
265 152 
266 12 
266 356 
268 242 
269 310 
270 629 
270 183 
272 218 
272 3740 
273 223 
273 279 
273 774 
274 1840 
274 538 
275 839 
275 1620 
276 217 
277 113 
277 7294 
277 319 
279 763 
279 280 
279 217 
280 85 
282 1126 
283 475 
284 96 
285 323 
285 98 
287 222 
287 49 
288 346 
288 315 
290 442 
291 2098 
291 969 
291 518 
292 495 
292 283 
292 150 
293 229 
295 400 
296 74 
296 290 
296 756 
296 236 
299 550 
299 513 
301 137 
302 217 
303 136 
303 514 
304 333 
309 95 
309 864 
310 658 
311 147 
312 212 
312 381 
314 139 
314 197 
314 720 
316 900 
317 206 
317 76 
319 240 
319 513 
319 438 
320 433 
321 2827 
321 83 
322 916 
323 543 
325 1293 
325 1 
326 107 
327 2782 
327 2233 
328 162 
329 324 
329 742 
329 410 
331 64 
331 603 
333 661 
333 988 
335 516 
336 507 
336 345 
336 299 
338 94 
338 145 
338 2307 
341 167 
342 144 
342 394 
342 101 
343 348 
343 625 
343 746 
344 234 
345 131 
345 168 
346 114 
347 75 
350 164 
351 112 
351 245 
353 112 
355 250 
356 579 
356 494 
356 32 
356 193 
358 25924 
358 85 
358 8469 
358 1375 
359 1663 
360 1057 
360 89 
360 116 
361 767 
361 772 
361 335 
362 182 
362 75 
362 78 
362 497 
362 223 
363 148 
363 758 
363 995 
364 56 
364 460 
364 1106 
366 2366 
366 523 
366 265 
367 700 
367 1084 
369 585 
369 114 
370 336 
371 246 
371 132 
373 470 
373 185 
374 1124 
376 399 
376 283 
377 182 
377 357 
378 801 
379 322 
380 373 
382 619 
382 234 
382 426 
383 1621 
383 860 
383 154 
384 354 
385 123 
386 2878 
386 588 
386 471 
387 118 
390 200 
391 94 
391 71 
392 348 
394 266 
394 63 
394 290 
397 6808 
397 123 
397 377 
398 1902 
398 222 
400 164 
400 396 
401 487 
402 20181 
402 494 
403 873 
404 416 
405 200 
406 2258 
406 504 
407 114 
409 477 
409 1633 
409 488 
411 238 
412 34 
413 658 
415 457 
415 180 
415 222 
415 488 
415 290 
416 36 
417 86 
417 291 
418 1318 
418 889 
418 624 
418 100 
419 324 
419 153 
421 200 
421 858 
422 765 
423 171 
426 222 
426 393 
426 674 
426 158 
428 931 
429 1284 
431 866 
431 631 
433 1947 
434 397 
436 159 
437 146 
439 4467 
439 2394 
439 130 
439 584 
441 327 
442 327 
443 698 
443 649 
444 137 
444 119 
445 540 
446 513 
447 815 
447 301 
447 400 
448 337 
449 1156 
449 536 
450 1192 
451 139 
451 17 
452 891 
453 396 
454 263 
454 770 
456 210 
457 2192 
457 291 
457 869 
459 624 
460 41 
461 809 
462 327 
463 310 
463 526 
464 140 
464 208 
464 483 
465 32 
469 477 
469 370 
473 96 
474 1143 
478 1327 
478 433 
478 82 
478 1049 
479 524 
481 65 
482 310 
483 842 
483 339 
484 79 
486 136 
486 2951 
489 123 
489 256 
490 843 
490 199 
491 53 
491 596 
492 369 
493 119 
495 1442 
496 378 
496 32 
498 90 
498 350 
499 103 
499 1311 
501 152 
501 404 
503 11 
503 255 
506 368 
507 185 
508 25 
508 1983 
508 827 
510 385 
510 4474 
510 288 
510 61 
511 53 
512 237 
513 283 
513 4 
514 187 
515 134 
516 331 
516 598 
516 1463 
517 576 
518 437 
518 251 
519 4342 
520 173 
521 13149 
521 1833 
522 923 
522 471 
523 1045 
527 176 
528 793 
528 2068 
533 222 
534 305 
534 177 
534 183 
534 112 
536 768 
538 185 
538 83 
539 124 
541 672 
542 366 
542 1007 
545 66 
545 957 
546 704 
547 99 
547 521 
549 125 
550 235 
550 327 
551 46 
553 109 
555 670 
556 399 
557 9 
557 684 
558 737 
558 601 
558 39 
560 52 
561 222 
561 331 
563 147 
563 3647 
564 252 
564 57 
565 1723 
565 3109 
566 406 
567 144 
567 449 
568 643 
568 97 
568 483 
569 861 
570 1149 
572 144 
572 85 
573 452 
574 248 
574 204 
574 1050 
575 857 
577 525 
578 1231 
578 260 
579 847 
580 153 
581 328 
581 249 
581 1631 
584 126 
585 1844 
586 398 
586 128 
587 47 
588 169 
590 525 
590 652 
592 499 
594 274 
594 963 
596 218 
596 2420 
597 465 
598 258 
600 181 
601 12794 
604 727 
606 499 
608 933 
608 767 
608 107 
609 698 
612 153 
613 342 
613 23 
617 506 
620 390 
620 420 
621 70 
626 115 
626 123 
626 292 
628 11 
629 1137 
629 1561 
629 2524 
631 1074 
632 464 
634 430 
634 161 
636 202 
637 266 
637 395 
639 431 
639 684 
640 615 
641 347 
642 768 
644 1171 
646 192 
648 273 
648 354 
651 553 
651 458 
653 97 
653 1120 
654 332 
654 268 
655 243 
656 103 
656 1139 
657 331 
658 292 
659 244 
659 493 
660 610 
661 92 
664 51 
667 698 
669 59 
670 30 
671 357 
671 404 
672 910 
673 648 
683 1420 
685 201 
686 31 
687 127 
687 240 
688 105 
688 369 
689 610 
690 192 
691 972 
691 61 
692 436 
693 254 
693 1257 
694 108 
696 46 
696 3722 
697 1345 
697 1365 
698 102 
699 25 
700 240 
700 187 
701 237 
702 813 
703 331 
704 498 
705 185 
707 5352 
707 40 
708 485 
708 1105 
710 26 
711 527 
711 264 
712 57 
713 48 
715 1007 
716 86 
716 313 
717 17 
718 854 
719 336 
720 654 
722 315 
722 405 
722 264 
722 30 
725 106 
725 175 
726 181 
727 511 
727 172 
728 1865 
728 616 
729 183 
730 364 
731 233 
732 178 
733 621 
735 68 
738 54 
739 234 
740 36 
740 121 
741 120 
743 90 
745 117 
747 356 
748 1838 
749 131 
749 521 
751 3432 
752 77 
753 501 
755 377 
755 156 
755 114 
759 528 
759 111 
759 287 
761 385 
761 971 
764 274 
766 229 
768 437 
772 712 
775 91 
775 564 
775 141 
776 2414 
776 107 
778 1038 
778 165 
778 874 
779 96 
782 74 
783 10 
783 475 
785 414 
787 4020 
789 1072 
791 169 
791 182 
792 244 
793 564 
793 18 
794 330 
794 374 
795 124 
796 1165 
796 1113 
797 981 
798 290 
801 119 
801 1312 
803 340 
804 214 
805 244 
805 76 
806 725 
807 501 
807 1024 
809 85 
811 185 
812 199 
813 1488 
813 124 
815 38 
816 729 
816 241 
817 321 
818 277 
818 288 
821 22 
823 1065 
823 413 
824 295 
825 85 
825 649 
825 655 
826 4802 
827 57 
828 458 
828 43 
828 1205 
828 1334 
829 653 
831 56 
833 50 
838 603 
839 57 
840 181 
843 148 
844 411 
845 340 
845 423 
846 126 
848 50 
849 101 
850 159 
854 419 
854 118 
855 5 
855 4 
857 948 
859 323 
859 286 
859 215 
865 1057 
865 352 
865 216 
873 200 
875 417 
876 287 
877 506 
878 461 
881 151 
883 517 
888 313 
888 82 
892 333 
892 163 
894 1319 
895 401 
897 303 
899 73 
899 22 
901 76 
903 671 
904 779 
905 53 
916 552 
919 61 
919 50 
920 306 
921 90 
923 135 
924 334 
927 219 
929 117 
930 198 
934 189 
936 82 
937 316 
942 132 
942 175 
946 1234 
948 571 
948 964 
949 313 
953 89 
956 271 
957 352 
957 133 
960 291 
960 75 
964 183 
965 228 
966 93 
967 119 
968 2505 
968 104 
969 284 
969 63 
971 834 
972 802 
972 491 
972 517 
973 48 
978 647 
979 1039 
985 241 
987 917 
994 433 
996 644 
1000 505 
1002 215 
1002 178 
1002 307 
1003 6 
1005 859 
1009 655 
1018 85 
1020 204 
1021 587 
1021 322 
1021 265 
1023 323 
1025 126 
1028 313 
1031 77 
1031 677 
1031 397 
1037 374 
1040 1305 
1040 2 
1044 517 
1046 144 
1048 129 
1050 367 
1052 39 
1052 23 
1059 248 
1061 442 
1064 847 
1065 328 
1066 429 
1070 274 
1074 189 
1074 79 
1075 463 
1076 418 
1078 44 
1082 86 
1082 85 
1085 218 
1089 10569 
1090 79 
1096 1091 
1098 66 
1105 339 
1107 49 
1108 108 
1108 220 
1110 851 
1114 575 
1115 50 
1117 747 
1117 329 
1120 502 
1124 139 
1124 373 
1124 35 
1126 271 
1130 317 
1131 2016 
1133 3188 
1135 147 
1136 885 
1136 17680 
1137 39 
1138 236 
1143 118 
1145 167 
1149 218 
1149 480 
1150 288 
1152 204 
1153 324 
1157 417 
1158 438 
1162 133 
1163 406 
1167 342 
1170 94 
1174 1902 
1176 773 
1179 808 
1179 121 
1179 308 
1191 224 
1205 329 
1205 419 
1215 313 
1217 252 
1219 94 
1226 135 
1232 491 
1233 2861 
1238 232 
1240 266 
1245 62 
1245 464 
1245 144 
1251 193 
1255 865 
1257 70 
1261 762 
1265 264 
1268 68 
1272 326 
1274 69 
1275 352 
1279 1355 
1279 2264 
1279 3688 
1283 58 
1285 2102 
1286 160 
1286 241 
1292 18 
1303 145 
1304 411 
1310 118 
1313 142 
1317 19 
1322 1161 
1324 679 
1335 1543 
1335 297 
1342 246 
1343 1844 
1343 53 
1351 676 
1359 77 
1368 30 
1369 44 
1372 119 
1373 295 
1376 305 
1378 178 
1382 535 
1384 426 
1387 234 
1394 112 
1397 81 
1400 283 
1402 232 
1419 714 
1421 17 
1427 169 
1436 662 
1437 106 
1440 5353 
1447 266 
1452 218 
1453 964 
1458 97 
1463 646 
1475 143 
1476 322 
1476 431 
1480 50 
1481 1609 
1482 197 
1484 416 
1485 101 
1487 2053 
1488 333 
1494 20 
1497 128 
1501 120 
1503 360 
1507 297 
1512 533 
1526 170 
1527 192 
1529 62 
1537 956 
1540 1477 
1544 762 
1559 199 
1565 795 
1570 687 
1577 30 
1579 547 
1580 1144 
1582 76 
1582 492 
1583 131 
1584 336 
1586 184 
1586 2736 
1601 96 
1603 558 
1606 270 
1608 121 
1611 179 
1612 979 
1612 26 
1613 148 
1615 149 
1615 449 
1618 15 
1621 136 
1622 404 
1642 67 
1646 558 
1648 186 
1653 847 
1658 365 
1660 118 
1666 1709 
1674 5 
1681 152 
1683 201 
1683 41 
1692 190 
1693 528 
1695 852 
1698 100 
1698 2500 
1707 348 
1710 282 
1714 156 
1714 71 
1715 140 
1717 971 
1718 496 
1723 1377 
1729 55 
1730 56 
1731 318 
1736 176 
1747 81 
1747 115 
1750 155 
1750 682 
1751 335 
1765 123 
1765 563 
1769 141 
1775 1067 
1780 111 
1798 37 
1803 47 
1805 1872 
1812 537 
1821 480 
1822 321 
1826 41 
1837 59 
1837 486 
1839 198 
1841 1442 
1844 224 
1845 6585 
1847 89 
1849 11 
1855 2546 
1856 3519 
1859 176 
1860 4595 
1867 277 
1867 575 
1878 13 
1880 1067 
1881 58 
1886 95 
1887 761 
1900 128 
1902 332 
1905 1218 
1910 1165 
1920 199 
1927 708 
1929 44 
1934 157 
1934 987 
1939 852 
1943 410 
1945 1434 
1952 1116 
1955 225 
1963 187 
1974 61 
1975 190 
1988 319 
1990 437 
1992 793 
1995 47 
1995 821 
1998 1102 
2004 224 
2006 86 
2012 584 
2012 259 
2012 212 
2015 97 
2022 152 
2023 1577 
2025 241 
2033 351 
2038 0 
2040 121 
2041 282 
2042 18 
2047 558 
2047 138 
2052 38 
2053 271 
2064 445 
2065 103 
2070 31 
2071 425 
2071 210 
2072 253 
2073 8 
2077 46 
2091 699 
2094 159 
2096 147 
2102 243 
2104 49 
2106 9 
2112 762 
2117 137 
2119 103 
2123 234 
2127 402 
2128 483 
2128 192 
2134 446 
2140 231 
2142 58 
2147 339 
2162 319 
2162 320 
2164 111 
2167 97 
2173 94 
2177 165 
2182 406 
2194 273 
2195 46 
2195 60 
2199 1771 
2203 226 
2224 287 
2229 151 
2231 201 
2236 382 
2239 110 
2252 1151 
2264 370 
2267 402 
2271 109 
2275 133 
2278 36 
2279 1062 
2298 432 
2300 116 
2302 99 
2304 419 
2311 334 
2312 103 
2313 242 
2318 680 
2333 1041 
2341 900 
2346 998 
2349 47 
2356 87 
2358 433 
2361 32 
2361 116 
2361 414 
2365 297 
2366 232 
2369 173 
2372 5100 
2375 355 
2376 150 
2386 474 
2387 1815 
2393 343 
2395 136 
2397 1425 
2398 117 
2399 1633 
2420 663 
2424 1652 
2433 53 
2436 2431 
2436 2701 
2447 42 
2452 337 
2456 183 
2459 385 
2462 13 
2472 40 
2475 536 
2484 507 
2490 561 
2494 1236 
2501 186 
2502 176 
2511 149 
2512 140 
2515 480 
2517 15 
2524 58 
2527 515 
2533 2251 
2548 59 
2549 14 
2550 151 
2552 179 
2557 25 
2561 118 
2562 45 
2567 164 
2581 230 
2584 971 
2590 743 
2595 459 
2595 889 
2614 1546 
2617 245 
2635 82 
2641 211 
2650 138 
2656 479 
2657 132 
2660 225 
2663 248 
2665 119 
2665 429 
2668 321 
2669 397 
2683 1215 
2700 563 
2705 168 
2705 3186 
2711 645 
2712 630 
2715 325 
2716 108 
2722 182 
2723 1468 
2725 1065 
2729 366 
2729 307 
2729 1236 
2730 9 
2744 94 
2747 2285 
2753 326 
2761 166 
2762 221 
2764 366 
2768 862 
2779 224 
2782 399 
2792 155 
2797 691 
2805 280 
2820 178 
2821 298 
2828 178 
2836 1421 
2844 1213 
2851 786 
2854 2261 
2867 635 
2878 1210 
2878 1325 
2883 30 
2884 124 
2886 4961 
2889 94 
2904 64 
2908 640 
2912 123 
2917 1466 
2919 131 
2935 75 
2941 107 
2944 62 
2946 304 
2958 177 
2963 181 
2986 182 
2989 818 
3010 235 
3012 426 
3012 1308 
3013 178 
3022 202 
3026 263 
3043 704 
3058 96 
3058 26 
3065 242 
3067 213 
3071 328 
3071 21085 
3078 438 
3082 61 
3098 584 
3099 655 
3102 109 
3105 169 
3106 315 
3113 1834 
3115 246 
3118 1582 
3120 705 
3121 375 
3122 74 
3133 135 
3135 136 
3142 170 
3143 223 
3144 395 
3147 4054 
3155 1319 
3159 1022 
3159 325 
3161 334 
3166 384 
3167 1090 
3179 1481 
3180 306 
3199 978 
3202 115 
3202 63 
3215 328 
3218 295 
3226 217 
3231 116 
3234 2725 
3234 1361 
3236 116 
3249 31 
3265 183 
3266 160 
3274 901 
3279 350 
3280 634 
3300 27 
3305 331 
3305 268 
3307 214 
3315 134 
3321 318 
3331 179 
3333 119 
3334 112 
3334 689 
3338 197 
3344 26 
3348 422 
3350 359 
3351 1436 
3360 1612 
3364 164 
3369 1319 
3375 118 
3381 176 
3396 119 
3402 61 
3403 109 
3407 50 
3422 287 
3426 308 
3430 144 
3431 729 
3434 65 
3444 106 
3469 160 
3472 2616 
3474 75 
3483 326 
3486 61 
3493 1578 
3495 2238 
3495 110 
3496 395 
3496 196 
3496 78 
3499 162 
3517 205 
3525 405 
3533 2055 
3538 919 
3556 295 
3557 146 
3560 357 
3560 936 
3567 1194 
3575 40 
3587 329 
3588 99 
3599 1187 
3600 29 
3602 577 
3611 929 
3614 3944 
3614 144 
3618 959 
3625 471 
3627 336 
3630 969 
3635 120 
3638 85 
3639 96 
3642 120 
3651 183 
3658 133 
3659 33 
3670 1074 
3671 1513 
3671 85 
3683 165 
3684 182 
3692 103 
3694 195 
3699 1514 
3710 631 
3715 301 
3717 1531 
3722 307 
3724 692 
3732 160 
3740 425 
3746 1167 
3754 1405 
3759 28 
3762 909 
3762 42 
3767 583 
3770 242 
3781 504 
3791 412 
3794 519 
3799 27 
3803 5 
3811 215 
3821 175 
3833 248 
3834 93 
3844 1210 
3848 1349 
3849 335 
3852 518 
3853 645 
3856 3540 
3861 185 
3869 1226 
3888 2621 
3893 568 
3900 887 
3902 33 
3918 1336 
3957 72 
3993 70 
3997 287 
3999 130 
4003 45 
4011 1016 
4023 90 
4056 470 
4062 1150 
4066 330 
4076 1445 
4087 87 
4091 173 
4101 21 
4112 169 
4135 619 
4137 77 
4145 685 
4145 283 
4146 323 
4156 242 
4162 227 
4182 1290 
4187 188 
4195 230 
4199 162 
4201 5 
4203 230 
4207 249 
4209 473 
4215 277 
4247 510 
4252 325 
4260 85 
4262 179 
4275 285 
4283 119 
4286 355 
4293 102 
4306 159 
4317 286 
4319 1046 
4321 135 
4328 12 
4338 34 
4357 96 
4385 41 
4388 537 
4412 868 
4415 877 
4417 455 
4441 578 
4450 442 
4454 1733 
4503 1091 
4506 455 
4511 50 
4526 162 
4532 193 
4545 1281 
4555 393 
4561 495 
4587 298 
4590 152 
4597 57 
4600 347 
4609 128 
4624 163 
4634 71 
4655 1007 
4662 702 
4663 223 
4665 216 
4668 294 
4682 60 
4684 1428 
4696 577 
4697 322 
4701 531 
4715 211 
4718 565 
4748 336 
4750 219 
4754 240 
4768 1012 
4769 274 
4774 1005 
4781 126 
4790 327 
4790 797 
4811 423 
4815 636 
4815 636 
4815 164 
4815 164 
4820 338 
4820 338 
4849 332 
4849 332 
4877 137 
4878 481 
4883 339 
4894 2348 
4903 860 
4908 220 
4912 9 
4917 1196 
4919 510 
4926 282 
4937 19 
4938 167 
4941 380 
4964 182 
4976 393 
4989 632 
4993 429 
5003 87 
5010 498 
5038 36 
5053 254 
5062 278 
5064 190 
5068 742 
5084 51 
5102 477 
5112 1530 
5115 446 
5138 191 
5146 1581 
5169 358 
5181 26 
5184 483 
5189 738 
5196 527 
5200 405 
5231 2002 
5240 23 
5242 2586 
5256 73 
5269 362 
5272 93 
5285 666 
5296 78 
5301 716 
5304 721 
5305 298 
5325 115 
5334 184 
5337 228 
5349 1634 
5360 12 
5363 2152 
5385 1724 
5401 1206 
5423 1441 
5425 227 
5427 162 
5451 169 
5485 780 
5486 289 
5492 458 
5499 244 
5499 396 
5526 81 
5529 838 
5530 996 
5532 26 
5533 179 
5535 578 
5537 2900 
5547 73 
5552 156 
5564 123 
5564 82 
5565 157 
5572 951 
5590 1439 
5592 252 
5593 110 
5601 986 
5606 514 
5606 261 
5615 709 
5617 668 
5626 610 
5641 677 
5643 643 
5648 79 
5651 281 
5652 228 
5655 142 
5656 74 
5676 22 
5676 1071 
5677 1168 
5679 508 
5683 1954 
5685 54 
5688 885 
5712 83 
5716 253 
5719 840 
5740 29 
5748 106 
5759 63 
5760 259 
5762 76 
5764 1906 
5766 64 
5767 161 
5774 191 
5777 277 
5777 256 
5782 97 
5793 212 
5808 453 
5811 50 
5817 908 
5824 1997 
5835 487 
5837 1000 
5838 259 
5838 522 
5860 1051 
5860 614 
5867 597 
5884 4279 
5891 467 
5897 390 
5898 425 
5900 509 
5907 636 
5913 1092 
5929 671 
5935 694 
5944 778 
5948 752 
5953 1031 
5965 511 
5977 415 
5985 257 
5986 66 
5988 105 
5991 71 
6004 208 
6010 1279 
6011 408 
6021 27 
6025 127 
6032 601 
6035 308 
6042 105 
6044 1056 
6050 61 
6057 755 
6057 45 
6062 203 
6063 76 
6063 401 
6064 155 
6068 581 
6070 161 
6072 1326 
6074 66 
6076 1231 
6086 472 
6092 570 
6107 288 
6110 135 
6111 709 
6113 203 
6114 198 
6122 66 
6130 1643 
6136 62 
6150 266 
6154 4376 
6155 1028 
6159 260 
6160 64 
6173 183 
6178 289 
6180 443 
6184 153 
6188 208 
6190 142 
6191 1360 
6193 212 
6200 183 
6209 172 
6214 17 
6228 360 
6229 211 
6239 153 
6239 394 
6250 269 
6261 62 
6270 383 
6271 814 
6277 173 
6280 393 
6307 190 
6318 556 
6321 26 
6338 45 
6340 2192 
6358 428 
6380 450 
6391 239 
6404 46 
6415 697 
6416 355 
6421 242 
6423 2556 
6430 906 
6434 57 
6437 377 
6443 747 
6446 1543 
6450 257 
6455 1110 
6467 24 
6468 44 
6490 105 
6507 330 
6507 1025 
6508 1103 
6512 2168 
6513 172 
6541 235 
6571 199 
6580 207 
6591 145 
6594 802 
6600 200 
6600 42 
6617 291 
6625 287 
6629 400 
6634 11 
6645 76 
6667 330 
6679 397 
6689 261 
6690 1691 
6693 128 
6711 705 
6714 106 
6716 1151 
6718 91 
6765 290 
6775 397 
6785 116 
6793 268 
6823 112 
6831 692 
6831 836 
6833 429 
6839 2048 
6846 1508 
6862 615 
6882 552 
6884 49 
6890 1373 
6890 535 
6932 62 
6933 142 
6959 135 
6980 232 
7005 583 
7008 192 
7014 552 
7014 12 
7018 181 
7030 477 
7033 147 
7048 1082 
7055 235 
7097 58 
7116 932 
7118 189 
7130 35 
7131 1196 
7135 438 
7143 258 
7144 987 
7161 96 
7164 1003 
7186 144 
7194 221 
7227 93 
7230 685 
7245 1150 
7249 287 
7254 325 
7257 417 
7272 39 
7275 314 
7279 11 
7294 2445 
7304 1044 
7307 915 
7320 404 
7338 174 
7348 318 
7362 229 
7385 124 
7412 46 
7428 155 
7434 1453 
7445 40 
7467 370 
7504 446 
7507 253 
7527 166 
7532 258 
7550 270 
7557 105 
7647 203 
7661 137 
7672 54 
7700 243 
7718 263 
7735 130 
7737 111 
7761 140 
7828 37 
7830 114 
7867 253 
7895 55 
7913 430 
7918 1014 
7921 778 
7924 412 
7933 2675 
7964 259 
7973 624 
8004 898 
8005 542 
8056 341 
8076 50 
8081 46 
8112 17 
8120 4613 
8136 94 
8147 2317 
8166 379 
8216 302 
8222 1153 
8274 473 
8282 3488 
8289 681 
8308 220 
8313 2994 
8337 521 
8387 102 
8457 55 
8485 246 
8496 373 
8505 2673 
8516 40 
8520 278 
8570 24 
8682 501 
8731 1113 
8755 168 
8773 110 
8812 260 
8824 35 
8855 210 
8858 193 
8887 423 
8891 310 
8924 201 
8927 196 
8938 324 
8961 91 
8975 438 
8982 111 
8985 77 
8991 563 
9007 260 
9009 794 
9020 765 
9044 389 
9049 276 
9055 1391 
9066 596 
9094 899 
9128 145 
9145 190 
9145 131 
9148 113 
9160 406 
9165 54 
9206 564 
9243 111 
9253 66 
9306 737 
9317 324 
9411 2463 
9443 143 
9478 1694 
9485 195 
9515 548 
9523 4898 
9545 45 
9567 169 
9574 6505 
9590 1077 
9622 246 
9629 32 
9631 190 
9695 156 
9695 310 
9762 1785 
9771 111 
9793 258 
9793 3149 
9799 813 
9809 85 
9813 500 
9814 1196 
9827 725 
9828 1085 
9874 147 
9881 84 
9895 15 
9921 394 
9929 489 
9937 339 
9975 671 
10056 151 
10073 1160 
10101 56 
10115 414 
10124 37 
10131 244 
10153 38 
10166 517 
10176 495 
10178 782 
10195 922 
10219 105 
10239 424 
10245 728 
10256 174 
10312 23 
10322 57 
10336 337 
10374 30 
10378 8 
10414 287 
10481 283 
10482 50 
10517 376 
10545 404 
10560 534 
10585 645 
10605 661 
10634 892 
10641 72 
10665 403 
10670 897 
10715 29 
10723 111 
10725 146 
10731 336 
10755 81 
10841 249 
10848 24 
10868 220 
10912 80 
11090 27 
11090 204 
11178 174 
11230 2537 
11235 5 
11260 106 
11268 51 
11283 1184 
11296 639 
11308 443 
11329 61 
11344 349 
11366 382 
11367 477 
11415 60 
11418 121 
11444 70 
11449 245 
11462 121 
11524 158 
11539 60 
11585 119 
11668 440 
11668 73 
11689 267 
11744 265 
11752 779 
11777 194 
11801 244 
11848 178 
11850 862 
11900 217 
11956 472 
11977 224 
12103 254 
12150 1371 
12154 191 
12194 219 
12286 128 
12317 48 
12364 300 
12397 105 
12424 238 
12452 267 
12457 71 
12558 143 
12612 113 
12655 146 
12773 204 
12795 364 
12800 2886 
12886 89 
12895 558 
12914 131 
13008 257 
13053 200 
13065 57 
13156 119 
13246 269 
13355 285 
13384 184 
13498 918 
13529 48 
13622 93 
13690 270 
13697 715 
13883 186 
13887 509 
13958 115 
14068 499 
14137 81 
14146 21 
14312 453 
14362 2706 
14412 416 
14464 302 
14470 1988 
14539 93 
14657 35 
14696 236 
14712 1096 
14832 152 
14855 32 
14912 88 
14912 80 
15010 639 
15079 5430 
15148 733 
15228 2185 
15259 1057 
15270 302 
15272 25 
15310 132 
15369 1613 
15370 738 
15432 310 
15435 209 
15470 429 
15507 651 
15602 212 
15619 195 
15732 1215 
15751 445 
15854 131 
15910 257 
15924 448 
15982 356 
16111 312 
16113 408 
16166 524 
16265 113 
16287 109 
16394 216 
16415 278 
16433 319 
16461 112 
16495 1261 
16499 538 
16530 2174 
16598 83 
16619 496 
16632 66 
16649 414 
16839 47 
16978 2232 
17027 899 
17054 1530 
17160 405 
17172 1756 
17225 607 
17232 246 
17234 16 
17318 119 
17415 346 
17464 1014 
17485 829 
17501 313 
17502 51 
17533 72 
17571 69 
17635 830 
17664 213 
17665 186 
17671 186 
17699 272 
17702 797 
17727 789 
17793 271 
17796 3186 
17810 1219 
18024 74 
18116 81 
18140 107 
18205 68 
18283 384 
18336 317 
18397 526 
18412 248 
18473 726 
18480 413 
18563 3100 
18670 699 
18754 402 
18786 249 
18787 309 
18830 113 
18851 2085 
18859 44 
18906 225 
18977 124 
19007 178 
19143 1161 
19253 213 
19270 181 
19355 1210 
19410 1032 
19443 141 
19511 103 
19663 331 
19675 362 
19858 523 
19899 760 
19949 128 
19949 128 
19965 498 
19965 498 
20012 1067 
20012 1067 
20013 77 
20013 77 
20045 230 
20242 527 
20315 94 
20324 121 
20357 15 
20395 624 
20408 292 
20439 502 
20537 542 
20642 214 
20645 16 
20649 414 
20673 208 
20877 1262 
20939 890 
21043 76 
21474 280 
21697 172 
21713 725 
21774 9408 
21825 322 
21846 1141 
21851 356 
21936 1974 
22151 113 
22254 240 
22588 872 
22710 234 
23014 66 
23323 52 
23356 98 
23357 433 
23364 154 
23479 107 
23799 654 
24175 740 
24271 414 
24348 1455 
24357 86 
24388 383 
24421 193 
24498 174 
25006 84 
25282 103 
25303 13 
25316 192 
25818 1628 
26037 656 
26047 428 
26230 205 
26363 255 
26775 441 
26817 784 
27252 1524 
27386 453 
27462 1201 
27562 65 
27765 189 
27829 226 
28149 313 
28431 349 
28677 287 
28717 62 
29040 134 
29081 77 
29264 109 
29907 694 
30318 867 
30417 210 
30476 110 
30542 1202 
30776 1031 
30815 37 
30829 626 
30913 379 
31027 1687 
31129 90 
31262 276 
31321 892 
31337 366 
31439 142 
31617 514 
31746 112 
31825 472 
31897 219 
31987 213 
32443 348 
33405 480 
34108 33 
34360 34 
34566 23 
34763 233 
34928 162 
35394 183 
35394 183 
35963 0 
35995 219 
36170 5 
36806 195 
36924 1031 
37309 38 
37321 499 
37706 414 
37765 419 
37892 98 
38304 1142 
38467 50 
38800 3581 
38849 412 
38963 390 
39079 907 
39349 212 
39416 3614 
39456 758 
39461 436 
39918 194 
39975 220 
40071 86 
40084 17715 
40179 525 
40299 853 
40549 22364 
40579 513 
40621 609 
40637 2085 
40799 373 
40830 98 
41080 303 
41132 572 
41147 93 
41180 1072 
41362 232 
41508 2 
41728 2724 
41997 437 
42041 164 
42386 111 
42396 47 
42603 675 
42935 1175 
42950 43 
43083 406 
43246 517 
43303 613 
43374 928 
44044 348 
44312 334 
44316 39 
44428 260 
44496 447 
44542 292 
44683 444 
44787 55 
44911 3771 
45018 257 
45057 319 
45102 216 
45268 433 
45280 88 
45533 891 
45555 65 
45631 802 
45663 759 
45692 844 
45910 259 
46290 43 
46531 2677 
46757 815 
47141 863 
47324 269 
47489 216 
47559 96 
47746 181 
47853 52 
47859 102 
47930 344 
48037 93 
48233 185 
48512 41 
48727 16 
49143 736 
49294 748 
49842 10 
50208 744 
50251 813 
50286 443 
50295 298 
50304 176 
50312 354 
50337 237 
50342 560 
50679 88 
50843 496 
50958 168 
50979 586 
51101 293 
51152 376 
51162 317 
51236 335 
51382 40833 
51426 1586 
51526 709 
51593 1163 
51600 251 
51657 441 
51757 346 
51776 133 
51843 99 
51919 179 
52004 117 
52161 1986 
52223 485 
52224 2193 
52466 743 
52549 1588 
52598 186 
52715 404 
53219 258 
53446 646 
53684 1639 
53949 1177 
54108 153 
54224 418 
54540 544 
54720 1243 
54787 57 
55012 1183 
55081 367 
55228 137 
55233 1 
55291 201 
55291 688 
55372 363 
55378 232 
55409 546 
55442 63 
55504 3804 
55516 2539 
55534 24 
55607 1109 
55760 65 
55795 17 
55897 424 
56001 929 
56154 214 
56817 266 
57274 343 
57354 58 
57361 579 
57418 242 
57458 61 
57458 173 
57497 288 
57581 654 
57911 1242 
58048 518 
58075 266 
58172 125 
58212 20 
59232 263 
60386 739 
60471 21 
60879 1464 
61006 193 
61050 1275 
61259 175 
61342 1795 
61377 516 
61438 103 
61671 39 
61966 28 
62081 90 
62799 32 
63202 342 
63265 117 
63682 196 
63979 604 
64596 511 
64790 95 
65502 37 
65708 33 
65807 154 
65827 224 
66701 131 
66759 36 
67608 226 
67732 74 
68105 82 
68259 59 
69124 426 
69183 831 
69580 502 
69580 2102 
69799 588 
69898 108 
70163 298 
70233 1243 
70269 418 
70300 367 
70327 270 
70407 148 
70486 366 
70716 262 
70740 256 
70745 420 
70754 1592 
70771 486 
70894 111 
71165 67 
71278 98 
71512 433 
71722 396 
71996 26 
72151 2101 
73332 571 
73346 33 
73849 164 
73975 205 
74007 1858 
74171 113 
74398 548 
74452 66 
74561 490 
74683 534 
75624 217 
76084 273 
76098 107 
76392 286 
76424 82 
76438 1490 
76757 120 
76831 531 
76866 610 
76924 225 
76992 316 
77028 812 
77064 208 
77252 149 
77334 1324 
77577 392 
77769 461 
77836 1238 
78448 387 
79027 497 
79150 1256 
90037 349 
90459 825 
91203 7 
92463 550 
93901 553 
94910 213 
95643 180 
98943 104 
101902 257 
102163 561 
104292 57 
104582 199 
105096 125 
106196 233 
106270 189 
110553 1458 
117253 619 
122505 167 
123417 4 
126156 449 
126319 387 
139096 53 
139408 867 
140362 197 
140424 2539 
140651 437 
140651 437 
143155 342 
144426 310 
144474 149 
145419 4706 
146241 259 
146335 31 
146770 90 
147113 598 
147853 438 
149993 622 
150186 782 
150237 833 
150289 256 
150370 156 
150417 865 
150924 367 
151906 804 
151937 540 
152907 21 
155971 728 
155993 846 
156014 462 
156031 137 
156039 223 
156172 284 
156276 88 
156568 689 
156599 114 
156942 47 
160414 767 
160503 672 
160671 92 
160821 562 
160867 803 
163421 75 
163523 722 
164619 953 
165478 1122 
166430 268 
166964 54 
167150 513 
167257 580 
167543 295 
170813 366 
171129 761 
171846 316 
172491 2676 
175588 735 
177011 321 
177819 64 
178531 268 
179950 231 
180115 78 
180418 263 
180553 128 
181392 71 
181939 725 
182013 581 
191367 231 
196740 1041 
200307 575 
202894 376 
205487 112 
210084 561 
220393 203 
220829 116 
227151 182 
227210 259 
227440 608 
228430 2887 
228557 1250 
228862 481 
230606 98 
234363 60 
235691 228 
243383 734 
243736 275 
251594 483 
252582 999 
252628 78 
253088 81 
253706 3595 
253848 149 
255947 153 
258080 620 
260244 209 
261240 586 
261346 424 
261388 167 
267916 222 
269681 273 
271240 199 
272824 533 
273774 45 
274800 2 
275887 96 
276173 227 
277970 140 
283541 49 
318082 238 
319949 333 
324211 27 
336481 212 
343591 20 
345965 109 
348314 566 
351398 69 
363041 713 
377678 185 
408481 47 
409307 399 
432938 73 
434163 33 
450477 203 
476794 94 
489505 102 
490280 612 
498443 125 
503052 48 
503176 183 
534865 268 
541410 29 
549794 27 
596151 530 
597539 190 
