2579 5.64074074074
0 907776 
7 341 
7 135 
10 546 
11 464 
12 184 
13 142 
15 61 
15 336 
16 237 
16 94 
17 277 
17 209 
17 437 
17 2791 
18 156 
18 234 
18 94 
18 211 
19 594 
20 269 
20 182 
21 55 
21 60 
21 60 
21 120 
22 125 
22 97 
23 787 
23 59 
23 88 
23 133 
24 299 
24 156 
24 570 
24 497 
24 252 
24 349 
26 100 
26 96 
27 86 
27 362 
28 1449 
29 50 
29 41 
29 127 
30 136 
30 325 
30 62 
30 317 
31 335 
31 254 
32 373 
32 89 
32 122 
33 104 
33 573 
33 309 
34 162 
34 1170 
34 780 
34 72 
35 493 
35 188 
36 380 
36 86 
36 345 
37 202 
37 271 
37 105 
38 155 
38 41 
38 59 
39 459 
39 104 
39 212 
40 77 
40 81 
41 16 
41 62 
41 630 
41 206 
41 293 
41 224 
42 143 
42 3044 
42 483 
42 70 
42 89 
42 175 
43 203 
43 620 
43 196 
44 197 
44 58 
44 400 
45 72 
45 82 
45 65 
45 139 
45 525 
45 21 
46 340 
46 426 
46 190 
47 99 
47 551 
47 190 
47 38 
47 80 
47 281 
47 77 
47 335 
47 418 
48 504 
48 814 
48 283 
48 41 
49 38 
49 181 
50 130 
50 75 
50 267 
50 129 
50 98 
50 364 
50 31 
50 166 
50 1052 
50 119 
50 309 
51 183 
51 100 
52 352 
52 187 
52 66 
52 195 
52 67 
52 168 
53 59 
53 139 
54 41 
54 230 
54 187 
54 310 
55 264 
55 229 
55 68 
55 243 
56 565 
56 33 
57 68 
57 110 
57 58 
57 613 
57 112 
57 253 
58 804 
58 67 
58 113 
58 57 
58 56 
58 92 
59 306 
59 42 
59 79 
59 66 
59 62 
59 189 
59 139 
59 9 
60 77 
60 192 
60 88 
60 91 
61 203 
61 108 
61 101 
61 149 
62 83 
62 124 
63 181 
63 388 
63 119 
63 72 
63 213 
63 509 
64 405 
64 157 
64 127 
64 432 
65 150 
65 109 
65 131 
66 932 
66 57 
66 369 
66 134 
66 127 
66 12 
66 328 
67 27 
67 175 
67 160 
67 149 
67 84 
68 123 
68 125 
68 170 
68 298 
69 28 
69 252 
69 58 
69 133 
71 97 
71 1093 
71 32 
71 55 
72 62 
72 61 
72 686 
72 78 
72 38 
72 119 
73 116 
73 125 
73 197 
73 213 
73 181 
74 161 
75 144 
75 44 
75 762 
75 171 
76 267 
76 131 
76 299 
76 392 
77 30 
77 136 
77 295 
77 116 
78 112 
78 67 
78 1775 
79 188 
79 52 
79 125 
80 130 
80 31 
80 293 
80 28 
80 156 
81 87 
81 180 
81 157 
82 125 
82 85 
82 124 
83 155 
83 183 
83 645 
83 133 
83 175 
83 21 
84 202 
84 154 
84 58 
84 162 
84 704 
84 237 
84 544 
85 20 
85 217 
85 139 
86 50 
86 1415 
86 64 
87 34 
87 365 
87 138 
88 43 
88 149 
88 127 
88 39 
89 55 
89 34 
90 1011 
90 180 
90 66 
90 2107 
90 200 
91 63 
92 48 
92 159 
92 151 
92 205 
93 194 
93 155 
94 50 
94 128 
96 57 
96 86 
96 572 
97 150 
97 526 
97 116 
97 334 
97 43 
97 814 
97 252 
97 326 
98 17 
98 251 
98 159 
99 47 
99 200 
99 128 
100 336 
100 174 
100 11 
100 109 
100 39 
101 72 
101 151 
101 142 
101 53 
101 78 
101 141 
102 84 
102 186 
103 57 
103 1171 
103 2256 
103 177 
104 299 
104 79 
104 97 
104 111 
105 85 
106 71 
106 114 
106 163 
107 67 
108 163 
108 69 
109 76 
109 105 
109 11 
110 114 
110 138 
111 87 
112 300 
112 209 
112 1200 
113 471 
113 98 
114 66 
114 328 
114 52 
115 193 
115 126 
115 145 
115 55 
116 167 
116 266 
117 381 
117 126 
117 118 
118 180 
118 115 
119 94 
119 152 
119 109 
119 33 
120 56 
120 82 
121 172 
121 71 
122 62 
122 20 
122 47 
122 439 
123 298 
124 90 
124 1248 
124 330 
124 70 
125 33 
125 106 
125 35 
125 297 
126 188 
126 161 
127 1054 
127 155 
127 115 
129 215 
129 287 
129 251 
129 152 
130 152 
131 32 
131 66 
131 135 
132 209 
132 253 
133 113 
133 162 
134 95 
134 28 
135 872 
135 96 
135 188 
136 30 
136 119 
136 145 
136 28 
136 89 
136 107 
137 52 
137 58 
138 347 
138 196 
139 472 
139 61 
140 14 
140 542 
141 72 
141 16 
142 144 
143 57 
143 208 
143 207 
143 306 
145 111 
145 12 
145 17 
146 154 
146 20 
146 42 
147 212 
147 125 
147 71 
147 186 
148 97 
149 24 
149 702 
149 11 
149 588 
149 144 
150 55 
151 184 
151 235 
151 61 
151 52 
151 144 
152 132 
153 84 
153 75 
154 100 
154 172 
154 258 
155 51 
155 118 
155 225 
157 1743 
157 107 
157 254 
158 278 
158 56 
158 148 
158 127 
159 98 
159 17 
160 569 
160 72 
160 137 
160 70 
161 160 
161 45 
162 193 
162 174 
162 73 
163 260 
163 350 
165 105 
165 118 
165 193 
166 159 
167 240 
168 35 
168 414 
169 86 
170 87 
170 234 
171 84 
171 414 
171 150 
171 165 
172 80 
172 57 
172 88 
174 205 
174 151 
174 55 
176 72 
176 65 
177 109 
177 340 
178 90 
178 51 
179 335 
180 28 
180 100 
181 122 
182 233 
182 414 
182 119 
182 92 
183 269 
183 96 
184 35 
184 104 
184 269 
185 371 
187 147 
187 189 
188 99 
188 36 
189 52 
190 37 
191 47 
192 94 
192 169 
192 18 
193 105 
194 141 
195 130 
195 101 
196 79 
198 543 
198 92 
198 164 
198 125 
199 49 
200 45 
201 85 
201 42 
201 250 
202 227 
202 56 
203 403 
203 71 
203 174 
204 175 
204 67 
204 183 
205 33 
206 150 
207 139 
208 78 
210 256 
210 87 
211 270 
212 209 
212 92 
213 108 
213 142 
214 367 
214 76 
214 18 
217 79 
217 102 
217 126 
219 121 
219 48 
219 134 
220 218 
221 34 
221 73 
224 46 
225 311 
226 52 
227 199 
227 180 
227 168 
228 85 
229 44 
229 24 
230 213 
230 253 
231 17 
231 163 
232 34 
233 160 
234 556 
234 461 
235 29 
236 354 
236 184 
236 61 
237 348 
237 85 
237 113 
237 122 
237 40 
237 153 
238 322 
238 63 
239 228 
241 260 
241 70 
242 86 
243 116 
245 191 
245 283 
246 59 
246 87 
248 323 
249 68 
249 58 
250 135 
251 232 
251 93 
251 36 
252 135 
253 39 
253 94 
254 274 
254 157 
254 39 
255 92 
255 47 
255 39 
256 996 
259 75 
259 519 
259 36 
259 36 
260 85 
260 29 
260 1027 
260 177 
261 52 
262 23 
263 141 
264 114 
264 94 
264 72 
265 41 
266 160 
267 54 
268 66 
269 223 
269 144 
269 63 
269 144 
270 257 
271 278 
271 229 
272 215 
272 13 
273 58 
273 59 
273 17 
275 50 
276 63 
276 329 
277 16 
278 9 
279 32 
279 221 
280 180 
282 127 
282 88 
282 11 
283 23 
283 32 
284 245 
284 84 
287 78 
288 166 
289 57 
289 25 
290 75 
291 27 
292 24 
294 130 
294 93 
295 108 
295 54 
296 147 
297 92 
297 164 
298 1186 
299 24 
300 117 
300 123 
300 99 
300 83 
300 287 
300 531 
301 98 
301 302 
301 58 
303 124 
303 266 
304 23 
306 165 
306 207 
307 43 
309 76 
309 86 
311 49 
312 63 
312 45 
314 155 
314 147 
315 319 
317 305 
318 117 
318 190 
318 41 
319 91 
319 122 
319 13 
320 254 
321 17 
323 124 
323 48 
324 84 
325 216 
325 50 
325 244 
330 83 
330 656 
330 202 
331 434 
332 34 
332 66 
332 90 
334 2805 
335 203 
336 67 
336 148 
337 99 
338 51 
338 73 
339 91 
340 52 
341 117 
341 61 
341 103 
342 139 
343 76 
343 34 
344 77 
345 40 
345 282 
346 97 
347 52 
350 97 
356 51 
359 97 
360 194 
360 141 
360 180 
361 490 
362 113 
362 203 
363 71 
363 129 
364 119 
365 224 
365 127 
366 87 
367 102 
368 87 
369 47 
370 212 
371 362 
371 71 
371 434 
373 340 
373 39 
374 139 
374 69 
378 78 
378 260 
379 307 
380 113 
383 54 
383 26 
384 75 
385 84 
386 96 
386 184 
388 21 
388 155 
390 33 
392 184 
392 252 
392 188 
392 92 
393 217 
393 215 
396 88 
396 176 
397 116 
398 27 
400 30 
401 7 
402 131 
404 42 
405 246 
405 34 
405 50 
405 138 
406 292 
407 626 
408 139 
408 36 
408 88 
409 39 
410 9 
413 127 
416 418 
416 676 
417 102 
419 701 
420 93 
421 6 
421 193 
421 94 
423 78 
424 166 
426 124 
429 57 
431 54 
433 28 
433 344 
434 825 
435 134 
436 166 
437 46 
437 145 
438 60 
439 11 
441 408 
445 153 
446 121 
446 162 
448 2156 
448 124 
450 102 
451 419 
502 90 
503 25 
503 190 
503 74 
504 146 
504 97 
506 173 
508 116 
510 149 
512 48 
513 154 
516 172 
516 165 
516 34 
517 86 
521 281 
521 201 
522 97 
522 173 
525 81 
527 61 
527 22 
529 54 
529 217 
530 280 
531 87 
532 83 
532 103 
533 39 
533 74 
534 111 
534 1346 
537 91 
537 89 
539 30 
545 49 
549 48 
551 85 
553 132 
553 250 
556 491 
558 43 
562 182 
563 134 
567 46 
571 37 
572 48 
572 94 
577 277 
577 219 
580 62 
581 43 
581 683 
581 44 
585 152 
585 60 
588 185 
589 101 
590 152 
595 267 
596 76 
597 72 
598 310 
599 28 
601 72 
602 17 
603 157 
607 39 
608 81 
608 103 
610 402 
614 199 
614 498 
614 226 
615 37 
617 18 
619 334 
620 382 
626 134 
626 55 
627 111 
628 29 
630 154 
632 135 
633 43 
633 140 
635 7 
638 51 
639 81 
643 4 
644 348 
646 437 
651 122 
651 184 
651 79 
653 184 
654 96 
655 127 
657 15 
658 61 
661 64 
662 336 
663 16 
665 14 
666 122 
666 207 
669 215 
670 127 
670 118 
671 49 
672 27 
673 373 
674 140 
675 53 
676 155 
677 145 
680 56 
681 123 
682 126 
684 31 
687 183 
687 139 
688 159 
689 75 
692 82 
692 32 
693 24 
694 235 
697 148 
698 224 
702 649 
703 22 
703 211 
706 308 
707 55 
707 78 
710 132 
710 148 
712 65 
714 75 
718 118 
718 155 
720 54 
720 133 
720 97 
721 14 
724 112 
725 76 
727 421 
728 250 
730 73 
731 288 
731 30 
732 202 
733 78 
734 28 
735 342 
738 164 
738 55 
739 81 
740 62 
742 43 
742 49 
743 1297 
744 79 
744 248 
744 100 
746 123 
751 144 
751 45 
752 22 
754 49 
756 216 
762 151 
762 58 
764 241 
767 61 
767 109 
768 66 
770 193 
772 115 
773 53 
775 49 
776 82 
779 270 
780 75 
781 286 
788 35 
789 13 
789 22 
790 129 
795 342 
796 133 
799 135 
801 99 
803 176 
805 10 
806 160 
806 256 
810 156 
811 67 
811 23 
817 3 
819 47 
821 157 
824 238 
826 133 
826 38 
827 55 
827 97 
833 172 
833 150 
835 180 
836 510 
837 97 
838 73 
844 286 
844 90 
844 153 
845 372 
845 257 
846 13 
847 98 
847 75 
847 156 
849 4 
853 230 
853 14 
856 146 
856 234 
860 250 
862 312 
862 43 
863 125 
867 139 
867 90 
867 54 
867 57 
869 130 
869 288 
870 66 
873 188 
874 144 
874 80 
875 14 
875 32 
876 29 
877 5035 
879 74 
880 215 
881 18 
884 136 
886 83 
888 114 
890 79 
891 73 
893 246 
894 2332 
896 22 
898 1920 
901 151 
904 62 
905 108 
906 74 
906 82 
909 171 
911 29 
912 30 
913 556 
914 188 
917 105 
920 268 
920 15 
923 9 
924 117 
925 61 
925 86 
928 448 
930 72 
932 168 
934 172 
937 21 
937 33 
940 54 
940 133 
941 76 
944 54 
949 43 
950 72 
951 48 
952 10 
952 23 
952 192 
953 21 
953 81 
954 145 
958 136 
959 75 
962 185 
964 26 
964 77 
965 61 
966 339 
973 4 
973 97 
974 32 
980 280 
980 151 
981 104 
982 62 
982 179 
983 371 
986 193 
990 17 
991 455 
992 55 
993 112 
994 250 
998 118 
1001 20 
1003 34 
1004 54 
1007 141 
1007 119 
1008 40 
1011 165 
1011 389 
1013 259 
1015 30 
1016 1202 
1070 90 
1072 20 
1080 119 
1081 344 
1089 117 
1090 95 
1091 160 
1092 8 
1092 53 
1092 64 
1097 77 
1100 194 
1104 173 
1108 70 
1109 346 
1109 10 
1111 57 
1113 14 
1113 71 
1115 31 
1117 68 
1117 116 
1118 89 
1119 272 
1122 107 
1129 44 
1129 150 
1139 120 
1141 91 
1142 113 
1148 25 
1149 62 
1152 51 
1154 118 
1157 120 
1160 1098 
1164 175 
1164 77 
1167 251 
1168 111 
1170 28 
1172 110 
1176 13 
1177 124 
1182 53 
1184 107 
1191 28 
1193 249 
1194 44 
1204 195 
1207 262 
1209 17 
1210 50 
1215 32 
1222 115 
1224 38 
1228 57 
1230 213 
1234 87 
1234 104 
1235 102 
1245 193 
1247 147 
1247 60 
1247 195 
1248 166 
1249 152 
1252 131 
1260 25 
1264 186 
1266 97 
1267 43 
1270 1080 
1273 118 
1280 229 
1283 72 
1287 31 
1288 30 
1290 643 
1290 579 
1291 135 
1292 57 
1292 144 
1294 8 
1294 103 
1298 99 
1300 27 
1301 26 
1301 45 
1304 191 
1319 64 
1321 1083 
1324 72 
1325 39 
1325 213 
1329 113 
1332 2 
1342 37 
1343 22 
1348 37 
1348 206 
1350 224 
1352 148 
1355 26 
1356 101 
1357 39 
1358 115 
1360 103 
1363 42 
1363 174 
1364 62 
1365 14 
1366 40 
1369 6 
1373 42 
1378 57 
1379 144 
1380 176 
1381 30 
1383 321 
1386 53 
1388 42 
1391 34 
1394 88 
1395 90 
1395 23 
1404 55 
1408 57 
1417 248 
1418 220 
1421 170 
1426 222 
1428 82 
1429 251 
1431 39 
1432 148 
1433 42 
1433 75 
1437 67 
1438 28 
1438 78 
1443 75 
1443 57 
1444 85 
1444 5 
1452 17 
1453 87 
1455 39 
1465 78 
1468 64 
1469 81 
1471 75 
1472 112 
1472 202 
1476 45 
1478 285 
1485 136 
1485 569 
1487 256 
1493 10080 
1495 53 
1496 131 
1501 97 
1508 108 
1511 80 
1518 55 
1523 518 
1537 62 
1540 44 
1547 31 
1552 31 
1556 205 
1559 102 
1564 109 
1564 102 
1564 61 
1565 19 
1565 61 
1569 43 
1573 126 
1579 137 
1582 37 
1586 178 
1590 40 
1595 94 
1596 131 
1598 12 
1598 132 
1602 41 
1602 481 
1603 16 
1605 117 
1607 117 
1610 168 
1618 243 
1621 242 
1625 73 
1625 191 
1629 215 
1638 72 
1640 19 
1644 8 
1648 12 
1652 87 
1657 65 
1660 125 
1667 246 
1669 64 
1676 35 
1677 191 
1681 52 
1684 84 
1685 120 
1710 50 
1713 17 
1724 236 
1729 22 
1731 150 
1738 162 
1757 154 
1758 107 
1759 34 
1759 186 
1760 90 
1762 458 
1763 92 
1765 30 
1771 95 
1772 74 
1774 41 
1781 45 
1782 18 
1796 10 
1799 432 
1800 18 
1802 1 
1803 360 
1807 77 
1810 82 
1818 53 
1818 149 
1820 40 
1820 41 
1821 297 
1824 77 
1829 37 
1833 131 
1835 84 
1838 18 
1844 26 
1846 129 
1853 16 
1854 94 
1855 15 
1860 71 
1860 116 
1860 194 
1863 12 
1863 343 
1866 193 
1867 90 
1869 41 
1869 51 
1875 190 
1889 58 
1892 21 
1894 16 
1896 101 
1897 295 
1899 300 
1900 129 
1904 254 
1908 349 
1912 72 
1919 46 
1921 39 
1923 70 
1928 78 
1930 78 
1936 241 
1938 23 
1957 254 
1960 129 
1962 66 
1975 149 
1984 160 
1991 132 
1991 170 
2005 15 
2005 26 
2006 63 
2012 61 
2026 20 
2044 196 
2045 13 
2050 73 
2052 49 
2054 180 
2055 220 
2056 41 
2077 66 
2082 77 
2096 51 
2098 146 
2100 139 
2106 234 
2112 15 
2171 85 
2175 121 
2176 185 
2177 281 
2183 25 
2194 93 
2200 104 
2210 21 
2216 313 
2220 55 
2228 108 
2228 51 
2239 67 
2242 42 
2242 42 
2243 69 
2245 1601 
2247 26 
2250 21 
2257 71 
2263 126 
2266 44 
2266 44 
2268 255 
2268 226 
2276 188 
2277 82 
2298 105 
2302 57 
2310 21 
2311 174 
2312 73 
2313 75 
2314 130 
2317 25 
2321 173 
2328 100 
2333 24 
2346 86 
2347 84 
2353 170 
2364 146 
2377 33 
2385 44 
2390 56 
2394 327 
2399 254 
2421 24 
2427 93 
2444 134 
2449 120 
2471 54 
2477 536 
2477 100 
2477 6 
2487 101 
2491 178 
2497 126 
2498 198 
2501 49 
2506 111 
2507 206 
2512 23 
2514 78 
2531 134 
2553 125 
2561 56 
2563 54 
2579 113 
2589 34 
2590 164 
2598 62 
2605 267 
2613 68 
2617 100 
2621 60 
2623 29 
2623 318 
2625 72 
2627 43 
2628 112 
2629 76 
2631 58 
2632 6 
2636 46 
2652 126 
2655 768 
2662 72 
2664 45 
2666 133 
2672 47 
2673 19 
2693 22 
2696 85 
2697 50 
2701 60 
2711 36 
2724 55 
2725 43 
2733 31 
2737 334 
2746 30 
2754 72 
2762 42 
2773 14 
2774 199 
2787 97 
2795 32 
2795 42 
2795 56 
2796 10 
2805 178 
2808 192 
2813 41 
2830 27 
2838 23 
2846 29 
2851 48 
2860 2555 
2861 153 
2864 11 
2864 141 
2865 80 
2866 56 
2875 102 
2875 37 
2876 209 
2878 53 
2880 23 
2909 154 
2926 69 
2927 11 
2928 173 
2945 32 
2949 67 
2953 167 
2962 74 
2965 58 
2983 49 
2986 36 
2987 79 
2993 140 
2999 25 
3011 104 
3016 208 
3021 103 
3024 55 
3031 167 
3040 68 
3043 47 
3046 127 
3067 336 
3074 102 
3077 57 
3101 66 
3103 159 
3115 80 
3118 11 
3119 119 
3124 64 
3126 51 
3126 104 
3135 107 
3148 35 
3154 1674 
3157 26 
3159 47 
3168 52 
3173 70 
3175 8 
3180 103 
3203 69 
3205 136 
3214 41 
3223 55 
3228 120 
3236 54 
3253 14 
3255 41 
3256 37 
3257 36 
3264 2 
3268 75 
3333 80 
3362 32 
3363 55 
3365 59 
3365 75 
3382 117 
3392 241 
3403 126 
3405 79 
3407 184 
3414 50 
3430 89 
3439 111 
3439 84 
3446 108 
3452 354 
3456 122 
3458 26 
3464 12 
3474 40 
3477 77 
3484 127 
3490 35 
3494 27 
3517 91 
3533 9 
3534 22 
3535 27 
3550 112 
3552 172 
3558 72 
3560 42 
3566 84 
3568 65 
3574 24 
3579 68 
3579 76 
3619 89 
3620 11 
3628 17 
3631 41 
3648 129 
3653 23 
3657 6 
3658 63 
3661 14 
3669 108 
3675 39 
3676 11 
3676 106 
3680 17 
3688 50 
3698 8 
3707 92 
3708 151 
3711 160 
3711 151 
3724 74 
3733 8 
3753 45 
3774 11 
3777 356 
3780 22 
3789 51 
3791 35 
3808 107 
3810 27 
3811 88 
3811 1994 
3833 19 
3835 17 
3845 93 
3862 147 
3865 145 
3871 95 
3872 53 
3884 55 
3888 29 
3888 17 
3904 13 
3909 60 
3913 40 
3913 37 
3969 155 
3991 18 
3994 123 
4003 81 
4022 15 
4055 67 
4079 67 
4093 21 
4108 6 
4113 84 
4119 64 
4142 59 
4145 80 
4156 86 
4163 101 
4172 158 
4183 110 
4186 68 
4191 74 
4196 75 
4216 49 
4224 272 
4227 70 
4228 32 
4233 60 
4245 136 
4245 2 
4249 71 
4261 129 
4287 224 
4289 85 
4291 37 
4320 9 
4327 79 
4347 57 
4350 46 
4353 35 
4358 69 
4359 23 
4398 36 
4402 94 
4409 100 
4409 165 
4438 71 
4439 7 
4448 19 
4452 18 
4452 29 
4457 201 
4459 247 
4478 97 
4482 65 
4487 61 
4493 63 
4497 16 
4520 37 
4527 17 
4528 57 
4544 39 
4552 330 
4562 82 
4566 115 
4580 82 
4590 129 
4598 140 
4623 62 
4632 145 
4637 48 
4658 22 
4672 149 
4678 107 
4722 60 
4731 462 
4734 14 
4746 47 
4749 23 
4752 128 
4752 111 
4754 186 
4768 112 
4796 26 
4796 46 
4799 145 
4804 28 
4855 72 
4863 57 
4875 68 
4891 43 
4893 35 
4898 90 
4909 46 
4943 83 
4949 11 
4960 177 
4962 35 
4963 46 
4977 49 
4979 52 
4989 60 
4995 209 
4996 34 
5017 36 
5020 23 
5042 299 
5079 113 
5091 334 
5097 87 
5111 41 
5120 30 
5127 17 
5127 8 
5129 782 
5136 93 
5154 42 
5157 65 
5162 40 
5164 22 
5211 25 
5220 42 
5222 61 
5225 43 
5234 43 
5255 50 
5258 48 
5275 30 
5283 6 
5290 55 
5304 70 
5325 28 
5331 34 
5346 32 
5418 327 
5418 44 
5438 84 
5439 31 
5448 32 
5456 83 
5482 45 
5514 56 
5530 382 
5539 50 
5546 15 
5547 59 
5556 103 
5562 34 
5571 86 
5604 43 
5612 46 
5635 20 
5664 185 
5678 115 
5691 47 
5719 18 
5724 194 
5748 36 
5756 37 
5763 10 
5768 23 
5769 44 
5787 60 
5788 251 
5812 30 
5824 34 
5830 27 
5834 52 
5843 112 
5854 246 
5863 107 
5864 30 
5901 57 
5915 267 
5934 35 
5945 41 
5960 194 
5968 93 
5978 79 
5996 124 
5996 3 
6012 55 
6026 59 
6035 26 
6069 385 
6098 101 
6102 119 
6152 197 
6152 89 
6218 320 
6292 104 
6298 8 
6311 48 
6324 53 
6372 150 
6413 37 
6418 128 
6456 292 
6496 13 
6500 108 
6507 33 
6520 43 
6541 33 
6544 22 
6545 13 
6559 27 
6581 52 
6618 74 
6627 64 
6627 34 
6628 68 
6663 71 
6675 175 
6702 47 
6720 39 
6732 15 
6774 29 
6777 42 
6793 148 
6796 18 
6822 115 
6832 2 
6877 67 
6902 233 
6928 103 
6939 41 
6976 33 
6978 29 
7130 108 
7133 68 
7137 20 
7146 26 
7150 112 
7167 10 
7215 17 
7238 94 
7244 18 
7257 106 
7272 40 
7279 156 
7308 28 
7311 4059 
7312 63 
7315 96 
7343 63 
7372 59 
7377 179 
7380 56 
7386 56 
7387 145 
7411 36 
7428 344 
7450 140 
7454 62 
7488 659 
7504 60 
7531 12 
7537 106 
7539 118 
7567 145 
7595 133 
7611 109 
7654 49 
7655 24 
7674 57 
7759 58 
7767 63 
7819 6 
7825 330 
7836 89 
7858 154 
7869 13 
7900 87 
7922 568 
7930 14 
7938 151 
7950 73 
8034 73 
8080 1414 
8080 1414 
8081 63 
8081 63 
8142 47 
8170 35 
8224 8 
8277 4 
8292 16 
8339 34 
8370 57 
8384 247 
8397 116 
8420 66 
8439 1502 
8501 170 
8509 50 
8531 511 
8586 46 
8587 1542 
8590 16 
8597 74 
8697 194 
8700 73 
8733 107 
8751 889 
8761 114 
8783 106 
8800 258 
8800 58 
8818 24 
8838 96 
8840 52 
8875 16 
8892 30 
8903 70 
8959 52 
8976 8 
8996 22 
9021 1010 
9029 166 
9038 10 
9059 41 
9065 69 
9081 50 
9090 27 
9136 47 
9141 59 
9142 53 
9146 32 
9160 89 
9179 128 
9199 290 
9207 15 
9211 38 
9223 57 
9255 40 
9322 1408 
9343 350 
9353 3 
9445 113 
9546 12 
9706 13 
9736 107 
9741 30 
9890 62 
9890 35 
9951 20 
9970 31 
10044 60 
10101 13 
10136 38 
10161 39 
10164 43 
10228 15 
10234 96 
10259 153 
10278 14 
10279 32 
10305 103 
10376 13 
10410 42 
10419 140 
10451 57 
10545 54 
10624 7 
10653 77 
10673 42 
10800 62 
10825 18 
10874 4 
10889 8 
10899 48 
10903 62 
10955 32 
10975 310 
10989 11 
11006 66 
11037 33 
11070 2477 
11152 190 
11161 19 
11296 5 
11349 36 
11365 115 
11366 134 
11401 78 
11494 57 
11557 86 
11570 94 
11724 16 
11736 78 
11809 51 
11921 67 
11934 4 
11937 57 
11949 66 
12035 268 
12055 11 
12085 10 
12102 37 
12172 96 
12250 121 
12308 46 
12318 17 
12332 8 
12431 39 
12434 187 
12468 352 
12469 21 
12598 43 
12616 27 
12647 157 
12674 107 
12679 136 
12773 121 
12868 1145 
12930 10 
12982 1375 
13041 61 
13061 58 
13102 12 
13116 118 
13122 107 
13343 20 
13571 70 
13609 65 
13610 44 
13771 59 
13857 58 
13969 62 
14002 34 
14010 27 
14068 180 
14157 63 
14213 79 
14343 9 
14360 21 
14414 18 
14504 71 
14546 107 
14577 26 
14757 19 
14769 82 
14799 74 
14857 334 
14885 84 
14975 47 
15172 2496 
15323 3 
15382 31 
15386 268 
15387 26 
15517 71 
15520 77 
15582 71 
15588 31 
15597 106 
15628 11 
15660 100 
15670 90 
15734 194 
15969 114 
16177 3 
16317 26 
16324 127 
16329 65 
16407 150 
16713 25 
16720 44 
16904 3617 
16957 99 
17037 10 
17116 57 
17239 21 
17290 29 
17305 80 
17310 128 
17335 9 
17415 13 
17461 131 
17469 104 
17577 217 
17583 27 
17699 21 
17708 82 
17740 53 
17740 103 
17849 21 
17872 17 
17930 67 
18053 48 
18075 160 
18145 704 
18194 13 
18213 37 
18224 75 
18258 48 
18297 76 
18301 4 
18342 50 
18359 24 
18363 43 
18365 56 
18367 38 
18415 21 
18437 68 
18437 11 
18588 77 
18687 75 
18689 64 
18852 90 
18853 15 
18906 48 
18929 58 
19066 43 
19180 11 
19192 80 
19192 163 
19425 24 
19449 26 
19548 33 
19613 7 
19641 31 
19664 174 
19716 83 
19784 60 
19918 28 
19918 16 
20014 248 
20052 183 
20119 225 
20143 129 
20194 443 
20227 64 
20236 34 
20262 20 
20322 64 
20434 34 
20527 33 
20622 23 
20756 28 
20759 6 
20831 46 
21068 342 
21129 73 
21218 21 
21265 81 
21306 96 
21335 9 
21473 12 
21479 31 
21734 65 
21756 55 
21947 78 
22163 60 
22341 466 
22381 281 
22430 53 
22572 54 
22743 231 
22814 31 
22849 276 
22853 72 
22870 45 
22913 105 
22944 80 
22993 297 
23146 13 
23623 37 
23668 11 
23896 7 
23979 3 
24114 21 
24197 110 
24212 618 
24672 63 
24701 85 
24916 12 
25041 70 
25211 371 
25298 32 
25508 266 
25562 42 
25634 123 
26121 64 
26295 8 
26555 15 
26568 28 
26594 79 
26744 38 
26761 60 
26954 104 
26963 83 
26963 42 
26989 129 
27051 32 
27153 10 
27407 20 
27427 35 
27461 29 
27512 47 
27685 32 
27761 36 
27890 410 
27938 44 
27974 7 
27989 72 
28025 37 
28064 102 
28184 17 
28215 219 
28376 14 
28386 112 
28392 57 
28396 110 
28485 277 
28558 167 
28616 222 
28627 76 
28737 26 
28743 37 
28859 13 
28898 131 
28981 39 
29048 25 
29139 242 
29152 138 
29188 420 
29529 5 
29537 104 
29754 52 
29837 124 
30112 36 
30307 51 
30358 31 
30460 48 
30734 3 
30775 74 
30889 42 
31169 23 
31494 170 
31565 10 
32029 60 
32268 3200 
32940 41 
32986 36 
33137 62 
33265 12 
33459 374 
33504 1803 
33619 7 
34244 22 
34594 14 
34760 56 
34772 30 
34968 591 
35027 264 
35254 122 
35576 130 
35610 123 
35900 70 
35936 133 
36624 28 
36982 247 
37228 61 
37405 131 
37522 104 
37638 188 
37974 114 
38007 199 
38312 38 
38361 20 
38858 68 
38954 30 
39020 202 
39294 157 
39377 183 
39436 12 
39497 5 
39922 54 
40104 55 
40169 129 
40347 25 
40411 107 
40512 199 
40845 325 
40895 221 
40943 130 
41066 86 
41203 22 
41292 25 
41325 34 
41578 91 
41627 152 
41958 39 
42440 59 
42582 341 
42644 1092 
42671 62 
42702 260 
42768 85 
43756 398 
43993 11 
44004 319 
44018 218 
44153 49 
44258 31 
44462 14 
44604 33 
44785 177 
45108 54 
45150 39 
45162 87 
45234 88 
45261 393 
45449 25 
45510 70 
46385 91 
46626 28 
46969 15 
47765 21 
47797 22 
47818 35 
47878 292 
48152 44 
48458 46 
48764 73 
48792 30 
49503 47 
49761 42 
50468 421 
50834 29 
51240 264 
51265 87 
51364 186 
51382 306 
51470 19 
51470 81 
52097 7 
52382 66 
52412 91 
52969 716 
53847 246 
54422 47 
56709 61 
57057 60 
59685 15 
60230 17 
61534 24 
66847 12 
69702 4 
71016 146 
71502 16 
71572 82 
72406 32 
75693 33 
75826 17 
76060 280 
76112 259 
78029 32 
80145 7 
82170 64 
82535 13 
83213 20 
84248 26 
84428 15 
84428 15 
85359 52 
85804 136 
86873 38 
87479 43 
89756 63 
90752 76 
92198 182 
92524 318 
95900 287 
96527 97 
97278 94 
98038 130 
98049 6 
98074 98 
98324 91 
99127 669 
99613 61 
100129 16 
100591 31 
101448 24 
103139 255 
106064 278 
106088 6 
106190 257 
106294 163 
106481 7 
106684 347 
108141 16 
108866 355 
110837 15 
130158 58 
155772 148 
156337 46 
170998 8 
173627 409 
174723 485 
180544 75 
182941 290 
188470 46 
195138 1007 
197366 66 
199088 199 
211615 129 
213420 25 
231417 760 
234791 112 
276405 65 
296171 10 
313557 0 
313956 203 
320390 77 
365821 19 
398062 181 
445687 43 
476326 37 
568498 12 
601477 253 
