2653 5.61252314815
0 584533 
10 1032 
11 104 
13 2028 
13 250 
14 57 
15 293 
22 341 
23 158 
25 4292 
25 134 
26 931 
27 127 
29 93 
30 243 
33 157 
34 1779 
38 472 
50 74 
81 594 
86 1403 
87 33 
89 47 
95 55 
97 22 
107 189 
120 173 
184 51 
205 203 
212 31 
214 13 
222 363 
254 1717 
264 262 
268 272 
272 21 
275 142 
289 2226 
300 14 
305 161 
309 61 
314 3110 
332 196 
336 141 
346 97 
366 83 
382 168 
388 43 
397 642 
399 241 
410 588 
425 133 
428 130 
437 275 
439 1204 
443 193 
457 103 
462 89 
462 462 
465 277 
465 483 
471 119 
481 65 
490 237 
491 505 
504 142 
511 628 
514 217 
521 1024 
537 408 
541 85 
552 98 
589 74 
590 374 
596 100 
603 268 
610 637 
610 128 
623 1673 
627 677 
631 94 
634 328 
636 652 
640 72 
699 431 
703 581 
716 284 
721 536 
758 228 
759 3936 
792 17 
803 56 
819 56 
828 104 
836 145 
838 866 
847 383 
861 417 
868 2951 
879 170 
886 185 
889 110 
898 800 
899 45 
919 169 
924 18 
925 479 
952 1422 
957 61 
985 59 
991 274 
1010 169 
1025 130 
1032 265 
1040 6742 
1041 231 
1048 122 
1060 145 
1064 60 
1069 331 
1080 381 
1102 133 
1118 21 
1122 43 
1126 245 
1130 111 
1210 819 
1215 114 
1234 144 
1244 611 
1254 52 
1262 179 
1265 125 
1272 473 
1275 64 
1300 200 
1300 2040 
1308 60 
1314 1276 
1316 114 
1325 519 
1335 583 
1391 204 
1395 2033 
1399 16 
1407 168 
1416 173 
1429 137 
1441 71 
1441 128 
1444 988 
1468 26 
1472 9821 
1472 1539 
1500 52 
1502 35 
1523 778 
1525 285 
1527 416 
1527 154 
1535 694 
1548 1656 
1553 357 
1566 34 
1595 86 
1655 80 
1658 663 
1673 470 
1677 6 
1690 84 
1696 59 
1712 237 
1791 45 
1826 154 
1831 134 
1860 71 
1898 209 
1909 481 
1924 46 
1929 146 
1936 432 
1945 36 
1966 96 
1971 64 
1973 25 
1989 255 
1995 311 
1995 388 
2005 136 
2023 29 
2091 48 
2112 342 
2124 262 
2125 81 
2125 160 
2126 123 
2136 104 
2146 1091 
2180 23 
2185 37 
2213 356 
2225 7121 
2255 1214 
2256 403 
2260 76 
2304 61 
2305 450 
2306 265 
2306 18 
2314 267 
2351 56 
2356 523 
2372 91 
2429 170 
2434 50 
2435 84 
2449 1060 
2462 141 
2465 224 
2469 205 
2485 27 
2485 252 
2493 256 
2520 167 
2542 1014 
2547 5 
2552 4 
2568 436 
2570 27 
2579 142 
2590 147 
2600 102 
2615 11067 
2617 118 
2632 1154 
2635 148 
2642 129 
2642 12215 
2663 438 
2685 35 
2687 217 
2687 415 
2710 2122 
2716 424 
2731 409 
2734 143 
2740 54 
2740 23020 
2775 59 
2776 50 
2811 216 
2824 28 
2827 38 
2831 531 
2846 5073 
2851 479 
2872 90 
2875 305 
2885 198 
2948 28 
3007 116 
3021 68 
3060 287 
3084 75 
3104 37 
3117 287 
3146 81 
3187 531 
3188 150 
3206 84 
3212 417 
3214 4828 
3241 712 
3259 17 
3323 14 
3391 247 
3396 125 
3405 88 
3408 650 
3416 372 
3447 49 
3535 115 
3578 272 
3580 102 
3581 89 
3596 624 
3607 130 
3612 246 
3634 3199 
3668 1223 
3686 59 
3687 699 
3705 784 
3715 128 
3725 1050 
3728 81 
3767 47 
3778 73 
3804 258 
3840 1555 
3851 78 
3866 224 
3916 190 
3921 290 
3929 264 
3952 248 
4002 327 
4005 23 
4025 2967 
4037 202 
4067 65 
4097 93 
4097 106 
4148 744 
4175 9 
4190 538 
4192 76 
4197 1145 
4202 92 
4229 227 
4234 1053 
4237 18 
4250 405 
4260 4099 
4284 336 
4307 1013 
4332 529 
4372 542 
4380 5 
4388 2613 
4394 322 
4430 381 
4434 118 
4443 8669 
4451 218 
4488 135 
4505 227 
4520 1382 
4521 163 
4524 5049 
4532 499 
4611 42 
4622 121 
4626 168 
4644 13 
4647 305 
4661 281 
4665 556 
4681 1034 
4682 21 
4687 87 
4701 44 
4709 125 
4715 845 
4734 210 
4735 1333 
4746 304 
4756 360 
4769 612 
4781 598 
4814 59 
4817 322 
4884 113 
4892 1290 
4906 38 
4920 52 
4986 178 
4992 261 
4996 148 
5006 45 
5011 37 
5025 203 
5040 111 
5044 424 
5062 5654 
5063 865 
5126 64 
5165 202 
5202 362 
5238 36 
5242 117 
5255 2658 
5262 448 
5265 250 
5276 317 
5324 56 
5327 46 
5378 152 
5384 1164 
5386 32 
5468 243 
5473 68 
5486 316 
5499 89 
5527 47 
5536 276 
5540 115 
5557 2080 
5562 229 
5587 1498 
5622 28 
5627 206 
5693 134 
5790 4413363 
5796 198 
5802 62 
5803 2072 
5805 89 
5806 71 
5807 99 
5807 47 
5808 631 
5809 122 
5810 1373 
5810 3269 
5811 58 
5811 259 
5811 254 
5812 258 
5812 268 
5813 50 
5813 170 
5813 757 
5816 23 
5817 86 
5817 1 
5819 340 
5820 211 
5821 240 
5823 160 
5826 76 
5826 640 
5829 1216 
5834 140 
5836 83 
5836 693 
5836 282 
5838 230 
5838 411 
5838 1266 
5839 57 
5839 3778 
5840 42 
5841 259 
5843 214 
5843 585 
5844 318 
5846 213 
5848 71 
5849 154 
5851 26 
5852 101 
5852 35 
5853 77 
5855 694 
5855 72 
5855 421 
5856 318 
5857 160 
5857 43 
5857 84 
5859 84 
5859 192 
5860 51 
5860 29 
5860 105 
5863 74 
5863 218 
5864 192 
5866 179 
5866 52 
5868 636 
5869 233 
5871 288 
5872 158 
5872 77 
5873 9 
5877 11 
5877 159 
5879 117 
5881 212 
5883 213 
5883 38 
5884 6241 
5884 989 
5885 460 
5886 16 
5890 134 
5891 303 
5892 153 
5893 138 
5893 567 
5893 100 
5894 49 
5895 167 
5896 27 
5897 206 
5898 300 
5899 92 
5900 229 
5901 87 
5901 75 
5903 92 
5903 108 
5903 236 
5904 248 
5904 88 
5905 292 
5905 154 
5907 146 
5908 157 
5909 83 
5910 89 
5911 157 
5912 332 
5913 1071 
5913 161 
5914 234 
5914 144 
5914 62 
5914 254 
5915 80 
5915 93 
5916 51 
5917 129 
5919 153 
5921 63 
5922 169 
5923 109 
5923 58 
5923 371 
5926 77 
5926 33 
5927 152 
5928 170 
5928 40 
5928 360 
5929 126 
5929 119 
5929 68 
5930 255 
5932 193 
5932 29 
5933 11 
5934 284 
5934 64 
5935 28 
5935 28 
5938 281 
5938 258 
5939 431 
5940 67 
5940 277 
5941 60 
5942 29 
5942 85 
5942 53404 
5942 94 
5942 110 
5943 233 
5944 222 
5944 1333 
5945 77 
5945 385 
5945 113 
5946 189 
5947 88 
5949 529 
5949 58 
5950 1040 
5952 22 
5953 917 
5953 117 
5954 71 
5954 1961 
5954 509 
5955 243 
5955 102 
5958 13 
5961 18 
5961 75 
5961 59 
5962 74 
5963 114 
5963 109 
5963 167 
5966 44 
5966 6946 
5968 97 
5968 34 
5968 63 
5970 8 
5970 377 
5971 136 
5971 84 
5971 113 
5971 115 
5972 237 
5973 29 
5976 255 
5977 104 
5977 88 
5978 168 
5980 122 
5980 4100 
5980 343 
5981 62 
5982 164 
5982 46 
5982 39 
5982 143 
5983 602 
5984 77 
5984 331 
5985 558 
5986 18 
5986 149 
5986 29 
5988 99 
5989 399 
5990 506 
5992 10171 
5992 51 
5993 132 
5994 91 
5994 49 
5995 89 
5995 88 
5996 144 
5996 54 
5998 185 
5998 219 
6000 69 
6000 155 
6001 66 
6002 103 
6003 567 
6003 48 
6005 535 
6009 124 
6010 243 
6011 114 
6011 655 
6012 66 
6013 108 
6013 32 
6014 489 
6014 4994 
6015 365 
6016 12 
6016 4 
6017 204 
6017 317 
6018 2618 
6019 90 
6019 107 
6020 903 
6020 112 
6021 98 
6021 76 
6023 110 
6023 197 
6026 87 
6027 136 
6027 270 
6028 243 
6028 130 
6029 221 
6029 227 
6030 252 
6030 50 
6032 163 
6032 358 
6034 538 
6035 220 
6036 17 
6036 75 
6037 33 
6037 133 
6038 46 
6038 436 
6040 54 
6040 109 
6040 1041 
6041 896 
6041 271 
6041 1005 
6041 249 
6042 158 
6042 422 
6043 21 
6047 160 
6047 611 
6048 151 
6050 129 
6051 43 
6051 89 
6051 58 
6052 450 
6053 71 
6055 27 
6056 62 
6058 210 
6059 145 
6059 154 
6060 160 
6060 26 
6060 10 
6060 43 
6061 19 
6061 220 
6062 62 
6063 26 
6063 78 
6065 136 
6065 80 
6068 58 
6069 75 
6069 24 
6070 456 
6070 11 
6071 744 
6071 43039 
6072 48 
6074 744 
6074 100 
6074 152 
6074 157 
6075 190 
6075 201 
6075 193 
6075 274 
6076 36 
6076 173 
6078 50 
6079 498 
6079 380 
6079 16 
6080 233 
6081 528 
6082 54 
6083 492 
6084 632 
6085 363 
6085 163 
6085 40 
6086 107 
6086 131 
6087 19 
6087 218 
6088 38 
6089 47 
6089 56 
6090 41 
6092 151 
6092 6 
6093 240 
6093 124 
6094 219 
6094 103 
6095 67 
6095 231 
6096 112 
6096 141 
6099 49 
6099 1108 
6100 36 
6100 270 
6100 49 
6102 4203 
6104 181 
6106 297 
6106 9 
6109 1001 
6109 210 
6110 116 
6110 38 
6113 93 
6113 32 
6116 107 
6117 154 
6117 586 
6119 152 
6119 50 
6120 421 
6121 392 
6121 184 
6121 172 
6122 7 
6122 93 
6122 471 
6123 52 
6123 44 
6124 356 
6125 73 
6125 102 
6125 720 
6126 14 
6127 40 
6128 137 
6130 187 
6132 280 
6133 328 
6133 53 
6133 102 
6138 307 
6139 217 
6140 297 
6142 364 
6142 69 
6143 106 
6144 180 
6145 45 
6146 159 
6146 45 
6146 47 
6147 154 
6149 181 
6150 347 
6151 48 
6152 29 
6154 313 
6154 233 
6154 9 
6157 184 
6157 263 
6158 143 
6160 392 
6161 269 
6161 1719 
6162 183 
6162 18 
6162 39 
6164 145 
6164 77 
6164 38 
6165 109 
6166 142 
6166 125 
6167 59 
6168 117 
6169 458 
6170 76 
6171 120 
6173 223 
6173 538 
6173 497 
6174 111 
6174 151 
6175 509 
6177 80 
6177 1258 
6177 28 
6178 117 
6178 89 
6181 48 
6181 56 
6182 122 
6183 305 
6183 22 
6185 116 
6185 767 
6187 34 
6189 117 
6189 22 
6189 421 
6189 181 
6193 624 
6193 35 
6194 267 
6194 56 
6194 221 
6197 81 
6197 52 
6199 381 
6199 33 
6200 50 
6201 288 
6202 101 
6203 171 
6204 336 
6205 19 
6205 123 
6205 174 
6205 80 
6206 157 
6209 238 
6211 61 
6211 674 
6213 193 
6214 93 
6214 69 
6214 294 
6215 400 
6218 134 
6219 89 
6220 238 
6220 131 
6220 530 
6223 479 
6224 472 
6224 102 
6225 522 
6225 80 
6225 70 
6226 400 
6226 289 
6227 522 
6228 505 
6230 90 
6230 24 
6231 156 
6231 136 
6232 336 
6233 65 
6234 1081 
6235 35 
6239 106 
6240 42 
6241 150 
6242 1925 
6242 1153 
6244 83 
6251 30 
6251 85 
6251 359 
6254 70 
6254 350 
6254 43 
6255 59 
6255 171 
6257 118 
6258 229 
6258 136 
6259 12 
6259 187 
6260 85 
6262 13 
6262 73 
6264 61 
6265 605 
6267 35 
6267 82 
6267 24 
6267 51 
6268 96 
6272 325 
6273 290 
6273 1 
6274 93 
6274 140 
6277 113 
6277 35 
6278 243 
6281 43 
6281 49 
6284 56 
6284 96 
6289 138 
6291 667 
6293 84 
6296 448 
6296 103 
6296 84 
6297 142 
6298 25 
6299 5 
6301 564 
6303 20 
6303 78 
6303 27 
6308 542 
6312 53 
6313 42 
6313 84 
6315 65 
6321 435 
6322 32 
6323 2071 
6325 998 
6329 184 
6329 818 
6329 47 
6333 40 
6335 37 
6335 64 
6336 39 
6339 33 
6340 65 
6340 482 
6342 24 
6348 112 
6351 134609 
6352 411 
6355 94 
6363 29 
6364 36 
6366 150 
6370 72 
6372 4 
6372 102 
6373 1913 
6373 117 
6375 178 
6377 107 
6378 186 
6381 78 
6382 130 
6382 130 
6383 1324 
6386 199 
6386 34 
6388 865 
6390 35 
6391 158 
6392 199 
6392 2620 
6394 163 
6394 843 
6396 159 
6397 195 
6397 88 
6399 28 
6399 254 
6399 137 
6399 372 
6400 81 
6402 28 
6403 35 
6408 30 
6408 82 
6410 430 
6411 29 
6412 141 
6413 27 
6413 40 
6419 223 
6423 46 
6423 304 
6424 139 
6426 1163 
6429 63 
6432 2707 
6432 56 
6432 182 
6434 205 
6436 200 
6436 37 
6437 54 
6437 324 
6438 85 
6442 708 
6444 30 
6445 115 
6446 37 
6448 85 
6449 37 
6450 147 
6451 53 
6452 955 
6454 389 
6454 404 
6454 416 
6458 16 
6459 40 
6460 58 
6460 148 
6468 39 
6468 35 
6470 482 
6473 46 
6473 198 
6474 13 
6476 112 
6480 158 
6481 321 
6483 507 
6485 111 
6488 79 
6488 132 
6489 210 
6489 235 
6491 155 
6496 149 
6496 384 
6497 277 
6497 317 
6502 380 
6503 28 
6504 119 
6504 10 
6505 56 
6506 785 
6508 70 
6509 676 
6512 130 
6513 235 
6513 137 
6514 44 
6514 33 
6518 196 
6520 58 
6524 70 
6524 436 
6528 335 
6537 32 
6540 247 
6546 25 
6546 48 
6548 326 
6550 90 
6551 168 
6554 598 
6555 163 
6558 33 
6560 124 
6562 27 
6562 29 
6566 102 
6568 282 
6573 79 
6576 110 
6583 80 
6584 9 
6587 349 
6587 258 
6596 320 
6600 110 
6601 206 
6601 56 
6602 389 
6603 120 
6603 57 
6604 657 
6607 13 
6613 358 
6614 144 
6615 16 
6621 184 
6624 17 
6625 2107 
6628 163 
6630 84 
6633 83 
6634 82 
6634 98 
6634 101 
6641 478 
6644 41 
6645 53 
6646 21 
6648 24 
6654 102 
6654 474 
6658 87 
6659 135 
6663 298 
6663 83 
6664 619 
6671 37 
6671 77 
6673 40 
6673 106 
6673 54 
6676 235 
6676 86 
6676 71 
6690 355 
6693 211 
6693 102 
6694 2339 
6698 79 
6700 26 
6706 54 
6707 39 
6707 293 
6714 167 
6715 129 
6717 2572 
6718 249 
6718 100 
6731 31 
6734 65 
6735 305 
6741 102 
6746 386 
6746 10 
6748 86 
6749 152 
6754 74 
6758 86 
6759 293 
6761 334 
6762 186 
6762 143 
6765 135 
6769 65 
6769 35 
6770 131 
6771 378 
6773 576 
6776 404 
6777 238 
6778 132 
6780 137 
6784 157 
6784 390 
6785 55 
6786 19 
6788 172 
6789 11 
6794 58 
6802 96 
6803 96 
6806 167 
6806 105 
6808 60 
6810 53 
6813 45 
6815 663 
6816 18 
6823 132 
6828 1095 
6832 59 
6832 69 
6834 76 
6835 308 
6838 186 
6847 44 
6848 60 
6848 537 
6849 117 
6850 91 
6854 281 
6857 55 
6860 94 
6866 48 
6871 128 
6872 83 
6876 62 
6880 116 
6885 118 
6888 314 
6891 175 
6893 50 
6894 16 
6898 23 
6900 233 
6900 40 
6903 241 
6906 14 
6908 1744 
6909 268 
6911 1552 
6913 32 
6925 141 
6925 63 
6926 268 
6929 121 
6930 74 
6932 105 
6936 119 
6940 224 
6942 133 
6945 37 
6946 2 
6952 186 
6954 846 
6955 15 
6957 100 
6960 96 
6963 155 
6969 64 
6971 137 
6973 173 
6974 486 
6975 21 
6977 178 
6978 19 
6979 12 
6980 139 
6982 41 
6982 113 
6983 80 
6984 114 
6994 1223 
6998 41 
6999 95 
7002 92 
7004 136 
7004 183 
7007 24 
7007 19 
7014 129 
7017 653 
7019 224 
7024 1079 
7026 30 
7039 85 
7042 327 
7043 27 
7045 522 
7052 88 
7053 128 
7055 539 
7055 58 
7056 10 
7056 43 
7067 5 
7068 248 
7069 23 
7072 322 
7083 110 
7084 268 
7086 34 
7087 30 
7090 541 
7091 56 
7092 389 
7094 44 
7095 310 
7096 225 
7096 70 
7098 87 
7109 63 
7110 375 
7118 132 
7120 394 
7133 203 
7135 194 
7141 40 
7142 75 
7142 75 
7144 300 
7145 24 
7147 65 
7151 122 
7151 38 
7152 78 
7156 217 
7160 232 
7160 169 
7160 27 
7169 52 
7172 14 
7174 162 
7174 114 
7175 1532 
7180 109 
7192 32 
7201 93 
7206 73 
7216 32 
7219 54 
7223 178 
7225 523 
7236 12 
7241 68 
7245 51 
7250 245 
7256 13 
7256 148 
7273 14 
7278 392 
7285 73 
7288 1860 
7294 215 
7294 110 
7296 447 
7299 120 
7305 52 
7308 116 
7309 174 
7317 22 
7328 229 
7331 89 
7336 51 
7337 92 
7338 7 
7338 60 
7344 100 
7345 31 
7360 11 
7360 228 
7361 34 
7365 33 
7366 91 
7376 156 
7376 140 
7384 57 
7387 403 
7400 228 
7409 42 
7410 81 
7414 54 
7417 89 
7418 1 
7418 238 
7423 100 
7425 340 
7425 35 
7436 259 
7436 32 
7438 16 
7440 9958 
7446 16 
7446 868 
7450 181 
7450 1455 
7457 119 
7460 45 
7462 1961 
7468 24 
7469 269 
7476 243 
7478 242 
7481 64 
7482 50 
7485 66 
7491 31 
7494 20 
7497 93 
7500 3042 
7501 110 
7504 127 
7508 120 
7510 77 
7520 22 
7520 169 
7520 55 
7527 613 
7529 129 
7541 82 
7545 73 
7556 564 
7561 18 
7564 6 
7570 181 
7575 185 
7592 591 
7598 103 
7599 11 
7601 48045 
7611 163 
7611 270 
7612 263 
7615 126 
7622 444 
7624 116 
7631 10 
7632 38 
7633 26 
7634 92 
7634 229 
7636 2610 
7638 163 
7646 74 
7650 402 
7656 626 
7658 234 
7659 421 
7659 458 
7661 8 
7663 65 
7664 41 
7664 122 
7668 447 
7669 47 
7676 52 
7682 54 
7685 374 
7692 30585 
7693 23 
7695 13 
7700 173 
7705 726 
7707 131 
7710 62 
7714 374 
7716 171 
7720 35 
7723 43 
7730 223 
7735 13 
7741 3118 
7750 144 
7752 140 
7758 137 
7760 212 
7767 190 
7770 252 
7771 305 
7778 24 
7780 149 
7781 135 
7781 36 
7788 52 
7792 46 
7799 365 
7800 295 
7801 174 
7805 29 
7807 7611 
7810 74 
7812 160 
7814 32491 
7823 344 
7824 114 
7829 396 
7835 269 
7837 82 
7838 48 
7842 40 
7844 69 
7846 502 
7849 21 
7852 11 
7855 342 
7855 189 
7857 155 
7858 83 
7861 255 
7865 167 
7866 90 
7874 79 
7877 84 
7883 41 
7886 421 
7887 55 
7887 73 
7891 27 
7895 1384 
7897 136 
7907 98 
7909 96 
7912 1423 
7914 123 
7915 136 
7920 150 
7931 17 
7932 229 
7936 29 
7937 18 
7937 56597 
7938 111 
7939 311 
7939 206 
7939 1244 
7942 33 
7942 28 
7943 74 
7945 22 
7947 116 
7954 73 
7958 19 
7961 53 
7965 260 
7968 16 
7970 50 
7977 168 
7981 60 
7982 300 
7982 1204 
7983 96 
7989 62 
7989 112 
7995 109 
7995 26 
7997 61 
8003 135 
8003 62 
8004 140 
8004 30 
8006 23 
8007 154 
8018 117 
8019 58 
8020 89 
8020 129 
8050 93 
8055 187 
8068 55 
8096 131 
8107 97 
8108 133 
8114 81 
8115 78 
8119 73 
8122 152 
8145 403 
8150 34 
8152 59 
8153 105 
8155 75 
8180 533 
8185 36 
8197 79 
8203 86 
8208 103 
8215 107 
8219 13 
8223 140 
8225 88 
8227 138 
8240 132 
8253 30 
8254 96 
8261 18 
8262 2420 
8275 419 
8275 18 
8279 40 
8291 1153 
8300 457 
8306 91 
8309 264 
8312 25 
8314 9 
8322 424 
8324 28 
8329 25 
8334 131 
8347 151 
8351 135 
8357 289 
8368 40 
8374 327 
8377 1323 
8385 25 
8391 505 
8392 7 
8403 209 
8407 57 
8441 51 
8452 147 
8457 84 
8461 26 
8462 143 
8463 92 
8466 165 
8468 29 
8471 25 
8473 6 
8480 19 
8481 62 
8482 93 
8485 405 
8501 192 
8502 101 
8521 41 
8528 121 
8550 153 
8558 94 
8560 40 
8562 38 
8575 68 
8575 77 
8588 2414 
8598 161 
8601 3046 
8605 47 
8617 169 
8620 49 
8623 23 
8632 17 
8636 148 
8641 69 
8641 4822 
8643 22 
8645 216 
8667 55 
8667 226 
8675 19 
8704 130 
8707 59 
8708 116 
8709 108 
8721 193 
8727 64 
8755 642 
8759 116 
8765 28 
8776 53 
8777 60 
8788 54 
8792 37 
8793 129 
8805 46 
8807 44 
8810 22 
8813 173 
8827 45 
8842 668 
8865 109 
8866 38 
8869 111 
8873 74 
8883 111 
8888 16 
8890 28 
8894 57 
8910 84 
8934 23 
8936 42 
8954 46 
8961 202 
8962 701 
8964 262 
8969 87 
8974 57 
8979 122 
8988 29 
8993 39 
8995 208 
9003 16 
9015 93 
9027 23 
9044 32 
9049 53 
9055 77 
9067 172 
9072 3311 
9074 10 
9078 109 
9090 6 
9092 274 
9092 25 
9102 111 
9108 52 
9111 321 
9111 4568 
9134 185 
9136 29 
9150 47 
9174 2855 
9181 178 
9181 9 
9191 346 
9192 0 
9194 55 
9202 135 
9205 214 
9213 62 
9214 154 
9221 147 
9231 32 
9245 259 
9256 242 
9271 175 
9286 57 
9305 186 
9316 77 
9350 119 
9361 57 
9371 94 
9380 24 
9384 38 
9417 40 
9418 17 
9421 109 
9424 439 
9445 84 
9477 472 
9485 107 
9496 26 
9529 139 
9530 86 
9539 142 
9547 216 
9557 184 
9562 22 
9575 25 
9576 127 
9581 2580 
9581 107 
9583 21 
9587 245 
9596 350 
9600 83 
9619 42 
9621 74 
9624 227 
9634 47 
9645 31 
9651 12 
9656 89 
9670 81 
9683 370 
9702 29 
9705 107 
9719 88 
9720 164 
9731 50 
9735 35 
9736 2849 
9739 156 
9741 56 
9759 133 
9762 32 
9762 17 
9791 67 
9798 110 
9810 7 
9835 228 
9841 40 
9852 10 
9853 452 
9861 108 
9861 45 
9862 86 
9891 30 
9892 18 
9935 179 
9941 76 
9959 91 
9989 243 
9989 118 
9994 33 
10052 23 
10064 19 
10073 157 
10078 218 
10078 152 
10084 261 
10091 157 
10108 40 
10111 6 
10113 280 
10124 155 
10140 70 
10152 102 
10161 334 
10187 92 
10214 11 
10231 70 
10234 21 
10238 35 
10250 100 
10258 10993 
10264 35 
10265 213 
10270 157 
10321 452 
10326 163 
10343 483 
10372 209 
10378 140 
10393 70 
10393 201 
10402 100 
10406 688 
10438 317 
10456 457 
10457 55 
10460 168 
10463 53 
10483 13 
10496 403 
10496 403 
10536 127 
10536 127 
10569 20 
10574 23 
10579 29 
10596 175 
10602 47 
10621 94 
10625 329 
10639 2159 
10655 199 
10655 39 
10660 11 
10664 153 
10679 109 
10683 67 
10683 1158 
10694 13 
10710 106 
10743 165 
10747 7 
10748 79 
10752 418 
10762 19 
10778 751 
10778 85 
10792 119 
10798 13 
10799 99 
10836 192 
10840 56 
10846 115 
10850 175 
10870 3843 
10875 181 
10879 63 
10885 25 
10910 204 
10923 338 
10928 34 
10931 17 
10932 69 
10936 9 
10936 185 
10991 519 
11008 113 
11024 337 
11029 165 
11031 674 
11032 156 
11055 97 
11103 45 
11126 111 
11135 28 
11166 78 
11173 450 
11187 30 
11196 102 
11197 8 
11242 33 
11293 31 
11295 78 
11300 127 
11318 72 
11344 31 
11347 14 
11364 43 
11367 17 
11370 273 
11385 157 
11390 194 
11405 37 
11464 104 
11471 178 
11479 2 
11484 14 
11490 795 
11494 144 
11528 116 
11542 71 
11576 10 
11586 188 
11604 153 
11636 52 
11638 15 
11663 540 
11697 428 
11738 29 
11754 326 
11755 13 
11763 291 
11780 30 
11810 65 
11885 40 
11887 14 
11902 99 
11906 203 
11955 159 
11978 506 
11981 439 
12008 176 
12027 138 
12058 3007 
12074 8 
12121 440 
12142 42 
12150 67 
12163 87 
12164 24 
12169 460 
12169 69 
12200 827 
12217 127 
12329 284 
12352 311 
12355 312 
12484 6 
12489 22 
12495 18 
12507 17099 
12522 1424 
12539 62 
12550 285 
12576 834 
12586 60 
12603 1110 
12617 164 
12628 904 
12638 56 
12643 87 
12650 52 
12674 230 
12687 53 
12689 16 
12722 137 
12738 7 
12739 99 
12762 22 
12763 336 
12788 237 
12794 18 
12815 66 
12834 34 
12873 162 
12882 1116 
12884 113 
12888 40 
12889 18 
12893 16 
12909 431 
12920 48 
12961 134 
12967 111 
13022 28 
13039 91 
13091 58 
13106 261 
13147 38 
13195 30 
13262 2380 
13265 279 
13267 866 
13269 53 
13300 250 
13308 97 
13335 46 
13348 14 
13353 11 
13361 330 
13420 158 
13425 46 
13433 320 
13473 347 
13527 345 
13529 23 
13562 371 
13584 944 
13608 9 
13618 41 
13618 8 
13640 451 
13672 259 
13676 32 
13685 1671730 
13697 113 
13699 86 
13703 739 
13714 295 
13724 531 
13735 113 
13743 3859 
13759 208 
13763 320 
13778 181 
13789 165 
13789 33 
13794 202 
13803 123 
13805 20 
13812 29 
13814 2663 
13820 106 
13825 141 
13828 68 
13830 144 
13832 33 
13833 3381 
13846 3 
13854 72 
13858 20 
13860 92 
13871 37 
13875 247 
13879 42 
13881 111 
13886 232 
13894 488 
13895 13 
13898 368 
13904 306 
13905 66 
13927 93 
13927 303 
13927 6586 
13929 224 
13937 692 
13937 2132 
13939 146 
13943 413 
13944 631 
13947 40 
13959 40 
13959 27409 
13971 292 
13972 744 
13978 393 
13980 104 
13981 69 
13982 52 
13983 68 
13988 3102 
13989 224 
14000 194 
14002 115 
14005 20 
14005 51 
14016 400 
14019 825 
14028 40 
14031 238 
14038 1504 
14042 1266 
14046 2 
14070 2087 
14080 46 
14090 1120 
14102 37 
14102 295 
14103 99 
14119 3786 
14143 114 
14144 192 
14144 39 
14147 61 
14149 46 
14152 48 
14156 250 
14168 725 
14189 94 
14199 336 
14201 95 
14211 1307 
14212 58 
14220 2877 
14230 39 
14231 68 
14231 65 
14235 497 
14236 32 
14249 24 
14252 32 
14255 51 
14258 77 
14266 583 
14282 54 
14283 110 
14284 72 
14289 65 
14301 117 
14307 853 
14311 259 
14333 142 
14339 244 
14339 163 
14340 196 
14352 142 
14373 88 
14379 228 
14384 443 
14384 55 
14386 235 
14389 1260 
14399 92 
14419 502 
14439 11 
14441 89 
14443 58 
14459 48 
14469 181 
14478 35 
14479 460 
14491 72 
14493 65 
14494 41 
14496 419 
14499 198 
14504 70 
14504 6 
14512 413 
14534 31 
14551 219 
14558 205 
14560 127 
14561 121 
14565 55 
14570 152 
14580 219 
14591 261 
14592 244 
14601 106 
14608 21 
14653 82 
14670 245 
14674 65 
14688 5 
14697 300 
14728 22 
14730 4 
14766 37 
14767 39 
14773 1069 
14781 126 
14791 691 
14798 5 
14830 80 
14837 178 
14847 673 
14848 14 
14853 30 
14905 86 
14926 42 
14941 249 
14945 938 
14983 551 
14990 93 
15022 2066 
15043 23 
15054 32 
15083 99 
15095 29 
15139 233 
15169 141 
15170 34 
15179 529 
15231 592 
15233 265 
15276 118 
15277 36 
15292 341 
15304 41 
15362 69 
15376 3742 
15395 150 
15406 30 
15476 111 
15477 97 
15477 99 
15497 188 
15502 10 
15542 175 
15558 33 
15564 330 
15593 285 
15627 35 
15629 116 
15630 469 
15744 139 
15788 300 
15822 342 
15839 1114 
15878 52 
15881 98 
15883 8 
15908 567 
15945 631 
15996 629 
16034 48 
16048 22 
16050 127 
16070 19 
16096 5 
16105 51 
16120 133 
16121 25 
16133 115 
16137 39 
16152 78 
16159 16 
16191 1646 
16200 8 
16205 21 
16205 31 
16206 15 
16214 679 
16264 334 
16278 90 
16297 586 
16324 225 
16365 594 
16366 25 
16371 134 
16419 74 
16446 55 
16548 100 
16558 69 
16584 108 
16611 229 
16632 530 
16657 169 
16675 107 
16679 76 
16688 511 
16699 92 
16731 278 
16755 42 
16758 475 
16802 104 
16826 122 
16832 14 
16839 128 
16875 32 
16964 349 
16971 54 
16975 5 
16985 100 
17015 120 
17044 295 
17070 100 
17083 147 
17113 64 
17132 78 
17174 84 
17184 39057 
17187 11 
17207 23 
17208 6 
17234 14 
17259 197 
17262 65 
17280 53 
17376 18 
17416 67 
17436 845 
17533 56 
17539 81 
17620 322 
17662 54 
17703 93 
17758 41 
17762 73 
17825 38 
17842 322 
17854 198 
17882 29 
17902 79 
18001 49 
18046 33 
18134 36 
18152 433 
18212 476 
18242 39 
18312 38 
18363 115 
18366 40 
18402 124 
18409 42 
18467 18 
18518 14 
18531 0 
18567 607 
18569 67 
18647 62 
18654 161 
18683 50 
18827 50 
18873 39 
18874 148 
18941 106 
18982 237 
19033 178 
19174 29 
19248 7 
19270 130 
19322 23 
19392 181 
19450 50 
19520 260 
19606 76 
19626 9357 
19634 364 
19758 32 
19860 4456 
19865 190 
19896 200 
19932 718 
19969 400 
20039 83 
20088 47 
20103 186 
20215 403 
20229 397 
20237 163 
20246 440 
20295 121 
20299 49 
20419 279 
20436 81 
20448 66 
20461 59 
20472 11 
20548 87 
20560 120 
20641 261 
20675 37 
20699 56 
20796 10 
20865 132 
20954 174 
21144 12 
21152 100 
21191 12 
21197 61 
21216 53 
21236 51 
21351 180 
21367 39 
21399 48 
21400 38 
21410 1138 
21474 45 
21498 10 
21499 53 
21501 110 
21536 10 
21634 34 
21636 81 
21658 39 
21676 11 
21716 127 
21802 39 
21832 60 
21936 58 
22269 14 
22297 278 
22371 152 
22411 36 
22456 1097 
22625 103 
22656 48 
22866 274 
22874 6349 
23038 1061 
23106 138 
23138 12 
23153 289 
23164 89 
23187 178 
23263 10 
23303 10 
23314 46 
23418 98 
23428 57 
23472 224 
23473 23 
23597 84 
23613 96 
23709 2624 
23720 38 
23741 36 
23742 8936 
23811 88 
23860 37 
23927 94 
23936 74 
23973 89 
24075 104 
24141 24 
24343 82 
24389 677 
24563 84 
24756 232 
24783 14 
24818 11 
24874 74 
24989 75 
25016 212 
25147 24 
25174 5609 
25191 19 
25213 7 
25330 38 
25340 24 
25363 12 
25371 28 
25403 61 
25514 91 
25857 526 
25864 9 
25890 241 
25926 52 
25964 26 
25964 26 
26302 73 
26325 243 
26380 180 
26427 398 
26505 79 
26617 77 
26691 12 
27014 0 
27135 181 
27278 54 
27283 161 
27440 49 
27478 19 
28000 28 
28096 52 
28251 49 
28317 438 
28357 29 
28366 19 
28539 101 
28559 48 
28602 95 
28769 38 
28906 31 
29201 570 
29217 594 
29299 16 
29379 98 
29416 180 
29458 22 
29613 19 
29666 48 
29919 178 
29948 4 
30026 9 
30054 87 
30135 55 
30223 45 
30390 210 
30527 525 
30587 741 
30594 1 
30790 18 
30834 59 
31061 249 
31284 3 
31290 15 
31569 116 
31657 165 
32104 26 
32176 72 
32385 11 
33006 41 
33034 5 
33045 15 
33209 10 
33212 63 
33349 25 
33381 2018 
33733 86 
34569 135 
34726 170 
34780 49 
35361 21 
35550 34 
35800 41 
36053 1 
36072 41 
36780 121 
36784 19813 
37193 66 
37438 6 
37802 216 
37814 52 
37846 32 
38894 112 
39096 58 
39134 57 
39148 21 
39255 144 
39273 22 
39404 0 
39529 4 
39552 31 
39763 306 
39849 0 
40091 39 
40228 3 
40450 37 
40528 58 
41027 134 
41105 110 
41381 26 
42203 201 
42556 650 
42582 10 
42756 14 
43170 5 
43209 131 
43267 32 
43603 4 
43615 187 
44190 3 
44492 116 
44528 144 
44599 105 
45096 29 
45101 81 
45176 504 
45267 173 
45448 2 
45546 721 
45580 1252 
45738 238 
47130 12 
48139 176 
48651 81 
49618 22 
49984 145 
50295 14 
51334 8573 
51551 58 
51636 162 
52602 147 
52950 70 
54062 4 
54381 51 
54591 21 
55295 45 
55438 82 
55994 121 
56615 518 
56971 2142 
57017 434 
57175 134 
57645 3 
58596 723 
59160 159 
59473 79 
59585 44 
61158 10 
62106 2510 
62155 1310 
62489 3 
65929 12 
67744 173 
70011 1614 
70071 2068 
70944 3 
72602 823 
77181 251 
77813 107 
78139 581 
78378 14 
78700 527 
80738 468 
86018 83 
94417 155 
106287 16 
107729 83 
110334 40 
132311 8 
133762 1170 
144087 26 
148823 2793 
153796 165 
176582 43 
177074 80 
180200 515 
191315 18 
429676 1 
435492 0 
599584 7 
