2312 5.54574074074
0 605703 
7 1426 
9 501 
12 326 
13 582 
17 72 
17 270 
18 97 
22 267 
22 125 
22 114 
23 6193 
25 668 
25 146 
26 251 
29 565 
31 524 
32 246 
33 580 
34 276 
34 218 
36 753 
37 1593 
38 741 
39 335 
39 665 
40 58 
41 1524 
43 151 
43 831 
43 13 
45 1068 
46 202 
46 909 
46 106 
47 1692 
50 453 
50 340 
50 102 
52 19 
52 290 
53 849 
53 55 
55 158 
55 74 
55 659 
56 324 
57 85 
58 510 
59 129 
65 100 
65 289 
68 120 
68 254 
68 446 
68 35 
70 11 
70 146 
70 278 
71 48 
76 282 
79 18 
79 46 
80 406 
82 27 
82 466 
83 98 
84 292 
88 29 
89 1004 
91 1376 
91 190 
91 172 
93 346 
96 330 
97 1205 
98 235 
98 43 
99 131 
100 13 
101 56 
102 820 
103 199 
103 13 
104 194 
104 110 
105 1163 
105 208 
106 243 
107 106 
107 144 
112 39 
112 247 
113 157 
115 49 
115 140 
117 169 
119 2609 
123 343 
128 50 
131 114 
133 288 
133 567 
134 173 
134 1547 
136 208 
140 465 
146 659 
148 141 
149 856 
153 468 
154 162 
159 1507 
160 1560 
162 301 
163 143 
166 64 
167 88 
168 365 
169 23 
171 139 
174 122 
176 11 
178 1495 
178 8 
182 188 
185 185 
195 223 
197 303 
201 1396 
203 190 
207 79 
208 1335 
212 60 
213 1282 
214 2798 
215 138 
219 1345 
220 203 
220 732 
221 299 
223 238 
226 544 
232 387 
232 174 
237 202 
243 48 
257 1494 
261 600 
261 540 
262 767 
267 195 
268 41 
272 3019 
274 443 
278 23 
280 3530 
281 729 
293 3 
301 1351 
301 735 
302 123 
305 26 
306 1294 
306 150 
306 176 
308 1004 
318 174 
325 111 
326 9 
326 545 
330 441 
331 225 
337 280 
339 507 
342 592 
345 375 
354 568 
355 428 
380 40 
383 708 
384 351 
386 131 
386 3 
386 707 
394 368 
395 311 
396 81 
399 92 
416 168 
421 116 
440 97 
441 21 
441 828 
442 107 
449 96 
451 928 
457 173 
460 22 
464 91 
471 268 
473 22 
474 466 
486 42 
488 441 
491 312 
493 302 
514 99 
516 54 
518 17718 
520 58 
528 17718 
529 677 
533 251 
540 91 
541 598 
567 33811 
580 116 
582 28 
582 322 
590 78 
595 773 
601 97 
604 258 
610 555 
613 97 
623 759 
626 152 
634 47 
656 92 
658 11 
660 2130 
662 282 
671 120 
676 81 
684 67 
696 373 
711 128 
717 1358 
718 211 
719 134 
772 2009 
792 157 
798 146 
806 258 
814 624 
831 172 
835 3496 
838 787 
855 656 
890 200 
894 497 
899 24 
899 109 
911 345 
916 8 
927 15 
931 1356 
941 630 
951 807 
956 580 
968 1794 
971 122 
971 12 
992 110 
992 1372 
1018 10133 
1021 96 
1025 265 
1037 128 
1042 113 
1051 185 
1063 41 
1065 217 
1091 106 
1105 373 
1154 19 
1154 19 
1174 213 
1177 1625 
1246 163 
1248 87 
1257 25 
1271 301 
1273 132 
1280 111 
1286 196 
1312 422 
1317 209 
1331 22 
1337 1039 
1344 611 
1370 12 
1389 821 
1396 78 
1408 29 
1433 1189 
1446 350 
1466 34 
1491 134 
1509 159 
1519 24 
1528 558 
1579 252 
1583 952 
1610 42 
1618 236 
1621 61 
1624 28 
1625 21 
1630 243 
1632 32 
1671 24 
1672 1786 
1677 228 
1721 232 
1722 50 
1731 76 
1760 86 
1773 454 
1789 38 
1795 124 
1799 45 
1835 56 
1873 54 
1882 1371 
1886 149 
1890 1014 
1894 274 
1902 271 
1941 62 
1944 293 
2088 119 
2131 1954 
2144 530 
2170 1595 
2176 334 
2233 419 
2297 274 
2334 178 
2337 129 
2372 57 
2404 597 
2429 66 
2444 170 
2449 95 
2468 1211 
2485 917 
2504 19 
2506 24 
2525 2345 
2539 1863 
2568 11 
2586 2723 
2617 925 
2652 559 
2655 1071 
2658 895 
2713 61 
2740 1343 
2744 2878 
2803 373 
2914 4189 
2920 1213 
2961 180 
2963 173 
2967 95 
3028 930 
3046 305 
3053 53 
3219 10 
3366 9 
3408 53 
3436 88 
3457 1953 
3458 97 
3476 156 
3500 3244 
3515 2026 
3557 11 
3590 87 
3635 94 
3641 290 
3667 56 
3704 23 
3938 74 
3943 432 
3947 27 
3959 53 
3988 204 
4030 45 
4061 1 
4070 29 
4083 3081 
4106 76 
4128 225 
4325 1377 
4328 596 
4387 40 
4492 2620 
4639 889 
4647 1237 
4829 12 
4859 97 
4924 136 
5029 493 
5088 32 
5160 1030 
5228 1609 
5424 27 
5480 256 
5493 102 
5523 587 
5537 719 
5565 3426 
5661 687 
5701 12 
5714 63 
5980 41 
6064 5951 
6070 1035 
6079 453 
6080 1304 
6084 1168 
6103 1071 
6135 397 
6143 91 
6163 631 
6217 222 
6241 106 
6262 33 
6470 42 
6474 103 
6513 21 
6520 347 
6521 450 
6557 1097 
6566 182 
6579 1987 
6599 110 
6668 1056 
6692 1574 
6734 79 
6894 41 
6977 848 
6994 295 
7004 819 
7007 1797 
7012 989 
7028 312 
7031 192 
7034 7011 
7067 1096 
7068 37 
7074 1501 
7074 206 
7079 383 
7099 948 
7116 2993 
7151 535 
7163 393 
7169 1246 
7228 372 
7232 45 
7236 31 
7246 1701 
7259 1124 
7261 12 
7279 191 
7286 120 
7317 512 
7322 1059 
7340 1132 
7468 1002 
7488 792 
7512 1049 
7579 206 
7786 887 
7787 69 
7897 150 
8196 724 
8368 114 
8535 650 
8537 12241 
8568 51 
8573 1150 
8638 264 
8948 212 
8990 77 
9026 86 
9347 1447 
9395 50 
9453 374 
9505 5 
9636 205 
9644 61 
9650 289 
9791 320 
9918 187 
9921 1171 
9946 4449 
9968 95 
9983 621 
9993 460 
10022 99 
10084 538 
10093 351 
10270 123 
10520 918 
10619 2000 
10632 3634 
10705 71 
10926 1250 
10940 990 
10984 6 
11010 1180 
11191 164 
11236 39 
11293 189 
11345 945 
11346 117 
11355 188 
11416 586 
11421 247 
11425 608 
11585 1730 
11609 1057 
11649 668 
11772 47 
11833 848 
11869 1132 
11891 1782 
11907 3949 
11935 1765 
11948 805 
11976 1514 
12084 931 
12124 1140 
12311 926 
12390 444 
12412 1671 
12457 1735 
12466 910 
12473 980 
12486 311 
12524 2347 
12548 27 
12555 1542 
12569 1100 
12582 66 
12760 1427 
12791 650 
12832 297 
12879 1030 
12879 858 
12907 969 
12916 1693 
12920 3323 
12942 90 
12953 519 
12956 829 
12959 416 
12998 180 
13046 1315 
13107 211 
13110 237 
13124 2957 
13139 1463 
13146 933 
13216 164 
13257 7384 
13264 775 
13267 521 
13321 1117 
13339 170 
13437 3016 
13440 571 
13452 429 
13485 902 
13506 661 
13509 627 
13510 696 
13534 3063 
13554 508 
13566 888 
13573 141 
13574 1817 
13584 2434 
13585 180 
13623 94 
13657 139 
13662 1126 
13737 977 
13760 642 
13806 356 
13831 782 
13876 383 
13931 13 
14080 125 
14223 748 
14240 73 
14261 143 
14317 2281 
14428 564 
14429 1283 
14448 1956 
14495 7246 
14566 517 
14666 1426 
14692 1197 
14725 1805 
14727 1970 
14740 1093 
14805 2098 
14842 252 
14931 140 
14993 693 
15084 10 
15124 154 
15131 299 
15144 2113 
15250 245 
15254 3231 
15299 9 
15341 486 
15372 236 
15396 683 
15430 177 
15487 1058 
15495 1294 
15589 675 
15666 1982 
15675 760 
15679 2169 
15680 789 
15695 376 
15754 289 
15788 2 
15798 355 
15832 4187 
15936 37 
15987 817 
15995 1007 
16067 730 
16084 925 
16096 1292 
16133 108 
16478 3191 
16573 1185 
16581 184 
16635 81 
16640 1253 
16716 605 
16928 2309 
17052 21 
17091 587 
17095 210 
17098 16 
17102 294 
17104 1544 
17106 606 
17113 835 
17122 495 
17218 164 
17258 76 
17338 539 
17466 682 
17539 701 
17547 1048 
17651 249 
17685 177 
17688 3094 
17737 121 
17842 394 
17913 1520 
17924 146 
17935 2746 
17970 1881 
18119 1032 
18198 1842 
18296 161 
18304 375 
18388 323 
18434 167 
18477 157 
18533 1365 
18585 1226 
18759 1039 
19071 307 
19121 15 
19409 194 
19553 58 
19623 1535 
19628 1257 
19636 1177 
19639 34 
19660 3094 
19695 417 
19700 65 
19707 1150 
19710 321 
19817 221 
20159 157 
20217 98 
20247 4176 
20259 884 
20266 336 
20273 3407 
20293 361 
20293 544 
20299 1764 
20313 433 
20313 124 
20313 1595 
20332 787 
20363 708 
20386 148 
20390 617 
20390 186 
20390 1287 
20394 659 
20398 242 
20418 2655 
20427 2839 
20458 1190 
20461 505 
20470 2038 
20514 401 
20532 252 
20577 229 
20592 2114 
20631 2576 
20649 4716 
20701 170 
20733 644 
20805 1207 
20833 731 
20955 362 
20984 111 
21076 666 
21095 37 
21139 258 
21215 6 
21251 107 
21287 217 
21299 441 
21386 266 
21449 188 
21638 2802 
21797 274 
21878 777 
21970 520 
22005 370 
22020 610 
22079 99 
22238 167 
22331 1184 
22353 170 
22440 972 
22464 157 
22566 17 
22694 1376 
22761 779 
22851 450 
22860 408 
23038 168 
23061 560 
23077 174 
23195 355 
23340 114 
23391 777 
23458 65 
23536 3352 
23572 403 
23798 47 
24161 1283 
24237 370 
24257 2804 
24438 795 
24503 608 
24541 1475 
24622 433 
24723 316 
24863 96 
25005 188 
25007 356 
25113 721 
25142 1151 
25219 424 
25240 2589 
25300 1133 
25304 1265 
25356 23 
25368 708 
25419 1314 
25424 114 
25429 1378 
25635 276 
25642 70 
25767 3128 
25969 767 
25992 1039 
26135 1178 
26155 76 
26351 2113 
26515 904 
26842 1774 
26885 1589 
26973 8 
27466 316 
27575 1302 
27627 495 
27661 831 
27678 1670 
27680 38 
27767 1135 
27907 667 
27980 1134 
27997 174 
28012 1079 
28018 531 
28035 561 
28092 378 
28220 524 
28230 173 
28310 238 
28709 111 
28760 1643 
28842 2147 
28908 1036 
29081 397 
29137 1139 
29159 883 
29300 978 
29419 785 
29468 74 
29470 729 
29512 1096 
29569 360 
29789 42 
29883 113 
29901 1088 
30101 1260 
30471 59 
30572 413 
30911 376 
31480 441 
31529 2623 
31537 4028 
31586 1076 
31603 136 
31605 624 
31617 735 
31618 929 
31631 585 
31643 546 
31749 433 
31749 433 
31840 57 
31841 1359 
31907 293 
31914 115 
32285 696 
32332 3251 
32428 173 
32463 614 
32471 404 
32478 110 
32494 85 
32608 800 
32638 3067 
32738 300 
32807 758 
33050 770 
33275 18 
33303 450 
33641 1678 
34026 2737 
34134 581 
34145 925 
34156 592 
34294 393 
34455 1418 
34489 80 
34571 776 
34578 487 
34624 116 
34700 1509 
34861 363 
34936 686 
35120 1327 
35631 81 
35932 1256 
36125 424 
36148 501 
36158 3517 
36236 5176 
36241 695 
36283 1055 
36397 99 
36669 1647 
36694 496 
36835 6 
36921 466 
37209 8495 
37229 35 
37238 1344 
37242 215 
37258 165 
37290 3241 
37335 650 
37352 105 
37355 293 
37442 49 
37501 988 
37628 155 
37680 302 
38055 252 
38283 738 
38627 975 
38658 1038 
38659 816 
38669 2699 
38683 80 
38780 1604 
38848 952 
38878 593 
39270 691 
39293 24 
39592 1784 
39645 613 
39884 76 
40159 1257 
40291 126 
40497 852 
40523 750 
40575 1921 
40609 603 
40613 689 
40667 2692 
40677 477 
40682 210 
40703 329 
40770 1621 
40782 2803 
40804 985 
40845 667 
40850 1559 
40851 845 
40940 1550 
41132 236 
41264 182 
41288 1684 
41311 325 
41372 336 
41434 367 
41634 2040 
41744 122 
41748 195 
41816 778 
41895 787 
41951 57 
41985 592 
42003 1255 
42131 16 
42143 1117 
42219 828 
42292 180 
42537 2418 
42572 460 
42950 9538 
42964 2223 
42978 534 
42983 231 
43014 274 
43018 210 
43019 325 
43021 1242 
43072 1434 
43126 4573 
43134 1383 
43155 2881 
43177 994 
43203 56 
43320 205 
43443 1250 
43569 93 
43600 4336 
43619 857 
43622 1996 
43829 924 
43990 577 
44081 303 
44257 222 
44305 1949 
44328 2532 
44395 118 
44480 257 
44530 256 
44721 1486 
44789 348 
44823 1416 
45023 120 
45055 81 
45432 1407 
45583 349 
45695 666 
45789 318 
46354 535 
46484 571 
46624 552 
46724 1031 
46755 873 
46755 873 
46797 621 
46808 109 
46918 31 
47131 373 
47136 150 
47151 661 
47172 1393 
47194 597 
47201 628 
47222 787 
47234 433 
47302 123 
47324 318 
47366 136 
47380 360 
47404 5846 
47417 457 
47418 5278 
47438 21 
47463 1305 
47470 86 
47478 398 
47500 255 
47627 122 
47693 784 
47879 571 
47995 285 
48009 223 
48230 207 
48561 1391 
48765 1718 
48855 260 
49012 1660 
49054 283 
49463 66 
49645 1113 
49854 66 
50286 656 
50378 305 
50552 3848 
50570 1382 
50711 0 
50721 76 
50759 117 
50788 7833 
50791 353 
50794 666 
50807 1445 
50832 1805 
50838 280 
50853 1275 
50856 503 
50865 485 
50868 138 
50872 1891 
50873 1016 
50878 1772 
50878 246 
50904 2455 
50912 175 
50933 516 
50939 1017 
50943 2042 
50960 2964 
50976 338 
51006 945 
51016 548 
51090 175 
51096 453 
51180 1978 
51246 238 
51268 1164 
51285 429 
51294 47 
51466 186 
51599 429 
51679 363 
51714 314 
51754 1087 
51755 748 
51763 1088 
51784 1394 
52161 340 
52310 641 
52318 1394 
52423 6489 
52439 728 
52452 754 
52478 199 
52520 2371 
52525 780 
52538 666 
52605 156 
52614 1023 
52645 875 
52660 481 
52768 2388 
52788 16 
52875 129 
52917 90 
52934 163 
52939 765 
53498 209 
53568 56 
54176 586 
54296 188 
54357 430 
54503 903 
54547 20400 
54553 949 
54559 575 
54691 5984 
54694 1478 
54779 60 
54926 599 
55158 437 
55235 727 
55244 766 
55276 853 
55285 168 
55291 2064 
55410 3730 
55439 2162 
55543 532 
55599 225 
55779 1413 
55939 7079 
56061 457 
56183 531 
56807 4587 
56852 1807 
57078 1130 
57209 902 
57272 200 
57528 1372 
57610 659 
57950 1875 
58232 414 
58634 1679 
58671 2610 
58720 3028 
59317 151 
59590 497 
60530 742 
60596 5194 
60621 3721 
60640 2511 
60680 585 
60705 327 
60781 1890 
61299 148 
61989 177 
62001 1288 
62020 1268 
62211 1192 
62313 2126 
62844 1379 
63673 532 
73509 673 
74004 2460 
76520 792 
78305 203 
81367 378 
81841 1551 
81986 44 
82609 906 
83782 796 
84080 2125 
84110 926 
84571 2083 
84604 76 
84992 1053 
85315 392 
86603 829 
86641 733 
86768 1227 
87483 1619 
87549 528 
87803 239 
87878 533 
87931 163 
88071 1326 
88107 1032 
88110 531 
88545 415 
88728 2345 
88765 3928 
88851 1650 
89025 1353 
89030 2014 
89069 662 
89112 151 
89204 988 
89279 1251 
89405 101 
89499 728 
89850 216 
89880 619 
90203 72 
90444 837 
90446 388 
90681 700 
91010 31 
91079 879 
91114 473 
91169 1015 
91336 229 
91564 101 
91592 573 
91770 977 
91895 198 
91925 692 
91948 692 
92491 1100 
93170 1647 
93185 3861 
93188 430 
93509 397 
93926 863 
93999 1179 
94078 827 
94090 116 
94211 538 
94425 9893 
94440 66 
94495 955 
94496 281 
94498 419 
94574 166 
94656 119 
94665 3463 
94764 408 
94765 170 
94859 369 
95019 2220 
95334 1164 
95964 242 
97079 1320 
97777 2190 
97827 771 
97937 916 
98030 668 
98113 2732 
98398 226 
98666 68 
98856 386 
98866 1092 
98876 445 
98934 860 
99384 157 
99399 267 
99435 108 
99454 135 
99517 693 
99644 190 
99837 2089 
99850 403 
99895 897 
99985 850 
100381 511 
100583 1460 
100601 3536 
100639 330 
100724 609 
100950 467 
101025 1363 
101282 183 
101305 66 
101634 382 
102169 4627 
102180 793 
102411 946 
102804 1371 
102825 1309 
102875 435 
103265 1858 
103307 1251 
103360 982 
103361 1085 
103429 274 
103629 143 
103632 156 
103703 1946 
103838 689 
103944 350 
104132 1359 
104193 400 
104264 1513 
104514 460 
104523 847 
104527 951 
104556 1088 
104659 263 
104692 2371 
104803 1332 
104813 351 
104821 939 
104825 243 
104843 1297 
104894 6374 
104905 610 
104918 996 
104923 93 
104931 218 
104978 2180 
105144 2735 
105578 52 
105650 1420 
105672 577 
105956 617 
105998 304 
106192 1686 
106280 145 
106395 797 
106842 2092 
106846 212 
106856 1293 
106869 263 
106893 202 
106921 208 
106982 513 
106982 259 
106992 1322 
106999 22 
107002 22 
107007 298 
107038 88 
107065 304 
107066 845 
107096 175 
107098 3577 
107118 3902 
107139 2006 
107158 644 
107218 1510 
107238 51 
107265 538 
107266 633 
107282 1264 
107306 3153 
107327 518 
107330 289 
107331 172 
107337 929 
107342 175 
107353 1381 
107370 71 
107376 107 
107436 2477 
107444 23 
107459 1633 
107481 370 
107556 173 
107625 1580 
107676 1358 
107759 1895 
107767 6403 
107787 298 
107802 132 
107851 478 
107863 1363 
107867 1486 
107898 1329 
107902 1329 
107908 966 
107963 1789 
107963 1789 
108066 942 
108174 103 
108203 77 
108257 395 
108291 42 
108322 483 
108330 681 
108718 191 
108768 891 
108892 836 
109138 137 
109434 50 
109435 1578 
109453 130 
109652 2170 
109751 4117 
109779 204 
109847 72 
109961 398 
109970 282 
110051 2077 
110144 2590 
110235 33066 
110247 807 
110249 1499 
110262 213 
110265 1239 
110268 98 
110287 92 
110287 179 
110288 58 
110297 974 
110306 121 
110308 500 
110309 91 
110315 251 
110318 594 
110329 267 
110332 640 
110334 107 
110338 202 
110340 824 
110354 618 
110368 1240 
110378 34 
110392 709 
110428 2026 
110480 184 
110491 171 
110500 86 
110508 1724 
110531 5669 
110541 20 
110551 1212 
110569 92 
110579 1193 
110605 47 
110613 1980 
110636 145 
110639 81 
110681 616 
110735 239 
110753 592 
110756 159 
110812 405 
110822 83 
110826 1051 
110886 51 
110925 4165 
111041 10226 
111087 1618 
111089 266 
111301 258 
111319 65 
111754 557 
111795 785 
111844 63 
111977 60 
112149 477 
112368 29 
112480 1893 
112659 381 
112701 1956 
112830 1458 
112880 37 
112888 690 
112949 1293 
112972 124 
112999 2322 
113080 2220 
113132 1235 
113166 1780 
114229 300 
114258 131 
114406 101 
114667 1032 
114776 3315 
114807 439 
114852 894 
115007 885 
115093 1387 
115289 207 
115768 2442 
116022 142 
116121 376 
116335 531 
116476 5539 
116502 845 
116523 1555 
116550 446 
116601 202 
116643 1119 
116879 294 
116895 813 
116910 390 
116942 1051 
117005 103 
117087 1731 
117093 200 
117196 108 
117467 155 
117749 881 
117764 19 
117766 1664 
117823 534 
117843 423 
117902 430 
118019 266 
118091 307 
118332 1048 
118539 672 
118554 2804 
118571 595 
118573 200 
118665 2053 
118677 1108 
118718 970 
118796 103 
118847 1258 
118946 817 
118982 230 
118985 292 
119010 552 
119169 159 
119237 42 
119461 514 
119544 3059 
119737 1550 
119814 583 
120195 1817 
120208 208 
120236 7927 
120423 256 
120430 335 
120777 348 
120909 339 
132503 1559 
132545 322 
132583 946 
132835 706 
132859 892 
133101 1719 
133128 705 
133169 704 
133544 541 
133760 238 
133766 1972 
134379 304 
134482 2551 
134873 1455 
135025 356 
135071 236 
135165 617 
135190 275 
135318 1551 
135320 916 
135586 1118 
135751 207 
136544 1921 
136575 1633 
136644 137 
136666 820 
136750 20 
137529 1279 
137575 2058 
137719 111 
137994 799 
138056 259 
138227 3392 
138503 649 
138682 2176 
138991 4031 
139019 403 
139116 152 
139127 353 
139138 623 
139321 535 
139339 174 
139606 68 
139628 3246 
139707 184 
140028 2449 
140632 3693 
140718 535 
141093 1165 
141122 1180 
141244 994 
141321 864 
141850 918 
142343 769 
142372 2729 
142477 221 
142642 74 
144475 203 
144501 572 
145531 2829 
145604 718 
145758 1225 
146134 1050 
147309 613 
151347 922 
153543 288 
159931 325 
162179 6130 
162258 620 
162299 3287 
162377 293 
162935 1254 
163704 402 
163846 1150 
163980 242 
168527 32 
170845 451 
174575 2250 
174856 1760 
174872 859 
176019 250 
176574 245 
177631 32 
177904 438 
178045 417 
178962 1221 
180248 3480 
180258 4138 
180285 3924 
180298 333 
180338 1049 
180679 967 
180783 1355 
180812 268 
181110 885 
181298 846 
181473 75 
181732 58 
181975 680 
183600 837 
183868 196 
183906 591 
184252 380 
184385 87 
184724 354 
184773 156 
186096 481 
186203 582 
186618 247 
186712 893 
186871 347 
186932 1079 
186960 367 
188137 31 
188565 103 
188665 472 
188845 239 
188977 372 
189053 256 
189803 618 
189929 1547 
190175 683 
190905 643 
190918 1253 
190999 725 
191134 1452 
191242 161 
191595 395 
192113 373 
192261 213 
192288 97 
192307 2229 
192336 1814 
192527 287 
192527 1303 
192727 1112 
194110 1003 
194305 2321 
194322 1829 
194436 157 
194474 314 
195085 2113 
195099 769 
195205 752 
195303 664 
195429 238 
195686 39 
196272 82 
196580 2230 
197274 815 
197368 305 
197413 355 
197708 188 
197987 935 
198736 8 
198905 5059 
198926 1728 
198934 1143 
198942 1826 
199033 461 
199521 709 
199616 1627 
199668 991 
200721 688 
203196 1294 
203212 3436 
203229 742 
203251 189 
203289 1055 
203588 7856 
203601 227 
203613 173 
203614 1331 
203629 59 
203638 873 
203651 348 
203653 187 
203658 140 
203663 969 
203665 214 
203692 127 
203702 328 
203721 407 
203830 58 
203943 423 
204076 1166 
204086 828 
204209 801 
204661 209 
204730 368 
204745 143 
204857 3346 
204926 1757 
206063 2879 
206095 1947 
206267 85 
206451 678 
206488 612 
206947 3905 
207209 233 
207507 2232 
207611 2894 
207658 322 
207661 1092 
207699 450 
207722 1754 
207750 232 
207819 4168 
207992 236 
208249 268 
208296 808 
209692 1115 
209720 173 
211844 1090 
212036 192 
212055 37 
212435 113 
213425 232 
214707 771 
214725 1053 
214806 603 
214827 1879 
214875 237 
214923 64 
214980 241 
215222 161 
216138 1180 
216690 714 
216726 195 
216750 161 
216786 264 
217216 340 
217248 320 
217280 474 
217328 456 
218351 347 
220234 1062 
222697 1260 
222815 221 
222835 563 
224635 746 
225221 452 
225307 132 
225662 274 
226119 469 
227560 401 
227819 248 
227940 1488 
227960 1333 
228196 1265 
230309 28 
233040 213 
234087 1021 
250568 911 
257906 404 
257996 1129 
258272 386 
258394 3619 
259424 739 
259435 24 
259571 6254 
259603 2249 
259647 2755 
259722 1137 
259741 1155 
259757 50 
259782 404 
260013 975 
260293 4040 
260349 126 
260357 1173 
260624 85 
260668 65 
260904 937 
261120 655 
261143 1591 
261604 136 
261796 230 
261872 819 
262146 103 
262945 93 
264284 74 
264315 2380 
264463 157 
264477 1489 
265060 410 
265077 353 
265089 192 
265663 146 
265799 124 
265806 788 
266391 264 
266512 2169 
266598 151 
266610 4222 
266660 738 
266664 395 
266742 609 
266865 91 
266918 875 
266994 177 
267049 387 
267353 4563 
267764 759 
268330 51 
268773 103 
268881 676 
269080 117 
269795 802 
269811 960 
270573 981 
270769 10 
270873 1735 
270873 1735 
271105 63 
271267 639 
271359 596 
271375 564 
271496 75 
271798 2667 
272241 1112 
272273 219 
272583 708 
272690 477 
272854 220 
272942 707 
273284 1592 
273305 275 
273356 1364 
273392 36 
273747 3418 
273926 554 
274052 959 
274066 795 
274130 605 
274163 363 
274255 23098 
274264 822 
274291 600 
274365 238 
274667 1269 
274777 2683 
274889 1620 
274928 549 
275035 1749 
275608 1269 
275668 3403 
275756 108 
276418 192 
276719 116 
276820 350 
276929 1360 
276940 847 
276974 290 
277174 190 
277361 1342 
277385 68 
277429 457 
277494 12 
277622 231 
277641 279 
277683 1412 
277708 487 
277722 157 
277756 2215 
277800 1071 
277804 296 
277912 1635 
277933 569 
278075 217 
278105 106 
278333 412 
278358 285 
278434 1189 
278443 909 
278475 1418 
278480 250 
278488 29 
278503 166 
278519 178 
278757 169 
278943 243 
278957 89 
278975 274 
279002 151 
279010 1170 
279054 4387 
279066 334 
279091 564 
279095 1288 
279096 434 
279103 79 
279169 32 
279169 695 
279219 74 
279243 167 
279265 1222 
279275 859 
279276 392 
279281 1199 
279281 886 
279307 273 
279318 621 
279324 1397 
279345 1238 
279371 246 
279401 6428 
279480 202 
279652 553 
279709 290 
279737 435 
279763 2948 
279796 51 
279826 10 
279990 885 
280061 1937 
280109 153 
280235 249 
280297 1229 
280353 60 
280408 610 
281150 329 
281273 573 
283789 876 
283904 1387 
283926 37 
284091 58 
284414 718 
284448 2586 
284483 1456 
284498 114 
284521 2010 
284799 1345 
284964 48 
284999 732 
285016 975 
285112 453 
285134 476 
285605 1338 
285617 883 
285625 156 
285672 2604 
285690 1025 
285697 708 
285771 253 
285787 477 
285836 223 
286070 1374 
286269 1787 
286319 1101 
287307 1302 
287336 870 
287481 1661 
287679 1247 
287837 776 
287867 312 
287879 13662 
287938 60 
287973 1067 
287992 545 
287995 576 
288058 297 
288382 129 
288579 397 
288593 67 
288797 4087 
288887 714 
288936 295 
289019 164 
289308 1409 
289706 572 
290129 986 
290151 809 
290236 411 
290292 59 
290574 1629 
290584 1084 
290707 402 
290740 935 
290744 167 
291027 1565 
291571 117 
291691 504 
291708 1270 
291872 612 
291966 674 
291970 233 
291997 365 
292082 1858 
292134 1513 
292258 1341 
292519 1517 
292557 754 
292709 255 
292834 1211 
292928 1589 
292981 798 
293201 789 
293290 173 
293655 870 
293684 335 
293793 997 
293842 1795 
293855 911 
294008 645 
294042 3342 
294100 1359 
294226 865 
296291 1435 
297205 656 
297221 974 
297255 357 
297288 2141 
297291 322 
297425 1062 
297954 331 
297995 709 
298019 267 
298538 100 
298984 332 
299127 813 
299256 66 
300289 2062 
300297 1482 
300553 2468 
300683 1002 
300724 919 
300905 147 
301285 219 
301369 229 
302114 12430 
302125 3645 
302128 3013 
302139 956 
302146 1139 
302155 1169 
302161 359 
302163 351 
302199 711 
302214 184 
302397 105 
302398 335 
302474 195 
302475 189 
302855 551 
302985 65 
303170 207 
303435 30 
303660 673 
303752 486 
303803 627 
303975 220 
303998 96 
304018 128 
304211 225 
304494 132 
305715 121 
305750 252 
305916 623 
306050 76 
306390 137 
306563 143 
307232 1129 
308145 136 
308180 291 
308358 924 
308395 1375 
308559 214 
308592 1436 
310000 101 
310075 226 
310093 36 
310171 44 
310809 411 
310889 151 
311007 1465 
311150 135 
312226 866 
313093 274 
314269 112 
314353 1222 
314444 2041 
314859 699 
315130 180 
315276 1200 
315328 1057 
316026 2338 
316042 1578 
316098 1301 
316143 555 
316256 3842 
316664 1317 
316962 421 
317240 747 
319392 251 
319400 1075 
319462 1026 
319471 691 
319490 229 
319522 1790 
319599 922 
319621 219 
319706 300 
320033 1835 
320226 212 
320271 2623 
322335 5672 
322361 1426 
322372 120 
324010 345 
327149 11313 
327254 485 
327477 696 
327967 518 
328784 184 
328939 1606 
330225 381 
331897 1733 
337055 1912 
338716 1591 
338827 864 
338956 250 
338980 466 
339079 454 
339186 1065 
346721 748 
346826 735 
347098 16 
347409 226 
348645 1126 
349007 106 
349820 797 
350680 306 
351084 1653 
351105 23 
351301 246 
351863 369 
352966 138 
353006 10153 
353064 47 
353065 398 
353081 260 
353093 148 
353185 338 
353223 2150 
353991 48 
354071 1677 
354189 255 
355817 336 
355911 221 
356040 1660 
356162 382 
356764 70 
357394 1030 
358026 266 
358777 546 
359002 17 
359466 652 
360474 1577 
360782 948 
362472 552 
362566 1320 
363841 978 
363885 3108 
363893 122 
363904 4003 
363930 368 
363944 242 
365072 459 
365215 3213 
365247 2702 
365255 279 
365264 658 
365272 1296 
368493 897 
368945 1318 
369716 81 
369830 1250 
369990 114 
371080 1941 
371340 865 
372132 2132 
372808 2071 
372860 914 
374050 503 
374271 922 
374314 32 
375855 244 
376613 1378 
377625 670 
379186 246 
379238 52 
379878 1665 
380401 3363 
380416 1125 
380427 107 
380434 3933 
380443 1118 
380496 1180 
382718 144 
384248 1751 
385107 1155 
385142 682 
386418 403 
386812 114 
388118 194 
390497 290 
391599 105 
393310 794 
393797 4612 
393816 1260 
393825 153 
393839 23 
393894 160 
394454 267 
394623 81 
398551 1052 
398671 1846 
398800 684 
398846 903 
398890 1182 
402393 538 
421122 922 
425859 1624 
426246 1280 
427966 420 
429652 625 
436022 317 
437051 217 
452058 1030 
456318 520 
456901 840 
457370 933 
458049 415 
458110 849 
458286 375 
459189 664 
466404 125 
467722 628 
469065 1387 
469101 170 
471201 2208 
474127 2345 
474214 292 
474294 465 
474685 980 
476630 650 
477490 1277 
479336 380 
479515 805 
480696 536 
481018 92 
483296 178 
483926 717 
489622 984 
491877 305 
504666 123 
523747 2300 
537569 1514 
539264 833 
539275 649 
540010 83 
541235 510 
544939 1089 
545153 791 
545174 416 
545228 29 
552534 1217 
553650 86 
556314 533 
566544 1377 
568137 508 
568972 1776 
568993 1820 
569130 2251 
569584 128 
