2295 4.81431712963
0 454899 
16 238 
17 212 
18 419 
18 273 
20 200 
21 104 
23 137 
25 200 
25 789 
26 193 
27 54 
28 37 
30 85 
30 63 
32 70 
34 57 
35 380 
36 337 
40 131 
40 139 
42 72 
42 110 
42 50 
43 921 
43 617 
45 326 
45 164 
46 261 
48 54 
49 233 
49 440 
50 24 
50 168 
52 73 
52 140 
52 122 
52 61 
54 84 
54 524 
54 87 
55 100 
56 136 
57 35 
58 99 
58 360 
58 401 
60 200 
60 77 
61 159 
61 181 
62 24 
62 98 
63 54 
63 244 
64 56 
65 56 
66 353 
66 67 
67 90 
67 180 
67 34 
69 13 
70 359 
71 126 
71 241 
71 51 
71 90 
73 235 
74 59 
75 89 
75 404 
76 163 
78 114 
80 164 
82 62 
83 91 
86 207 
87 31 
87 244 
87 25 
88 99 
88 17 
89 41 
94 410 
94 82 
95 143 
95 41 
95 105 
96 36 
98 108 
98 782 
99 128 
99 36 
99 146 
100 524 
102 40 
102 398 
103 95 
104 208 
106 107 
107 199 
107 100 
108 115 
110 370 
110 75 
111 235 
112 455 
113 65 
114 124 
114 82 
116 52 
117 74 
119 465 
119 96 
119 262 
121 123 
124 1 
124 56 
124 85 
126 78 
126 124 
128 453 
129 260 
129 250 
137 33 
139 13014 
140 21 
141 129 
144 75 
145 319 
146 91 
147 31 
149 199 
149 199 
151 59 
152 129 
152 29 
155 817 
156 32 
158 60 
162 503 
164 12 
164 174 
164 14 
166 268 
166 66 
166 758 
167 59 
169 153 
173 91 
173 21 
175 22 
176 163 
177 47 
177 296 
178 128 
181 100 
181 192 
184 362 
186 118 
186 111 
195 64 
197 56 
199 43 
202 134 
205 32 
208 8 
208 65 
209 14 
212 192 
215 79 
218 63 
220 79 
227 297 
228 623 
230 65 
232 173 
232 16 
233 110 
235 288 
235 21 
236 332 
237 2 
239 57 
239 132 
240 95 
240 134 
246 209 
247 263 
248 5 
249 577 
252 42 
252 82 
252 186 
253 541 
253 567 
256 15 
262 52 
263 91 
265 228 
265 29 
268 96 
268 27 
270 9 
270 37 
271 145 
272 55 
284 176 
285 844 
288 452 
289 128 
291 75 
291 320 
294 15 
297 68 
298 74 
300 12 
316 93 
317 75 
320 110 
321 588 
325 383 
327 44 
330 59 
330 128 
332 161 
335 101 
336 282 
336 8 
340 270 
345 410 
345 116 
348 251 
349 195 
351 34 
354 48 
356 43 
358 21 
367 53 
369 31 
371 88 
371 17 
373 374 
379 714 
380 74 
382 812 
390 32 
391 85 
397 56 
400 148 
401 109 
403 433 
408 361 
409 12 
409 72 
410 205 
415 314 
421 160 
421 8 
422 428 
422 53 
428 12 
428 40 
431 34 
432 614 
434 8 
443 90 
447 152 
454 23 
454 63 
458 19 
460 138 
463 68 
463 686 
470 116 
471 91 
479 37 
483 135 
490 217 
491 269 
491 46 
494 37 
508 333 
509 74 
514 100 
518 148 
522 31 
526 13 
531 14 
535 123 
539 85 
542 523 
543 22 
543 148 
543 205 
554 73 
554 412 
556 395 
559 115 
563 160 
565 29 
569 69 
576 163 
579 22 
583 187 
594 166 
595 24 
595 69 
605 700 
605 38 
606 640 
609 879 
609 188 
618 127 
636 11 
638 56 
640 55 
642 195 
658 687 
662 1191 
664 37 
679 191 
681 144 
683 55 
693 161 
700 352 
708 97 
710 36 
718 107 
724 17 
727 74 
729 532 
736 16 
738 225 
740 26 
743 103 
756 291 
765 296 
766 196 
775 37 
790 24 
794 83 
801 10 
802 175 
802 71 
803 268 
810 119 
811 64 
812 168 
816 395 
819 43 
820 63 
821 154 
830 124 
834 171 
848 97 
858 172 
859 37 
868 281 
869 109 
869 88 
877 218 
878 188 
883 82 
884 104 
902 5 
905 136 
908 165 
913 22 
916 17 
920 4 
923 813 
929 75 
942 123 
942 92 
944 35 
954 127 
957 19 
976 89 
985 23 
992 32 
994 7 
999 55 
1023 21 
1060 34 
1061 22 
1063 54 
1072 116 
1072 21 
1074 110 
1083 68 
1098 55 
1100 60 
1114 65 
1116 402 
1146 311 
1149 49 
1152 852930 
1167 29 
1172 35 
1173 366 
1173 94 
1175 227 
1176 134 
1177 11 
1179 193 
1181 57 
1183 671 
1184 750 
1185 156 
1185 42 
1186 481 
1190 576 
1190 427 
1191 457 
1191 119 
1191 161 
1191 55 
1192 51 
1193 148 
1194 122 
1194 406 
1197 207 
1197 18 
1198 138 
1198 112 
1199 226 
1199 230 
1200 364 
1201 952 
1202 45 
1202 14 
1202 99 
1203 75 
1204 239 
1205 573 
1206 120 
1207 850 
1211 657 
1211 86 
1212 196 
1214 147 
1215 271 
1215 23 
1216 28 
1216 258 
1217 13 
1219 1238 
1219 332 
1219 72 
1220 103 
1221 218 
1221 10 
1221 5 
1222 148 
1223 89 
1224 3189 
1224 105 
1228 207 
1228 337 
1229 502 
1231 68 
1231 59 
1234 99 
1237 201 
1238 21 
1238 20 
1240 1053 
1240 233 
1241 466 
1241 17 
1241 68 
1242 25 
1242 47 
1246 127 
1247 114 
1248 81 
1250 69 
1251 51 
1252 242 
1253 32 
1253 209 
1254 124 
1255 219 
1256 180 
1256 244 
1257 78 
1259 121 
1260 376 
1260 19 
1261 603 
1261 25 
1262 125 
1264 195 
1265 106 
1266 197 
1266 320 
1267 234 
1268 279 
1268 43 
1272 115 
1274 1089 
1274 498 
1275 252 
1276 84 
1278 20 
1278 112 
1279 213 
1281 83 
1281 155 
1282 1019 
1282 332 
1283 9 
1283 280 
1283 137 
1283 164 
1287 70 
1287 208 
1288 306 
1289 190 
1289 541 
1290 279 
1291 681 
1292 19 
1294 80 
1296 118 
1300 91 
1302 170 
1303 47 
1304 41 
1305 555 
1309 43 
1309 200 
1311 1038 
1314 899 
1314 32 
1317 177 
1318 40 
1318 233 
1319 48 
1320 112 
1321 27 
1322 96 
1322 74 
1322 58 
1323 18 
1326 352 
1326 340 
1326 38 
1329 370 
1329 136 
1331 413 
1333 70 
1333 58 
1341 90 
1341 37 
1341 188 
1341 25 
1343 129 
1344 96 
1344 381 
1351 48 
1353 35 
1356 196 
1357 474 
1358 625 
1362 149 
1366 149 
1367 9 
1368 86 
1371 40 
1372 576 
1372 75 
1375 411 
1375 1553 
1376 52 
1380 199 
1382 281 
1382 29 
1383 110 
1384 17 
1385 51 
1386 470 
1387 61 
1389 108 
1391 269 
1391 63 
1392 189 
1393 84 
1395 159 
1398 235 
1398 157 
1399 58 
1407 114 
1418 34 
1421 274 
1422 4 
1422 64 
1425 117 
1425 108 
1425 74 
1427 105 
1431 743 
1437 320 
1438 287 
1439 218 
1440 85 
1441 26 
1441 17 
1446 308 
1447 182 
1448 331 
1452 7 
1453 102 
1454 30 
1460 209 
1461 686 
1461 179 
1462 141 
1462 278 
1463 49 
1463 107 
1466 139 
1467 433 
1467 107 
1472 46 
1474 215 
1474 34 
1478 100 
1482 542 
1483 105 
1485 77 
1486 20 
1488 30 
1488 13 
1489 13 
1493 119 
1498 300 
1502 157 
1505 221 
1510 45 
1511 104 
1513 96 
1515 285 
1530 38 
1534 38 
1535 108 
1546 295 
1546 19 
1548 85 
1548 65 
1550 79 
1552 354 
1554 19 
1555 134 
1558 72 
1558 104 
1561 143 
1566 59 
1568 134 
1578 203 
1582 203 
1583 251 
1584 164 
1587 142 
1588 141 
1591 123 
1592 46 
1592 201 
1599 65 
1600 39 
1603 5 
1607 83 
1618 65 
1619 18 
1620 57 
1621 30 
1626 319 
1626 114 
1630 144 
1634 204 
1636 30 
1640 126 
1642 63 
1642 147 
1642 1 
1643 77 
1644 13 
1645 90 
1659 128 
1663 9 
1666 19 
1669 88 
1676 108 
1676 595 
1677 22 
1677 33 
1679 61 
1684 17 
1685 71 
1686 131 
1687 34 
1689 446 
1690 66 
1692 40 
1693 9 
1694 133 
1699 53 
1700 79 
1703 91 
1707 157 
1711 145 
1715 55 
1716 171 
1718 103 
1720 42 
1720 155 
1723 303 
1726 242 
1729 46 
1730 34 
1737 108 
1741 60 
1744 154 
1747 143 
1747 13 
1748 584 
1755 465 
1758 309 
1760 188 
1763 4 
1771 75 
1774 245 
1779 17 
1780 41 
1781 113 
1782 80 
1784 198 
1784 29 
1785 24 
1789 56 
1794 48 
1796 133 
1796 197 
1796 30 
1797 16 
1805 182 
1807 53 
1808 30 
1812 12 
1819 34 
1823 18 
1825 18 
1825 23 
1828 42 
1829 333 
1833 12 
1839 59 
1843 316 
1847 208 
1850 51 
1852 423 
1859 44 
1860 27 
1861 391 
1862 8 
1871 590 
1873 43 
1873 259 
1878 62 
1878 62 
1885 59 
1885 47 
1890 62 
1894 119 
1896 7 
1898 303 
1902 11 
1903 105 
1904 22 
1910 16 
1914 28 
1914 212 
1917 40 
1920 102 
1920 70 
1922 3 
1928 21 
1928 3071 
1933 28 
1942 124 
1942 133 
1955 261 
1959 60 
1973 121 
1982 100 
1988 194 
1993 2219 
1995 59 
1998 13 
2005 54 
2006 155 
2012 83 
2016 37 
2029 197 
2043 271 
2049 393 
2051 136 
2058 467 
2074 105 
2074 6 
2075 11 
2077 151 
2081 25 
2085 17 
2088 47 
2090 73 
2099 11 
2099 79 
2102 62 
2110 52 
2114 21 
2116 75 
2122 1566 
2124 38 
2125 53 
2128 61 
2128 772 
2133 67 
2133 126 
2136 110 
2140 30 
2141 22 
2141 41 
2145 244 
2146 509 
2147 162 
2148 270 
2148 16 
2150 174 
2153 170 
2155 969 
2156 7 
2160 286 
2161 394 
2167 210 
2169 42 
2172 17 
2176 8 
2176 800 
2176 129 
2183 129 
2199 154 
2199 170 
2200 66 
2209 175 
2214 1455 
2216 12 
2223 113 
2226 22 
2226 545 
2229 235 
2233 36 
2240 29 
2243 142 
2243 67 
2244 39 
2247 272 
2251 157 
2251 13 
2256 84 
2261 382 
2262 122 
2263 77 
2271 180 
2273 83 
2277 146 
2277 17 
2277 66 
2282 305 
2302 19 
2302 39 
2305 32 
2305 19 
2316 74 
2317 13 
2319 77 
2324 273 
2343 79 
2349 64 
2355 11 
2356 127 
2364 1473 
2367 6 
2380 75 
2382 3591 
2383 159 
2385 95 
2394 91 
2396 57 
2397 37 
2399 6385 
2415 557 
2421 47 
2422 19 
2430 115 
2430 215 
2430 135 
2436 32 
2453 96 
2463 63 
2464 85 
2466 60 
2466 68 
2466 123 
2467 76 
2473 522 
2476 63 
2478 158 
2480 20 
2495 940 
2504 7 
2511 53 
2533 874 
2534 126 
2535 25 
2539 24 
2540 155 
2542 133 
2543 682 
2546 84 
2547 125 
2551 25 
2552 55 
2554 76 
2563 4 
2566 70 
2566 17 
2568 10 
2570 39 
2571 18 
2586 130 
2587 1721 
2591 7 
2597 9 
2605 88 
2611 82 
2614 116 
2635 255 
2649 1000 
2667 325 
2669 1280 
2691 18 
2703 89 
2717 63 
2722 1066 
2722 16 
2723 18 
2740 83 
2740 146 
2740 26 
2748 68 
2752 37 
2756 16 
2758 122 
2759 338 
2792 9 
2794 52 
2794 63 
2801 43 
2805 29 
2807 936 
2807 35 
2812 27 
2820 73 
2824 72 
2828 33 
2828 28 
2833 41 
2836 576 
2852 250 
2857 140 
2860 153 
2866 185 
2868 501 
2869 77 
2884 58 
2886 58 
2894 84 
2907 82 
2910 109 
2916 29 
2919 129 
2925 25 
2930 17 
2935 73 
2955 76 
2958 92 
2959 76 
2960 6 
2963 270 
2966 5 
2969 99 
2977 61 
2986 441 
2989 26 
2994 101 
2997 0 
3000 37 
3007 21 
3009 31 
3012 11 
3023 51 
3031 61 
3034 1281 
3037 18 
3042 82 
3047 8 
3052 27 
3053 44 
3061 82 
3061 175 
3064 57 
3066 59 
3075 44 
3086 366 
3087 63 
3114 12 
3132 155 
3132 155 
3135 51 
3135 51 
3150 186 
3150 186 
3154 157 
3154 157 
3168 33 
3168 33 
3173 202 
3173 120 
3173 120 
3173 202 
3181 144 
3181 13 
3181 144 
3181 13 
3183 104 
3183 104 
3198 266 
3198 51 
3200 1 
3201 175 
3220 561 
3232 394 
3232 68 
3232 141 
3245 42 
3255 87 
3262 13 
3267 44 
3309 139 
3316 1474 
3326 32 
3328 28 
3333 32 
3355 45 
3373 13 
3403 15 
3404 18 
3412 62 
3414 395 
3431 88 
3438 134 
3444 456 
3445 296 
3448 7 
3471 370 
3472 21 
3487 21 
3497 102 
3507 332 
3513 0 
3519 59 
3522 104 
3525 43 
3530 98 
3532 33 
3540 259 
3543 76 
3557 373 
3559 94 
3574 240 
3576 474 
3588 5269 
3591 33 
3591 46 
3593 6 
3600 9 
3604 81 
3619 101 
3626 10 
3643 54 
3648 69 
3650 27 
3651 43 
3655 36 
3674 5 
3675 17 
3678 16 
3684 48 
3686 115 
3687 52 
3696 17 
3697 112 
3704 5 
3707 28 
3708 14 
3709 31 
3725 54 
3734 24 
3735 69 
3755 150 
3756 25 
3756 133 
3762 73 
3765 15 
3775 19 
3776 528 
3778 45 
3779 51 
3797 23 
3802 93 
3811 33 
3813 174 
3818 76 
3838 93 
3859 26 
3861 16 
3882 54 
3883 69 
3883 69 
3891 92 
3898 35 
3903 9 
3924 330 
3927 45 
3928 946 
3938 24 
3958 124 
3966 7 
3977 85 
3979 16 
3979 70 
3996 95 
3997 29 
4015 650 
4021 71 
4028 157 
4033 62 
4049 46 
4089 1431 
4103 35 
4112 86 
4112 158 
4122 143 
4137 426 
4137 2136 
4148 140 
4150 85 
4150 100 
4155 8 
4156 99 
4173 29 
4191 91 
4198 351 
4211 27 
4231 149 
4240 915 
4247 749 
4267 90 
4279 18 
4281 188 
4299 81 
4303 11 
4304 347 
4316 35 
4341 44 
4343 4 
4349 1651 
4350 31 
4360 378 
4364 40 
4372 26 
4374 132 
4378 55 
4384 1231 
4385 53 
4399 75 
4404 55 
4407 1355 
4429 118 
4442 125 
4446 240 
4448 41 
4455 130 
4455 945 
4458 27 
4467 35 
4475 75 
4489 5 
4491 14 
4492 18 
4493 27 
4496 38 
4507 57 
4526 1676 
4526 89 
4528 242 
4529 619 
4547 44 
4551 62 
4575 32 
4575 12 
4596 62 
4617 163 
4625 209 
4626 77 
4643 6 
4646 13 
4662 180 
4668 23 
4676 31 
4699 1691 
4705 356 
4719 247 
4751 66 
4752 1489 
4759 63 
4760 43 
4767 28 
4773 1546 
4773 40 
4780 30 
4783 231 
4785 26 
4822 32 
4893 70 
4894 25 
4902 31 
4905 69 
4907 63 
4930 106 
4937 482 
4939 127 
4947 6 
4949 14 
4953 142 
4967 208 
4976 48 
4993 118 
4999 23 
5001 39 
5001 11072 
5002 70 
5014 71 
5039 4 
5043 40 
5045 53 
5050 615 
5050 40 
5051 16 
5053 79 
5056 144 
5061 5 
5074 27 
5076 8 
5076 233 
5082 24 
5083 62 
5083 59 
5099 239 
5170 769 
5182 121 
5189 0 
5212 26 
5225 17 
5262 6 
5286 11 
5299 18 
5300 184 
5314 231 
5332 18 
5339 67 
5356 50 
5364 20 
5370 77 
5389 70 
5389 13 
5394 59 
5396 55 
5397 138 
5404 120 
5409 51 
5436 45 
5445 48 
5460 39 
5463 119 
5496 1119 
5498 24 
5506 64 
5532 80 
5536 59 
5545 29 
5553 23 
5563 53 
5601 1 
5616 7 
5620 3 
5645 77 
5675 16 
5683 950 
5724 25 
5757 43 
5785 10 
5793 133 
5803 4186 
5803 191 
5810 2003 
5819 40 
5821 102 
5829 114 
5836 5 
5840 60 
5851 2 
5853 31 
5873 4286 
5877 54 
5883 317 
5906 31 
5911 61 
5962 3 
6011 70 
6023 683 
6031 51 
6031 1042 
6037 14 
6072 54 
6082 560 
6088 217 
6119 13 
6157 115 
6181 125 
6182 59 
6183 13 
6186 169 
6196 65 
6214 7 
6216 15 
6235 42 
6236 79 
6249 90 
6253 19 
6254 32 
6254 6 
6287 95 
6293 302 
6294 64 
6300 65 
6328 538 
6332 9 
6334 100 
6339 33 
6341 63 
6349 26 
6376 81 
6390 15 
6404 15 
6424 47 
6428 101 
6428 71 
6452 6 
6473 605 
6477 33 
6478 19 
6488 317 
6497 135 
6499 246 
6507 105 
6528 43 
6541 87 
6542 123 
6573 17 
6603 26 
6662 145 
6690 116 
6691 12 
6692 1 
6701 256 
6707 31 
6733 75 
6767 110 
6781 12716 
6783 23 
6791 6 
6791 150 
6793 48 
6825 15 
6826 45 
6842 261 
6876 9 
6881 21 
6919 488 
6945 1508 
6969 79 
7008 28 
7027 158 
7092 187 
7094 27 
7097 103 
7102 7 
7103 88 
7132 1 
7142 10 
7150 13 
7150 13 
7151 20 
7158 16 
7160 20 
7166 83 
7187 30 
7189 52 
7209 19 
7218 53 
7242 15 
7254 79 
7294 94 
7296 15 
7298 134 
7312 29 
7340 15 
7348 617 
7352 17 
7357 52 
7366 89 
7385 15 
7392 438 
7394 145 
7395 63 
7439 14 
7444 212 
7446 214 
7468 739 
7483 29 
7484 74 
7485 88 
7490 460 
7493 110 
7502 306 
7512 23 
7525 50 
7531 550 
7531 297 
7534 369 
7547 10 
7627 40 
7657 35 
7666 39 
7696 86 
7705 53 
7709 22 
7715 134 
7715 36 
7720 20 
7722 30 
7724 172 
7731 3 
7749 48 
7761 44 
7764 122 
7773 1313 
7773 198 
7781 18 
7785 33 
7820 407 
7861 132 
7867 121 
7887 1323 
7891 21 
7924 89 
7930 40 
7933 4 
7939 34 
7970 143 
7984 92 
7990 18 
8001 211 
8003 142 
8006 21 
8011 525 
8019 380 
8021 57 
8030 105 
8031 71 
8039 28 
8043 93 
8046 661 
8049 166 
8052 92 
8076 45 
8090 128 
8091 18 
8098 13 
8129 79 
8131 2358 
8154 165 
8157 156 
8159 210 
8164 54 
8165 722 
8165 112 
8170 39 
8190 59 
8208 99 
8215 679 
8219 28 
8221 82 
8224 26 
8235 49 
8236 46 
8260 16 
8283 85 
8323 18 
8334 12 
8345 38 
8375 217 
8382 47 
8393 503 
8424 71 
8471 15 
8480 9 
8511 62 
8555 43 
8557 27 
8567 92 
8576 1970 
8593 40 
8606 28 
8625 82 
8635 70 
8637 147 
8663 37 
8668 105 
8678 1176 
8716 643 
8734 123 
8751 7 
8757 65 
8806 41 
8841 14 
8851 85 
8860 12 
8865 996 
8874 31 
8876 58 
8894 263 
8929 388 
8951 169 
8957 129 
8969 132 
8970 10 
9001 26 
9012 38 
9016 1361 
9020 3 
9060 50 
9062 43 
9072 10 
9098 49 
9100 104 
9126 107 
9164 2078 
9170 135 
9180 43 
9189 0 
9206 24 
9224 29 
9239 301 
9251 19 
9302 193 
9322 53 
9328 6 
9337 44 
9344 0 
9411 114 
9421 1221 
9436 76 
9460 90 
9483 72 
9484 134 
9493 123 
9530 10 
9539 7 
9558 1155 
9571 30 
9573 17 
9578 109 
9625 68 
9627 336 
9637 53 
9654 8 
9660 51 
9684 13 
9754 56 
9760 87 
9780 85 
9794 45 
9804 315 
9810 18 
9855 0 
9863 50 
9872 31 
9873 345 
9888 23 
9889 119 
9918 8 
9947 23 
9954 41 
9955 300 
9965 11 
9970 66 
9992 71 
10001 156 
10009 8 
10026 41 
10056 545 
10062 101 
10095 795 
10106 7 
10129 94 
10130 858 
10211 45 
10212 77 
10226 21 
10243 284 
10298 346 
10317 178 
10324 125 
10338 48 
10340 62 
10360 9 
10361 26 
10400 90 
10405 68 
10408 55 
10458 251 
10476 292 
10485 40 
10514 679 
10519 89 
10588 46 
10669 72 
10751 928 
10774 349 
10785 101 
10815 36 
10852 278 
10852 9 
10875 136 
10880 9 
10917 28 
10919 437 
10942 37 
10959 233 
10970 55 
10995 3 
11063 10 
11078 216 
11136 230 
11143 55 
11156 36 
11160 5 
11201 49 
11207 211 
11213 1 
11221 12 
11237 38 
11243 43 
11288 50 
11298 866 
11312 187 
11318 0 
11338 1 
11361 96 
11408 730 
11410 93 
11461 43 
11490 28 
11491 105 
11517 17 
11547 27 
11570 15 
11578 21 
11685 8 
11715 120 
11767 174 
11769 27 
11773 39 
11864 682 
11873 696 
11896 39 
11900 56 
11920 25 
11950 178 
11950 212 
11967 184 
11976 3 
11981 408 
11985 254 
11996 157 
12003 28 
12016 31 
12041 10 
12050 52 
12054 265 
12076 49 
12103 930 
12128 157 
12151 7 
12199 619 
12218 102 
12223 73 
12250 5 
12252 63 
12260 101 
12265 554 
12265 130 
12281 124 
12284 808 
12295 34 
12357 188 
12363 157 
12386 18 
12411 1173 
12421 121 
12479 55 
12498 420 
12500 723 
12507 103 
12526 9 
12535 44 
12584 76 
12599 35 
12620 27 
12625 24 
12630 161 
12693 74 
12735 207 
12748 57 
12751 12 
12808 400 
12816 378 
12847 23 
12890 131 
12919 14 
12972 9 
12994 9 
12998 37 
13075 7 
13101 297 
13118 14 
13165 8 
13243 35 
13276 64 
13277 7 
13291 350 
13299 27 
13318 21 
13350 71 
13391 60 
13405 51 
13443 275 
13488 178 
13498 149 
13690 15 
13719 8 
13784 63 
13850 222 
13856 1839 
13892 75 
13950 33 
13967 24 
13979 96 
13995 8 
14087 26 
14144 125 
14178 70 
14199 15 
14256 15 
14281 3656 
14293 93 
14294 54 
14318 1807 
14355 16 
14368 139 
14416 72 
14462 422 
14484 301 
14546 89 
14565 8 
14605 247 
14697 147 
14703 187 
14798 502 
14825 14 
14833 13 
14947 51 
14948 5 
14968 43 
14979 17 
15127 2059 
15139 62 
15254 11 
15291 92 
15329 25 
15350 2 
15543 19 
15679 101 
15907 127 
15913 260 
15923 7 
15967 502 
16011 94 
16018 124 
16023 18 
16028 3 
16050 44 
16071 31 
16180 2 
16206 28 
16208 54 
16294 39 
16387 2055 
16611 9 
16745 5 
16758 53 
16986 17 
16994 172 
17223 127 
17464 30 
17531 29 
17775 12 
17858 3 
17875 70 
18190 13 
18852 388 
19032 36 
19181 1496 
19522 8 
19663 157 
19668 6 
19933 11 
20154 3 
20238 22 
21389 20 
21524 6 
22437 139 
22457 109 
22561 1029 
22671 14 
22735 331 
22744 10 
22815 307 
22907 329 
23111 22 
23241 14 
23246 15 
23335 27 
23846 62 
24018 56 
24162 21 
24212 162 
24271 110 
24290 162 
24438 125 
25004 135 
25481 17 
25951 26 
26180 100 
26273 230 
26306 5 
26497 62 
26506 91 
27104 377 
27135 15 
27155 154 
28048 41 
28202 121 
28312 281 
28333 7 
28395 113 
28425 30 
28662 71 
29125 297 
29175 212 
29341 145 
29708 23 
29955 128 
30030 148 
30128 143 
30137 53 
30198 24 
30410 2676 
30501 39 
30800 128 
31315 12 
31466 196 
33094 21 
33200 70 
33328 15 
33542 150 
33587 38 
33695 74 
33921 507 
33921 507 
34283 123 
34335 105 
34640 104 
35324 24 
35608 73 
35725 56 
35766 4 
35832 71 
35957 221 
36042 170 
36106 189 
36128 350 
36470 50 
36502 86 
36603 128 
36634 2 
36635 86 
36664 7 
36667 8 
36686 35 
36699 46 
36706 27 
36757 144 
36799 14 
36970 25 
37143 126 
37153 126 
37186 86 
37224 30 
37264 18 
37426 10 
37483 122 
37542 158 
37736 62 
38361 305 
38673 27 
38814 25 
38815 15 
39007 44 
39137 28 
39159 17 
39367 18 
39484 13 
39731 5 
39957 34 
40068 19 
40508 12 
40863 47 
41003 57 
41606 53 
42572 49 
42697 38 
43474 554 
43720 377 
43842 69 
44833 6 
44870 139 
45318 10 
46175 43 
46405 7 
47598 7 
47900 43 
48814 219 
49201 18 
49994 64 
50901 267 
51381 16 
51554 82 
51843 82 
52339 19 
52842 29 
53308 92 
53516 48 
53751 107 
53884 107 
54817 98 
55040 30 
56592 26 
57669 27 
57908 1 
57974 36 
59315 18 
59778 86 
59826 144 
60520 23 
60562 163 
60842 11 
61857 150 
61940 372 
61984 671 
62484 29 
62701 2 
63331 84 
63773 89 
64235 46 
64898 41 
64923 651 
65021 88 
66167 33 
66305 6 
66580 56 
66685 1287 
66738 866 
66803 332 
66923 21 
66989 21 
67000 21 
67056 21 
68698 1059 
68807 50 
69353 56 
69480 93 
69742 53 
69775 100 
70057 5 
70259 56 
70848 80 
70877 78 
71193 140 
71315 410 
71483 113 
71937 182 
72670 202 
73996 16 
74504 47 
74560 3 
74872 15 
75607 97 
75794 230 
76255 68 
77038 56 
77593 8 
77829 70 
78706 18 
78783 888 
78834 190 
79835 126 
79893 15 
79919 55 
80030 38 
81055 12 
81253 98 
81448 8 
81545 21 
81918 14 
82046 11 
82180 45 
82515 81 
82552 121 
82915 99 
83243 391 
84487 43 
85114 112 
85523 200 
86043 284 
86261 40 
86635 5 
86675 1120 
86988 174 
87463 76 
87707 115 
88015 5218 
89386 21 
89577 33 
89664 87 
89820 130 
89878 33 
89894 32 
89961 582 
90726 17 
90794 204 
91082 119 
91244 71 
91488 345 
91676 34 
91830 22 
92066 37 
92501 3 
92657 104 
92676 39 
92855 134 
92869 202 
93661 41 
94116 22 
94324 15 
95065 146 
95125 242 
95348 42 
95883 342 
95892 67 
95914 128 
95932 85 
97236 461 
97276 118 
97465 72 
97695 12 
98992 1761 
99097 2657 
101558 69 
103873 5 
106301 256 
107387 13 
107527 48 
107563 395 
108874 237 
111465 76 
111661 26 
111719 160 
112296 165 
112355 80 
112684 110 
113274 136 
113455 2 
113913 16 
114160 20 
114879 837 
115243 110 
115629 265 
116500 556 
116720 1377 
116773 606 
117144 55 
117446 47 
117588 5 
117663 15 
117983 80 
119942 42 
120225 128 
121714 2 
122109 17 
122350 7 
124035 50 
124435 23 
124790 53 
127391 89 
129095 541 
129983 118 
142591 185 
143290 28 
143998 126 
145243 18 
145468 42 
146307 192 
146906 50 
150722 32 
151604 106 
154806 719 
155691 64 
155698 145 
155737 45 
155791 473 
155874 132 
157014 221 
157670 57 
158129 59 
158201 13 
158420 254 
158643 494 
161074 80 
161271 54 
161841 176 
163193 28 
163625 341 
167372 338 
167532 243 
167619 9 
167957 61 
169399 344 
170963 208 
174075 95 
174076 30 
175499 51 
177747 102 
178744 27 
178934 15 
178969 602 
179135 35 
179140 378 
179388 64 
179428 90 
179430 1487 
179536 617 
179587 102 
180765 10 
183033 147 
183907 337 
195820 38 
196210 157 
196596 598 
199289 7 
199937 610 
200525 128 
200851 164 
200880 179 
201216 84 
201445 15 
202191 26 
207189 139 
207537 880 
208357 11 
208498 1 
209538 143 
209643 19 
212329 173 
212951 19 
214752 12 
214802 342 
220134 74 
231854 100 
240767 544 
245839 53 
246885 512 
248206 399 
249398 43 
249968 831 
253847 34 
253880 239 
257763 129 
257923 1410 
260004 704 
260052 446 
260687 16 
265079 129 
269243 66 
274626 10 
275136 22 
278916 0 
279050 60 
280100 150 
280380 1 
282849 344 
288603 97 
290213 56 
293155 254 
294019 133 
294557 17 
294585 51 
296325 12 
296776 65 
297366 7 
298291 239 
303204 1121 
303520 342 
304537 71 
306722 26 
311149 32 
333059 9 
339109 8 
341607 57 
343232 37 
354035 17 
361765 118 
364230 36 
367977 176 
368504 148 
371942 64 
386656 56 
387133 1141 
388120 79 
394015 244 
415332 96 
424272 80 
438326 36 
443061 838 
445079 25 
505006 47 
524385 14 
533114 36 
578830 377 
587433 99 
599217 94 
