2066 4.18484953704
0 115752 
8 253 
10 143 
12 262 
13 334 
13 441 
14 1180 
14 156 
16 101 
16 311 
17 232 
17 97 
18 53 
19 515 
21 175 
21 394 
23 167 
23 412 
23 294 
23 261 
24 163 
24 183 
24 282 
25 378 
26 262 
26 5476 
26 196 
26 104 
27 34 
27 191 
27 460 
27 266 
28 65 
28 187 
28 243 
28 184 
28 567 
29 2061 
29 165 
29 143 
29 935 
30 351 
30 173 
30 325 
31 75 
32 144 
32 502 
32 1280 
33 517 
34 270 
34 17 
35 149 
35 529 
35 360 
35 270 
36 375 
36 274 
36 613 
37 121 
37 542 
37 10 
38 489 
39 462 
39 447 
40 600 
40 2274 
41 288 
41 119 
42 464 
42 225 
42 917 
42 308 
42 176 
42 130 
43 459 
43 117 
43 1846 
45 209 
45 212 
45 79 
46 100 
46 256 
47 389 
48 66 
48 52 
48 204 
49 76 
49 73 
50 166 
50 495 
50 141 
51 439 
52 29 
52 892 
53 243 
54 221 
55 479 
55 144 
55 113 
56 81 
57 637 
57 183 
58 438 
58 90 
59 100 
60 484 
61 146 
61 1185 
62 120 
63 182 
63 1026 
63 898 
64 1112 
64 625 
64 258 
65 116 
65 86 
65 402 
66 116 
66 486 
67 237 
67 90 
67 298 
68 181 
68 308 
69 31 
69 877 
70 63 
70 991 
70 274 
70 4559 
70 926 
71 40 
73 78 
73 270 
73 265 
73 76 
76 37 
76 87 
76 190 
77 306 
77 174 
77 94 
79 822 
79 267 
80 179 
81 101 
81 714 
81 398 
82 140 
83 143 
83 146 
85 921 
85 19 
86 287 
86 358 
87 150 
87 150 
87 72 
89 222 
89 57 
90 46 
91 140 
91 64 
91 1709 
94 525 
95 223 
95 233 
96 208 
96 883 
96 219 
97 859 
98 413 
98 38 
100 2248 
101 328 
101 237 
102 275 
103 76 
105 184 
105 285 
106 449 
106 106 
107 147 
109 42 
111 177 
112 119 
113 402 
114 82 
114 277 
114 450 
114 178 
115 73 
116 150 
116 155 
119 16 
120 61 
123 1378 
124 572 
124 165 
124 113 
125 157 
126 150 
133 404 
133 103 
134 177 
134 114 
135 307 
135 547 
138 14 
139 119 
139 111 
144 500 
144 248 
144 182 
146 320 
146 263 
149 282 
149 44 
149 204 
150 127 
150 466 
151 189 
153 254 
154 259 
159 253 
159 146 
161 101 
163 474 
164 102 
164 482 
165 240 
166 49 
167 961 
167 328 
169 217 
169 72 
171 138 
171 382 
172 435 
172 20 
173 91 
173 1066 
173 316 
174 128 
176 121 
179 71 
184 173 
184 70 
185 335 
187 572 
187 146 
187 73 
187 55 
188 22 
189 214 
189 428 
191 437 
192 47 
194 67 
196 73 
197 244 
197 163 
198 28 
199 379 
200 289 
201 189 
202 88 
206 336 
207 1358 
212 96 
213 107 
215 155 
219 527 
220 1155 
220 137 
220 158 
220 375 
220 57 
221 143 
221 64 
221 189 
222 169 
223 323 
223 327 
227 262 
229 212 
232 1075 
233 99 
233 686 
235 226 
236 329 
238 475 
243 92 
245 75 
245 95 
246 304 
246 277 
248 133 
249 61 
251 420 
257 741 
260 73 
271 669 
272 64 
273 408 
275 271 
278 181 
278 852 
283 344 
287 117 
288 110 
289 91 
290 292 
290 199 
293 46 
294 92 
301 297 
301 387 
302 105 
302 74 
312 154 
312 338 
314 128 
320 368 
324 107 
326 401 
326 360 
332 179 
332 1300 
335 88 
336 120 
338 218 
339 69 
342 320 
344 293 
346 2711 
347 147 
350 352 
352 75 
354 291 
355 29 
359 58 
362 43 
362 217 
363 160 
365 715 
366 112 
367 168 
369 328 
369 214 
372 209 
373 116 
374 33 
375 102 
382 24 
383 110 
386 107 
389 48 
389 80 
391 93 
391 72 
392 142 
394 140 
395 244 
397 20 
397 276 
403 840 
404 115 
405 98 
406 174 
408 148 
409 174 
413 255 
414 501 
416 67 
418 207 
421 73 
421 69 
425 310 
428 35 
431 726 
432 64 
444 337 
445 44 
447 114 
452 32 
459 123 
460 296 
472 250 
475 372 
476 259 
478 19 
479 326 
480 707 
483 137 
486 59 
486 65 
489 27 
492 42 
492 126 
496 184 
499 630 
499 111 
502 179 
507 103 
509 457 
510 206 
528 1212 
528 278 
530 83 
546 164 
549 223 
552 8 
553 236 
554 83 
565 346 
570 42 
573 35 
587 124 
590 49 
592 56 
595 288 
597 126 
599 853 
605 311 
608 564 
613 41 
614 382 
615 100 
619 253 
628 77 
639 110 
641 19 
642 69 
642 67 
655 166 
660 36 
680 152 
683 337 
689 48 
695 60 
699 38 
704 82 
710 60 
716 164 
720 50 
723 95 
729 99 
731 13 
742 324 
743 98 
747 414 
750 224 
756 270 
762 433 
769 109 
774 45 
775 136 
780 13 
799 72 
801 56 
813 111 
817 161 
826 2785 
837 233 
843 173 
848 121 
853 65 
856 30 
862 17 
863 120 
871 1 
878 172 
881 263 
887 54 
913 112 
913 68 
928 55 
938 60 
941 786 
949 28 
950 28 
965 481 
967 188 
975 20 
986 32 
993 53 
1004 426 
1020 233 
1022 100 
1024 16 
1025 127 
1026 206 
1034 225 
1041 110 
1044 103 
1049 2155 
1057 217 
1084 634 
1085 37 
1094 19 
1113 186 
1119 76 
1127 100 
1144 123 
1150 96 
1160 291 
1162 64 
1168 10 
1215 75 
1216 36 
1224 140 
1241 115 
1257 85 
1276 133 
1278 21 
1296 2073 
1311 276 
1313 388 
1314 22 
1320 100 
1338 279 
1350 214 
1358 68 
1359 12 
1363 204 
1379 20 
1381 233 
1385 19 
1419 51 
1473 219 
1483 69 
1490 210 
1493 233 
1495 125 
1510 64 
1520 35 
1527 248 
1538 68 
1543 73 
1553 71 
1556 179 
1558 19 
1580 48 
1583 340 
1603 1263 
1605 23 
1611 72 
1615 148 
1617 104 
1623 164 
1631 34 
1685 35 
1703 37 
1708 19 
1712 52 
1722 121 
1723 49 
1730 122 
1774 173 
1776 25 
1779 125 
1829 58 
1912 20 
1927 60 
1944 369 
1946 74 
1947 125 
1952 195 
2002 366 
2013 265 
2030 375 
2038 88 
2055 32 
2057 101 
2084 587 
2103 391 
2135 924 
2142 1121 
2143 52 
2213 255 
2242 227 
2257 53 
2272 91 
2278 52 
2350 21 
2363 73 
2374 110 
2383 53 
2391 5 
2412 42 
2425 102 
2435 19 
2451 160 
2456 139 
2475 148 
2490 9 
2503 13 
2514 129 
2529 118 
2541 72 
2548 37 
2580 39 
2582 84 
2604 68 
2620 178 
2690 2 
2706 170 
2707 13 
2711 29 
2713 207 
2791 53 
2808 1215348 
2833 219 
2840 48 
2847 28 
2847 167 
2848 124 
2856 99 
2864 99 
2866 179 
2871 160 
2872 174 
2872 4 
2876 41 
2877 242 
2881 214 
2884 277 
2892 159 
2892 27 
2896 35 
2897 410 
2902 21 
2903 593 
2904 75 
2906 229 
2906 360 
2908 226 
2908 537 
2909 151 
2912 16 
2912 241 
2913 45 
2913 256 
2919 83 
2920 68 
2920 24 
2921 101 
2926 281 
2927 60 
2929 74 
2929 125 
2930 77 
2933 288 
2934 481 
2935 153 
2937 5639 
2938 260 
2942 116 
2945 366 
2947 88 
2948 4138 
2949 54 
2951 16 
2951 84 
2957 93 
2959 95 
2963 228 
2965 457 
2966 92 
2967 134 
2970 43 
2972 42 
2974 315 
2974 30 
2978 123 
2986 122 
2986 99 
2988 120 
2992 1 
2992 19 
2994 140 
3006 380 
3016 243 
3017 256 
3021 111 
3022 1037 
3023 25 
3032 388 
3033 25 
3035 163 
3036 33 
3040 64 
3044 25 
3046 415 
3047 339 
3049 336 
3049 22 
3054 253 
3057 19 
3061 140 
3066 40 
3066 312 
3067 717 
3069 205 
3075 14 
3076 414 
3082 55 
3086 16 
3088 259 
3088 73 
3090 32 
3097 212 
3098 19 
3101 360 
3104 70 
3128 89 
3128 80 
3132 302 
3133 695 
3136 16 
3139 21 
3140 9 
3146 35 
3149 50 
3150 104 
3163 2004 
3163 61 
3167 61 
3167 80 
3174 72 
3178 289 
3179 349 
3181 77 
3192 128 
3193 169 
3209 87 
3214 110 
3224 200 
3230 1587 
3236 1 
3236 252 
3243 43 
3243 141 
3249 67 
3255 202 
3255 206 
3256 19 
3256 16 
3259 14 
3259 43 
3262 31 
3262 30 
3263 151 
3268 92 
3268 24 
3269 183 
3273 42 
3288 60 
3303 167 
3309 60 
3325 70 
3327 151 
3328 26 
3329 11015 
3333 67 
3334 71 
3335 425 
3336 90 
3349 6 
3351 1057 
3355 80 
3357 164 
3361 98 
3368 149 
3377 364 
3377 36 
3387 70 
3387 69 
3391 29 
3395 1065 
3395 148 
3398 29 
3405 61 
3408 97 
3409 965 
3409 5 
3411 140 
3413 184 
3418 160 
3426 858 
3444 458 
3445 26 
3445 127 
3447 291 
3448 452 
3448 98 
3455 187 
3457 90 
3462 374 
3468 348 
3469 1173 
3476 18 
3497 34 
3506 23 
3512 493 
3523 181 
3525 5 
3525 66 
3528 285 
3534 30 
3538 104 
3541 81 
3558 132 
3559 104 
3564 84 
3564 1307 
3565 2517 
3569 26 
3578 73 
3579 78643 
3590 82 
3591 11 
3591 10 
3605 348 
3610 59 
3615 138 
3616 26 
3624 2084 
3625 207 
3629 218 
3630 222 
3634 46 
3638 453 
3642 33 
3643 27 
3649 40 
3669 58 
3670 1067 
3674 113 
3680 272 
3691 307 
3701 1 
3702 283 
3703 1790 
3710 290 
3712 94 
3714 21 
3729 171 
3732 105 
3735 1547 
3749 272 
3750 455 
3752 329 
3765 64 
3780 80 
3783 118 
3785 71 
3797 472 
3803 178 
3814 173 
3815 57 
3818 220 
3824 72 
3829 155 
3842 619 
3845 264 
3858 140 
3860 58 
3862 60 
3863 61 
3863 157 
3868 75 
3871 84 
3874 78 
3877 26 
3883 132 
3884 42 
3885 92 
3893 858 
3912 32 
3913 217 
3917 218 
3929 340 
3931 39 
3935 344 
3944 23 
3959 69 
3965 267 
3969 52 
3973 1157 
3973 45 
3978 261 
3978 323 
3982 259 
3985 1080 
3999 259 
4009 113 
4009 345 
4011 7 
4013 18 
4015 921 
4017 153 
4029 61 
4034 254 
4059 137 
4067 11 
4090 26 
4093 125 
4112 194 
4132 238 
4154 3 
4158 12 
4160 208 
4166 62 
4168 84 
4169 29 
4171 53 
4212 1855 
4218 664 
4221 344 
4242 1435 
4252 124 
4286 81 
4292 34 
4293 656 
4297 17 
4301 109 
4302 25 
4307 33 
4307 41 
4320 173 
4328 771 
4334 421 
4353 90 
4375 1014 
4385 395 
4387 272 
4397 39 
4425 98 
4438 136 
4460 78 
4468 165 
4493 6 
4508 34 
4528 380 
4529 532 
4534 95 
4538 385 
4545 31 
4548 41 
4549 69 
4554 227 
4565 810 
4568 699 
4572 82 
4573 94 
4581 62 
4611 127 
4614 501 
4615 72 
4618 32 
4625 38 
4626 50 
4627 8 
4637 30 
4638 431 
4649 193 
4658 32 
4660 56 
4667 17 
4675 30 
4688 35 
4707 5 
4712 43 
4750 543 
4764 239 
4797 11 
4815 187 
4824 191 
4840 173 
4847 36 
4855 8 
4885 159 
4895 292 
4895 300 
4955 33 
4969 205 
4970 197 
4982 24 
4995 540 
4996 261 
4999 578 
5027 74 
5033 88 
5050 241 
5061 39 
5096 131 
5102 2 
5139 147 
5139 155 
5159 61 
5173 43 
5181 37 
5182 46 
5191 37 
5199 985 
5200 287 
5205 50 
5216 263 
5216 184 
5218 151 
5232 86 
5248 90 
5254 141 
5283 5 
5307 277 
5335 34 
5342 56 
5342 33 
5362 163 
5362 21 
5373 39 
5385 162 
5403 19 
5424 154 
5441 536 
5448 17 
5451 41 
5461 20907 
5491 32 
5503 136 
5504 379 
5509 59 
5510 203 
5519 204 
5531 33 
5538 109 
5555 19 
5555 48 
5556 332 
5576 39 
5577 56 
5597 36 
5599 116 
5681 497 
5687 46 
5693 56 
5705 62 
5714 21 
5715 77 
5728 69 
5730 90 
5745 579 
5751 752 
5754 358 
5762 161 
5763 1319 
5775 40 
5777 45 
5790 1030 
5791 49 
5795 25 
5803 69 
5839 21 
5859 112 
5867 304 
5871 13 
5887 178 
5911 282 
5913 33 
5923 44 
5956 24 
5964 59 
5979 28 
5988 36 
6002 103 
6004 1160 
6036 277 
6069 713 
6080 72 
6106 58 
6111 30 
6121 284 
6191 80 
6194 5 
6195 17 
6202 69 
6211 63 
6228 43 
6245 158 
6260 15 
6272 73 
6307 157 
6318 203 
6321 27 
6324 52 
6327 75 
6361 12 
6396 24 
6422 287 
6463 26 
6470 154 
6475 138 
6478 63 
6479 11 
6489 134 
6492 26 
6506 28 
6533 235 
6546 130 
6560 95 
6564 24 
6568 40 
6574 81 
6595 61 
6624 13 
6631 5 
6651 723 
6669 47 
6674 165 
6679 26 
6680 29 
6684 127 
6694 398 
6718 1280 
6718 244 
6734 25 
6767 917 
6787 4 
6804 57 
6805 7 
6830 112 
6851 338 
6887 79 
6942 1 
6962 16 
6970 35 
6975 359 
6975 66 
7003 83 
7041 232 
7061 18 
7064 253 
7099 15 
7110 22 
7113 80 
7114 261 
7115 108 
7118 222 
7206 114 
7244 108 
7245 19 
7264 1192 
7283 263 
7293 149 
7329 55 
7448 35 
7450 41 
7486 126 
7504 78 
7507 18 
7519 102 
7528 123 
7550 18 
7578 273 
7607 31 
7665 115 
7683 45 
7685 1250 
7691 67 
7725 11 
7795 267 
7795 211 
7822 100 
7843 186 
7852 241 
7859 5 
7860 66 
7888 192 
7913 42 
7919 37 
7934 104 
8014 34 
8067 62 
8082 23 
8097 52 
8113 421 
8121 71 
8166 8 
8227 118 
8253 19 
8256 35 
8286 1371 
8297 172 
8298 269 
8299 829 
8336 36 
8361 144 
8370 65 
8402 50 
8403 401 
8425 413 
8452 241 
8452 117 
8454 61 
8542 50 
8545 9 
8565 30 
8571 76 
8584 41 
8609 98 
8674 13 
8687 508 
8688 131 
8697 3 
8705 134 
8769 40 
8780 103 
8791 16 
8875 980 
8876 11 
8911 528 
9006 16 
9029 72 
9033 194 
9041 222 
9042 102 
9079 0 
9095 344 
9167 818 
9174 85 
9197 933 
9314 2 
9332 38 
9334 47 
9334 177 
9341 53 
9406 81 
9468 8 
9482 165 
9504 26 
9533 50 
9577 235 
9602 97 
9651 35 
9670 122 
9675 81 
9705 29 
9740 84 
9740 84 
9745 19 
9752 18 
9766 30 
9829 15 
9959 17 
9968 404 
9996 97 
10041 62 
10047 219 
10097 94 
10114 102 
10127 41 
10194 61 
10212 20 
10215 162 
10246 21 
10283 9 
10307 10 
10317 68 
10339 78 
10348 217 
10392 1099 
10434 552 
10497 86 
10584 123 
10600 78 
10744 91 
10766 62 
10790 138 
10879 9 
10969 65 
10975 15 
11014 68 
11022 24 
11041 195 
11060 51 
11075 143 
11078 164 
11080 35 
11102 50 
11194 1886 
11202 148 
11236 95 
11267 25 
11291 27 
11293 30 
11307 61 
11320 26 
11451 85 
11627 324 
11630 116 
11646 7 
11724 207 
11735 19 
11765 9 
11788 182 
11861 792 
11906 478 
11960 155 
11997 93 
12180 31 
12211 96 
12215 52 
12228 56 
12248 317 
12274 99 
12456 205 
12468 11 
12481 1180 
12514 12 
12518 50 
12519 1417 
12546 17 
12611 24 
12623 28 
12662 169 
12861 5 
12993 77 
12993 54 
12996 33 
13004 381 
13015 222 
13022 65 
13061 419 
13072 57 
13082 119 
13089 372 
13213 30 
13238 303 
13412 96 
13415 536 
13457 1024 
13467 100 
13502 196 
13504 65 
13621 3 
13632 62 
13687 7 
13769 40 
13786 50 
13794 931 
13826 329 
13928 80 
13981 20 
13995 114 
14128 474 
14323 156 
14400 943 
14409 2 
14464 14 
14471 1078 
14564 7 
14674 49 
14792 424 
14853 65 
14856 342 
14989 49 
14997 231 
15006 7 
15119 118 
15138 33 
15164 19 
15176 95 
15479 39 
15481 1033 
15522 29 
15555 1287 
15603 294 
15675 37 
15694 37 
15709 29 
15711 45 
15718 53 
15757 2 
15858 37 
15926 11 
16020 658 
16200 16 
16263 464 
16291 131 
16292 83 
16299 75 
16405 380 
16449 36 
16529 118 
16597 69 
16682 89 
16834 38 
16933 52 
16935 121 
16983 33 
17014 16 
17101 33 
17102 155 
17124 28 
17131 21 
17168 68 
17179 63 
17360 41 
17423 103 
17526 43 
17699 185 
17721 32 
17723 25 
17837 74 
17882 249 
18031 8 
18051 154 
18060 156 
18139 867 
18192 67 
18215 0 
18362 129 
18473 115 
18777 11 
18831 11 
18849 269 
18900 113 
19099 8 
19146 105 
19366 18 
19427 3 
19509 2 
19532 22 
19621 471 
19647 111 
19739 2 
19804 259 
19947 24 
19993 20 
20257 23 
20380 129 
20436 3 
20513 56 
20553 120 
20611 197 
20623 281 
20635 132 
20725 45 
20737 375 
20807 22 
20916 78 
21103 27 
21334 45 
21516 113 
21521 147 
21533 1 
21599 65 
21602 36 
21686 255 
21729 56 
21796 21 
21899 34 
21922 4 
22060 76 
22168 948 
22334 21 
22458 199 
22614 79 
22664 67 
22674 18 
22718 45 
22894 12 
22963 222 
23036 50 
23049 20 
23295 10 
23321 122 
23442 218 
23674 89 
23678 206 
23748 21 
23822 48 
23845 163 
23861 19 
23889 217 
23932 3 
23972 64 
24056 110 
24097 374 
24182 4 
24204 125 
24216 197 
24303 13 
24357 168 
24391 752 
24482 35 
24522 147 
24551 98 
24602 19 
24606 75 
24607 34 
24611 82 
24668 85 
24676 1075 
24765 213 
24869 20 
24882 1114 
24951 113 
25020 1306 
25107 181 
25153 51 
25183 39 
25229 1629 
25235 1 
25377 191 
25399 85 
25436 199 
25445 4 
25470 120 
25481 298 
25533 35 
25595 164 
25674 1192 
25771 17 
25867 17 
25874 20 
25961 65 
26005 34 
26235 59 
26258 42 
26430 8 
26447 307 
26521 51 
26572 249 
26573 157 
26690 20 
26698 131 
26804 177 
26873 96 
26975 9 
26999 18 
27119 2 
27219 91 
27269 113 
27514 10 
27514 10 
27561 11 
27588 153 
27614 5 
27645 214 
27786 19 
27839 78 
27939 154 
27959 32 
28062 157 
28103 747 
28114 22 
28200 46 
28402 108 
28518 203 
28614 45 
28654 27 
28712 142 
28765 4 
28797 20 
28874 959 
28884 91 
29072 113 
29100 67 
29189 33 
29208 44 
29510 182 
29602 167 
29663 105 
29840 21 
29889 55 
29890 64 
29973 2 
29997 83 
30142 0 
30318 30 
30377 280 
30429 160 
30478 109 
30532 444 
30601 1699 
30605 26 
30666 9 
30752 2487 
30780 127 
30800 37 
30805 17 
30841 128 
30842 15 
30885 99 
30920 36 
30942 60 
31137 532 
31158 8 
31214 30 
31249 256 
31286 70 
31330 16 
31474 636 
31572 24 
31743 77 
31750 54 
31754 79 
31979 65 
32053 35 
32242 109 
32296 1289 
32323 1031 
32325 99 
32461 38 
32525 172 
32532 14 
32595 178 
32679 30 
32704 33 
32721 241 
32734 18 
32790 53 
32876 15 
32961 65 
33013 19 
33205 137 
33225 153 
33277 21 
33375 61 
33455 458 
33551 37 
33568 17 
33607 1827 
33684 415 
33716 193 
33750 83 
33933 28 
33963 58 
33994 46 
34013 3 
34109 24 
34269 57 
34395 442 
34460 79 
34545 768 
34567 48 
34611 27 
34718 65 
34733 196 
34734 79 
34754 232 
34809 2 
34874 106 
34953 21 
34987 65 
35021 1253 
35056 14 
35196 81 
35287 986 
35408 49 
35469 29 
35538 6 
35610 1 
35621 187 
35669 34 
35767 120 
35889 154 
35930 162 
36123 5 
36140 52 
36217 593 
36592 165 
36683 68 
36828 812 
36865 37 
37114 58 
37199 90 
37286 22 
37392 21 
37505 4 
37566 6 
37579 957 
37710 43 
37794 14 
37907 36 
37930 409 
37986 55 
38024 14 
38071 338 
38220 304 
38426 68 
38585 965 
38677 69 
38835 20 
39049 49 
39076 17 
39234 26 
39534 225 
39571 20 
39637 682 
39813 39 
39922 13 
40068 549 
40286 40 
40302 125 
40348 723 
40447 48 
40521 64 
40553 68 
40565 117 
40604 53 
40681 828 
40725 95 
40820 98 
40829 32 
40898 13 
41853 224 
42193 39 
42222 1574 
42281 516 
42337 5 
42363 114 
42365 92 
42428 14 
42471 28 
42630 108 
42653 18 
42670 100 
42898 24 
43014 53 
43361 19 
43445 78 
43777 15 
43941 15 
44055 122 
44581 29 
44584 68 
44959 194 
45092 612 
45122 1546 
45222 43 
45348 45 
45398 95 
45536 173 
45673 198 
46020 137 
46022 6 
46085 15 
46160 4 
46293 17 
46538 190 
46565 50 
46610 62 
47123 104 
47166 20 
47383 233 
47992 126 
48011 16 
48119 23 
48426 105 
48443 65 
49078 293 
49190 89 
49340 36 
49646 24 
49991 28 
49995 1284 
50313 696 
50621 1769 
50944 61 
51042 728 
52055 3 
52411 74 
52505 1421 
52916 498 
53498 76 
53588 7 
53805 69 
54217 185 
54387 15 
54880 55 
54937 12 
54962 175 
55040 362 
55072 869 
55080 193 
55206 369 
55221 633 
55281 5931 
55345 108 
55693 86 
55704 645 
55891 75 
56073 366 
56179 6 
56356 660 
56423 490 
56653 814 
56685 665 
57153 1596 
57560 933 
57560 933 
57561 98 
57561 98 
57778 150 
58061 20 
58094 499 
59257 244 
59423 19 
59830 418 
59907 7 
60111 82 
60225 1122 
60409 816 
60459 2298 
60461 34 
60542 775 
60818 58 
61092 100 
61224 505 
61480 145 
61506 673 
61511 6 
61629 368 
61905 94 
62979 355 
63374 42 
63719 1664 
64407 240 
64675 14 
65483 27 
65549 53 
66856 72 
67986 37 
69173 143 
70051 122 
71150 1413 
71569 878 
71653 307 
71737 106 
71754 1 
74846 411 
75234 1 
75441 25 
75758 64 
77758 85 
78004 841 
78035 56 
80149 160 
80638 8 
81298 419 
81628 6 
81777 80 
81829 45 
82062 431 
82085 226 
82243 187 
83830 35 
83972 11 
84129 642 
85445 12 
86250 1049 
86372 404 
86483 441 
86565 186 
86670 288 
86859 18 
87192 132 
87333 89 
87421 21 
87828 64 
88077 90 
88623 1391 
88721 306 
89410 1765 
89431 21 
90439 760 
90894 197 
91728 270 
92502 58 
93429 68 
95735 80 
97089 73 
97978 33 
100724 5 
102499 32 
103056 159 
103065 155 
106266 23 
108828 187 
111409 79 
112338 9 
114969 139 
115015 648 
115199 853 
116266 375 
117126 324 
117510 402 
119138 523 
119702 66 
121013 212 
121147 259 
122376 565 
123464 1027 
124774 64 
126106 166 
126522 42 
130374 86 
130385 48 
131618 41 
132477 367 
132716 89 
134316 876 
136234 36 
140592 135 
141502 195 
142829 18 
145440 42 
147345 1574 
149674 402 
149846 481 
150077 458 
150249 83 
153239 1213 
153444 73 
153445 13 
153894 173 
159420 327 
159661 1037 
159729 1027 
161407 435 
163259 393 
163796 135 
163830 80 
164027 268 
164398 365 
164840 163 
166232 1159 
166270 321 
166588 61 
169300 96 
172178 768 
173423 448 
173636 85 
173672 42 
174408 338 
175899 52 
176440 333 
177824 260 
178212 202 
178569 2413 
178664 40 
179415 723 
179727 540 
180609 146 
186775 232 
189840 143 
191309 262 
192694 1148 
195413 526 
196599 1603 
198502 303 
198825 40 
202373 69 
202621 65 
209012 185 
209875 29 
211753 6 
216106 263 
216575 128 
217003 114 
221869 38 
226869 70 
227225 725 
228536 27 
228636 5 
230652 58 
233732 797 
233859 71 
233974 45 
234811 171 
235459 393 
259435 962 
259487 109 
267795 288 
269377 229 
269454 82 
269529 40 
285800 0 
294235 75 
296043 86 
298217 70 
302087 157 
306189 1273 
306457 114 
308479 412 
310969 165 
312570 54 
317414 30 
318699 2 
320423 223 
320596 244 
321319 240 
326259 43 
327008 83 
327284 44 
327306 73 
328758 126 
330454 55 
331822 612 
332991 46 
336515 62 
344157 46 
352708 521 
361791 1048 
369698 596 
373051 85 
379780 331 
383307 62 
384682 102 
386345 79 
386970 78 
387669 121 
388012 90 
389322 7 
390233 1095 
390290 2254 
390314 52 
390948 1642 
390985 938 
392068 146 
392074 188 
393123 175 
396104 130 
406346 235 
408508 28 
408707 227 
408772 235 
416042 110 
419892 7 
431778 9 
431955 263 
432540 40 
434850 128 
435336 39 
444688 1306 
448366 152 
484710 438 
503714 319 
504527 21 
509362 77 
514359 21 
524696 1 
528136 252 
538745 50 
548345 277 
552659 66 
555239 13 
563780 53 
578263 194 
587326 73 
598650 13 
603079 27 
