4505 3.81915509259
0 13291892 
8 483 
9 64 
11 325 
16 188 
17 977 
17 263 
19 239 
21 960 
21 240 
22 255 
22 439 
22 6571 
23 77 
26 38 
28 57 
28 924 
28 2106 
29 112 
30 4434 
30 399 
30 825 
31 1291 
31 1934 
31 187 
32 3516 
32 2873 
32 17 
34 4052 
35 857 
35 1344 
35 24 
35 268 
35 158 
35 857 
36 906 
36 73 
36 101 
36 592 
37 1562 
37 33 
38 395 
38 210 
39 558 
39 63 
39 266 
40 289 
40 448 
42 761 
43 575 
44 914 
44 542 
45 83 
45 1378 
46 74 
46 669 
47 83 
48 1842 
48 15734 
49 2579 
50 3203 
50 75 
51 677 
52 73 
53 1401 
54 312 
54 209 
54 67 
55 196 
55 756 
55 1399 
56 938 
57 62 
58 1086 
58 432 
58 1331 
58 65 
58 916 
59 98 
59 702 
59 818 
59 1285 
59 143 
60 296 
61 3527 
61 8431 
61 652 
61 570 
61 640 
61 780 
62 139 
62 1012 
63 2354 
63 3619 
64 647 
64 1500 
65 1119 
66 538 
67 2802 
67 802 
68 17 
68 416 
68 501 
69 533 
69 45 
69 92 
69 2209 
69 1719 
70 1421 
70 975 
70 230 
71 1481 
71 570 
71 183 
72 416 
72 525 
73 23 
73 438 
74 969 
74 267 
74 1329 
75 3076 
75 812 
75 151 
76 2668 
77 1352 
77 57 
77 1755 
78 337 
79 476 
79 455 
79 3883 
79 2007 
79 495 
79 602 
80 33 
80 16 
80 127 
80 424 
81 808 
82 320 
83 191 
83 1160 
84 37 
84 92 
84 145 
84 1634 
85 287 
85 27 
87 788 
87 147 
88 416 
88 44 
88 1017 
88 168 
89 37 
90 53 
90 337 
90 517 
91 214 
91 210 
91 104 
91 132722 
91 65 
92 129 
92 832 
92 3300 
93 674 
93 574 
93 1493 
93 164 
94 674 
95 1267 
95 364 
96 26 
96 754 
96 548 
96 493 
97 128 
97 144 
98 139 
98 327 
99 733 
99 1041 
100 383 
100 357 
100 736 
100 178 
100 122 
101 163 
102 96 
103 261 
103 638 
103 981 
103 95 
103 207 
103 485 
104 3822 
104 1228 
104 6070 
104 1343 
104 2671 
105 85 
106 787 
108 419 
108 896 
108 2442 
108 2794 
108 365 
109 1031 
109 2144 
109 3178 
110 1627 
110 1291 
110 134 
111 193 
111 10393 
111 455 
111 88 
112 238 
112 1441 
112 2422 
114 814 
116 230 
116 924 
116 1052 
116 47 
117 2285 
118 1516 
118 142 
118 267 
118 898 
119 888 
119 609 
119 1095 
120 2812 
120 690 
120 826 
120 32 
120 30 
120 798 
120 3870 
120 2898 
121 79 
121 16 
121 163 
121 337 
121 222 
121 339 
121 115 
122 37 
122 157 
122 125 
122 1410 
122 50 
123 14 
123 1580 
123 101 
124 1344 
124 288 
124 2965 
124 1261 
125 972 
125 263 
125 486 
126 60 
128 735 
129 7 
129 70 
129 33 
129 324 
130 466 
131 769 
131 25 
132 82 
132 1290 
133 319 
133 64 
133 194 
133 1015 
133 234 
134 1271 
134 180 
134 111 
135 250 
135 3698 
136 1249 
136 65 
136 2268 
137 27 
137 658 
137 1696 
137 95 
138 34 
139 28 
139 940 
139 380 
140 2038 
140 137 
140 1287 
140 5382 
140 23 
140 60 
141 2199 
142 2851 
142 1262 
143 382 
143 82 
143 1421 
144 186 
144 411 
145 1986 
145 568 
145 3684 
145 177 
145 608 
146 118 
146 1083 
146 1000 
147 1850 
147 782 
147 558 
147 806 
148 880 
148 91 
148 1836 
149 4156 
149 10371 
150 1673 
150 380 
151 16 
152 3042 
152 277 
152 2766 
153 1421 
153 704 
154 180 
154 1931 
154 406 
155 1968 
155 176 
155 571 
155 45 
155 835 
155 2320 
156 1838 
156 381 
156 116 
156 53 
156 620 
157 552 
157 390 
157 210 
157 532 
157 436 
157 71 
159 1186 
159 109 
159 3338 
159 1439 
160 349 
160 1034 
160 1148 
161 1546 
162 674 
162 154 
162 355 
162 124 
164 17 
164 486 
165 358 
165 125 
165 1193 
166 281 
166 375 
167 660 
167 103 
168 296 
168 1279 
169 308 
169 1232 
169 324 
169 351 
169 909 
169 586 
169 15 
171 7 
171 49 
171 493 
171 1733 
172 40 
174 8 
174 27 
175 551 
176 846 
176 917 
177 1067 
178 600 
180 1115 
180 538 
181 698 
181 274 
182 356 
182 125 
182 364 
182 920 
182 1274 
183 177 
183 212 
184 172 
184 1274 
184 859 
184 27 
185 53 
185 220 
185 1378 
186 523 
186 36 
187 313 
187 742 
187 1727 
188 453 
188 370 
189 151 
189 1891 
189 950 
190 192 
190 73 
190 23 
190 71 
191 363 
191 501 
191 114 
192 5760 
192 173 
192 1747 
193 789 
193 410 
194 1363 
194 455 
194 243 
195 314 
195 802 
196 161 
197 829 
197 3825 
197 1089 
198 2078 
198 213 
198 753 
199 185 
200 651 
201 84 
201 1208 
202 405 
203 74 
203 7835 
203 1147 
203 1324 
203 118 
203 512 
204 1005 
205 293 
205 60 
206 423 
208 142 
208 3407 
209 611 
209 69 
209 1005 
211 103 
211 106 
212 123 
213 2264 
213 146 
214 951 
214 1773 
214 285 
216 377 
216 613 
216 63 
217 486 
217 214 
217 806 
218 1853 
219 1121 
219 28 
220 2947 
223 113 
223 7180 
223 109 
223 1232 
223 1274 
223 269 
224 59 
224 222 
225 109 
226 845 
226 1644 
227 102 
227 153 
228 1815 
228 288 
230 1189 
231 288 
231 4128 
231 68 
231 1358 
231 1298 
231 26 
231 364 
233 396 
235 126 
235 69 
235 745 
235 559 
236 53 
236 1041 
236 798 
236 846 
236 3570 
237 896 
237 297 
237 99 
237 1397 
237 18 
237 72 
237 3794 
237 57 
237 1769 
237 241 
238 620 
238 502 
238 188 
238 1771 
238 324 
238 848 
238 86 
238 300 
239 747 
240 438 
240 767 
241 419 
241 484 
241 15 
243 151 
243 1571 
245 38349 
245 62 
245 1053 
249 2684 
249 10 
249 1065 
250 850 
250 288 
251 860 
251 907 
251 123 
251 1036 
251 755 
252 16 
252 5665 
252 123 
253 1535 
254 131 
255 794 
255 286 
256 237 
256 64 
257 176 
258 208 
258 7783 
258 658 
258 379 
258 2631 
261 750 
262 1012 
263 768 
263 167 
264 5208 
265 229 
265 127 
265 30 
265 294 
265 1181 
266 751 
266 1352 
266 97 
267 1069 
267 505 
271 6173 
271 1003 
271 756 
273 16 
273 194 
273 994 
274 2487 
274 344 
276 215 
276 1008 
277 1641 
278 1286 
278 2397 
278 124 
278 679 
280 252 
281 168 
282 2269 
282 490 
282 44 
282 2622 
283 1503 
283 834 
283 873 
284 569 
285 96 
285 16 
286 222 
286 2357 
286 10048 
286 1941 
286 390 
286 1644 
287 374 
287 982 
287 695 
288 15 
288 12 
288 1250 
288 426 
288 698 
290 1538 
290 652 
290 71 
291 636 
292 164 
293 251 
293 3840 
294 157 
295 360 
295 413 
296 3228 
296 424 
296 3 
297 2131 
298 1101 
298 84 
298 1106 
299 320 
299 269 
299 327 
300 539 
300 308 
300 4185 
301 154 
302 2783 
302 2 
302 613 
302 94 
303 40 
303 175 
304 12 
304 24 
306 1568 
306 95 
308 1017 
308 154 
310 728 
311 54 
311 10856 
313 526 
314 765 
315 154 
315 384 
315 598 
315 194 
317 229 
318 1028 
319 486 
319 55 
319 10 
320 6 
320 968 
320 214 
321 1661 
322 852 
323 178 
323 14738 
324 2240 
324 713 
324 64 
324 72 
325 52 
325 850 
326 539 
327 95 
328 10549 
328 737 
329 1544 
331 615 
333 553 
333 2415 
333 376 
333 299 
334 2524 
336 1980 
336 745 
337 1468 
337 1888 
337 237 
337 900 
338 4450 
338 242 
339 841 
340 1646 
341 100 
341 1409 
342 1190 
343 743 
344 3779 
344 886 
344 103 
344 476 
345 115 
345 1401 
345 314 
346 1541 
346 2498 
346 377 
347 64 
348 171 
348 100 
348 109 
348 1202 
348 1459 
349 2184 
349 165 
349 910 
349 215 
350 712 
350 51 
350 1577 
351 583 
351 1481 
351 3883 
351 93 
351 635 
352 1077 
352 3197 
355 1844 
355 1280 
356 69 
356 209 
356 34 
356 363 
357 596 
357 536 
357 5876 
357 118 
359 1850 
359 683 
360 341 
360 29404 
360 1739 
361 1682 
361 1682 
361 493 
363 2808 
363 1392 
364 190 
364 792 
364 237 
365 438 
365 1252 
366 1883 
366 4250 
367 2269 
367 190 
368 936 
368 737 
369 396 
370 48 
370 165 
370 147 
370 742 
371 263 
372 1626 
372 274 
372 442 
373 379 
374 1381 
374 558 
374 179 
374 718 
376 767 
377 43 
378 107 
379 847 
379 3176 
380 367 
381 1279 
381 679 
383 1254 
383 74 
384 250 
385 124 
387 2222 
387 107 
387 108 
387 243 
387 444 
387 1302 
388 45 
389 2072 
391 3598 
391 2409 
393 667 
393 532 
393 790 
394 129 
394 4148 
395 2353 
396 464 
397 605 
397 56 
397 101 
398 1266 
398 575 
399 1194 
399 396 
400 102 
401 593 
401 402 
401 5890 
401 268 
404 4189 
405 395 
407 1510 
408 1138 
408 288 
411 7932 
412 95 
413 102 
415 899 
417 210 
417 410 
419 349 
419 1076 
419 80 
419 696 
419 1501 
420 59 
420 45 
420 79 
420 220 
423 5010 
423 980 
424 1219 
424 685 
424 1607 
425 144 
425 65 
425 39 
426 5114 
426 895 
427 1518 
428 16 
428 17 
428 26 
428 22 
429 49 
429 295 
429 137 
430 1746 
430 94 
431 157 
434 2409 
436 407 
436 391 
437 8 
437 115 
438 49 
438 707 
439 501 
439 365 
440 1620 
440 1013 
441 2222 
441 2909 
442 115 
442 71 
444 370 
445 34 
446 755 
446 77 
446 168 
447 837 
447 268 
449 5624 
450 349 
450 746 
451 50 
451 631 
451 242 
452 1497 
453 2003 
453 140 
454 1646 
454 1472 
456 777 
458 318 
458 690 
458 291 
459 3581 
463 130 
464 1521 
464 283 
465 2240 
467 33 
467 91 
468 1810 
468 366 
469 1291 
470 2589 
471 1531 
471 2928 
471 2960 
472 242 
472 316 
472 973 
473 896 
474 65 
474 119 
474 167 
475 1101 
476 842 
477 1569 
477 220 
478 68 
479 1051 
480 1789 
480 883 
480 378 
482 1139 
482 7976 
484 161 
484 1212 
485 296 
485 99 
486 148 
486 443 
486 34 
487 502 
487 615 
487 2713 
489 858 
489 46 
489 143 
490 276 
490 115 
490 2334 
490 2495 
492 241 
492 135 
494 766 
494 697 
495 771 
496 1347 
497 839 
498 119 
498 204 
498 551 
499 56 
499 1155 
499 1364 
501 822 
502 708 
502 144 
504 893 
504 949 
505 1165 
507 490 
507 906 
508 992 
510 1778 
512 405 
512 314 
512 61 
512 381 
513 1158 
516 347 
517 780 
517 715 
517 741 
517 1160 
517 1153 
519 824 
520 56 
520 1435 
521 26 
522 410 
522 182 
523 2280 
523 221 
523 373 
524 2775 
525 1208 
525 215 
526 52 
528 519 
531 74 
532 173 
533 65 
533 151 
534 2910 
534 2431 
535 1279 
536 60 
537 843 
538 268 
539 1853 
539 355 
540 1297 
540 1383 
541 195 
541 5447 
541 2479 
541 2083 
542 200 
544 1120 
545 958 
545 917 
546 805 
546 1084 
548 1013 
550 5812 
551 3 
553 1907 
555 125 
556 697 
557 288 
559 1067 
561 81 
561 881 
563 4580 
564 1423 
564 1580 
564 133 
565 1525 
565 2114 
566 2007 
566 841 
567 204 
567 1096 
568 312 
568 1748 
569 526 
569 27 
570 8397 
570 824 
571 185 
574 1725 
575 1058 
576 1099 
576 125 
576 597 
578 423 
578 498 
579 184 
579 569 
580 1354 
584 1842 
584 1255 
584 116 
584 301 
586 558 
588 283 
589 48 
590 1479 
591 227 
592 1221 
592 1154 
592 980 
592 960 
592 1623 
593 59 
593 2090 
593 2277 
594 774 
594 1613 
595 139 
598 856 
598 986 
600 24 
600 74 
600 897 
601 303 
601 841 
602 483 
603 46 
604 4542 
605 1046 
605 334 
607 717 
608 1076 
608 5533 
608 68 
609 17 
609 675 
609 945 
610 408 
610 86 
611 7413 
611 133 
611 1498 
612 2299 
613 489 
616 43 
616 1878 
618 101 
619 135 
619 81 
619 496 
620 790 
620 782 
621 141 
622 2 
622 258 
623 1298 
624 1859 
626 782 
627 1790 
629 20 
632 799 
632 508 
634 677 
635 1567 
637 291 
638 196 
639 42 
639 253 
639 411 
640 678 
641 247 
645 10053 
645 176 
648 5182 
649 777 
650 320 
651 729 
652 312 
653 4456 
653 6325 
654 856 
656 3867 
658 1046 
660 676 
661 6202 
662 37 
662 209 
662 1758 
663 1382 
664 4085 
666 2787 
667 282 
668 1158 
668 785 
669 1356 
669 42 
669 375 
672 358 
672 2926 
672 771 
673 112 
673 470 
673 500 
674 2839 
676 342 
676 57 
678 7242 
679 562 
679 2700 
680 137 
680 652 
681 189 
681 26 
682 1026 
683 56 
683 1211 
685 1248 
686 3 
693 240 
694 209 
694 805 
694 84 
694 848 
696 30 
697 493 
699 1182 
699 541 
699 85 
699 302 
700 1239 
700 818 
701 1657 
703 287 
703 868 
703 1284 
703 33 
704 17 
704 1034 
704 549 
706 218 
707 2032 
708 156 
709 1404 
709 553 
709 824 
710 1208 
712 657 
712 2564 
712 277 
712 740 
712 265 
712 1178 
713 497 
715 644 
716 2307 
716 953 
716 1775 
718 333 
718 1567 
719 568 
722 104 
723 1733 
723 282 
723 1630 
725 530 
727 460 
728 570 
730 17 
732 276 
732 1226 
733 634 
734 1932 
735 260 
737 4826 
739 577 
741 242 
742 405 
742 164 
744 1790 
747 6 
749 1052 
750 915 
752 370 
753 1199 
756 504 
756 247 
757 584 
758 309 
758 208 
759 1490 
759 2590 
760 3569 
761 451 
762 974 
763 630 
764 22 
764 1685 
764 4034 
764 8 
764 3156 
765 3301 
765 474 
765 2216 
765 301 
766 11 
769 375 
770 669 
770 226 
775 790 
775 407 
776 3075 
776 236 
777 1068 
777 1094 
780 82 
780 164 
781 106 
782 309 
782 244 
783 1045 
783 1002 
784 953 
784 224 
784 1398 
787 1399 
787 37 
788 819 
788 328 
788 392 
789 64 
790 245 
790 278 
790 162 
790 80 
791 143 
791 90 
794 1238 
794 1222 
794 172 
796 577 
796 271 
796 720 
796 653 
797 761 
798 1151 
799 1109 
804 232 
805 1252 
806 1624 
807 352 
808 467 
809 223 
809 2085 
812 2368 
812 81 
814 178 
816 1277 
818 1159 
820 791 
821 2629 
822 2823 
825 199 
827 104 
828 1063 
829 16 
830 608 
832 1114 
832 331 
833 62 
834 192 
836 571 
837 2332 
838 555 
838 671 
840 136 
842 6 
842 32 
844 235 
845 449 
845 849 
846 2743 
847 1084 
848 106 
848 1489 
848 398 
849 78 
849 4196 
851 1226 
851 21 
852 2698 
853 227 
855 141 
855 633 
859 70 
862 721 
863 497 
864 52 
864 1029 
865 1297 
865 836 
868 208 
869 1675 
871 1732 
871 1090 
872 1138 
873 6621 
873 443 
873 686 
875 121 
875 886 
875 51 
876 964 
877 457 
877 548 
877 1052 
878 242 
880 87 
880 900 
882 183 
882 213 
883 908 
883 353 
884 173 
889 1322 
889 354 
890 445 
890 5251 
892 1307 
893 834 
893 2667 
895 212 
897 13 
899 1302 
900 1453 
900 173 
900 841 
902 306 
903 1169 
903 196 
903 1016 
903 1402 
904 1176 
904 63 
905 1090 
906 520 
908 19 
909 723 
911 200 
911 557 
913 3987 
913 621 
914 722 
914 92 
915 609 
915 72 
916 683 
916 43 
918 54 
920 663 
921 481 
922 179 
922 816 
925 388 
925 1971 
927 49 
928 1014 
928 2037 
928 231 
929 545 
931 425 
933 110 
934 2303 
934 66 
935 186 
936 24 
939 1624 
939 266 
940 1502 
941 177 
942 108 
942 1555 
943 2974 
944 315 
945 2568 
946 495 
947 440 
947 3234 
948 798 
949 511 
951 198 
951 243 
952 185 
952 1575 
952 52 
953 1227 
954 1740 
954 2069 
957 844 
958 857 
959 246 
960 1812 
962 117 
963 180 
963 772 
963 283 
964 267 
964 877 
965 195 
968 127 
968 207 
969 1089 
970 430 
970 4191 
971 138 
973 62 
976 1310 
976 1848 
978 2417 
979 291 
979 149 
982 1012 
982 2644 
984 0 
984 604 
986 14533 
987 22 
988 580 
990 143 
991 944 
992 1365 
998 284 
999 89 
1001 132 
1001 263 
1001 926 
1002 276 
1002 4157 
1003 13859 
1006 301 
1006 1202 
1008 867 
1010 607 
1011 2505 
1011 87 
1018 2123 
1020 883 
1020 1586 
1020 168 
1021 639 
1027 6113 
1028 363 
1032 361 
1033 92 
1034 333 
1037 209 
1038 710 
1038 2339 
1040 175 
1040 1979 
1043 927 
1043 1058 
1043 952 
1044 52 
1044 802 
1044 516 
1047 1141 
1052 4376 
1054 235 
1055 1100 
1055 342 
1055 47 
1056 5172 
1058 1062 
1059 484 
1059 370 
1059 252 
1060 172 
1064 53 
1065 136 
1066 430 
1067 658 
1068 15 
1071 83 
1072 331 
1072 375 
1072 769 
1072 185 
1072 367 
1073 830 
1074 393 
1075 120 
1078 2383 
1082 1614 
1082 922 
1083 1114 
1085 38 
1085 4324 
1086 519 
1087 1002 
1089 1055 
1089 1863 
1090 798 
1094 860 
1095 55 
1097 340 
1097 1492 
1098 668 
1098 5 
1099 504 
1101 2467 
1102 46032 
1102 799 
1102 4518 
1103 1155 
1105 700 
1106 401 
1107 1109 
1108 18 
1108 1464 
1108 4 
1110 1011 
1111 567 
1111 26805 
1112 549 
1112 1708 
1113 303 
1116 592 
1118 1381 
1119 75 
1120 606 
1121 285 
1121 6315 
1123 5 
1124 2233 
1126 395 
1126 121 
1131 976 
1132 75 
1132 908 
1135 452 
1137 801 
1138 1080 
1138 5 
1139 1125 
1142 1850 
1142 122 
1142 512 
1143 113 
1147 64 
1147 284 
1148 681 
1151 270 
1152 204 
1152 748 
1153 3636 
1154 315 
1158 299 
1160 230 
1161 5093 
1161 1090 
1162 311 
1165 251 
1165 1273 
1165 3484 
1166 964 
1167 5731 
1167 61 
1174 352 
1175 103 
1176 295 
1180 45 
1181 710 
1181 813 
1184 752 
1184 136 
1184 2577 
1184 457 
1185 795 
1186 1400 
1187 1489 
1187 78 
1188 720 
1188 573 
1190 166 
1191 293 
1194 548 
1195 587 
1197 1434 
1198 1713 
1199 634 
1200 1182 
1201 310 
1202 913 
1209 5617 
1209 467 
1215 521 
1217 375 
1219 153 
1219 80 
1224 318 
1224 3734 
1226 674 
1228 1264 
1231 2048 
1233 1620 
1236 588 
1237 327 
1241 744 
1241 45 
1242 163 
1242 719 
1243 40 
1243 535 
1245 1618 
1245 231 
1246 1288 
1246 619 
1250 379 
1250 674 
1251 661 
1252 727 
1252 348 
1254 223 
1255 56 
1258 364 
1258 380 
1260 1187 
1264 125 
1266 487 
1267 12 
1269 840 
1270 16 
1271 252 
1274 1116 
1275 27 
1276 865 
1277 86 
1278 59 
1281 4908 
1282 6514 
1284 171 
1287 3082 
1287 741 
1289 1086 
1290 215 
1290 243 
1298 332 
1299 345 
1301 118 
1301 1366 
1301 81 
1301 2572 
1303 1428 
1306 995 
1306 956 
1310 753 
1311 957 
1313 78 
1313 9331 
1316 1097 
1318 337 
1318 1022 
1320 932 
1323 388 
1324 618 
1325 71 
1327 3716 
1331 252 
1332 1648 
1332 10223 
1334 472 
1336 903 
1337 6707 
1338 861 
1341 826 
1344 1405 
1345 138 
1348 0 
1349 186 
1350 439 
1352 126 
1353 176 
1355 439 
1356 88 
1356 1176 
1357 644 
1365 157 
1366 59 
1367 33 
1367 464 
1368 2380 
1372 187 
1374 1440 
1375 358 
1379 57 
1381 8214 
1381 75 
1381 105 
1381 671 
1382 198 
1385 380 
1390 1340 
1390 97 
1394 864 
1396 2084 
1397 528 
1398 566 
1401 1109 
1402 1834 
1403 475 
1406 709 
1407 1546 
1407 575 
1409 176 
1417 1329 
1417 3471 
1427 140 
1428 198 
1429 440 
1431 81 
1432 1558 
1433 1659 
1433 1251 
1434 218 
1439 718 
1440 2 
1440 726 
1441 279 
1441 600 
1443 410 
1443 72 
1444 1370 
1445 1774 
1445 1105 
1447 9 
1450 80 
1454 254 
1457 2374 
1458 19 
1459 189 
1459 1073 
1462 52 
1464 1171 
1465 102 
1465 844 
1466 1412 
1467 15140 
1468 223 
1471 53 
1473 2579 
1474 1047 
1475 87 
1477 82 
1477 471 
1480 136 
1481 115 
1483 1723 
1486 94 
1487 0 
1488 878 
1493 31 
1494 290 
1494 171 
1494 579 
1497 169 
1497 31 
1498 608 
1498 17 
1499 820 
1501 649 
1504 28 
1505 370 
1507 954 
1507 35 
1510 1004 
1510 62 
1510 1067 
1516 194 
1516 637 
1518 190 
1520 1058 
1521 595 
1522 1208 
1522 227 
1523 1383 
1526 831 
1526 543 
1527 545 
1527 81 
1527 115 
1530 57 
1531 672 
1533 654 
1538 1547 
1538 16 
1541 2217 
1543 337 
1546 85 
1548 218 
1548 122 
1549 7885 
1553 403 
1564 82 
1565 567 
1567 912 
1567 227 
1568 558 
1569 427 
1570 58 
1572 282 
1577 83 
1583 722 
1587 144 
1589 59 
1589 754 
1591 817 
1592 50 
1594 1044 
1595 897 
1598 5507 
1598 246 
1599 11 
1601 3006 
1603 8355 
1603 1136 
1604 194 
1604 328 
1607 596 
1608 352 
1613 323 
1616 42 
1618 862 
1621 50 
1622 1313 
1623 62 
1624 235 
1625 752 
1625 13 
1633 238 
1633 792 
1634 1146 
1636 1128 
1645 18 
1647 419 
1649 1798 
1653 309 
1656 1138 
1656 3195 
1657 1297 
1657 1071 
1658 177 
1658 944 
1666 23 
1666 1995 
1666 110 
1669 2643 
1671 28 
1671 3225 
1672 329 
1672 252 
1673 5545 
1674 136 
1675 916 
1675 16 
1675 178 
1679 2540 
1680 27 
1680 703 
1684 35 
1687 24 
1689 1390 
1690 1224 
1695 183 
1699 1524 
1699 2241 
1701 24815 
1703 1851 
1706 302 
1707 644 
1708 18238 
1709 1455 
1710 439 
1714 1802 
1715 91 
1715 274 
1716 269 
1716 1202 
1718 463 
1722 1658 
1724 160 
1724 2421 
1725 1608 
1727 715 
1730 145 
1730 1584 
1731 1569 
1733 1975 
1735 143 
1736 1314 
1736 932 
1736 246 
1738 147 
1738 396 
1738 74 
1739 1092 
1745 856 
1747 1511 
1748 106 
1750 553 
1750 209 
1751 3902 
1752 171 
1754 1232 
1756 1702 
1756 653 
1756 6008 
1757 3258 
1759 18 
1764 2169 
1767 197 
1768 846 
1768 199 
1772 203 
1779 2727 
1781 418 
1782 310 
1782 165 
1787 2518 
1788 179 
1790 1072 
1792 2129 
1793 403 
1793 282 
1798 838 
1799 201 
1799 299 
1805 1625 
1806 245 
1806 943 
1808 34 
1814 368 
1816 7 
1818 127 
1818 2181 
1821 1689 
1821 561 
1821 5138 
1822 72 
1822 240 
1823 222 
1825 20 
1827 1573 
1830 262 
1834 872 
1835 844 
1835 1501 
1835 214 
1835 2942 
1836 1284 
1837 2800 
1841 888 
1842 849 
1843 2275 
1848 3287 
1851 1696 
1851 693 
1855 91 
1858 244 
1859 278 
1860 207 
1860 429 
1863 1745 
1863 15 
1870 1550 
1875 1194 
1876 5 
1876 514 
1876 153 
1879 432 
1882 685 
1883 139 
1884 2136 
1894 512 
1894 25 
1895 12 
1896 191 
1897 903 
1901 88 
1901 359 
1902 152 
1905 89 
1905 839 
1906 3737 
1907 91 
1907 189 
1908 790 
1908 205 
1908 594 
1917 66 
1918 680 
1924 128 
1925 146 
1930 299 
1931 720 
1937 69 
1939 2768 
1941 1049 
1943 45 
1944 336 
1947 307 
1947 1502 
1949 420 
1950 32882 
1951 187 
1952 434 
1955 15 
1958 58 
1964 856 
1972 581 
1973 1253 
1973 281 
1975 216 
1978 148 
1978 186 
1978 167 
1979 373 
1982 363 
1982 1417 
1984 159 
1993 215 
1995 89 
1995 1459 
1995 2 
1996 452 
1997 1483 
1998 1846 
2000 3924 
2002 776 
2003 148 
2004 210 
2004 44 
2007 197 
2007 62 
2011 896 
2013 1329 
2015 626 
2020 709 
2020 839 
2020 949 
2021 28 
2022 1858 
2022 1997 
2024 331 
2028 62 
2028 450 
2029 1293 
2031 130 
2039 529 
2040 1234 
2041 2856 
2041 75 
2042 277 
2044 333 
2045 161 
2051 787 
2052 168 
2054 784 
2056 941 
2056 433 
2057 724 
2059 196 
2061 636 
2062 132 
2064 511 
2065 423 
2065 1000 
2066 784 
2067 867 
2068 221 
2069 360 
2070 769 
2071 234 
2073 109 
2076 1780 
2078 618 
2079 21 
2081 578 
2082 280 
2089 1246 
2092 496 
2092 121 
2094 30 
2095 268 
2096 134 
2097 817 
2097 3239 
2099 237 
2104 280 
2105 830 
2111 579 
2112 52 
2112 222 
2116 411 
2119 128 
2121 530 
2123 243 
2123 39 
2124 621 
2124 186 
2125 64 
2127 286 
2128 674 
2132 182 
2132 5194 
2132 65 
2133 944 
2142 435 
2146 1145 
2147 1809 
2149 8420 
2150 690 
2150 1359 
2156 104 
2159 174 
2159 1228 
2160 1173 
2161 849 
2161 8815 
2162 258 
2163 830 
2168 530 
2171 8348 
2174 747 
2177 1096 
2178 62 
2184 5 
2185 476 
2189 26 
2190 1168 
2192 215 
2194 1036 
2198 180 
2198 2333 
2199 185 
2199 1168 
2200 139 
2200 362 
2200 1051 
2200 316 
2201 758 
2202 1534 
2206 1452 
2209 378 
2211 611 
2212 65 
2212 825 
2216 683 
2220 1304 
2226 1572 
2226 630 
2232 3444 
2232 1228 
2234 87 
2235 1548 
2241 411 
2242 2224 
2248 529 
2248 1256 
2248 487 
2249 555 
2249 2093 
2250 866 
2251 8 
2254 44 
2255 12 
2255 2623 
2257 634 
2258 1386 
2259 73 
2261 662 
2262 83 
2263 1483 
2267 709 
2267 87 
2269 1391 
2270 342 
2272 239 
2272 3757 
2273 424 
2274 1470 
2281 1106 
2283 6700 
2284 645 
2285 1291 
2286 806 
2289 1207 
2290 237 
2292 667 
2293 1144 
2294 439 
2298 1139 
2299 845 
2299 249 
2303 649 
2303 2192 
2303 24 
2303 406 
2305 79 
2307 877 
2308 1933 
2309 123 
2309 769 
2311 746 
2311 5300 
2313 20 
2313 27 
2319 270 
2323 910 
2329 270 
2331 267 
2332 13 
2333 1660 
2336 3 
2339 5 
2340 686 
2342 165 
2343 23 
2345 1085 
2346 38 
2350 1406 
2352 830 
2356 509 
2357 83 
2357 2632 
2357 399 
2359 821 
2365 31 
2367 206 
2369 25 
2370 1889 
2370 2671 
2372 937 
2376 3885 
2376 797 
2381 80 
2387 812 
2387 325 
2392 305 
2396 783 
2400 338 
2401 770 
2409 608 
2411 468 
2413 555 
2416 51 
2419 726 
2423 2305 
2427 575 
2429 1126 
2430 229 
2431 720 
2432 27 
2433 104 
2434 443 
2439 3322 
2442 2012 
2446 167 
2447 74 
2448 531 
2449 504 
2449 146 
2450 1100 
2455 2210 
2457 1278 
2458 91 
2463 643 
2463 1312 
2464 153 
2465 1607 
2466 159 
2472 579 
2474 14 
2477 282 
2479 646 
2479 516 
2481 1502 
2481 162 
2483 1028 
2486 643 
2490 1580 
2491 1267 
2491 829 
2492 320 
2493 2185 
2497 449 
2498 1778 
2501 235 
2503 201 
2504 5926 
2505 190 
2507 301 
2508 126 
2509 28 
2509 291 
2512 24 
2513 309 
2513 281 
2514 39 
2519 1076 
2520 765 
2523 1485 
2524 530 
2526 550 
2527 654 
2527 1665 
2529 818 
2532 37 
2532 742 
2536 273 
2536 845 
2536 254 
2537 282 
2538 187 
2540 2830 
2541 372 
2541 6006 
2543 85 
2545 390 
2549 10 
2552 1080 
2554 42 
2555 1678 
2555 92 
2567 169 
2574 3065 
2582 8716 
2583 7658 
2584 20 
2584 741 
2588 14 
2588 50 
2589 1201 
2590 24 
2596 631 
2600 146 
2605 17 
2605 47 
2606 805 
2607 304 
2608 1507 
2609 453 
2610 653 
2610 253 
2610 334 
2613 297 
2614 1610 
2615 56 
2616 140 
2626 1046 
2629 154 
2635 2502 
2637 3090 
2637 1641 
2640 178 
2640 15230 
2640 291 
2642 394 
2643 286 
2645 352 
2651 147 
2654 1671 
2656 770 
2656 6 
2662 2299 
2665 517 
2665 785 
2666 844 
2666 361 
2672 548 
2676 1802 
2676 907 
2677 325 
2677 463 
2678 44 
2679 1392 
2679 127 
2680 1113 
2680 1088 
2681 9383 
2681 187 
2684 460 
2689 342 
2691 2632 
2692 226 
2692 490 
2693 1338 
2695 123 
2696 101 
2698 86 
2699 1018 
2700 353 
2700 17233 
2700 372 
2704 178 
2704 398 
2705 176 
2708 191 
2708 558 
2710 243 
2710 1018 
2712 62 
2713 883 
2714 10 
2715 8850 
2715 520 
2716 306 
2717 536 
2718 88 
2720 216 
2720 2791 
2721 2735 
2721 52 
2723 2797 
2725 1251 
2725 103 
2726 404 
2731 862 
2733 223 
2736 302 
2738 528 
2738 9134 
2738 40 
2738 456 
2739 1336 
2743 1373 
2744 152 
2744 620 
2745 4538 
2745 1439 
2745 517 
2749 1134 
2750 1301 
2750 48 
2751 1028 
2751 1315 
2752 57 
2757 1117 
2758 8 
2758 398 
2759 89 
2760 939 
2761 1273 
2762 324 
2766 557 
2767 109 
2773 646 
2779 5 
2781 263 
2781 52 
2784 3291 
2786 3390 
2787 12 
2787 1198 
2789 1249 
2793 365 
2794 47 
2795 39 
2796 734 
2800 198 
2809 414 
2813 353 
2820 782 
2822 245 
2822 154 
2831 11 
2833 1380 
2833 309 
2835 138 
2836 148 
2838 190 
2839 175 
2840 1234 
2846 469 
2847 300 
2847 484 
2855 81 
2855 81 
2856 529 
2856 91 
2857 1 
2860 213 
2863 478 
2863 2973 
2863 796 
2863 82 
2864 567 
2866 452 
2869 1541 
2870 286 
2871 979 
2872 64 
2873 613 
2873 68 
2875 471 
2876 387 
2877 1536 
2877 424 
2878 609 
2879 308 
2880 175 
2880 1646 
2881 790 
2882 3795 
2883 50 
2884 65 
2885 262 
2885 256 
2886 281 
2887 384 
2888 2095 
2894 491 
2901 102 
2902 1107 
2902 334 
2905 2167 
2906 465 
2908 2037 
2914 68 
2914 564 
2917 705 
2919 856 
2920 1231 
2920 126 
2921 1096 
2922 435 
2925 86 
2926 280 
2927 1043 
2929 754 
2929 125 
2931 231 
2931 514 
2932 704 
2934 374 
2937 808 
2937 220 
2943 988 
2947 1563 
2948 850 
2949 87 
2957 1199 
2959 49 
2960 332 
2961 280 
2964 51 
2967 403 
2968 1094 
2968 59 
2970 1303 
2975 173 
2975 597 
2976 28 
2977 2 
2981 84 
2983 407 
2985 924 
2986 669 
2988 906 
2992 2928 
2998 1444 
2998 200 
3001 3043 
3004 625 
3004 2055 
3009 1336 
3011 243 
3017 739 
3017 142 
3018 922 
3022 369 
3023 647 
3024 985 
3024 393 
3030 2161 
3034 235 
3035 889 
3037 1532 
3038 1220 
3040 25 
3046 1464 
3046 51 
3048 984 
3049 514 
3050 3693 
3053 17 
3054 154 
3056 21 
3056 2302 
3058 125 
3060 233 
3064 759 
3065 141 
3067 420 
3067 1450 
3073 1070 
3074 11 
3075 648 
3075 38 
3084 1511 
3090 382 
3092 436 
3092 222 
3092 3570 
3099 766 
3104 2673 
3104 325 
3105 1990 
3105 499 
3106 534 
3114 964 
3115 1485 
3115 145 
3118 207 
3118 1176 
3126 6050 
3127 730 
3128 253 
3130 31 
3131 130 
3132 110 
3135 756 
3137 1505 
3138 394 
3139 1628 
3140 903 
3147 186 
3148 1567 
3148 1203 
3154 1441 
3155 1128 
3157 566 
3162 632 
3163 235 
3168 385 
3170 5 
3170 6 
3175 1310 
3182 64 
3186 103 
3192 161 
3193 86 
3195 329 
3198 3 
3200 593 
3205 187 
3208 1481 
3211 1309 
3213 5 
3216 132 
3221 1420 
3222 929 
3223 508 
3226 590 
3226 1094 
3227 1119 
3229 372 
3229 337 
3235 370 
3235 5391 
3236 1209 
3240 4607 
3241 1063 
3243 112 
3244 1784 
3248 10 
3249 74 
3249 45 
3253 808 
3255 19 
3259 2563 
3260 1831 
3260 1478 
3260 633 
3261 1460 
3264 163 
3269 137 
3272 463 
3273 788 
3278 704 
3281 35720 
3283 1312 
3288 448 
3289 270 
3290 858 
3298 2336 
3300 1861 
3302 187 
3303 825 
3310 1147 
3312 601 
3312 61 
3315 137 
3315 637 
3323 13563 
3324 209 
3332 90 
3333 142 
3333 1121 
3334 1063 
3334 2812 
3335 1265 
3337 415 
3340 103 
3341 239 
3342 413 
3342 645 
3345 1196 
3349 147 
3351 116 
3354 51 
3361 688 
3367 1 
3368 18 
3370 118 
3370 178 
3372 30 
3374 2006 
3375 910 
3377 1846 
3384 88 
3391 102 
3391 868 
3393 1187 
3403 1412 
3406 32 
3408 3049 
3412 532 
3413 1601 
3416 248 
3424 85 
3430 539 
3433 13 
3434 1358 
3434 1166 
3437 1792 
3438 618 
3439 1315 
3444 1433 
3446 39 
3447 1308 
3449 1796 
3454 179 
3454 244 
3460 182 
3461 0 
3464 296 
3467 840 
3469 270 
3477 1636 
3480 59 
3480 683 
3484 1509 
3486 456 
3488 230 
3488 732 
3492 1378 
3494 739 
3494 1069 
3495 1146 
3499 93 
3500 1431 
3504 881 
3506 240 
3508 2842 
3514 15 
3515 139 
3518 520 
3519 229 
3520 1108 
3522 891 
3524 2323 
3527 1117 
3527 3607 
3527 2285 
3529 296 
3530 786 
3533 14 
3535 2768 
3536 81 
3536 196 
3540 1022 
3544 94 
3544 1682 
3546 3394 
3548 389 
3549 3 
3553 59 
3556 98 
3557 2136 
3559 766 
3560 2197 
3561 869 
3563 970 
3563 774 
3563 1602 
3564 185 
3568 470 
3568 1213 
3569 1391 
3572 102 
3573 720 
3575 331 
3579 788 
3582 387 
3582 155 
3583 4502 
3584 306 
3585 172 
3586 1017 
3590 554 
3591 90 
3592 204 
3593 925 
3596 56 
3599 589 
3600 1170 
3600 728 
3601 26 
3601 739 
3606 543 
3607 165 
3607 205 
3610 1173 
3616 350 
3627 126 
3628 540 
3632 437 
3638 531 
3639 766 
3639 1202 
3643 2337593 
3644 477 
3644 25 
3646 434 
3646 216 
3647 1462 
3651 413 
3658 88 
3662 1046 
3663 8 
3678 42 
3679 132 
3679 243 
3683 5204 
3683 291 
3685 2794 
3686 349 
3686 35 
3688 406 
3689 3630 
3689 1511 
3690 1949 
3691 884 
3697 502 
3698 117 
3698 1651 
3701 75 
3704 246 
3705 13 
3708 2407 
3712 2444 
3712 73 
3716 2059 
3717 1389 
3718 144 
3718 1716 
3721 1452 
3723 24 
3724 37 
3727 1363 
3727 1298 
3728 206 
3731 1193 
3731 568 
3737 557 
3738 461 
3742 1122 
3745 52 
3745 86 
3750 139 
3750 1054 
3752 10 
3753 673 
3763 506 
3763 1077 
3766 275 
3767 376 
3767 347 
3767 507 
3767 109 
3769 1223 
3769 3372 
3769 50 
3771 1640 
3771 367 
3775 455 
3779 1659 
3780 54 
3781 120 
3781 2031 
3784 91 
3786 654 
3787 19 
3787 1012 
3789 121 
3797 206 
3799 988 
3799 1253 
3800 10 
3801 2999 
3802 288 
3805 84 
3807 54 
3813 426 
3816 938 
3817 90 
3820 1740 
3820 163 
3823 1292 
3824 44 
3825 499 
3825 1986 
3825 1322 
3828 281 
3832 2890 
3833 268 
3835 1061 
3836 449 
3839 958 
3840 1610 
3843 605 
3844 246 
3844 14 
3850 1466 
3851 382 
3854 520 
3855 3065 
3857 826 
3858 147 
3870 606 
3874 10 
3874 75 
3877 267 
3877 1 
3879 87 
3882 48 
3888 119 
3891 60 
3892 702 
3894 1238 
3898 1364 
3898 327 
3904 425 
3905 90 
3908 368 
3908 57 
3915 179 
3916 1933 
3917 156 
3918 679 
3918 427 
3919 383 
3919 577 
3921 165 
3922 335 
3928 1285 
3928 704 
3930 733 
3931 160 
3933 583 
3933 819 
3934 5656 
3934 80 
3936 244 
3937 1887 
3942 374 
3945 155 
3946 176 
3955 711 
3956 403 
3956 111 
3956 1485 
3956 582 
3964 1909 
3969 3962 
3971 1400 
3972 296 
3976 431 
3976 473 
3977 120 
3979 1804 
3980 44 
3987 25 
3988 973 
3988 7179 
3989 2487 
3991 379 
3992 604 
3995 1 
3996 564 
3996 247 
3997 816 
3997 226 
3999 139 
4003 5330 
4006 33 
4007 538 
4007 631 
4010 1126 
4011 427 
4014 985 
4014 2789 
4014 37 
4014 679 
4016 1146 
4020 869 
4024 210 
4030 878 
4031 241 
4035 1026 
4035 290 
4038 1294 
4043 775 
4044 97 
4058 762 
4059 1789 
4059 229 
4066 2181 
4067 31145 
4071 72 
4074 291 
4075 235 
4078 1712 
4079 10071 
4084 697 
4086 550 
4095 65 
4095 161 
4095 63 
4098 622 
4102 227 
4105 363 
4108 643 
4110 5184 
4113 236 
4117 105 
4122 1070 
4123 177 
4131 114 
4135 5178 
4137 1421 
4140 1830 
4142 432 
4144 23 
4145 977 
4146 1478 
4148 6827 
4156 2968 
4157 6493 
4157 240 
4164 1201 
4166 1713 
4168 134 
4169 1581 
4169 121 
4170 15 
4175 966 
4175 1995 
4179 1111 
4183 262 
4183 252 
4194 700 
4196 281 
4197 1226 
4199 960 
4199 34 
4202 85 
4202 283 
4203 1076 
4206 212 
4208 2124 
4209 20892 
4213 931 
4214 130 
4219 187 
4221 361 
4222 35 
4226 583 
4228 1435 
4229 46 
4235 59 
4236 671 
4242 153 
4244 1047 
4244 2367 
4258 487 
4258 117 
4258 1880 
4260 418 
4260 613 
4262 163 
4264 533 
4265 181 
4268 6 
4271 809 
4273 703 
4274 1251 
4276 1082 
4278 1885 
4279 4292 
4280 147 
4282 1360 
4283 1749 
4285 861 
4287 440 
4288 1068 
4290 940 
4296 345 
4296 43 
4298 1002 
4304 97 
4305 106 
4305 84 
4310 350 
4313 402 
4315 235 
4316 29 
4316 110 
4318 773 
4320 2347 
4321 576 
4323 1216 
4323 371 
4327 255 
4328 884 
4332 1462 
4335 656 
4337 78 
4342 210 
4348 1082 
4350 673 
4350 120 
4354 1330 
4359 105 
4363 29 
4365 2714 
4376 47 
4377 433 
4378 4422 
4378 106 
4378 1642 
4379 109 
4385 238 
4386 3140 
4390 2424 
4390 167 
4390 595 
4391 169 
4392 991 
4393 2647 
4396 25 
4397 525 
4400 914 
4402 1371 
4402 456 
4403 333 
4411 11 
4412 556 
4413 39 
4420 82 
4425 1493 
4440 1076 
4441 233 
4442 1150 
4446 802 
4446 249 
4453 18 
4456 544 
4457 42 
4459 1230 
4470 1274 
4475 1270 
4481 99 
4483 2430 
4485 75 
4488 107 
4494 770 
4499 72 
4504 293 
4504 550 
4505 1778 
4505 1890 
4505 70 
4508 271 
4509 714 
4510 36 
4511 90 
4513 1287 
4516 62 
4521 915 
4524 1103 
4525 1350 
4528 516 
4529 4 
4533 375 
4535 115 
4539 131 
4539 176 
4542 1063 
4547 78 
4552 374 
4553 77 
4554 33 
4555 708 
4558 2070 
4563 3180 
4572 851 
4572 33 
4574 2880 
4587 326 
4610 514 
4612 159 
4612 186 
4613 1072 
4614 23 
4617 307 
4618 2169 
4619 36 
4619 300 
4621 399 
4627 675 
4628 1194 
4628 26 
4631 2024 
4634 377 
4645 426 
4646 118 
4652 835 
4654 855 
4654 2178 
4657 952 
4660 303 
4660 851 
4662 289 
4662 56 
4667 1054 
4668 813 
4670 988 
4681 133 
4682 455 
4684 1165 
4685 3717 
4685 1102 
4685 2060 
4688 110 
4689 501 
4690 1433 
4690 2087 
4691 192 
4692 728 
4693 840 
4696 2123 
4704 993 
4707 1337 
4708 8 
4728 366 
4733 0 
4737 195 
4740 1108 
4740 82 
4740 2033 
4743 436 
4746 473 
4751 841 
4757 91 
4762 428 
4764 455 
4764 604 
4765 400 
4765 745 
4767 535 
4767 108 
4785 227 
4790 109 
4791 185 
4792 197 
4795 4606 
4799 31 
4803 105 
4806 188 
4812 110 
4816 1237 
4824 122 
4825 1937 
4831 176 
4835 3523 
4836 2603 
4838 700 
4842 630 
4845 686 
4846 560 
4846 528 
4848 4112 
4850 496 
4856 12 
4857 1547 
4860 1441 
4860 542 
4864 1378 
4865 135 
4869 122 
4870 256 
4871 1114 
4875 68 
4876 449 
4883 658 
4889 6233 
4895 60 
4897 4025 
4897 677 
4899 1638 
4899 436 
4902 1120 
4913 262 
4916 789 
4918 560 
4918 1179 
4919 1120 
4924 124 
4928 498 
4933 587 
4937 8033 
4948 478 
4952 310 
4953 295 
4955 653 
4959 965 
4961 1411 
4968 62 
4973 707 
4978 349 
4984 22 
4992 48 
4993 1167 
4994 514 
4996 236 
5002 1986 
5005 1714 
5010 460 
5014 619 
5031 541 
5032 727 
5032 118 
5038 3676 
5039 2417 
5040 1093 
5044 945 
5045 676 
5046 154 
5048 1449 
5048 85 
5050 797 
5052 627 
5057 466 
5064 515 
5067 350 
5071 27 
5072 741 
5073 1335 
5074 503 
5075 1159 
5079 258 
5079 125 
5087 68 
5088 671 
5090 1328 
5093 5452 
5099 291 
5102 754 
5103 606 
5108 368 
5115 7320 
5121 695 
5125 1192 
5129 394 
5129 2483 
5132 718 
5137 1161 
5139 3299 
5140 837 
5149 1950 
5152 93 
5156 287 
5158 1981 
5162 1461 
5163 197 
5163 386 
5170 336 
5170 839 
5173 1853 
5173 916 
5175 637 
5178 144 
5181 309 
5194 10 
5197 137 
5198 1203 
5198 397 
5202 127 
5207 1028 
5210 5231 
5212 93 
5212 1016 
5219 307 
5221 121 
5223 1436 
5227 32 
5227 6438 
5231 1854 
5237 1328 
5238 496 
5258 430 
5268 224 
5277 635 
5277 628 
5279 840 
5280 628 
5284 228 
5285 219 
5292 1130 
5293 16 
5296 135 
5300 1060 
5306 17 
5311 1024 
5312 3602 
5314 1406 
5316 489 
5323 34 
5323 39 
5326 29 
5328 417 
5338 12 
5340 961 
5351 967 
5352 521 
5360 217 
5361 1198 
5361 1191 
5361 873 
5361 89 
5367 647 
5370 326 
5371 342 
5372 16 
5374 709 
5375 1348 
5383 230 
5384 274 
5390 1534 
5393 4142 
5395 1362 
5406 2430 
5408 411 
5409 1013 
5409 586 
5409 1058 
5414 87 
5420 702 
5420 531 
5421 154 
5423 542 
5423 135 
5424 116 
5432 481 
5437 245 
5442 136 
5443 131 
5443 346 
5446 203 
5451 696 
5453 1059 
5457 3129 
5461 2141 
5466 390 
5469 1911 
5469 132 
5474 560 
5476 68 
5479 480 
5483 56 
5483 1346 
5483 1148 
5490 1968 
5493 2 
5496 2614 
5499 913 
5499 352 
5500 1326 
5508 292 
5511 124 
5519 8 
5529 3121 
5535 1226 
5536 686 
5538 31 
5538 306 
5545 567 
5547 596 
5548 999 
5551 37 
5552 1689 
5559 253 
5571 6878 
5574 1157 
5575 46 
5575 56 
5578 148 
5579 1104 
5581 1762 
5584 569 
5587 885 
5589 1021 
5593 73 
5595 821 
5596 86 
5598 861 
5601 207 
5602 187 
5604 190 
5610 788 
5613 3303 
5614 370 
5616 3 
5616 738 
5625 233 
5631 0 
5633 298 
5633 1635 
5644 4558 
5651 372 
5655 212 
5660 121 
5665 224 
5667 1187 
5670 249 
5673 2999 
5674 139 
5678 79 
5682 299 
5682 811 
5685 200 
5687 236 
5688 332 
5688 1467 
5690 4142 
5690 982 
5691 1408 
5694 716 
5696 134 
5696 235 
5699 1952 
5701 161 
5702 3424 
5702 292 
5702 652 
5705 268 
5707 476 
5707 88 
5708 602 
5710 8 
5717 98 
5720 204 
5725 458 
5725 853 
5727 473 
5730 234 
5732 872 
5735 541 
5738 599 
5738 655 
5740 783 
5742 2115 
5742 538 
5743 661 
5744 1228 
5744 1002 
5746 1973 
5775 897 
5781 701 
5784 922 
5791 94 
5791 447 
5792 68 
5793 1580 
5794 1046 
5795 1456 
5797 1971 
5799 1123 
5799 1041 
5802 99 
5819 1383 
5819 544 
5825 36258 
5825 512 
5827 248 
5827 77 
5832 430 
5832 1325 
5833 3575 
5837 3190 
5837 90 
5839 61 
5839 2170 
5839 1239 
5844 316 
5848 1042 
5850 3032 
5854 374 
5856 40 
5856 743 
5857 79 
5862 1002 
5865 1061 
5866 300 
5871 1174 
5875 2233 
5877 686 
5878 430 
5881 209 
5883 465 
5885 1684 
5890 296 
5893 11137 
5894 546 
5894 411 
5896 18 
5899 800 
5900 1056 
5904 664 
5911 606 
5912 405 
5917 396 
5922 141 
5923 1477 
5927 1329 
5928 1091 
5930 768 
5934 53 
5946 59 
5948 915 
5951 152 
5952 156 
5958 835 
5965 836 
5965 1641 
5971 56 
5971 364 
5978 1271 
5980 1429 
5980 465 
5982 5787 
5982 930 
5986 77 
5991 643 
5996 401 
5998 54 
6002 191 
6006 567 
6007 357 
6011 35 
6015 745 
6016 1660 
6017 29 
6026 374 
6026 315 
6026 1387 
6030 125 
6030 3092 
6036 74 
6058 1253 
6059 736 
6061 309 
6073 674 
6073 3307 
6076 220 
6077 820 
6079 270 
6092 2358 
6095 161 
6098 0 
6101 298 
6101 2558 
6106 73 
6107 1273 
6114 1261 
6114 1536 
6122 204 
6126 562 
6131 123 
6133 142 
6136 4884 
6140 24 
6146 7539 
6147 547 
6149 392 
6149 554 
6150 1087 
6151 158 
6151 1198 
6152 2020 
6153 412 
6156 673 
6160 9 
6164 246 
6165 4303 
6174 234 
6181 15 
6183 66 
6186 382 
6186 40 
6189 175 
6190 450 
6191 437 
6192 362 
6193 6936 
6203 287 
6206 259 
6208 368 
6210 1257 
6210 708 
6210 88 
6213 886 
6217 76 
6223 683 
6227 486 
6231 213 
6232 916 
6238 553 
6245 532 
6247 607 
6251 385 
6261 713 
6271 174 
6281 657 
6281 281 
6292 1298 
6293 145 
6294 425 
6297 1202 
6298 828 
6301 1093 
6301 884 
6308 709 
6309 483 
6309 756 
6312 916 
6319 1694 
6321 349 
6326 195 
6330 138 
6331 726 
6332 456 
6335 224 
6335 902 
6338 27 
6338 1366 
6343 516 
6346 143 
6355 580 
6361 1061 
6361 902 
6362 20 
6365 5173 
6367 132 
6369 153 
6370 227 
6372 2812 
6390 1006 
6391 148 
6393 1052 
6395 168 
6408 1452 
6410 329 
6427 300 
6428 55 
6428 77 
6429 1023 
6430 328 
6439 530 
6442 1017 
6446 496 
6448 245 
6452 277 
6454 114 
6457 138 
6464 59 
6464 139 
6474 4860 
6476 108 
6479 566 
6481 942 
6482 891 
6484 589 
6486 3341 
6489 210 
6493 405 
6495 1277 
6496 422 
6496 175 
6497 1796 
6498 617 
6506 1796 
6506 176 
6506 118 
6510 750 
6516 856 
6520 1561 
6522 105 
6522 1033 
6528 779 
6529 192 
6534 595 
6543 441 
6545 1391 
6546 1080 
6546 85 
6553 296 
6561 3054 
6561 192 
6564 618 
6565 1350 
6565 3179 
6567 239 
6572 5253 
6573 314 
6582 184 
6583 178 
6592 569 
6599 298 
6610 109 
6611 255 
6613 1042 
6617 431 
6620 3191 
6623 117 
6625 1077 
6641 948 
6648 845 
6651 1244 
6655 369 
6659 60 
6666 774 
6675 340 
6675 708 
6676 586 
6677 148 
6679 6 
6684 47 
6685 2 
6685 185 
6687 17728 
6688 1133 
6688 3140 
6692 913 
6695 1272 
6696 258 
6698 88 
6707 352 
6711 2830 
6715 1484 
6716 1115 
6726 245 
6729 244 
6735 268 
6735 113 
6739 233 
6740 451 
6740 56 
6741 867 
6742 626 
6746 729 
6752 293 
6765 1102 
6768 580 
6768 1556 
6769 3806 
6772 2417 
6772 1850 
6773 44516 
6776 1271 
6781 1190 
6781 170 
6782 619 
6784 48 
6790 24 
6792 0 
6795 1294 
6798 1142 
6799 157 
6800 289 
6807 567 
6808 321 
6808 681 
6813 1590 
6818 199 
6831 760 
6833 783 
6849 1715 
6850 31 
6860 116 
6863 324 
6868 192 
6868 5857 
6873 303 
6874 3987 
6876 138 
6878 1592 
6881 931 
6884 258 
6885 1573 
6895 297 
6898 682 
6899 524 
6900 2442 
6902 701 
6907 3203 
6915 645 
6918 268 
6921 1155 
6923 294 
6928 379 
6934 439 
6936 120 
6944 169 
6947 97 
6947 928 
6948 552 
6950 1241 
6957 885 
6963 135 
6981 2 
6986 4502 
6989 336 
6991 3179 
6992 133 
6992 172 
6992 851 
6996 785 
6999 1772 
7005 90 
7007 1131 
7010 260 
7012 87 
7012 583 
7012 415 
7012 149 
7013 20 
7025 238 
7026 262 
7026 420 
7028 191 
7030 462 
7031 992 
7041 428 
7042 1280 
7043 458 
7050 368 
7054 19 
7054 280 
7064 208 
7071 11 
7072 1193 
7073 122 
7076 36 
7078 830 
7082 377 
7082 1243 
7083 483 
7092 1555 
7094 3530 
7096 912 
7103 122 
7124 137 
7124 442 
7126 534 
7131 1323 
7131 403 
7132 725 
7140 745 
7142 42 
7148 966 
7150 56 
7154 190 
7156 713 
7158 1212 
7163 76 
7164 707 
7165 277 
7171 1641 
7172 242 
7180 833 
7181 96 
7184 262 
7186 5035 
7194 1602 
7195 338 
7195 304 
7197 28091 
7208 547 
7210 553 
7210 9608 
7212 2076 
7214 103 
7216 24342 
7218 66 
7221 431 
7224 268 
7226 148 
7232 2451 
7237 374 
7245 1401 
7261 628 
7262 67 
7266 1185 
7273 587 
7273 1777 
7283 1246 
7287 63 
7289 435 
7290 232 
7298 362 
7301 1678 
7304 95 
7305 172 
7308 3056 
7311 59 
7313 751 
7315 657 
7316 588 
7317 1008 
7323 41 
7323 277 
7325 180 
7332 130 
7335 199 
7337 648 
7339 349 
7348 500 
7356 18 
7359 1025 
7366 828 
7368 309 
7375 1071 
7377 97 
7378 141 
7387 323 
7392 1586 
7400 1034 
7406 269 
7408 200 
7414 1150 
7417 571 
7424 290 
7429 1242 
7432 1041 
7434 319 
7437 2605 
7438 439 
7441 160 
7441 434 
7443 904 
7445 2223 
7445 544 
7452 232 
7454 1735 
7456 1498 
7457 135 
7458 267 
7461 381 
7469 873 
7473 3277 
7474 2445 
7481 2087 
7491 1368 
7501 1163 
7514 485 
7514 567 
7518 30 
7528 213 
7530 179 
7534 1712 
7536 1171 
7537 117 
7544 468 
7545 408 
7549 3332 
7553 247 
7554 917 
7560 3057 
7561 188 
7565 382 
7566 459 
7570 13395 
7587 503 
7592 32 
7595 2919 
7596 830 
7597 51 
7609 227 
7614 2501 
7616 89 
7617 842 
7620 47 
7621 165 
7622 247 
7629 1478 
7630 731 
7634 262 
7639 132 
7645 1131 
7645 152 
7647 10120 
7647 305 
7653 1540 
7656 329 
7663 415 
7668 570 
7671 1037 
7673 468 
7675 316 
7681 1503 
7682 48 
7690 6393 
7690 1260 
7691 125 
7693 63 
7694 1272 
7694 64 
7709 825 
7712 719 
7715 1763 
7715 430 
7721 420 
7723 805 
7724 35 
7728 428 
7729 12865 
7737 4362 
7750 2 
7756 1222 
7767 2948 
7780 766 
7781 648 
7784 588 
7787 257 
7791 411 
7798 725 
7800 279 
7803 1473 
7805 251 
7807 155 
7822 646 
7829 240 
7830 1443 
7831 590 
7831 953 
7834 794 
7835 115 
7838 66 
7838 80 
7839 393 
7849 811 
7852 32 
7853 235 
7854 0 
7856 1502 
7862 353 
7862 2016 
7863 1269 
7865 104 
7867 1240 
7872 2123 
7873 1588 
7876 752 
7877 1712 
7880 98 
7880 1555 
7889 814 
7892 1103 
7897 361 
7899 9 
7901 1439 
7902 139 
7904 1386 
7904 607 
7908 489 
7911 9524 
7918 288 
7922 346 
7924 130 
7925 352 
7925 320 
7929 281 
7945 10 
7953 555 
7954 214 
7960 357 
7961 405 
7965 944 
7965 212 
7967 1117 
7971 321 
7973 544 
7975 695 
7975 276 
7975 557 
7985 739 
7988 26 
7988 354 
7992 706 
8005 634 
8006 11 
8007 297 
8011 1308 
8015 968 
8019 836 
8020 2508 
8022 1192 
8023 790 
8023 145 
8028 897 
8034 105 
8039 1272 
8041 2043 
8042 232 
8042 1608 
8044 770 
8046 5568 
8055 7 
8056 279 
8056 355 
8064 484 
8067 705 
8072 2385 
8073 1759 
8079 102 
8083 1407 
8089 953 
8091 33 
8091 243 
8091 530 
8096 553 
8097 193 
8097 660 
8102 1057 
8117 1203 
8123 688 
8123 230 
8127 392 
8143 304 
8144 2140 
8144 137 
8156 1090 
8167 1875 
8170 1013 
8175 933 
8176 1031 
8179 674 
8179 819 
8180 294 
8180 8832 
8184 1873 
8188 2156 
8189 548 
8192 1008 
8198 990 
8207 974 
8212 274 
8218 64 
8219 57 
8224 1994 
8227 1488 
8227 923 
8229 2074 
8231 13 
8231 458 
8232 971 
8251 466 
8255 672 
8264 196 
8270 935 
8274 1057 
8278 181 
8282 1554 
8286 1 
8291 129 
8291 357 
8293 1483 
8301 1712 
8303 1104 
8305 468 
8309 282 
8310 2430 
8312 37 
8316 112 
8317 110 
8319 3477 
8321 244 
8329 37 
8335 598 
8341 340 
8350 39 
8352 266 
8358 971 
8360 1323 
8365 646 
8367 1106 
8374 213 
8375 601 
8383 406 
8385 201 
8388 1735 
8389 254 
8389 796 
8392 1434 
8397 243 
8404 478 
8408 131 
8413 145 
8424 997 
8425 1692 
8429 266 
8429 423 
8438 150 
8444 1144 
8444 446 
8446 56 
8449 2 
8452 61 
8456 8325 
8458 696 
8464 966 
8464 362 
8465 444 
8474 220 
8475 1661 
8475 717 
8476 5185 
8479 559 
8480 445 
8483 81 
8483 1260 
8486 762 
8494 430 
8494 38 
8505 338 
8506 222 
8506 428 
8508 763 
8519 721 
8524 118 
8534 247 
8539 1395 
8540 1876 
8550 183 
8556 1895 
8568 1475 
8573 972 
8580 747 
8585 243 
8589 180 
8590 1591 
8599 109 
8606 1091 
8607 380 
8610 447 
8612 1207 
8614 2178 
8616 1058 
8620 201 
8621 42 
8622 2013 
8623 782 
8632 357 
8635 441 
8636 1166 
8640 534 
8645 28 
8651 339 
8660 382 
8665 586 
8667 729 
8677 2766 
8686 74 
8691 600 
8694 371 
8695 627 
8695 102 
8706 1361 
8710 1409 
8712 178 
8716 2566 
8720 408 
8721 1318 
8724 243 
8728 681 
8737 195 
8740 76 
8743 5354 
8745 20 
8756 5 
8759 447 
8766 106 
8766 777 
8772 438 
8775 345 
8779 160 
8779 621 
8781 2342 
8781 2638 
8782 731 
8782 707 
