4590 3.04018518519
0 92841 
6 4132 
12 283 
12 856 
14 316 
14 99 
17 523 
18 990 
18 178 
20 349 
21 215 
22 11 
23 315 
23 37 
25 52 
25 250 
27 2870 
32 485 
35 415 
35 101 
35 63 
37 228 
38 265 
38 294 
40 525 
41 647 
41 99 
41 536 
43 554 
45 1001 
47 155 
48 166 
48 63 
48 121 
50 2538 
50 367 
52 63 
56 107 
56 927 
60 535 
62 553 
67 1716 
67 1728 
68 276 
69 578 
72 3856 
74 192 
74 765 
75 550 
75 103 
77 49 
81 78 
85 420 
87 37 
87 92 
87 132 
89 435 
91 240 
92 125 
95 289 
95 210 
98 618 
98 396 
100 412 
101 3268 
103 186 
104 248 
105 280 
105 622 
107 689 
108 190 
111 262 
112 133 
114 116 
114 71 
114 252 
114 415 
114 205 
121 369 
122 113 
123 418 
124 352 
124 142 
126 935 
126 103 
127 359 
127 513 
130 525 
130 97 
134 221 
134 349 
137 132 
137 274 
139 378 
142 2046 
145 158 
145 431 
145 210 
149 63 
153 36 
154 324 
154 132 
156 303 
158 222 
159 114 
162 71 
163 1245 
163 110 
166 702 
168 689 
168 611 
169 858 
170 272 
170 155 
171 334 
174 61 
178 21 
181 1007 
183 92 
183 163 
184 38353 
185 326 
190 252 
191 164 
199 353 
200 113 
202 237 
203 1305 
204 242 
204 78 
204 1433 
204 415 
205 125 
206 136 
208 633 
209 655 
209 521 
214 806 
215 486 
217 93 
219 146 
220 194 
220 212 
222 202 
222 322 
223 97 
224 180 
226 80 
228 98 
228 369 
230 310 
233 267 
234 45 
236 709 
240 1071 
243 30 
243 68 
248 24 
251 186 
253 132 
258 1085 
259 196 
265 255 
267 559 
267 132 
270 232 
271 70 
276 619 
276 158 
277 850 
280 1119 
280 136 
282 1110 
285 356 
289 122 
289 1550 
297 462 
304 335 
304 41 
309 155 
311 127 
314 205 
315 224 
315 238 
316 86 
318 81 
327 41 
330 456 
330 82 
335 15 
337 63 
338 158 
339 61 
340 1171 
342 91 
345 13 
345 98 
345 462 
346 859 
346 1567 
349 188 
349 94 
352 285 
353 1325 
353 443 
353 13 
354 66 
354 70 
355 157 
356 444 
359 533 
361 94 
362 83 
368 79 
370 935 
372 170 
373 319 
374 484 
376 27 
376 203 
377 352 
379 434 
381 431 
382 212 
385 47 
390 33 
392 562 
396 301 
399 269 
400 262 
401 301 
402 335 
403 42 
406 51 
407 59 
408 342 
410 205 
411 45 
413 145 
416 87 
416 74 
417 4700 
418 165 
422 60 
423 106 
425 153 
425 501 
428 190 
430 14 
432 247 
433 85 
439 42 
440 921 
446 208 
449 427 
451 425 
452 395 
453 158 
456 347 
463 1698 
463 1346 
467 122 
469 70 
476 181 
483 782 
484 2989 
484 53 
489 121 
490 1387 
494 1764 
497 214 
498 24 
500 328 
504 76 
505 908 
506 211 
507 656 
508 212 
510 113 
513 43 
513 248 
513 37 
518 29 
533 244 
602 34 
608 94 
608 304 
611 115 
623 69 
630 412 
633 81 
635 50 
635 84 
640 134 
645 40 
647 320 
648 112 
651 165 
652 266 
660 23 
665 177 
671 80 
677 177 
686 75 
690 43 
695 282 
699 696 
702 259 
702 213 
704 658 
704 187 
704 55 
706 328 
710 804 
711 44 
712 302 
714 353 
720 58 
727 50 
729 309 
737 291 
743 254 
746 592 
747 54 
747 98 
756 1217 
759 168 
760 27 
762 318 
762 232 
763 248 
766 999 
767 449 
769 361 
781 353 
784 121 
788 100 
791 10 
792 279 
793 10 
793 141 
798 32 
814 10 
816 366 
826 236 
832 61 
833 25 
839 88 
840 1089 
865 2506 
867 76 
868 154 
868 92 
871 447 
877 153 
883 66 
887 133 
896 14 
908 1459 
908 222 
912 85 
914 81 
917 178 
918 286 
921 169 
922 283 
927 62 
929 179 
931 465 
933 587 
945 109 
972 5089 
973 116 
980 183 
989 319 
990 237 
993 699 
1002 426 
1004 129 
1004 13 
1014 87 
1015 30 
1027 115 
1030 100 
1039 213 
1054 107 
1054 24 
1055 736 
1061 53 
1066 512 
1067 109 
1076 152 
1095 164 
1101 127 
1104 57 
1105 136 
1107 241 
1132 688 
1132 173 
1156 9 
1161 245 
1165 170 
1174 160 
1177 38 
1177 131 
1183 16 
1209 57 
1220 138 
1227 355 
1244 1047 
1245 16 
1245 295 
1248 351 
1262 79 
1266 156 
1266 207 
1280 49 
1283 314 
1292 1549 
1301 728 
1303 1989 
1305 397 
1307 57 
1321 251 
1335 425 
1342 3 
1351 227 
1354 150 
1354 379 
1354 103 
1358 79 
1363 537 
1379 524 
1396 665 
1398 558 
1400 1464 
1404 82 
1414 72 
1417 102 
1419 157 
1445 95 
1446 177 
1448 686 
1451 213 
1462 2046 
1462 33 
1485 804 
1489 101 
1511 201 
1513 129 
1516 567 
1526 179 
1527 34 
1539 157 
1544 127 
1549 98 
1549 61 
1554 52 
1560 72 
1563 149 
1575 31 
1594 97 
1598 209 
1616 125 
1639 98 
1643 340 
1646 1271 
1647 63 
1656 161 
1666 514 
1684 145 
1688 256 
1695 262 
1705 16 
1706 157 
1706 897 
1716 211 
1735 90 
1755 85 
1757 118 
1769 658 
1770 710 
1772 166 
1777 78 
1784 38 
1787 276 
1789 79 
1803 140 
1809 296 
1814 139 
1826 106 
1832 754 
1837 39 
1837 79 
1838 157 
1845 134 
1849 294 
1850 296 
1870 633 
1871 446 
1876 87 
1894 75 
1897 268 
1917 86 
1917 33 
1917 421 
1919 134 
1926 32 
1930 164 
1931 195 
1933 58 
1941 93 
1945 36 
1946 112 
1946 68 
1971 227 
1971 318 
1972 109 
1973 275 
1978 142 
1978 18 
1979 61 
1986 154 
1986 55 
1986 3437 
1990 5816 
1992 250 
1992 327 
1994 176 
2005 5903 
2006 3031 
2010 274 
2018 75 
2019 88 
2021 1586 
2021 190 
2021 99 
2021 119 
2022 153 
2023 180 
2026 14 
2030 1031 
2033 24 
2034 1650 
2035 10 
2038 22 
2039 65 
2042 29 
2043 1755 
2044 353 
2047 254 
2048 39 
2049 75 
2061 261 
2063 592 
2064 203 
2066 126 
2071 124 
2073 1703 
2080 615 
2086 846 
2088 94 
2089 2061 
2089 56 
2089 246 
2091 74 
2092 941 
2097 8 
2103 537 
2104 6 
2104 74 
2105 136 
2106 47 
2108 92 
2110 120 
2117 428 
2123 3911 
2123 66 
2132 1029 
2140 74 
2142 118 
2143 74 
2149 5 
2149 76 
2149 112 
2152 271 
2157 138 
2160 104 
2162 43 
2165 29 
2169 157 
2170 222 
2171 923 
2174 776 
2238 317 
2242 51 
2246 173 
2246 16 
2251 849 
2257 1545 
2265 113 
2266 202 
2280 79 
2281 134 
2281 253 
2284 34 
2291 183 
2295 137 
2297 184 
2299 72 
2303 52 
2305 167 
2306 188 
2306 185 
2309 1699 
2309 138 
2315 97 
2316 118 
2319 143 
2320 19 
2322 51 
2326 6766 
2328 1097 
2328 35 
2330 31 
2330 1018 
2333 93 
2336 916 
2339 145 
2342 92 
2355 40 
2355 19 
2357 247 
2357 70 
2361 132 
2362 12 
2367 153 
2371 47 
2375 1504 
2377 75 
2380 77 
2380 8673 
2395 107 
2400 34 
2400 49 
2407 234 
2407 2 
2412 349 
2416 25 
2417 234 
2417 61 
2427 133 
2429 878 
2430 103 
2430 161 
2436 2184 
2440 265 
2440 42 
2447 154 
2450 1809 
2454 44 
2456 75 
2457 124 
2460 480 
2462 2 
2462 275 
2464 13 
2465 541 
2468 64 
2470 64 
2471 689 
2473 449 
2474 294 
2478 885 
2484 368 
2485 1221 
2486 60 
2491 686 
2493 239 
2496 388 
2497 9 
2497 89 
2499 58 
2503 111 
2507 112 
2510 137 
2512 9 
2514 392 
2524 3 
2524 47 
2531 1037 
2531 3 
2534 620 
2535 272 
2536 599 
2539 403 
2540 182 
2547 1379 
2550 81 
2552 62 
2553 43 
2554 186 
2554 49 
2555 854 
2566 165 
2568 7 
2572 1847 
2576 292 
2582 271 
2588 515 
2588 111 
2592 45 
2597 21 
2599 1472 
2600 434 
2604 955 
2609 225 
2612 147 
2616 87 
2622 315 
2624 19 
2644 262 
2645 47 
2648 627 
2652 69 
2655 97 
2656 249 
2657 116 
2659 514 
2661 651 
2662 592 
2666 125 
2667 1563 
2672 103 
2676 171 
2681 31 
2682 101 
2684 54 
2687 34 
2691 120 
2701 178 
2704 513 
2705 495 
2708 359 
2709 331 
2710 75 
2721 303 
2729 67 
2730 7 
2731 53 
2732 265 
2737 122 
2739 255 
2740 116 
2742 2023 
2743 75 
2746 36 
2752 231 
2756 229 
2759 337 
2760 192 
2760 115 
2761 163 
2769 43 
2771 132 
2781 82 
2785 61 
2787 59 
2788 153 
2792 802 
2793 43 
2799 60 
2806 33 
2806 148 
2809 61 
2812 17 
2816 172 
2816 6 
2824 175 
2830 37 
2831 9 
2835 125 
2836 175 
2837 273 
2838 143 
2842 204 
2847 2364 
2850 61 
2854 16 
2859 8 
2863 34 
2867 1726 
2872 39 
2874 17 
2882 399 
2883 87 
2895 93 
2895 46 
2897 55 
2900 53 
2904 37 
2910 315 
2917 659 
2918 95 
2923 29 
2925 517 
2927 29 
2927 305 
2927 348 
2930 323 
2931 139 
2942 51 
2951 339 
2954 543 
2955 392 
2959 97 
2966 30 
2966 549 
2970 435 
2983 64 
2991 40 
2992 20 
2995 127 
2997 2 
3002 513 
3002 113 
3004 233 
3005 182 
3014 74 
3019 75 
3021 417 
3027 820 
3031 26 
3033 399 
3037 56 
3037 1443 
3042 94 
3054 226 
3057 111 
3066 167 
3067 159 
3069 70 
3074 405 
3075 193 
3089 93 
3095 633 
3095 633 
3096 30 
3105 208 
3108 21 
3124 39 
3125 135 
3131 25 
3134 25 
3136 71 
3144 169 
3148 100 
3148 73 
3152 51 
3156 8 
3157 96 
3170 127 
3174 91 
3178 74 
3190 358 
3191 57 
3196 30 
3199 54 
3206 38 
3217 166 
3217 1 
3223 27 
3228 75 
3233 63 
3234 424 
3252 259 
3257 52 
3263 140 
3265 189 
3271 41 
3274 83 
3278 11 
3282 137 
3284 229 
3285 97 
3292 167 
3304 237 
3317 157 
3321 22 
3323 73 
3328 61 
3330 573 
3331 81 
3334 66 
3342 100 
3346 913 
3353 122 
3358 133 
3365 110 
3377 93 
3380 54 
3382 86 
3385 236 
3390 195 
3390 56 
3395 41 
3400 446 
3405 262 
3410 57 
3413 72 
3416 204 
3417 59 
3427 157 
3435 112 
3435 5411 
3439 76 
3443 24 
3445 147 
3447 69 
3449 149 
3450 75 
3452 242 
3456 9 
3458 106 
3460 71 
3464 52 
3468 13 
3469 105 
3470 121 
3484 86 
3487 324 
3488 191 
3492 145 
3493 125 
3502 200 
3502 169 
3510 100 
3511 1 
3513 87 
3513 152 
3520 69 
3521 38 
3522 19 
3526 262 
3531 169 
3531 131 
3533 33 
3534 630 
3535 494 
3537 95 
3538 80 
3542 209 
3550 37 
3572 75 
3574 167 
3583 54 
3595 29 
3598 32 
3616 16 
3617 44 
3618 213 
3627 5055 
3635 612 
3647 159 
3648 152 
3659 385 
3661 97 
3666 1593 
3667 21 
3680 1541 
3684 6 
3686 108 
3688 41 
3692 147 
3693 620 
3698 56 
3702 68 
3707 69 
3708 81 
3709 170 
3713 102 
3716 247 
3717 27 
3726 339 
3730 233 
3732 201 
3733 839 
3739 266 
3745 210 
3753 9 
3760 202 
3763 321 
3765 478 
3783 29 
3785 187 
3795 41 
3798 440 
3807 30 
3810 121 
3817 41 
3824 66 
3840 78 
3840 29 
3855 53 
3856 18 
3858 188 
3861 77 
3864 65 
3877 422 
3888 149 
3888 455 
3892 114 
3898 237 
3901 72 
3904 283 
3907 210 
3910 3 
3916 471 
3918 352 
3920 112 
3928 52 
3929 333 
3933 299 
3942 283 
3943 54 
3944 111 
3955 33 
3955 159 
3955 198 
3972 28 
3974 66 
3975 599 
3976 282 
3989 84 
3990 18 
3993 111 
3999 31 
4002 108 
4006 106 
4022 30 
4043 196 
4049 18 
4053 128 
4055 890 
4057 17 
4063 41 
4073 47 
4074 482 
4074 922 
4076 873 
4158 85 
4159 188 
4159 214 
4162 33 
4172 992 
4180 255 
4183 49 
4188 61 
4206 56 
4211 90 
4212 88 
4214 445 
4215 40 
4219 30 
4224 13 
4229 463 
4233 194 
4235 93 
4237 416 
4247 92 
4250 108 
4263 140 
4265 29 
4269 839 
4283 108 
4284 155 
4287 32 
4291 143 
4291 0 
4291 60 
4292 111 
4295 98 
4298 165 
4309 444 
4313 71 
4313 194 
4317 2735 
4318 17 
4325 26 
4326 76 
4338 323 
4352 429 
4358 100 
4359 63 
4360 155 
4364 100 
4367 124 
4369 136 
4374 122 
4374 115 
4375 56 
4380 88 
4381 77 
4385 6 
4391 228 
4405 198 
4406 533 
4414 69 
4415 97 
4424 33 
4426 165 
4428 90 
4428 129 
4430 167 
4431 86 
4435 25 
4435 30 
4440 199 
4447 200 
4449 11 
4463 104 
4481 104 
4484 143 
4504 244 
4505 75 
4509 51 
4517 152 
4522 57 
4558 40 
4562 69 
4562 60 
4566 79 
4573 59 
4579 18 
4582 99 
4583 41 
4583 106 
4587 19 
4597 251 
4600 540 
4600 92 
4602 100 
4617 623 
4630 32 
4636 52 
4637 11 
4644 274 
4645 281 
4647 122 
4663 152 
4664 38 
4736 350 
4738 5 
4742 164 
4760 236 
4770 672 
4772 91 
4788 109 
4791 112 
4795 275 
4799 157 
4803 109 
4806 65 
4808 216 
4818 146 
4862 113 
4870 372 
4872 22 
4875 13 
4876 14 
4876 164 
4883 17 
4887 53 
4891 18 
4893 40 
4896 61 
4896 19 
4899 92 
4914 590 
4918 559 
4922 44 
4928 242 
4929 54 
4932 46 
4936 28 
4953 221 
4956 56 
4966 3 
4969 251 
4970 63 
4970 43 
4971 59 
4975 73 
4977 864 
4988 413 
4988 14 
5003 28 
5007 28 
5007 73 
5009 292 
5017 154 
5023 240 
5031 108 
5033 44 
5040 14 
5041 79 
5042 45 
5043 171 
5044 73 
5044 30 
5063 8 
5070 130 
5072 63 
5073 126 
5075 17 
5086 53 
5086 39 
5087 143 
5088 323 
5095 42 
5110 97 
5125 152 
5138 92 
5140 46 
5141 106 
5154 30 
5154 232 
5170 50 
5171 196 
5184 48 
5186 277 
5191 68 
5196 15 
5196 46 
5198 55 
5203 42 
5208 32 
5213 55 
5219 983 
5221 68 
5222 71 
5225 1030 
5225 65 
5225 268 
5231 80 
5235 143 
5240 59 
5242 181 
5244 169 
5257 90 
5271 11 
5280 64 
5288 257 
5291 69 
5296 35 
5300 1487 
5311 69 
5312 719 
5312 73 
5312 339 
5312 1163 
5317 23 
5331 344 
5336 1302 
5341 2585 
5344 284 
5346 1051 
5353 148 
5354 74 
5357 44 
5359 1034 
5361 877 
5369 18 
5370 57 
5371 97 
5373 456 
5376 178 
5382 4 
5386 95 
5395 8 
5398 110 
5404 911 
5406 228 
5423 151 
5424 189 
5428 51 
5431 39 
5434 153 
5434 491 
5438 123 
5454 1025 
5457 557 
5463 391 
5468 90 
5495 16 
5499 27 
5505 251 
5507 92 
5507 40 
5516 64 
5518 84 
5521 52 
5540 90 
5549 31 
5566 72 
5578 219 
5585 62 
5586 74 
5588 190 
5593 1308 
5607 14 
5607 141 
5610 82 
5610 36 
5616 28 
5617 50 
5624 8 
5624 81 
5630 24 
5630 11 
5647 70 
5675 22 
5675 99 
5677 177 
5685 87 
5685 197 
5686 85 
5696 14 
5704 41 
5704 337 
5709 109 
5721 88 
5729 149 
5734 35 
5736 236 
5739 134 
5750 631 
5752 5 
5767 92 
5773 26 
5775 63 
5777 3447 
5789 21 
5815 603 
5823 270 
5824 872 
5825 82 
5826 10 
5890 99 
5899 17 
5932 112 
5936 233 
5936 15 
5942 74 
5948 477 
5955 146 
5964 135 
5966 266 
5970 19 
5971 1720 
5972 333 
5975 605 
5996 44 
6000 595 
6000 66 
6001 413 
6007 83 
6010 22 
6015 84 
6018 108 
6022 353 
6022 715 
6024 1107 
6033 36 
6042 107 
6042 57 
6054 34 
6055 62 
6057 331 
6060 424 
6060 117 
6078 187 
6078 175 
6080 153 
6083 37 
6087 1280 
6088 49 
6088 28 
6095 985 
6100 67 
6106 535 
6106 557 
6115 222 
6122 98 
6125 46 
6136 262 
6137 29 
6147 128 
6148 38 
6152 108 
6152 341 
6152 22 
6154 1330 
6154 56 
6155 27 
6161 86 
6161 56 
6162 192 
6171 71 
6172 123 
6178 323 
6178 31 
6186 1174 
6187 16 
6191 38 
6194 115 
6195 318 
6198 21 
6198 586 
6205 1700 
6206 27 
6208 194 
6213 590 
6227 29 
6234 1312 
6235 1058 
6237 197 
6238 48 
6243 156 
6250 1953 
6265 53 
6266 78 
6270 47 
6272 228 
6280 34 
6284 126 
6284 356 
6286 2542 
6286 213 
6286 100 
6290 45 
6297 40 
6302 197 
6302 45 
6305 12 
6323 3 
6324 133 
6328 111 
6334 151 
6348 45 
6349 60 
6357 129 
6359 49 
6367 24 
6391 186 
6397 216 
6409 198 
6416 134 
6418 848 
6426 137 
6445 72 
6447 35 
6448 97 
6468 957 
6473 94 
6490 260 
6495 53 
6506 34 
6530 82 
6539 92 
6539 200 
6570 37 
6607 32 
6608 41 
6610 114 
6611 134 
6613 77 
6619 412 
6628 183 
6634 843 
6636 121 
6645 11 
6649 153 
6655 1729 
6656 681 
6657 371 
6658 473 
6670 75 
6675 7 
6675 35 
6679 42 
6684 107 
6684 109 
6684 30 
6686 141 
6696 37 
6700 64 
6702 2984 
6703 46 
6703 308 
6705 121 
6708 114 
6711 25 
6714 267 
6720 121 
6725 43 
6731 12 
6731 223 
6810 67 
6820 190 
6820 88 
6824 68 
6828 260 
6835 380 
6841 7 
6854 130 
6855 65 
6858 164 
6867 66 
6869 96 
6875 70 
6906 38 
6910 1811 
6918 112 
6927 65 
6930 516 
6935 30 
6939 62 
6947 174 
6957 14 
6957 12 
6974 432 
6976 116 
6979 242 
6981 43 
6987 201 
6991 40 
6996 407 
7007 12 
7012 27 
7014 82 
7017 6 
7020 214 
7025 54 
7034 59 
7035 24 
7044 110 
7045 181 
7050 124 
7053 79 
7055 235 
7060 23 
7077 288 
7078 70 
7078 26 
7079 256 
7080 210 
7094 441 
7094 54 
7095 271 
7105 5 
7108 153 
7113 110 
7118 40 
7123 110 
7138 524 
7145 119 
7146 280 
7147 1135 
7159 11 
7164 20 
7165 76 
7171 205 
7192 139 
7196 397 
7200 318 
7200 23 
7203 202 
7210 26 
7213 75 
7214 26 
7220 286 
7227 10 
7232 253 
7246 562 
7251 226 
7263 116 
7266 54 
7270 253 
7272 80 
7285 1046 
7287 119 
7288 130 
7293 50 
7296 7 
7309 1212 
7319 107 
7322 90 
7331 75 
7333 218 
7339 29 
7339 44 
7342 587 
7349 45 
7349 101 
7432 160 
7454 34 
7461 260 
7463 42 
7467 186 
7468 48 
7470 83 
7472 206 
7472 19 
7472 208 
7473 34 
7486 30 
7490 6 
7491 828 
7498 23 
7518 188 
7525 40 
7525 40 
7527 523 
7530 212 
7552 62 
7553 383 
7574 19 
7579 63 
7602 86 
7605 23 
7610 48 
7620 185 
7625 549 
7638 487 
7641 1017 
7644 2112 
7646 57 
7655 27 
7657 361 
7662 99 
7665 7 
7665 11 
7674 194 
7676 86 
7679 37 
7691 16070 
7692 93 
7703 110 
7723 91 
7725 19 
7726 164 
7727 950 
7730 13 
7733 4 
7735 15 
7746 32 
7753 115 
7755 29 
7759 594 
7765 483 
7769 291 
7772 175 
7791 10 
7795 1666 
7796 188 
7797 20 
7805 190 
7807 71 
7808 70 
7810 171 
7810 41 
7813 362 
7816 49 
7818 41 
7820 842 
7823 163 
7830 107 
7831 138 
7843 1298 
7853 567 
7855 114 
7864 85 
7868 99 
7870 66 
7871 322 
7892 139 
7894 730 
7900 126 
7904 195 
7907 5284 
7910 602 
7914 480 
7918 4 
7919 101 
7922 400 
7940 271 
7942 53 
7953 700 
7963 143 
7969 220 
7985 76 
7988 197 
7994 763 
7998 140 
7998 2 
8003 49 
8008 446 
8011 99 
8016 189 
8021 55 
8022 78 
8053 177 
8064 20 
8069 124 
8078 196 
8078 284 
8087 824 
8087 205 
8110 85 
8113 18 
8114 19 
8115 62 
8117 70 
8127 25 
8132 12 
8140 428 
8144 136 
8148 95 
8150 89 
8153 44 
8155 350 
8157 62 
8164 195 
8168 912 
8172 174 
8172 81 
8175 182 
8181 169 
8184 1510 
8186 134 
8194 302 
8260 10 
8267 77 
8273 49 
8276 33 
8278 18 
8279 63 
8283 5 
8294 457 
8295 212 
8296 235 
8298 48 
8298 125 
8299 1285 
8304 278 
8310 389 
8312 19 
8313 33 
8319 144 
8322 78 
8323 39 
8324 198 
8331 19 
8339 63 
8344 111 
8345 1112 
8358 220 
8361 353 
8364 36 
8368 129 
8374 256 
8375 164 
8375 983 
8378 130 
8379 412 
8381 249 
8386 118 
8392 11 
8394 35 
8399 101 
8409 72 
8414 5 
8418 148 
8419 88 
8424 140 
8425 76 
8430 68 
8431 79 
8440 306 
8459 187 
8479 200 
8481 28 
8498 310 
8499 38 
8500 105 
8501 126 
8503 98 
8505 515 
8508 40 
8517 48 
8522 111 
8534 1 
8534 22 
8546 40 
8549 9 
8555 245 
8565 238 
8566 239 
8574 100 
8576 563 
8577 663 
8579 43 
8581 523 
8589 204 
8601 208 
8602 796 
8612 262 
8617 59 
8627 587 
8636 294 
8640 87 
8646 1213 
8655 2313 
8658 337 
8661 5393 
8672 46 
8677 142 
8677 186 
8693 41 
8697 108 
8699 167 
8712 264 
8725 23 
8725 137 
8729 694 
8735 22 
8735 41 
8736 65 
8736 739 
8736 174 
8738 34 
8740 238 
8748 431 
8751 473 
8752 93 
8758 356 
8765 228 
8772 696 
8773 291 
8773 431 
8791 51 
8803 216 
8806 4117 
8808 197 
8816 81 
8817 106 
8822 143 
8822 149 
8827 270 
8829 373 
8830 154 
8832 36 
8833 462 
8837 1335 
8843 381 
8857 323 
8863 30 
8871 282 
8875 43 
8878 494 
8881 188 
8894 290 
8901 39 
8901 147 
8910 243 
8910 374 
8918 521 
8935 211 
8936 527 
8950 1268 
8956 81 
8964 189 
8968 568 
8969 417 
8974 15 
8976 137 
8982 13 
8987 122 
9000 35 
9004 100 
9006 212 
9009 307 
9012 365 
9034 212 
9035 180 
9039 60 
9040 182 
9041 73 
9048 153 
9050 1088 
9056 190 
9062 463 
9067 97 
9073 14 
9074 62 
9078 322 
9081 70 
9085 51 
9098 54 
9110 376 
9120 30 
9130 18 
9132 79 
9133 238 
9137 65 
9140 58 
9150 130 
9154 86 
9154 167 
9160 306 
9168 116 
9181 28 
9183 25 
9186 40 
9189 145 
9201 84 
9205 13 
9206 87 
9209 44 
9211 219 
9216 170 
9223 26 
9224 293 
9233 83 
9241 254 
9254 47 
9254 323 
9258 1441 
9271 52 
9271 66 
9278 285 
9280 193 
9281 39 
9287 153 
9291 64 
9296 36 
9298 258 
9299 107 
9307 115 
9316 294 
9334 321 
9361 9 
9366 558 
9372 33 
9381 67 
9395 51 
9418 101 
9421 460 
9423 1364 
9423 270 
9425 97 
9425 2 
9426 5 
9427 163 
9450 101 
9452 81 
9460 73 
9472 125 
9484 164 
9518 33 
9524 541 
9532 79 
9533 170 
9543 15 
9550 235 
9553 16 
9554 226 
9562 124 
9586 41 
9598 128 
9600 1215 
9603 35 
9609 29 
9611 102 
9615 118 
9624 311 
9642 166 
9662 1070 
9663 59 
9688 105 
9688 54 
9688 98 
9694 105 
9699 104 
9704 159 
9714 70 
9715 60 
9720 213 
9727 71 
9731 107 
9733 424 
9738 60 
9744 54 
9754 27 
9759 319 
9760 143 
9765 10 
9768 315 
9770 312 
9793 106 
9794 38 
9810 113 
9812 58 
9813 482 
9817 163 
9823 37 
9848 149 
9868 67 
9884 247 
9884 556 
9885 92 
9902 33 
9907 600 
9911 25 
9926 126 
9930 116 
9935 102 
9952 188 
9969 65 
9985 65 
9994 5513 
9996 25 
9997 89 
10003 55 
10006 67 
10006 25 
10017 35 
10033 50 
10033 82 
10045 71 
10056 12 
10066 389 
10069 91 
10074 798 
10090 137 
10090 71 
10091 612 
10100 721 
10108 664 
10121 112 
10130 12 
10139 92 
10151 154 
10154 85 
10155 107 
10160 21 
10169 349 
10176 122 
10185 64 
10186 2303 
10188 24 
10190 72 
10214 1226 
10215 44 
10217 31 
10226 549 
10243 19 
10251 41 
10256 14 
10274 90 
10285 8 
10294 11 
10294 212 
10295 48 
10304 11 
10304 43 
10308 786 
10331 218 
10336 139 
10342 75 
10348 20 
10351 139 
10366 14 
10384 173 
10393 289 
10395 349 
10407 329 
10407 233 
10409 6 
10417 693 
10419 107 
10433 94 
10455 471 
10483 356 
10498 160 
10500 190 
10501 37 
10514 24 
10526 48 
10538 105 
10544 48 
10549 226 
10554 41 
10558 18 
10592 188 
10592 58 
10592 315 
10606 54 
10610 298 
10639 64 
10670 12 
10705 137 
10718 74 
10720 559 
10721 86 
10732 596 
10735 174 
10749 48 
10755 2 
10795 130 
10821 136 
10826 147 
10829 91 
10835 35 
10839 25 
10841 200 
10850 29 
10863 118 
10876 722 
10881 8 
10893 68 
10904 11 
10909 229 
10930 79 
10936 92 
10942 33 
10951 57 
10967 159 
10971 224 
11007 44 
11007 670 
11012 250 
11021 241 
11029 73 
11042 172 
11060 257 
11088 71 
11090 156 
11093 504 
11097 29 
11098 1 
11107 365 
11107 969 
11131 2725 
11143 285 
11151 54 
11157 133 
11160 283 
11177 542 
11184 794 
11202 128 
11207 369 
11223 371 
11232 87 
11246 155 
11263 74 
11296 144 
11329 75 
11330 1526 
11331 41 
11347 680 
11349 106 
11349 343 
11351 55 
11351 1954 
11357 224 
11358 384 
11369 160 
11407 26 
11421 36 
11425 177 
11433 125 
11437 47 
11438 114 
11446 152 
11447 294 
11450 38 
11474 82 
11475 98 
11476 11 
11483 102 
11492 277 
11493 148 
11498 36 
11505 153 
11521 30 
11524 166 
11543 17 
11543 176 
11545 251 
11551 58 
11557 50 
11557 222 
11565 29 
11576 921 
11600 78 
11609 290 
11621 92 
11624 433 
11625 213 
11638 255 
11653 818 
11653 113 
11654 114 
11668 54 
11669 186 
11676 76 
11690 22 
11690 953 
11698 69 
11721 338 
11737 44 
11741 195 
11759 2981 
11780 121 
11789 76 
11793 137 
11796 34 
11797 71 
11816 31 
11823 276 
11832 64 
11841 151 
11872 24 
11880 90 
11899 35 
11899 271 
11940 191 
11945 211 
11947 37 
11950 108 
11978 72 
11983 107 
11983 66 
11987 712 
12004 31 
12016 53 
12047 60 
12051 337 
12066 28 
12084 140 
12091 122 
12102 65 
12106 177 
12121 47 
12139 94 
12152 80 
12158 471 
12168 888 
12175 58 
12178 2393 
12197 150 
12197 96 
12208 204 
12219 73 
12224 160 
12241 55 
12249 28 
12250 8 
12255 29 
12278 55 
12280 12 
12295 873 
12300 201 
12323 105 
12342 172 
12345 22 
12347 56 
12350 37 
12350 151 
12366 86 
12378 66 
12395 61 
12397 9 
12419 629 
12433 119 
12437 43 
12452 73 
12465 24 
12487 121 
12489 153 
12491 83 
12524 270 
12528 45 
12548 50 
12562 57 
12563 12 
12579 22 
12602 20 
12607 395 
12627 44 
12628 413 
12635 139 
12635 5 
12637 816 
12645 198 
12647 566 
12667 337 
12669 338 
12679 140 
12683 105 
12692 134 
12694 478 
12713 135 
12715 68 
12729 2013 
12732 58 
12746 443 
12746 12 
12767 3 
12769 115 
12777 343 
12813 844 
12819 74 
12834 154 
12851 102 
12865 174 
12884 3 
12885 20 
12906 16 
12911 81 
12913 47 
12928 20 
12937 29 
12982 139 
13019 181 
13034 590 
13055 250 
13055 135 
13070 50 
13072 112 
13082 19 
13098 163 
13115 67 
13137 457 
13165 160 
13173 36 
13191 164 
13199 21 
13204 89 
13212 77 
13224 47 
13235 47 
13263 10 
13270 20 
13271 7670 
13272 96 
13278 74 
13289 24 
13311 146 
13313 10 
13340 11 
13348 89 
13350 33 
13353 52 
13366 93 
13373 28 
13409 90 
13421 179 
13421 767 
13430 82 
13436 150 
13448 8 
13462 105 
13469 65 
13487 82 
13495 256 
13509 26 
13522 29 
13529 306 
13535 50 
13539 27 
13559 42 
13567 162 
13574 323 
13592 216 
13605 126 
13613 48 
13620 223 
13632 123 
13661 179 
13664 5 
13666 80 
13671 261 
13673 88 
13694 211 
13713 28 
13719 67 
13728 1646 
13738 113 
13742 58 
13762 278 
13766 135 
13779 485 
13787 15 
13811 111 
13825 253 
13829 245 
13833 1036 
13834 325 
13840 66 
13843 16 
13847 60 
13855 67 
13857 188 
13863 94 
13870 123 
13878 458 
13921 4 
13924 259 
13929 32 
13952 17 
13970 130 
13973 111 
13980 64 
13990 216 
14036 158 
14045 337 
14073 147 
14080 35 
14086 27 
14099 55 
14102 235 
14133 825 
14135 329 
14169 497 
14188 23 
14189 16 
14197 103 
14214 49 
14238 36 
14271 78 
14278 41 
14289 72 
14321 9 
14333 123 
14341 3 
14350 90 
14386 167 
14416 360 
14422 133 
14455 208 
14462 14 
14466 27 
14509 92 
14513 58 
14549 32 
14562 77 
14582 10 
14588 674 
14618 80 
14624 59 
14630 74 
14653 386 
14657 79 
14681 249 
14681 75 
14707 76 
14720 315 
14738 23 
14751 277 
14773 69 
14804 264 
14813 90 
14829 442 
14832 4022 
14841 143 
14927 461 
14985 11 
14999 148 
15001 2844 
15021 307 
15035 150 
15042 90 
15055 54 
15063 248 
15065 114 
15077 31 
15087 171 
15110 1817 
15117 156 
15119 130 
15179 67 
15206 103 
15221 125 
15257 24 
15289 60 
15293 89 
15298 185 
15308 57 
15321 100 
15345 93 
15345 13 
15369 5 
15372 132 
15419 31 
15445 104 
15456 46 
15511 348 
15534 88 
15538 43 
15568 117 
15577 8 
15597 80 
15597 55 
15606 697 
15610 82 
15610 10 
15616 25 
15630 310 
15644 122 
15684 182 
15695 26 
15710 57 
15712 82 
15713 174 
15715 21 
15731 26 
15787 58 
15808 78 
15815 208 
15816 37 
15900 572 
15950 39 
15959 11 
15982 45 
15983 24 
16005 2296 
16007 132 
16040 17 
16046 5 
16102 68 
16143 52 
16152 9 
16282 65 
16288 92 
16291 3 
16299 87 
16311 26 
16391 10 
16413 111 
16446 66 
16523 29 
16614 1 
16672 9 
16724 1666305 
16733 904 
16736 346 
16749 151 
16756 93 
16764 522 
16768 154 
16772 10 
16772 49 
16772 43 
16774 49 
16777 38 
16780 469 
16781 117 
16781 320 
16783 174 
16784 44 
16784 134 
16785 9992 
16788 263 
16789 358 
16790 90 
16790 162 
16791 2 
16802 97 
16803 121 
16805 802 
16809 281 
16810 36 
16811 667 
16812 233 
16812 271 
16813 2516 
16813 238 
16813 42 
16813 72 
16813 111 
16814 108 
16814 102 
16819 38 
16820 256 
16824 171 
16824 92 
16825 83 
16828 43 
16828 71 
16834 9365 
16835 160 
16838 128 
16838 91 
16839 28 
16840 252 
16840 493 
16841 37 
16842 138 
16843 202 
16846 387 
16848 47 
16849 79 
16849 151 
16850 84 
16850 727 
16850 159 
16851 124 
16852 353 
16854 296 
16855 90 
16860 142 
16868 18 
16869 55 
16870 226 
16871 150 
16874 51 
16881 296 
16881 127 
16881 33 
16882 267 
16883 23 
16885 86 
16886 22 
16886 719 
16892 116 
16894 317 
16895 181 
16895 27 
16897 53 
16897 112 
16897 68 
16900 116 
16901 110 
16903 97 
16903 138 
16905 39 
16906 143 
16907 65 
16907 143 
16907 332 
16908 131 
16908 268 
16911 372 
16912 84 
16913 40 
16914 71 
16914 304 
16918 406 
16919 73 
16920 623 
16921 136 
16921 105 
16921 90 
16921 210 
16923 73 
16925 298 
16927 30 
16928 19 
16928 187 
16929 138 
16929 395 
16935 29 
16935 111 
16936 386 
16936 2 
16937 245 
16941 358 
16942 231 
16942 238 
16942 345 
16945 105 
16946 595 
16947 498 
16950 140 
16953 34 
16953 206 
16954 136 
16956 241 
16956 347 
16956 35 
16957 605 
16958 3 
16959 57 
16965 52 
16970 198 
16970 188 
16981 202 
16983 208 
16983 25 
16984 46 
16990 104 
16998 64 
17000 377 
17001 50 
17005 135 
17006 47 
17012 96 
17012 23 
17014 72 
17017 57 
17018 37 
17018 107 
17019 158 
17021 62 
17022 205 
17022 104 
17023 2 
17030 585 
17034 3246 
17034 1077 
17036 187 
17037 17 
17038 66 
17041 1501 
17042 9 
17044 7235 
17046 1614 
17047 82 
17050 56 
17060 43 
17061 33 
17063 407 
17065 81 
17065 347 
17067 58 
17068 15 
17074 319 
17075 1726 
17076 10 
17076 559 
17080 19 
17084 135 
17090 45 
17090 53 
17092 11 
17093 254 
17097 234 
17097 36 
17100 337 
17104 37 
17107 81 
17108 45 
17109 37 
17110 40 
17111 191 
17113 3135 
17116 37 
17119 90 
17121 206 
17126 97 
17129 5 
17131 917 
17133 55 
17142 219 
17147 83 
17148 17 
17148 414 
17151 97 
17151 104 
17152 161 
17158 4 
17163 74 
17166 25 
17166 92 
17166 43 
17172 60 
17173 110 
17175 97 
17176 106 
17176 24 
17187 391 
17193 98 
17198 455 
17199 203 
17201 26 
17203 99 
17203 147 
17206 35 
17206 31 
17212 48 
17223 30 
17223 102 
17224 16 
17225 215 
17230 81 
17236 82 
17240 352 
17242 109 
17243 149 
17244 35 
17248 443 
17249 265 
17254 214 
17254 69 
17256 63 
17257 24 
17267 19 
17272 148 
17273 39 
17274 167 
17278 90 
17283 259 
17285 19 
17291 116 
17292 7 
17292 147 
17295 33 
17297 27 
17299 96 
17300 304 
17302 228 
17306 278 
17310 331 
17319 84 
17320 33 
17331 60 
17333 27 
17342 35 
17352 74 
17353 202 
17355 621 
17358 67 
17363 23 
17370 5 
17374 55 
17377 199 
17380 229 
17382 140 
17384 209 
17387 18 
17388 64 
17390 16 
17392 118 
17394 90 
17402 236 
17402 47 
17409 419 
17409 48 
17410 145 
17418 13 
17418 397 
17420 214 
17424 11 
17427 160 
17429 8 
17438 1772 
17442 594 
17442 228 
17452 14 
17453 111 
17463 174 
17464 46 
17464 368 
17473 117 
17487 306 
17499 26 
17503 121 
17519 23 
17521 187 
17522 132 
17528 75 
17534 24 
17538 60 
17540 209 
17540 122 
17541 143 
17548 52 
17550 98 
17551 55 
17552 738 
17553 283 
17553 7 
17556 92 
17565 450 
17566 105 
17575 39 
17576 394 
17578 84 
17580 212 
17582 115 
17582 145 
17588 63 
17589 147 
17595 1165 
17596 282 
17598 1054 
17622 866 
17623 384 
17629 160 
17635 18 
17635 119 
17636 22 
17647 76 
17647 25 
17647 84 
17648 214 
17651 58 
17651 119 
17656 18 
17656 231 
17661 456 
17667 252 
17667 10 
17677 274 
17697 180 
17708 77 
17714 52 
17716 15 
17720 21 
17722 61 
17722 12 
17731 303 
17736 121 
17739 151 
17741 38 
17746 455 
17747 6 
17753 21 
17765 45 
17765 57 
17768 511 
17778 50 
17784 27 
17787 717 
17788 258 
17798 107 
17807 690 
17814 402 
17814 112 
17816 14 
17824 87 
17845 20 
17872 12 
17879 102 
17887 163 
17891 52 
17906 135 
17907 50 
17911 139 
17912 17 
17918 36 
17924 180 
17924 97 
17928 13 
17939 53 
17958 59 
17960 124 
17961 44 
17961 100 
17963 117 
17971 113 
17972 241 
17976 341 
17999 130 
18005 67 
18006 64 
18016 127 
18017 50 
18025 106 
18027 43 
18039 224 
18040 19 
18045 4 
18048 101 
18067 38 
18071 36 
18073 344 
18090 178 
18090 102 
18091 103 
18093 49 
18096 36 
18102 42 
18103 46 
18115 259 
18116 18 
18119 7 
18123 48 
18124 50 
18127 133 
18129 226 
18142 77 
18147 48 
18158 44 
18160 60 
18165 87 
18191 25 
18202 547 
18202 1005 
18210 89 
18218 197 
18219 23 
18221 18 
18224 22 
18243 65 
18250 68 
18251 66 
18260 197 
18262 12 
18265 629 
18271 978 
18274 106 
18291 68 
18292 426 
18294 18 
18302 462 
18308 66 
18329 135 
18332 53 
18345 21 
18348 103 
18348 18 
18348 65 
18355 180 
18358 185 
18367 2 
18370 20 
18379 149 
18390 47 
18396 55 
18397 58 
18413 58 
18426 49 
18435 59 
18436 95 
18445 111 
18449 5 
18455 125 
18468 65 
18469 134 
18475 33 
18482 47 
18501 16 
18507 28 
18515 205 
18542 552 
18553 173 
18556 10 
18557 55 
18566 409 
18581 44 
18582 93 
18588 237 
18592 88 
18595 1097 
18598 15 
18598 52 
18610 40 
18617 13 
18638 289 
18647 236 
18650 209 
18667 14 
18674 31 
18688 262 
18692 416 
18692 5 
18695 411 
18695 89 
18701 98 
18715 801 
18723 300 
18734 46 
18741 42 
18742 41 
18745 22 
18748 43 
18768 41 
18779 166 
18783 55 
18789 412 
18804 82 
18804 368 
18810 26 
18813 628 
18837 59 
18847 352 
18850 30 
18876 26 
18884 30 
18884 191 
18890 179 
18890 256 
18892 144 
18894 34 
18900 106 
18902 33 
18907 204 
18911 96 
18915 125 
18916 1085 
18920 16 
18932 59 
18939 49 
18947 39 
18954 3 
18957 127 
18966 11 
18982 55 
19004 46 
19017 38 
19026 301 
19028 10 
19030 440 
19049 65 
19071 226 
19082 47 
19083 71 
19084 403 
19088 109 
19098 21 
19098 54 
19101 198 
19115 66 
19119 103 
19164 115 
19168 290 
19191 39 
19194 296 
19198 98 
19209 44 
19230 101 
19234 1084 
19248 160 
19256 86 
19259 39 
19277 5 
19279 112 
19286 53 
19290 23 
19302 73 
19318 81 
19326 98 
19330 94 
19332 99 
19334 556 
19340 28 
19340 22 
19347 41 
19349 129 
19354 76 
19368 79 
19368 169 
19381 248 
19394 47 
19412 33 
19433 5 
19444 16 
19446 41 
19454 7 
19455 21 
19460 163 
19467 76 
19484 670 
19503 45 
19518 55 
19519 358 
19525 72 
19530 25 
19543 18 
19548 14 
19548 8 
19552 22 
19560 2 
19562 29 
19575 1344 
19581 92 
19589 23 
19596 12 
19597 523 
19628 639 
19628 18 
19642 5 
19646 290 
19648 15 
19681 111 
19685 43 
19705 187 
19718 121 
19719 150 
19754 92 
19756 37 
19762 23 
19774 281 
19781 20 
19792 47 
19794 13 
19796 89 
19797 98 
19799 110 
19817 2 
19817 32 
19819 14 
19830 111 
19838 136 
19848 233 
19857 214 
19861 208 
19863 221 
19864 72 
19871 23 
19872 101 
19880 1902 
19887 137 
19900 52 
19922 154 
19923 27 
19960 90 
19967 209 
19970 83 
19981 218 
19992 84 
19993 105 
20001 36 
20013 62 
20055 48 
20072 945 
20073 22 
20076 42 
20080 149 
20085 15 
20088 290 
20091 83 
20095 112 
20100 32 
20114 78 
20124 85 
20141 48 
20146 224 
20149 96 
20151 71 
20155 24 
20180 4067 
20203 42 
20207 23 
20273 94 
20274 167 
20303 141 
20307 264 
20312 72 
20312 19 
20313 173 
20332 111 
20353 76 
20361 110 
20363 81 
20376 211 
20380 87 
20394 110 
20422 49 
20434 73 
20444 390 
20459 185 
20467 51 
20490 20 
20500 173 
20505 54 
20517 11 
20519 80 
20527 198 
20538 937 
20549 17 
20555 384 
20563 52 
20569 57 
20592 22 
20658 219 
20659 131 
20660 67 
20668 24 
20678 21 
20727 10 
20812 35 
20818 40 
20837 21 
20844 43 
20846 14 
20863 50 
20888 4 
20925 28 
20932 62 
20976 268 
20984 20 
20984 20 
20992 71 
20992 71 
20993 12 
20993 12 
21001 313 
21001 313 
21012 85 
21012 85 
21020 38 
21020 38 
21047 21 
21047 21 
21054 103 
21054 103 
21056 92 
21056 92 
21061 205 
21061 205 
21062 100 
21062 100 
21098 20 
21098 20 
21102 33 
21132 44 
21145 174 
21193 34 
21200 243 
21222 102 
21228 290 
21264 27 
21275 19 
21284 124 
21297 37 
21321 414 
21331 24 
21338 142 
21344 82 
21345 202 
21354 16 
21354 20 
21367 84 
21387 31 
21395 12 
21465 62 
21488 19 
21517 215 
21526 181 
21528 1239 
21531 17 
21545 42 
21570 16 
21578 78 
21606 523 
21607 43 
21631 33 
21665 41 
21667 51 
21675 413 
21692 4 
21715 61 
21736 119 
21752 198 
21753 22 
21759 188 
21771 50 
21775 56 
21795 64 
21845 77 
21848 17 
21858 39 
21861 84 
21942 7 
21972 14 
21991 89 
21997 102 
22020 1705 
22069 13 
22074 16 
22076 172 
22081 1777 
22106 9 
22108 101 
22124 44 
22128 19 
22181 14 
22224 113 
22236 96 
22249 61 
22266 111 
22274 71 
22296 48 
22328 4052 
22333 125 
22339 4284 
22341 104 
22342 58 
22365 44 
22367 1125 
22370 489 
22376 20 
22388 19 
22396 27 
22407 30 
22508 108 
22515 391 
22531 18 
22565 59 
22586 39 
22592 108 
22593 161 
22613 76 
22647 39 
22665 29 
22683 655 
22716 88 
22720 604 
22778 167 
22779 112 
22804 23 
22806 21 
22812 56 
22814 140 
22852 153 
22886 47 
22912 3728 
22936 11 
22937 205 
22956 1259 
23041 72 
23119 141 
23131 41 
23186 94 
23215 306 
23237 45 
23252 117 
23255 104 
23259 54 
23276 24 
23289 243 
23293 70 
23362 204 
23431 133 
23501 215 
23504 499 
23637 23 
23647 66 
23666 106 
23696 10 
23718 555 
23787 22 
23807 233 
23828 2 
23834 108 
23898 83 
23925 95 
23975 480 
23979 5 
24017 358 
24022 30 
24069 62 
24112 49 
24128 164 
24143 16 
24183 86 
24197 221 
24266 83 
24343 28 
24387 12 
24433 170 
24436 16 
24507 76 
24524 17 
24610 55 
24682 55 
24707 62 
24722 93 
24734 29 
24763 23 
24884 91 
24908 264 
24929 15 
24932 444 
24970 158 
24978 109 
25001 271 
25010 134 
25027 99 
25065 118 
25084 43 
25096 38 
25121 170 
25200 171 
25267 64 
25306 3 
25384 1305 
25397 106 
25472 7 
25529 21 
25552 34 
25578 28 
25579 92 
25590 46 
25751 1919 
25776 50 
25818 50 
25920 31 
25936 78 
25937 1647 
26008 36 
26034 23 
26065 89 
26166 36 
26168 20 
26204 142 
26276 769 
26323 77 
26326 58 
26402 1937 
26442 51 
26505 148 
26584 13 
26646 85 
26667 385 
26671 452 
26689 34 
26812 49 
26818 18 
26842 34 
26903 72 
26911 30 
26913 278 
27027 8 
27037 31 
27183 104 
27202 25 
27319 19 
27398 189 
27419 172 
27441 21 
27574 29 
27832 9 
27928 66 
27941 99 
28200 93 
28203 302 
28321 4243 
28382 36 
28624 17 
28864 37 
29008 89 
29129 28 
29136 288 
29157 64 
29173 59 
29261 5 
29277 30 
29465 439 
29474 91 
29572 25 
29573 64 
29629 29 
29657 68 
29823 621 
29852 673 
29969 140 
29992 48 
30045 2110 
30177 85 
30219 177 
30227 1260 
30353 18 
30379 54 
30390 29 
30397 2751 
30533 1321 
30559 86 
30673 183 
30674 48 
30677 13 
30745 95 
30786 33 
30790 6 
30865 120 
31025 78 
31144 44 
31200 32 
31356 94 
31369 89 
31377 20 
31391 229 
31501 310 
31662 76 
31669 184 
31755 429 
32014 314 
32190 5 
32392 106 
32464 93 
32497 20 
32590 378 
32809 41 
32898 101 
33096 199 
33129 65 
33153 130 
33244 29 
33288 6 
33300 5 
33335 93 
33354 17 
33459 40 
33653 168 
33887 43 
34169 33 
34222 1155 
34246 176 
34302 134 
34444 164 
34472 131 
34477 315 
34589 1575 
34601 63 
34774 168 
34775 35 
34779 236 
34935 55 
34936 18 
35148 323 
35406 125 
35463 491 
35558 16 
35766 44 
35971 16 
36021 71 
36021 71 
36028 18 
36028 18 
36066 4 
36066 4 
36159 26 
36206 58 
36219 24 
36229 165 
36270 39 
36366 3 
36461 138 
36625 225 
36670 60 
36783 71 
36813 95 
36882 10 
37017 117 
37020 12 
37118 40 
37158 61 
37216 27 
37224 126 
37311 30 
37393 70 
37396 54 
37456 109 
37531 201 
37573 491 
37610 46 
37688 63 
37751 21 
37799 18 
37848 27 
37936 138 
38025 59 
38060 29 
38064 29 
38067 4 
38164 66 
38166 78 
38214 275 
38229 267 
38275 64 
38278 76 
38388 14 
38411 168 
38643 70 
38719 187 
38748 153 
38845 190 
39002 97 
39019 221 
39035 26 
39077 105 
39187 27 
39219 61 
39260 72 
39310 3721 
39382 419 
39387 52 
39434 42 
39471 30 
39474 83 
39534 59 
39579 97 
39636 17 
39691 747 
39703 17 
39721 39 
39729 36 
39771 91 
39774 215 
39800 199 
39832 194 
39851 148 
39922 26 
39932 5 
39990 6 
40021 142 
40038 23 
40081 192 
40201 11 
40289 139 
40351 76 
40708 194 
40724 38 
40778 32 
40840 96 
40875 85 
40903 73 
40911 81 
40935 44 
41100 38682 
41101 59 
41119 14 
41144 171 
41172 113 
41173 274 
41187 120 
41194 1 
41205 163 
41207 474 
41218 1190 
41228 102 
41233 346 
41296 102 
41315 162 
41322 8 
41331 118 
41342 116 
41377 44 
41427 34 
41451 114 
41453 842 
41463 114 
41465 60 
41474 203 
41485 241 
41516 1208 
41539 219 
41576 347 
41588 33 
41598 322 
41620 725 
41629 253 
41632 17 
41662 636 
41665 315 
41710 288 
41717 146 
41785 257 
41791 6 
41815 25 
41824 50 
41869 117 
41910 2007 
41986 49 
42000 34 
42017 198 
42021 1 
42036 37 
42096 19 
42130 5 
42150 35 
42164 18 
42244 163 
42254 95 
42291 12 
42326 307 
42377 260 
42380 205 
42390 93 
42418 47 
42418 106 
42463 50 
42485 139 
42533 44 
42533 29 
42565 61 
42571 27 
42576 126 
42712 89 
42717 10 
42740 56 
42748 77 
42782 3119 
42805 16 
42829 104 
42832 92 
42832 53 
42840 33 
42904 14 
42951 31 
42992 75 
43031 15 
43071 220 
43083 24 
43104 149 
43109 100 
43116 37 
43141 35 
43148 10 
43179 130 
43198 374 
43208 95 
43227 34 
43238 288 
43255 34 
43260 4064 
43272 30 
43317 20 
43324 45 
43384 40 
43392 393 
43423 36 
43432 78 
43436 30 
43437 73 
43452 27 
43468 176 
43475 252 
43481 146 
43482 67 
43506 17 
43523 36 
43661 96 
43672 135 
43693 199 
43700 753 
43724 28 
43727 20 
43775 71 
43845 22 
43875 379 
43884 81 
43885 7 
43904 176 
43930 383 
43953 459 
44016 29 
44093 13 
44097 1080 
44110 59 
44133 15 
44135 264 
44176 10 
44202 28 
44221 333 
44285 143 
44308 76 
44333 10 
44391 889 
44414 12 
44466 185 
44478 40 
44525 78 
44529 33 
44549 105 
44557 354 
44629 125 
44638 330 
44651 224 
44652 130 
44697 58 
44700 1483 
44700 1483 
44733 84 
44751 87 
44786 66 
44858 1014 
44885 324 
44897 15 
44900 48 
44904 73 
44929 118 
45007 780 
45028 36 
45044 226 
45049 285 
45072 40 
45079 84 
45134 10 
45139 63 
45176 30 
45183 665 
45217 1307 
45266 174 
45316 311 
45330 67 
45336 142 
45337 86 
45354 134 
45448 38 
45498 13 
45535 342 
45551 721 
45592 533 
45642 66 
45658 312 
45687 185 
45795 94 
45811 46 
45848 4 
45855 119 
45885 9 
45920 104 
45923 30 
45935 19 
45954 145 
45961 83 
46057 55 
46075 35 
46083 93 
46091 399 
46107 86 
46152 60 
46192 74 
46230 40 
46235 36 
46245 35 
46263 43 
46264 424 
46369 16 
46507 54 
46507 58 
46521 17 
46583 210 
46675 50 
46688 205 
46739 196 
46810 76 
46862 195 
47057 18 
47065 159 
47086 20 
47103 96 
47107 337 
47118 224 
47161 193 
47231 156 
47241 619 
47324 35 
47365 341 
47389 71 
47394 110 
47406 28 
47439 156 
47445 474 
47446 114 
47479 36 
47489 141 
47499 50 
47510 14 
47525 103 
47549 29 
47627 26 
47641 77 
47642 25 
47661 32 
47814 771 
47837 240 
47874 31 
47879 21 
47891 215 
48053 675 
48101 153 
48110 67 
48114 191 
48137 83 
48148 26 
48244 157 
48259 63 
48378 217 
48378 24 
48409 36 
48437 17 
48441 116 
48509 27 
48515 1062 
48604 17 
48628 30 
48780 75 
48796 5 
48851 132 
48882 9 
48905 52 
48923 427 
48941 1010 
48965 73 
48984 52 
48998 197 
49001 440 
49051 152 
49108 113 
49114 162 
49117 109 
49189 30 
49206 181 
49230 20 
49249 213 
49258 70 
49280 373 
49299 109 
49340 63 
49346 14 
49488 59 
49500 193 
49524 22 
49540 108 
49543 47 
49554 33 
49558 340 
49565 48 
49600 40 
49644 39 
49655 13 
49656 34 
49831 21 
49896 37 
49967 236 
49982 227 
50148 27 
50171 133 
50196 9 
50199 53 
50566 78 
50672 901 
50734 63 
50758 26 
50773 192 
50832 50 
50879 190 
50943 37 
51038 58 
51066 144 
51071 93 
51127 87 
51131 54 
51140 35 
51191 562 
51197 31 
51262 80 
51321 153 
51359 243 
51374 236 
51423 43 
51547 42 
51559 133 
51641 1518 
51714 61 
51860 3974 
51895 64 
51901 129 
51968 126 
51977 57 
51987 42 
52010 803 
52104 50 
52186 11 
52211 147 
52214 130 
52223 36 
52227 31 
52262 407 
52397 159 
52410 64 
52411 340 
52466 141 
52467 233 
52564 95 
52781 80 
52840 13 
52849 149 
52890 51 
52939 33 
53095 7 
53126 110 
53148 93 
53212 87 
53239 296 
53265 182 
53386 16 
53429 348 
53525 1116 
53683 85 
53707 185 
53786 24 
53787 139 
53788 96 
53811 160 
53843 55 
53847 109 
53870 99 
53912 215 
54021 52 
54073 272 
54192 136 
54225 127 
54247 177 
54269 267 
54363 45 
54365 18 
54462 93 
54480 23 
54521 123 
54525 142 
54560 8 
54567 252 
54572 90 
54701 55 
54742 45 
54774 54 
55062 17 
55185 642 
55200 34 
55308 7 
55333 259 
55343 76 
55517 331 
55539 140 
55582 300 
55684 33 
55687 48 
55820 18 
55847 225 
55862 404 
55922 16 
56018 94 
56033 46 
56241 273 
56324 62 
56331 19 
56388 58 
56410 116 
56516 35 
56633 83 
56670 9 
56674 102 
56678 162 
56763 173 
56964 17 
56983 384 
57043 99 
57345 114 
57501 177 
57503 98 
57879 251 
58016 9 
58096 46 
58124 48 
58148 31 
58287 42 
58380 242 
58499 78 
58699 104 
58705 173 
58767 120 
58781 97 
58994 29 
59166 28 
59343 131 
59401 40 
59520 13 
59523 44 
59597 2 
59622 621 
59673 264 
59695 1 
59802 37 
59913 519 
59957 319 
60107 55 
60186 30 
60225 32 
60314 63 
60407 58 
60423 50 
60508 73 
60513 218 
60742 47 
60816 114 
61203 8 
61546 69 
61798 113 
61977 120 
62260 31 
62317 7 
62317 61 
62471 123 
62616 242 
62639 51 
62713 141 
62739 33 
62789 16 
62923 598 
62973 37 
63019 50 
63070 168 
63124 645 
63188 180 
63260 38 
63287 196 
63405 54 
63771 107 
63874 143 
63878 114 
64058 72 
64463 77 
64511 317 
64618 102 
64797 46 
65217 300 
65235 9 
65247 218 
65628 75 
65677 41 
65801 29 
65950 52 
66418 85 
66499 53 
66689 76 
66736 47 
66767 100 
67050 40 
67068 118 
67528 68 
67684 27 
67718 19 
67738 251 
67790 77 
67962 240 
68012 28 
68484 32 
68585 87 
68735 261 
68795 301 
69036 291 
69102 350 
69126 376 
69164 601 
69217 125 
69627 88 
69709 10 
69860 2 
69885 141 
70033 153 
70099 6 
70197 13 
70906 79 
71060 82 
71128 125 
71163 2 
71215 588 
71459 160 
71472 17 
71520 25 
71641 68 
71815 147 
71835 38 
72347 148 
72811 522 
73036 1080 
73040 84 
73190 368 
73202 48 
73245 460 
73253 414 
73331 619 
73376 214 
73412 203 
73416 2016 
73478 720 
73527 1945 
73529 141 
73553 59 
73554 864 
73565 160 
73585 169 
73613 34 
73661 197 
73741 619 
74042 55 
74050 88 
74073 155 
74279 8 
74341 98 
74612 37 
74670 4320 
74739 743 
74773 443 
74901 89 
75046 271 
75301 11 
75315 15 
75350 10 
75481 118 
75561 116 
76013 23 
76228 7 
76607 68 
77615 15 
78214 1071 
78249 31 
78501 149 
78947 40 
78970 63 
79457 202 
79462 856 
79895 22 
80284 48 
80302 355 
80500 124 
80800 119 
81648 37 
81685 71 
81980 173 
82099 8 
82207 2816 
82286 51 
82390 365 
82647 27 
82720 15 
83113 50 
83128 16 
83913 49 
83947 322 
84673 60 
84863 1612 
85119 47 
85159 69 
85379 31 
85468 168 
85942 86 
85972 2982 
86774 214 
86898 15 
86959 225 
87327 14 
87787 113 
88184 87 
88655 272 
88923 39 
89086 1357 
89109 42 
89197 382 
89401 51 
89560 1 
89667 38 
89797 85 
90092 440 
90793 221 
90931 30 
90962 176 
91042 35 
91190 16 
91553 78 
91677 135 
92020 112 
92110 331 
92505 1400 
92544 334 
92678 102 
92711 89 
92883 35 
92966 109 
93249 72 
93483 168 
93647 167 
93900 95 
94036 671 
94385 845 
94400 26 
94433 304 
94627 416 
94812 4 
94823 12 
94874 16 
95041 19 
95254 155 
95338 14 
95350 255 
95680 95 
95941 286 
96155 46 
97213 1089 
97599 42 
98235 145 
98848 22 
99040 310 
99942 1045 
100984 12 
101009 1446 
101371 894 
101904 73 
102131 29 
102815 518 
103433 32 
104809 212 
104967 69 
105236 100 
106462 70 
106562 330 
107084 19 
107516 95 
107744 253 
109690 14 
109810 38 
112487 113 
113241 50 
114152 28 
115498 1375 
115584 32 
115801 257 
116019 1 
116253 53 
117181 112 
122221 97 
123307 13 
123376 8 
125228 32 
125605 10 
127034 128 
127194 46 
127525 269 
129770 243 
129836 42 
132213 139 
132793 1237 
132973 66 
133108 4 
133683 1849 
133714 145 
133715 76 
133718 13 
133740 82 
133743 199 
133811 103 
133852 85 
133883 203 
133910 200 
134025 154 
134102 182 
134111 134 
134142 239 
134151 56 
134217 19 
134368 102 
134383 85 
134424 437 
134431 164 
134530 450 
134912 251 
135832 4 
136713 407 
137303 0 
137942 135 
138082 59 
138725 1833 
138749 200 
138808 758 
139297 1293 
139336 112 
139541 553 
139559 1207 
139561 31 
139808 259 
142078 47 
142229 122 
142284 113 
142379 601 
142986 75 
145718 170 
146094 296 
147742 3 
147848 1789 
148959 5 
150216 106 
153680 60 
156275 111 
157851 97 
158360 279 
158527 246 
166169 105 
168494 649 
168630 85 
169256 42 
171134 100 
173385 267 
177828 211 
179778 38 
180957 1 
181877 21 
182803 104 
183114 3 
184058 43 
184813 82 
185484 212 
186023 11 
191623 68 
193529 242 
203151 68 
207040 146 
207444 14 
213139 1 
216169 49 
223120 55 
226153 29 
232554 205 
232741 75 
234393 51 
238721 42 
241979 733 
243254 21 
244197 12 
245356 41 
245581 55 
247638 7 
248412 457 
249480 1836 
252077 117 
252176 565 
258761 107 
260715 638 
260945 7 
261301 267 
263651 299 
264567 142 
267266 82 
268336 7 
290680 3581 
295138 76 
296044 135 
299700 39 
300808 183 
305732 636 
306361 105 
306602 52 
311465 71 
315356 268 
317151 1518 
336158 64 
348714 182 
351651 38 
352208 82 
352260 47 
352326 60 
374386 440 
390735 293 
403991 35 
410804 205 
410911 164 
411346 680 
411609 108 
411637 218 
412083 156 
416934 156 
430243 9 
431108 2921 
432435 393 
433099 22 
439601 76 
440553 147 
444567 1579 
445160 98 
448038 14 
457970 357 
472742 114 
473002 2077 
473076 1104 
473104 563 
473408 115 
485576 76 
515569 29 
518030 282 
529787 3 
532988 77 
574214 7 
580380 234 
599397 84 
