2032 1.37038194444
0 589257 
12 155 
19 1036 
22 3 
24 50 
26 281 
26 24 
27 93 
28 145 
29 142 
29 49 
30 468 
30 15 
31 71 
31 85 
33 70 
35 135 
35 52 
35 379 
36 269 
38 68 
38 168 
38 380 
39 460 
40 383 
41 19 
43 29 
43 162 
43 50 
44 0 
44 37 
44 42 
45 216 
46 28 
46 43 
46 45 
46 311 
46 12 
46 15 
47 63 
48 17 
49 158 
50 106 
51 20 
52 438 
52 269 
53 219 
54 89 
55 138 
55 554 
56 157 
57 114 
57 223 
58 23 
58 49 
58 126 
59 206 
59 114 
59 76 
60 23 
60 11 
60 30 
61 145 
62 27 
62 136 
64 3 
64 270 
64 8 
64 6 
65 24 
65 451 
65 129 
65 35 
66 35 
68 77 
68 173 
68 32 
69 46 
69 8 
69 180 
69 25 
69 87 
70 22 
71 30 
73 110 
73 24 
74 47 
75 1871 
76 492 
76 11 
76 14 
76 26 
76 46 
76 10 
78 64 
78 73 
78 36 
79 5 
79 217 
79 195 
80 132 
80 19 
81 26 
82 10 
83 0 
83 0 
83 1230 
84 13 
84 67 
84 27 
84 635 
86 65 
86 165 
87 1 
87 24 
88 103 
88 107 
89 28 
89 123 
89 61 
90 232 
91 207 
91 0 
91 150 
92 134 
92 181 
94 27 
94 6 
95 145 
95 68 
95 17 
95 90 
96 450 
96 155 
96 189 
97 190 
97 144 
97 55 
97 3 
98 0 
98 225 
98 23 
98 356 
98 26 
100 102 
100 27 
100 38 
101 155 
101 16 
101 78 
102 439 
102 3 
103 97 
104 44 
104 67 
105 4 
106 22 
106 55 
106 15 
108 28 
108 555 
108 481 
109 70 
111 201 
111 97 
112 53 
112 4 
112 126 
112 117 
113 7 
113 102 
115 5 
115 41 
116 4 
116 663 
117 66 
117 4 
117 116 
120 9 
120 105 
121 1 
121 59 
121 50 
122 36 
122 29 
123 1 
123 102 
123 11 
125 60 
125 469 
126 72 
126 105 
126 5 
127 33 
127 12 
130 92 
130 25 
130 449 
133 88 
133 52 
134 4 
135 33 
135 178 
137 410 
137 131 
138 6 
138 148 
138 29 
139 114 
139 18 
140 33 
141 394 
142 273 
142 50 
144 250 
144 103 
145 59 
145 389 
145 111 
145 126 
145 12 
146 126 
147 181 
147 96 
148 10 
148 91 
148 239 
148 84 
148 18 
149 175 
150 3 
151 267 
152 349 
153 12 
153 110 
153 71 
154 1 
154 16 
154 65 
155 108 
155 8 
155 122 
157 5 
157 21 
158 41 
159 62 
160 187 
161 12 
162 35 
162 186 
163 11 
163 13 
164 96 
164 198 
164 44 
165 5 
166 4 
166 6 
166 4 
167 45 
167 5 
168 20 
168 20 
168 33 
169 18 
169 3 
169 91 
170 30 
172 53 
173 12 
174 99 
174 120 
175 1 
175 25 
175 79 
176 23 
176 374 
177 68 
178 15 
180 120 
181 92 
182 0 
182 24 
184 13 
185 49 
186 16 
186 20 
187 18 
188 21 
188 211 
189 17 
195 4 
196 274 
197 16 
198 81 
198 8 
199 290 
200 10 
201 11 
201 446 
203 24 
204 8 
204 62 
206 15 
206 296 
206 66 
207 6 
207 40 
207 43 
208 28 
208 157 
208 10 
209 277 
209 1 
210 117 
210 152 
210 199 
212 33 
212 17 
213 46 
215 62 
218 319 
219 74 
219 23 
219 52 
220 66 
223 19 
227 19 
228 29 
228 43 
228 28 
229 43 
230 4 
230 117 
230 42 
231 87 
232 104 
233 18 
233 31 
234 24 
234 32 
235 144 
236 94 
236 292 
236 106 
237 4 
237 1 
238 93 
238 84 
238 24 
240 2 
241 52 
242 57 
242 25 
243 234 
245 19 
246 290 
246 1132 
247 57 
248 18 
249 6 
251 55 
251 20 
252 416 
252 154 
253 32 
253 223 
255 29 
255 7 
256 64 
256 38 
256 205 
257 38 
259 12 
260 64 
260 9 
261 102 
261 47 
264 37 
264 1 
264 17 
265 93 
265 11 
266 26 
267 210 
268 25 
268 12 
269 5 
270 287 
271 8 
274 71 
274 158 
274 76 
275 11 
275 48 
275 30 
276 42 
280 9 
280 26 
284 33 
284 57 
285 7 
286 76 
287 63 
287 10 
288 30 
288 24 
289 38 
291 13 
291 87 
292 186 
293 10 
294 9 
294 1907 
296 62 
297 842 
297 31 
298 443 
298 15 
299 68 
299 55 
301 195 
301 97 
302 22 
304 76 
304 89 
306 45 
306 53 
307 18 
307 823 
307 67 
309 4 
310 321 
310 0 
312 199 
313 21 
314 745 
316 188 
317 40 
317 687 
319 61 
320 50 
320 3 
321 28 
323 79 
324 0 
324 205 
326 168 
327 23 
327 38 
329 34 
331 294 
332 59 
334 140 
335 13 
336 24 
337 173 
337 27 
338 8 
338 43 
340 71 
341 39 
341 132 
341 175 
343 104 
345 35 
350 32 
351 65 
351 89 
353 25 
354 80 
354 136 
354 22 
359 43 
360 85 
362 22 
365 208 
366 13 
370 122 
370 32 
370 33 
371 133 
374 218 
377 207 
377 36 
377 49 
378 108 
378 59 
379 2 
379 83 
381 16 
382 7 
383 37 
384 4 
386 22 
386 13 
387 4 
389 15 
389 104 
391 50 
392 68 
393 104 
394 15 
394 208 
395 77 
395 15 
396 67 
396 28 
396 219 
397 49 
397 94 
398 314 
399 64 
399 50 
399 64 
400 65 
400 96 
400 11 
400 11 
400 65 
402 7 
402 7 
406 7 
406 7 
407 41 
407 8 
407 8 
407 41 
408 25 
408 25 
409 10 
409 10 
409 22 
409 22 
411 32 
411 91 
411 4 
411 4 
411 32 
411 91 
412 149 
412 149 
412 60 
412 60 
416 72 
416 72 
417 96 
417 20 
417 20 
417 96 
418 435 
418 435 
419 23 
419 23 
421 2 
421 2 
424 28 
424 28 
424 158 
424 158 
425 354 
425 354 
427 6 
427 12 
427 6 
427 12 
430 21 
430 21 
436 56 
436 56 
440 29 
440 11 
440 89 
440 29 
440 89 
440 11 
443 110 
443 6 
443 110 
443 6 
445 11 
445 37 
445 37 
445 11 
446 98 
446 98 
453 1 
453 1 
454 52 
454 12 
454 12 
454 52 
455 98 
455 98 
457 62 
457 93 
457 62 
457 93 
460 7 
460 7 
464 3 
464 3 
470 39 
470 39 
473 28 
473 146 
473 28 
473 146 
474 99 
474 99 
475 47 
475 47 
476 48 
476 48 
478 23 
478 23 
480 24 
480 45 
480 24 
480 45 
484 26 
484 26 
484 153 
484 153 
485 95 
485 95 
486 23 
486 35 
486 35 
486 23 
488 83 
488 212 
488 83 
488 212 
490 3 
490 3 
492 36 
492 36 
494 0 
494 0 
495 11 
495 11 
498 44 
498 44 
509 44 
511 47 
511 137 
512 425 
513 48 
513 128 
515 2 
517 15 
521 14 
522 300 
522 54 
527 22 
527 2 
528 130 
529 109 
529 18 
532 17 
533 16 
538 90 
540 39 
542 28 
543 128 
545 1 
546 96 
547 34 
547 56 
547 20 
551 82 
554 511 
557 827 
557 20 
559 16 
562 94 
568 10 
568 278 
568 32 
571 69 
573 774 
574 0 
576 4 
578 71 
579 31 
588 107 
590 37 
591 17 
591 264 
591 96 
597 147 
597 120 
600 6 
604 14 
604 15 
605 37 
606 31 
607 15 
608 143 
609 65 
615 216 
617 27 
619 64 
619 19 
620 11 
624 15 
627 31 
631 39 
631 1 
636 39 
637 189 
640 4575 
640 86 
643 15 
645 53 
645 19 
647 222 
647 304 
651 1254 
651 0 
653 12 
654 267 
655 29 
657 26 
658 13 
659 546 
665 6 
669 110 
670 5 
672 46 
676 10 
682 32 
687 11 
694 224 
695 40 
698 18 
698 6 
698 102 
700 56 
701 42 
702 12 
704 7 
704 64 
708 519 
709 6 
709 36 
711 30 
712 32 
714 90 
718 7 
719 12 
722 54 
722 49 
725 62 
725 13 
725 80 
734 29 
736 13 
736 65 
736 19 
737 224 
742 12 
744 9 
748 53 
748 149 
751 13 
755 1 
756 38 
768 78 
770 98 
770 84 
775 19 
777 13 
778 48 
788 1 
793 37 
796 8 
796 21 
797 89 
806 2 
814 83 
822 11 
823 33 
824 19 
825 161 
831 4 
832 1 
833 193 
833 17 
833 3 
843 12 
846 255 
847 138 
848 336 
849 66 
863 21 
868 6 
870 58 
874 33 
876 34 
885 7 
888 46 
893 64 
894 9 
895 8 
903 36 
904 50 
904 13 
905 3 
907 0 
916 26 
922 39 
924 30 
925 306 
929 89 
929 57 
948 28 
950 50 
952 55 
958 31 
959 34 
964 137 
965 15 
966 19 
973 24 
976 47 
979 318 
985 15 
993 129 
1006 69 
1008 9 
1011 100 
1022 16 
1025 66 
1028 2 
1029 91 
1048 76 
1051 10 
1063 3 
1063 37 
1068 78 
1070 8 
1075 81 
1080 1 
1088 22 
1088 94 
1088 51 
1094 23 
1097 103 
1097 10 
1098 16 
1102 47 
1106 17 
1106 34 
1108 90 
1115 66 
1118 32 
1119 339 
1128 450 
1129 3 
1130 5 
1131 30 
1131 12 
1131 4 
1132 25 
1132 52 
1132 8 
1133 9 
1135 530 
1138 32 
1139 6 
1139 62 
1141 20 
1143 4 
1143 54 
1155 47 
1164 190 
1165 351 
1167 77 
1169 17 
1175 498 
1175 16 
1178 30 
1188 64 
1191 46 
1193 50 
1195 50 
1210 7 
1212 64 
1216 15 
1222 38 
1225 0 
1233 502 
1236 20 
1237 4 
1240 124 
1240 189 
1248 70 
1251 34 
1253 30 
1260 59030 
1262 49 
1264 19 
1266 33 
1266 5 
1271 95 
1272 5976 
1285 84 
1294 16428 
1294 1048 
1295 30 
1305 3 
1306 22 
1308 5 
1309 53 
1310 26 
1319 322 
1334 0 
1336 98 
1337 117 
1343 128 
1347 26 
1348 21 
1350 20 
1350 15 
1357 111 
1374 723 
1376 84 
1377 79 
1387 17 
1393 40 
1399 78 
1401 84 
1413 447 
1413 5 
1416 25 
1420 0 
1420 3 
1422 22 
1430 16 
1435 32 
1440 1022 
1442 25 
1446 19 
1455 23 
1461 11 
1466 1 
1467 64 
1468 160 
1475 51 
1482 14 
1488 195 
1497 89 
1503 6 
1515 63 
1520 33 
1521 30 
1543 50 
1559 100 
1559 105 
1561 112 
1566 33 
1570 161 
1581 212 
1603 105 
1604 220 
1606 43 
1618 39 
1631 75 
1632 14 
1633 76 
1634 39 
1635 86 
1649 23 
1655 13 
1667 24 
1669 52 
1672 15 
1673 64 
1678 12 
1699 23 
1699 60 
1727 34 
1736 62 
1752 18 
1760 13 
1767 80 
1796 94 
1799 505 
1807 10 
1808 16 
1809 135 
1812 76 
1830 17 
1832 120 
1834 49 
1854 61 
1856 65 
1866 88 
1878 62 
1879 37 
1886 75 
1891 40 
1892 34 
1893 10 
1897 0 
1901 244 
1905 9 
1910 1 
1920 145 
1922 16 
1927 27 
1929 88 
1932 6 
1974 12 
1981 178 
1987 144 
1988 279 
2000 123 
2007 139 
2015 15 
2016 46 
2029 31 
2053 29 
2053 2 
2066 45 
2069 66 
2069 14 
2071 21 
2079 361 
2088 21 
2127 101 
2133 22 
2136 186 
2155 88 
2168 1 
2177 46 
2178 73 
2194 9 
2204 6 
2219 63 
2219 249 
2221 165 
2224 11 
2243 60 
2257 73 
2260 0 
2260 6 
2261 19 
2265 7 
2270 28 
2276 702 
2278 33 
2282 10 
2286 3 
2307 15 
2315 63 
2327 25 
2346 262 
2348 20 
2362 249 
2379 13 
2379 35 
2382 22 
2390 308 
2394 9 
2405 795 
2408 112 
2418 64 
2423 186 
2436 21 
2437 551 
2446 29 
2457 188 
2461 69 
2463 29 
2463 18 
2463 464 
2463 45 
2474 83 
2476 10 
2485 95 
2489 18 
2492 22 
2493 20 
2499 231 
2499 270 
2501 4 
2519 12 
2524 15 
2526 13 
2541 104 
2544 4 
2548 25 
2555 11 
2563 55 
2564 324 
2565 19 
2586 35 
2586 13 
2592 38 
2593 6 
2608 3 
2610 71 
2610 39 
2611 282 
2638 769 
2643 18 
2646 4 
2648 543 
2658 14 
2660 47 
2674 46 
2677 10 
2679 550 
2681 10 
2690 22 
2719 5 
2733 118 
2739 160 
2739 337 
2772 471 
2794 16 
2810 171 
2815 110 
2827 24 
2847 28 
2856 10 
2859 19 
2861 24 
2868 16 
2908 72 
2919 87 
2921 44 
2931 35 
2937 344 
2942 123 
2949 6 
2950 49 
2954 59 
2996 188 
2997 17 
3007 50 
3036 19 
3043 158 
3076 67 
3101 30 
3104 21 
3106 22 
3108 77 
3116 26 
3130 27 
3135 29 
3149 65 
3159 0 
3177 1667 
3195 10 
3195 101 
3196 12 
3212 12 
3225 157 
3233 75 
3236 113 
3247 455 
3259 21 
3277 137 
3294 289 
3306 141 
3308 19 
3313 61 
3320 6 
3320 62 
3328 76 
3333 95 
3340 9 
3352 6 
3361 30 
3381 42 
3394 12 
3397 16 
3420 15 
3430 606 
3431 37 
3432 29 
3447 13 
3458 2 
3464 8 
3467 24 
3478 43 
3490 17 
3496 14 
3504 37 
3508 11 
3511 169 
3522 2 
3523 3 
3545 85 
3562 5 
3606 44 
3607 5 
3610 17 
3663 150 
3692 24 
3693 77 
3698 28 
3699 223 
3703 28 
3735 3 
3745 1 
3752 64 
3754 109 
3761 12 
3763 36 
3763 257 
3765 143 
3796 4 
3827 5 
3831 12 
3836 86 
3837 23 
3849 151 
3857 42 
3892 30 
3902 21 
3912 38 
3933 98 
3972 2 
4036 29 
4064 2 
4078 49 
4081 53 
4127 30 
4154 29 
4163 22 
4165 78 
4189 121 
4192 9 
4195 8 
4255 36 
4257 3 
4261 5 
4263 3 
4288 3 
4309 36 
4338 14 
4340 128 
4357 168 
4359 95 
4360 15 
4390 22 
4409 25 
4433 15 
4437 16 
4444 46 
4460 13 
4484 17 
4501 1 
4503 118 
4510 39 
4530 70 
4555 28 
4572 59 
4573 0 
4592 20 
4595 24 
4643 17 
4657 18 
4662 1 
4675 4 
4729 139 
4738 9 
4747 25 
4774 47 
4781 12 
4786 61 
4819 3 
4824 42 
4838 118 
4842 47 
4842 13 
4854 16 
4855 9 
4870 2 
4901 282 
4930 105 
4933 8 
4940 401 
4952 120 
4966 55 
4973 0 
4997 55 
5002 322 
5002 46 
5003 56 
5003 27 
5006 56 
5015 9 
5018 0 
5023 56 
5034 31 
5039 14 
5041 38 
5072 2 
5073 81 
5084 40 
5085 27 
5086 97 
5170 50 
5172 52 
5190 111 
5204 22 
5230 33 
5247 18 
5317 37 
5320 3 
5326 195 
5330 9 
5364 5 
5376 23 
5379 191 
5410 28 
5410 53 
5416 28 
5452 26 
5462 26 
5472 55 
5506 0 
5511 2 
5559 5 
5563 13 
5566 59 
5571 5 
5574 111 
5576 64 
5579 42 
5620 1 
5622 17 
5666 4106 
5667 182 
5680 4 
5696 79 
5710 163 
5735 67 
5760 70 
5764 45 
5771 21 
5787 2 
5793 87 
5810 51 
5816 22 
5832 54 
5874 118 
5876 103 
5897 18 
5923 29 
5926 122 
5935 35 
5935 49 
5974 120 
5991 7 
5995 52 
6018 45 
6027 55 
6051 37 
6203 31 
6209 64 
6223 0 
6254 50 
6308 161 
6313 33 
6314 47 
6319 95 
6345 309 
6356 27 
6368 17 
6373 32 
6374 13 
6378 16 
6402 0 
6406 18 
6410 240 
6445 22 
6445 6 
6488 102 
6491 7 
6505 18 
6521 53 
6543 0 
6565 95 
6566 36 
6575 21 
6583 36 
6647 15 
6669 25 
6670 21 
6686 72 
6692 7 
6701 63 
6706 14 
6735 6 
6764 10 
6765 26 
6771 23 
6784 20 
6842 15 
6848 52 
6972 58 
6974 30 
6978 18 
6983 27 
7000 4 
7011 65 
7022 26 
7022 47 
7038 18 
7054 18 
7102 14 
7102 47 
7120 2 
7123 7 
7136 27 
7153 16 
7159 0 
7179 26 
7194 19 
7197 86 
7239 42 
7258 28 
7305 34 
7325 10 
7332 204 
7336 44 
7341 6 
7423 4 
7460 27 
7522 31 
7527 1 
7591 39 
7619 42 
7628 899 
7678 6 
7693 25 
7795 3 
7807 17 
7812 17 
7825 35 
7826 46 
7840 37 
7890 0 
7921 16 
7947 8 
7969 8 
7987 1 
8009 4 
8011 12 
8074 32 
8153 7 
8186 6 
8222 252 
8236 65 
8249 30 
8251 41 
8258 26 
8291 65 
8420 0 
8464 9 
8476 30 
8554 29 
8611 40 
8616 10 
8622 43 
8632 15 
8650 5 
8724 18 
8726 11 
8731 44 
8737 4 
8748 9 
8766 6 
8829 5 
8839 5 
8844 9 
8861 3 
8903 135 
8903 5 
8905 127 
8906 3 
8922 61 
8966 2 
8987 13 
8998 136 
9008 5 
9022 62 
9057 42 
9151 26 
9218 181 
9269 7 
9275 140 
9306 26 
9315 21 
9387 10 
9389 0 
9510 7 
9518 60 
9554 54 
9597 24 
9600 41 
9634 0 
9637 6 
9731 35 
9789 128 
9809 123 
9852 0 
9887 28 
9897 41 
9910 13030 
9966 15 
10008 3 
10013 28 
10041 31 
10058 28 
10070 44 
10088 10 
10090 27 
10104 43 
10126 10 
10177 37 
10224 2265 
10262 7 
10267 3 
10338 211 
10367 71 
10403 8 
10463 144 
10519 1 
10557 5 
10562 63 
10577 39 
10590 122 
10619 19 
10653 2 
10716 23 
10720 10 
10731 4 
10756 44 
10769 10 
10772 14 
10919 113 
10943 10 
10955 43 
10969 7 
10990 40 
10997 57 
11088 21 
11102 13 
11103 2 
11192 80 
11203 13 
11250 12 
11271 5 
11271 9 
11276 30 
11353 7 
11384 25 
11428 7 
11443 3 
11492 5 
11555 12 
11564 22 
11587 3 
11598 4 
11602 15 
11621 20 
11643 33 
11661 3 
11727 16 
11745 17 
11750 24 
11753 35 
11846 23 
11855 3 
11899 23 
11963 3 
11995 17 
12010 10 
12027 86 
12126 63 
12134 1 
12135 183 
12270 1 
12311 11 
12352 162 
12353 4 
12411 11 
12412 8 
12481 19 
12517 412 
12528 8 
12582 28 
12637 17 
12661 64 
12904 80 
12941 12 
12971 96 
12974 27 
13044 17 
13074 38 
13075 129 
13131 100 
13172 110 
13180 1 
13241 9 
13333 33 
13334 38 
13346 12 
13350 129 
13387 65 
13417 77 
13503 6 
13506 1 
13579 49 
13596 33 
13612 159 
13805 12 
13877 24 
13933 14 
13992 10 
14010 1772 
14017 19 
14042 15 
14063 2 
14069 75 
14169 17 
14176 5 
14409 1 
14471 21 
14662 13 
14666 32 
14668 38 
14728 67 
14729 57 
14817 191 
14858 41 
14902 24 
15005 0 
15053 81 
15053 81 
15103 18 
15136 19 
15145 4 
15202 10 
15232 215 
15339 13 
15417 4 
15440 85 
15472 28 
15501 10 
15504 18 
15536 3 
15536 101 
15537 14 
15548 113 
15589 1 
15773 119 
15813 8 
15880 9 
15913 141 
16133 43 
16168 13 
16222 59 
16434 2 
16467 182 
16570 24 
16590 15 
16670 20 
16691 376 
16694 15 
16737 26 
16785 37 
16895 825 
16955 86 
16965 173 
16966 66 
17066 72 
17088 10 
17160 33 
17196 10 
17364 26 
17393 1129 
17415 12 
17654 55 
17729 10 
17732 10 
17861 4 
17869 44 
17911 9 
17927 30 
18058 6 
18133 76 
18140 66 
18526 191 
18575 2 
18658 27 
18667 346 
18674 1 
18683 15 
18721 17 
18767 72 
18775 13 
18786 8 
18897 13 
18979 6 
19104 47 
19114 1 
19194 1 
19236 3 
19244 25 
19258 18 
19275 6 
19416 32 
19423 5 
19425 2 
19436 58 
19511 35 
19525 22 
19624 26 
19644 6 
19699 29 
19992 17 
20013 55 
20161 20 
20193 122 
20264 7 
20468 1 
20485 29 
20499 0 
20571 57 
20612 125 
20643 44 
20678 69 
20789 109 
20844 8 
21192 5 
21204 37 
21222 0 
21222 1 
21235 15 
21265 4 
21267 42 
21323 51 
21666 13 
21755 1 
21902 11 
21913 0 
21983 36 
22077 15 
22135 1 
22138 11 
22265 24 
22269 40 
22270 3 
22283 83 
22287 44 
22339 62 
22394 33 
22500 5 
22581 11 
22658 15 
22787 345 
23032 0 
23086 3 
23173 1 
23196 3 
23289 24 
23333 35 
23452 1028 
23567 10 
23671 183 
23696 0 
23733 198 
23763 10 
24156 42 
24352 41 
24356 5 
24419 7 
24436 6 
24536 24 
24627 9 
24637 8 
24722 114 
24793 6 
24849 4 
24896 884 
24897 254 
24921 4 
24943 9 
25311 60 
25345 0 
25532 2 
25571 34 
25723 2 
25760 23 
26056 5 
26066 0 
26102 80 
26214 146 
26434 0 
26654 20 
26681 76 
26703 25 
26924 26 
27061 0 
27065 3 
27103 383 
27389 8 
27711 59 
27759 3 
28011 7 
28170 4 
28228 51 
28478 11 
28641 4 
28803 0 
28926 2 
29281 114 
29434 50 
29665 123 
29881 67 
29881 67 
30412 291 
31110 114 
31707 20 
35132 12 
35511 8 
35784 2 
36096 64 
37054 15 
41012 0 
41478 8 
41766 23 
42084 1 
44521 39 
47834 54 
47847 5 
48778 6 
49505 50 
50768 1 
51153 41 
52181 25 
52630 25 
52891 2 
54433 9 
54749 17 
55661 6 
56827 6 
57761 2 
59585 72 
59722 619 
60553 0 
60900 99 
61310 154 
63133 17 
63656 210 
64093 0 
64430 502 
64567 0 
64627 192 
65924 17 
66889 15 
67213 5 
67548 171 
67827 0 
68206 2 
68675 6 
69012 12 
69248 2 
69316 426 
69580 568 
69783 0 
70623 13 
71158 3 
72173 20 
73569 1 
73746 123 
74631 532 
76220 5 
76491 22 
77309 559 
77834 20 
79155 28 
79505 7 
80301 42 
81866 171 
81929 535 
82062 406 
83734 18 
84033 33 
84954 1 
87714 6 
88097 404 
88139 11 
88386 1 
89327 15 
89381 2 
89976 13 
91807 39 
93120 49 
94037 48 
94911 105 
95472 64 
95751 244 
96229 26 
96336 6 
96499 8 
96841 0 
96895 7 
96918 443 
102328 5 
102852 87 
103780 29 
103784 31 
103872 144 
104485 3 
104535 8 
104813 6 
105705 34 
105764 330 
106576 3 
107860 1 
108606 33 
109229 12 
109425 13 
110037 37 
114226 13 
120435 3 
120451 12 
128833 0 
132884 0 
133859 17 
139952 5 
140624 2 
145277 6 
152354 4 
155623 2 
156111 199 
160036 31 
163713 887 
167694 7 
170885 46 
175693 126 
178974 7 
181830 1 
184084 2 
184376 6 
185162 431 
185444 12 
189544 0 
190582 40 
192361 1517 
192442 25 
194074 51 
195185 86 
196396 0 
199311 33 
199468 0 
199647 0 
199762 36 
200886 50 
200910 0 
201047 72 
204759 30 
204834 34 
214790 72 
220026 11 
222909 53 
226558 13 
229123 32 
234731 32 
236997 234 
238676 1 
239851 10 
240747 2 
251867 32 
252675 4 
258135 13 
259955 66 
265733 8 
267055 0 
273331 109 
274407 982 
274890 4 
275374 0 
275967 23 
277874 291 
278089 354 
278436 16 
278656 4 
280565 1 
283560 3 
286022 11 
288062 91 
299529 23 
300091 515 
310437 4 
312323 23 
320631 581 
326312 3 
328928 0 
354373 550 
355895 4 
358598 4 
359106 533 
360334 9 
365673 0 
366000 287 
373817 476 
393960 454 
406125 0 
408474 22 
413979 21 
443974 211 
455692 441 
457307 0 
463449 72 
479777 0 
505096 7 
517039 1 
523702 1 
525100 538 
537576 1 
542745 170 
602544 134 
