4656 6.6928125
0 503173 
9 133 
13 40 
13 73 
15 83 
16 30 
17 15 
17 305 
18 208 
19 82 
19 287 
20 124 
20 100 
20 17 
20 77 
21 101 
21 28 
22 765 
22 187 
22 528 
23 29 
24 28 
24 258 
24 46 
24 66 
24 1504 
25 86 
26 132 
26 607 
26 367 
26 95 
28 46 
28 245 
28 46 
28 41 
29 38 
29 1004 
30 245 
31 160 
31 1129 
31 5 
31 102 
31 39 
32 39 
33 1018 
33 233 
34 408 
34 197 
34 12 
34 57 
34 1613 
34 1591 
34 32 
34 27 
34 136 
35 16 
35 50 
36 411 
36 170 
36 132 
36 202 
37 58 
38 49 
38 187 
38 365 
38 378 
38 213 
39 70 
39 752 
40 165 
40 423 
41 2678 
41 1396 
41 260 
42 108 
42 1521 
42 315 
42 408 
42 434 
42 531 
43 306 
43 983 
43 869 
43 770 
44 268 
44 433 
44 556 
44 80 
44 17 
45 159 
45 92 
45 266 
45 2885 
46 79 
46 398 
46 325 
47 951 
47 256 
47 789 
47 172 
48 161 
48 39 
48 200 
48 121 
49 38 
49 745 
49 165 
50 110 
50 31 
50 652 
50 241 
51 235 
51 36 
52 183 
52 428 
52 61 
53 140 
53 334 
54 312 
54 737 
54 195 
54 1384 
54 224 
55 35 
55 668 
55 92 
55 170 
56 431 
56 39 
56 203 
57 91 
57 336 
57 63 
57 575 
58 85 
58 336 
58 67 
58 153 
59 212 
59 479 
59 118 
59 282 
59 205 
60 415 
60 54 
61 114 
61 250 
61 406 
61 1238 
61 122 
61 82 
61 144 
61 1287 
62 176 
62 166 
62 342 
62 723 
63 360 
63 5852 
63 135 
63 162 
63 82 
64 71 
64 142 
64 618 
64 156 
65 662 
65 786 
65 148 
65 235 
65 78 
66 195 
66 375 
66 53 
66 405 
67 47 
67 51 
68 1226 
68 1018 
68 244 
68 120 
68 17 
69 250 
69 296 
69 588 
70 1061 
70 87 
71 84 
71 31 
71 128 
71 334 
72 8657 
72 507 
72 118 
73 385 
73 183 
74 58 
74 317 
74 223 
74 780 
75 43 
75 113 
75 3910 
75 174 
75 327 
76 115 
76 108 
76 27 
76 620 
76 288 
77 39 
77 156 
77 16972 
77 848 
78 124 
78 530 
78 548 
78 192 
78 126 
78 5 
78 324 
78 6186 
79 10463 
79 2021 
79 323 
79 330 
79 6 
80 154 
80 78 
81 192 
81 238 
81 838 
81 248 
81 154 
82 1010 
82 217 
82 301 
82 34 
83 13 
83 82970 
83 126 
83 184 
83 4 
84 105 
84 939 
84 1775 
84 409 
84 74 
85 98 
85 457 
85 143 
86 731 
86 109 
86 193 
87 462 
87 290 
87 657 
88 276 
88 67 
89 641 
89 654 
89 250 
89 230 
89 39 
90 241 
90 2920 
90 939 
90 1150 
91 1027 
91 78 
91 36 
91 291 
91 477 
92 1041 
92 213 
92 8 
92 1124 
92 31 
92 232 
92 205 
93 727 
93 1836 
93 1612 
93 56 
93 41 
93 159 
94 293 
94 154 
94 398 
94 396 
94 14 
95 552 
95 45 
95 734 
96 202 
96 362 
96 3285 
96 797 
96 2495 
96 320 
97 19 
97 102 
97 863 
97 388 
98 993 
98 169 
98 86 
98 352 
99 723 
99 37 
100 63 
100 1965 
100 401 
100 530 
100 333 
100 144 
101 330 
101 387 
101 793 
102 758 
102 117 
102 512 
102 615 
103 132 
104 85 
105 271 
106 15 
106 82 
106 1165 
106 289 
106 370 
107 21 
107 12 
108 236 
108 284 
109 191 
109 230 
109 167 
109 342 
109 53 
110 418 
110 51 
111 855 
111 132 
111 105 
112 2800 
112 308 
112 88 
112 52 
113 147 
113 82 
113 450 
113 257 
114 2460 
114 336 
114 247 
116 82 
116 1892 
116 269 
116 1245 
117 2410 
117 250 
117 440 
117 135 
117 1377 
118 664 
118 1172 
118 144 
118 64 
118 1425 
118 790 
119 14 
119 229 
119 617 
120 90 
120 174 
120 736 
121 41 
121 185 
122 268 
122 74 
123 287 
123 132 
123 415 
123 144 
123 108 
123 628 
123 441 
123 678 
124 348 
124 706 
124 4506 
124 194 
124 3268 
125 202 
125 519 
125 31 
126 51 
126 167 
126 128 
126 186 
126 80 
127 144 
127 1099 
127 453 
128 1123 
129 462 
129 1714 
129 147 
130 58 
130 1671 
131 346 
131 107 
131 1539 
131 497 
131 267 
132 19 
132 150 
133 6 
133 34 
133 95 
134 1160 
134 110 
134 2140 
134 777 
135 40 
135 585 
135 677 
135 251 
136 74 
136 33 
136 250 
136 347 
137 98 
138 226 
138 11 
138 57 
138 17 
138 132 
138 62 
139 1030 
140 107 
141 224 
141 411 
141 372 
141 169 
142 228 
142 108 
143 912 
143 530 
143 212 
144 1605 
145 181 
146 1089 
146 810 
147 158 
147 56 
147 309 
147 1624 
147 602 
149 101 
149 2044 
149 10 
149 39 
149 336 
150 227 
150 960 
151 297 
151 150 
152 295 
153 648 
153 1047 
153 1329 
153 542 
153 148 
154 5 
155 48 
155 303 
155 288 
156 264 
156 940 
156 177 
157 989 
158 1162 
158 98 
160 1098 
160 1119 
160 379 
161 39 
161 237 
162 183 
162 38 
162 202 
162 71 
162 145 
163 13 
163 303 
163 63 
166 142 
166 12 
166 382 
166 257 
167 636 
168 7124 
168 162 
168 193 
169 1698 
169 108 
170 720 
171 331 
173 96 
173 756 
175 526 
176 173 
176 194 
176 629 
177 154 
177 35 
177 439 
178 64 
179 77 
180 878 
181 2132 
181 1335 
181 346 
182 157 
183 138 
183 66 
184 132 
185 582 
185 25 
186 89 
186 137 
187 31 
187 160 
189 30 
189 31 
190 34 
191 248 
191 190 
192 210 
193 468 
193 97 
193 72 
194 117 
194 203 
194 246 
195 520 
195 272 
195 926 
195 1122 
195 26 
195 50 
196 38 
196 599 
197 154 
198 40 
198 12 
200 560 
200 8768 
201 245 
201 106 
201 743 
201 2907 
201 41 
203 2519 
203 249 
203 593 
203 146 
204 674 
205 29 
206 170 
206 172 
207 158 
207 1841 
208 192 
209 551 
211 1996 
212 9454 
212 613 
212 74 
214 27 
214 91 
215 628 
216 56 
217 58 
218 106 
218 91 
219 204 
219 54 
219 567 
220 108 
220 983 
220 1271 
221 402 
221 84 
221 69 
222 482 
223 54 
224 35 
224 20 
224 2433 
224 149 
225 23 
225 141 
226 5694 
227 57 
227 1884 
227 302 
228 153 
229 153 
231 86 
232 338 
232 450 
235 253 
235 73 
236 232 
236 93 
236 2409 
237 136 
237 109 
238 1399 
238 1125 
238 5787 
238 478 
239 488 
239 273 
240 348 
241 543 
243 1369 
243 119 
243 67 
244 217 
245 203 
251 36 
251 104 
252 505 
253 94 
253 177 
254 72 
255 12 
256 211 
257 972 
258 181 
260 75 
261 296 
261 521 
262 751 
264 58 
265 121 
265 643 
265 2020 
267 296 
268 545 
268 648 
272 979 
273 911 
273 1095 
274 438 
274 399 
275 3361 
275 127 
276 98 
279 700 
279 203 
281 166 
281 126 
282 271 
282 2354 
282 2797 
284 3126 
285 812 
285 1171 
286 71 
287 461 
288 40 
288 556 
288 219 
288 314 
290 37 
293 325 
294 122 
294 1185 
295 184 
297 1082 
301 273 
301 716 
303 176 
303 1182 
303 11 
303 7 
304 1334 
304 638 
305 77 
306 367 
306 174 
307 170 
310 1610 
310 242 
312 826 
313 342 
314 239 
314 158 
315 18 
315 860 
315 921 
315 34 
315 408 
316 237 
318 1135 
319 1226 
320 479 
320 863 
320 24 
323 291 
325 336 
327 693 
329 4916 
329 238 
329 592 
329 631 
331 76 
331 181 
331 345 
333 2712 
334 3598 
335 54 
335 466 
337 571 
338 157 
339 905 
339 6031 
339 689 
339 2900 
340 60 
340 804 
341 254 
342 1806 
344 4587 
345 27 
345 36 
346 463 
346 11 
346 344 
347 27 
348 11057 
349 209 
350 16 
350 149 
351 36 
352 249 
352 202 
353 324 
355 87 
356 240 
356 3051 
356 381 
358 864 
362 65 
362 5501 
362 306 
364 726 
364 24 
364 70 
365 260 
366 247 
368 285 
370 271 
371 422 
371 88 
372 219 
375 302 
375 399 
375 877 
375 33 
376 8386 
376 557 
377 519 
378 1242 
383 99 
383 272 
384 291 
384 135 
386 126 
389 903 
389 41 
391 148 
391 4 
392 40 
395 106 
396 60 
397 1562 
397 1126 
397 2549 
398 111 
399 85 
401 288 
401 133 
401 610 
401 150 
402 189 
406 1278 
407 315 
407 1110 
408 1504 
408 4111 
408 412 
410 1864 
411 161 
413 1299 
414 1306 
414 510 
417 116 
419 11 
419 190 
419 66 
420 911 
420 84 
423 297 
423 415 
424 1774 
425 2727 
426 293 
426 438 
429 187 
430 13361 
430 112 
431 48 
432 642 
433 177 
434 103 
435 154 
435 141 
437 226 
438 758 
438 873 
441 909 
442 359 
443 93 
443 128 
445 152 
447 103 
450 149 
451 172 
453 359 
453 2500 
455 126 
455 239 
458 81 
460 329 
460 798 
463 394 
463 1050 
464 300 
464 117 
467 327 
468 238 
469 422 
469 1579 
472 12843 
473 372 
473 1124 
474 72 
475 262 
477 177 
483 249 
484 509 
485 165 
485 171 
485 168 
488 204 
489 223 
491 2428 
492 2071 
493 1552 
496 58 
496 887 
498 1352 
499 772 
500 56 
500 490 
500 237 
501 94 
508 378 
508 739 
510 201 
512 881 
513 278 
513 36 
514 290 
514 605 
515 355 
517 1472 
517 1183 
522 445 
522 74 
523 440 
524 1568 
526 4 
528 3629 
532 175 
533 3498 
535 13 
536 472 
536 1113 
538 875 
538 4329 
540 1254 
543 71 
544 1069 
545 115 
545 150 
545 1252 
545 174 
546 187 
546 87 
547 19 
548 158 
548 1 
548 138 
550 10533 
553 539 
553 2964 
554 500 
556 188 
557 200 
560 480 
562 824 
564 40 
565 44 
566 479 
570 256 
570 85 
572 143 
573 164 
573 563 
574 266 
576 34 
578 709 
578 152 
579 92 
580 202 
581 584 
583 203 
585 127 
587 54 
589 1299 
590 510 
591 1121 
592 405 
594 19 
595 136 
595 199 
596 1859 
596 503 
604 2232 
604 149 
605 549 
612 109 
613 410 
614 198 
614 168 
615 14 
615 172 
617 31 
617 227 
620 423 
623 516 
624 77 
635 1451 
637 297 
640 176 
641 680 
641 191 
646 53 
647 862 
648 887 
649 7064 
651 291 
652 206 
653 1451 
655 15 
658 1024 
660 1461 
660 26 
661 303 
664 30 
669 64 
671 186 
671 131 
671 7594 
673 186 
673 2012 
674 2004 
676 363 
677 78 
678 34 
678 766 
679 852 
679 303 
679 65 
681 1622 
683 22 
684 229 
685 708 
686 462 
689 725 
689 10147 
690 117 
693 1779 
694 64 
696 302 
696 217 
697 934 
699 158 
702 2089 
703 249 
705 829 
705 572 
709 26 
725 591 
728 86 
730 110 
734 172 
737 9 
738 16 
738 19 
740 97 
743 1629 
744 65 
746 151 
749 3333 
749 1416 
751 855 
751 602 
751 164 
753 83 
754 499 
758 1527 
759 926 
763 21 
764 237 
768 46 
768 696 
770 642 
771 1096 
772 526 
773 283 
774 99 
774 2003 
776 1051 
777 81 
777 71 
778 147 
781 9 
782 74 
784 913 
785 1011 
789 96 
790 819 
791 109 
792 59 
793 165 
793 1297 
797 156 
799 31538 
803 389 
805 300 
814 334 
818 0 
819 149 
820 702 
820 1 
822 29705 
825 146 
827 61 
827 1398 
832 58 
833 431 
833 206 
838 59 
838 3537 
838 171 
847 1185 
851 59 
853 389 
859 38 
863 42 
871 861 
873 43 
875 1679 
878 582 
878 936 
879 74 
884 79 
885 192 
885 88 
888 72 
891 1191 
896 662 
896 4305 
897 207 
899 308 
901 115 
904 111 
906 60 
906 63 
908 6517 
908 781 
911 18 
915 145 
918 1155 
921 3015 
928 764 
936 512 
939 810 
941 1751 
942 189 
942 453 
942 138 
943 9610 
944 216 
947 199 
947 2433 
947 211 
953 426 
954 280 
956 568 
958 846 
965 70 
965 1741 
968 89 
975 21 
979 12 
980 164 
983 637 
991 168 
991 861 
992 463 
994 409 
995 148 
997 34 
998 4 
998 131 
1007 13879 
1008 182 
1009 9 
1010 997 
1010 371 
1011 79 
1012 49 
1014 224 
1014 1778 
1015 1296 
1017 1923 
1017 711 
1020 505 
1021 2111 
1024 2063 
1027 205 
1027 357 
1027 2370 
1033 1012 
1033 540 
1039 243 
1045 2494 
1053 81 
1058 1278 
1059 979 
1060 226 
1062 4471 
1068 722 
1069 554 
1070 341 
1070 248 
1072 528 
1074 733 
1084 84 
1085 90 
1085 58 
1087 582 
1087 286 
1089 356 
1090 267 
1098 81 
1102 717 
1103 248 
1107 141 
1115 235 
1117 228 
1119 255 
1125 9485 
1126 1087 
1129 48 
1130 589 
1130 335 
1130 975 
1132 123 
1133 6 
1134 850 
1136 186 
1147 2359 
1149 4149 
1153 237 
1158 165 
1159 773 
1160 574 
1160 993 
1161 135 
1164 1557 
1172 15 
1175 654 
1180 1244 
1184 2317 
1185 2171 
1188 20 
1189 245 
1192 682 
1193 682 
1197 229 
1199 2465 
1211 226 
1214 220 
1220 21 
1221 1734 
1224 206 
1229 201 
1229 161 
1233 1150 
1241 720 
1245 291 
1247 307 
1265 1377 
1270 124 
1278 946 
1282 65 
1282 536 
1288 261 
1289 21 
1296 754 
1298 69 
1300 42 
1311 104 
1312 550 
1322 158 
1326 9402 
1332 193 
1334 473 
1344 545 
1345 971 
1360 768 
1362 1153 
1365 119 
1366 3301 
1377 1460 
1382 152 
1384 594 
1385 804 
1392 67 
1397 125 
1405 864 
1414 287 
1420 52 
1427 0 
1432 153 
1435 5781 
1438 3639 
1444 168 
1446 2409 
1450 209 
1483 61 
1485 4382 
1494 1277 
1500 17 
1505 1412 
1512 1229 
1512 116 
1517 181 
1520 75 
1523 1114 
1523 151 
1530 199 
1534 871 
1536 929 
1544 2170 
1557 186 
1560 538 
1574 663 
1575 382 
1581 443 
1583 202 
1585 1103 
1591 119 
1603 68 
1605 123 
1607 545 
1607 94 
1610 204 
1612 824 
1641 2826 
1650 3869 
1662 610 
1666 4428 
1670 511 
1675 653 
1680 1256 
1692 373 
1706 1 
1724 133 
1726 7759 
1735 1021 
1739 351 
1754 71 
1758 44 
1763 23 
1770 4 
1773 836 
1774 827 
1799 953 
1803 1038 
1807 88 
1807 7190 
1815 204 
1819 319 
1823 1085 
1824 1460 
1828 2764 
1834 1708 
1838 147 
1840 136 
1863 485 
1875 307 
1878 1564 
1880 5332 
1882 59 
1888 53 
1893 898 
1902 529 
1914 50 
1923 3636 
1924 1936 
1930 904 
1938 976 
1945 809 
1956 254 
1962 828 
1963 15 
1964 166 
1964 781 
1964 834 
1969 704 
1995 1049 
2000 93 
2002 2817 
2004 65 
2007 652 
2031 293 
2045 1676 
2074 610 
2084 1131 
2091 233 
2103 926 
2106 3396 
2107 12 
2107 504 
2130 2907 
2130 709 
2139 96 
2148 1226 
2169 3232 
2173 2475 
2178 66 
2178 993 
2179 142 
2183 23 
2191 30 
2205 1156 
2206 95 
2215 966 
2225 369 
2229 17 
2230 1590 
2244 288 
2247 483 
2252 674 
2268 27 
2297 154 
2309 118 
2322 327 
2325 1879 
2328 1363 
2332 72 
2335 200 
2336 273 
2345 12079 
2349 509 
2354 1071 
2358 888 
2359 9 
2365 52 
2368 488 
2376 350 
2377 3573 
2379 2077 
2379 44 
2379 608 
2382 573 
2383 193 
2384 1429 
2387 20 
2389 6703 
2390 624 
2400 10 
2401 220 
2404 693 
2409 170 
2411 134 
2416 1230 
2417 2090 
2427 2548 
2428 65 
2430 61 
2436 117 
2443 317 
2448 2496 
2453 136 
2462 923 
2462 2794 
2465 793 
2470 807 
2479 123 
2482 1120 
2484 1595 
2502 185 
2503 623 
2507 244 
2508 5195 
2510 342 
2515 578 
2517 1389 
2519 529 
2554 143 
2555 122 
2555 454 
2561 173 
2569 1381 
2573 205 
2574 146 
2579 154 
2581 234 
2585 1357 
2599 574 
2603 2423 
2603 2338 
2609 1174 
2609 470 
2621 2121 
2622 459 
2625 1013 
2640 1285 
2649 1138 
2652 101 
2652 1836 
2654 131 
2655 2 
2660 419 
2680 666 
2680 3862 
2686 273 
2686 1087 
2691 1340 
2691 188 
2704 810 
2707 1112 
2713 511 
2754 330 
2763 69 
2768 211671 
2768 154 
2772 190 
2774 151 
2785 28 
2793 352 
2797 1121 
2801 444 
2803 83 
2806 143 
2809 175 
2813 1492 
2827 1408 
2829 602 
2830 14 
2832 1727 
2847 1581 
2856 1553 
2866 110 
2870 457 
2874 2031 
2875 109 
2880 690 
2897 247 
2901 3090 
2901 4167 
2905 2508 
2920 76 
2935 12 
2943 62 
2948 110 
2971 1101 
2978 3 
2982 2166 
2984 118 
3004 772 
3005 2280 
3017 887 
3026 24 
3030 1178 
3033 679 
3047 246 
3050 761 
3052 1625 
3058 1006 
3061 62 
3079 119 
3123 1099 
3132 311 
3139 1375 
3141 56 
3149 130 
3149 1140 
3167 79 
3168 1332 
3174 53 
3178 1274 
3188 169 
3207 679 
3211 589 
3211 742 
3213 344 
3231 280 
3233 2751 
3245 1571 
3247 236 
3263 596 
3265 281 
3271 13535 
3276 1141 
3280 785 
3286 932 
3289 1623 
3294 558 
3296 2114 
3308 21 
3309 160 
3312 590 
3312 4647 
3312 346 
3317 122 
3330 1256 
3332 479 
3340 86 
3353 64 
3358 1294 
3369 888 
3383 596 
3386 834 
3392 579 
3400 2029 
3412 202 
3451 12807 
3460 35 
3483 652 
3483 357 
3487 1507 
3489 1016 
3490 767 
3490 97 
3527 83 
3528 731 
3535 728 
3540 364 
3541 646 
3566 45 
3588 3212 
3590 2739 
3618 708 
3628 890 
3644 3164 
3647 562 
3665 135 
3690 207 
3691 34 
3694 432 
3698 6391 
3711 15 
3715 1691 
3716 22 
3725 555 
3734 2438 
3734 630 
3751 213 
3774 3469 
3782 158 
3802 71 
3811 513 
3813 1487 
3829 318 
3831 62 
3832 3919 
3847 71 
3869 467 
3871 147 
3884 1232 
3886 790 
3909 735 
3912 99 
3932 5027 
3938 61 
3949 3938 
3952 588 
3956 346 
3957 115 
3972 958 
3988 384 
3990 99 
3991 3272 
4005 1675 
4014 1139 
4016 175 
4027 1234 
4032 14 
4045 1162 
4050 1251 
4066 108 
4073 5 
4075 3168 
4091 3152 
4107 1048 
4114 109 
4116 511 
4121 228 
4125 20 
4139 31 
4158 607 
4177 384 
4187 34 
4199 224 
4203 420 
4206 1218 
4210 274 
4217 1098 
4226 124 
4229 4517 
4247 1070 
4248 2774 
4285 223 
4296 307 
4300 76 
4301 1231 
4315 5327 
4326 408 
4352 730 
4355 94 
4356 3325 
4377 1074 
4381 829 
4382 21580 
4397 397 
4398 350 
4401 1720 
4415 143 
4421 1893 
4423 11964 
4427 29 
4437 444 
4439 4113 
4439 110 
4444 222 
4453 62 
4459 248 
4460 1946 
4463 901 
4475 1092 
4494 2317 
4497 517 
4498 132 
4505 784 
4512 168 
4517 1154 
4525 263 
4529 164 
4530 729 
4534 1246 
4565 695 
4567 503 
4568 112799 
4578 395 
4581 915 
4590 18659 
4590 729 
4600 1630 
4606 457 
4617 509 
4625 719 
4630 10 
4631 474 
4635 770 
4645 424 
4651 847 
4660 805 
4663 258 
4675 381 
4683 4290 
4686 1048 
4703 753 
4723 188 
4725 115 
4733 57 
4741 1077 
4747 20534 
4756 977 
4758 1708 
4764 2564 
4764 1226 
4766 285 
4769 1054 
4788 1125 
4792 366 
4793 1120 
4795 98 
4819 1348 
4821 241 
4824 4342 
4826 276 
4827 883 
4843 275 
4850 1363 
4862 43 
4887 241 
4895 1179 
4905 1122 
4917 262 
4918 1658 
4930 964 
4935 417 
4937 300 
4938 417 
4943 538 
4967 53 
4991 113 
5007 771 
5031 3966 
5037 71 
5040 17 
5042 1359 
5076 333 
5078 400 
5090 151 
5094 545 
5095 238 
5098 69 
5108 394 
5109 127 
5115 2622 
5118 17 
5140 2003 
5166 831 
5184 43 
5203 2190 
5238 2569 
5242 41 
5250 752 
5258 583 
5264 1422 
5293 711 
5301 1133 
5307 1376 
5309 1886 
5340 12 
5389 774 
5408 83 
5410 273 
5422 167 
5423 436 
5426 13 
5430 8 
5470 561 
5473 81 
5477 549 
5482 242 
5511 34 
5525 798 
5527 40 
5537 130 
5543 363 
5565 535 
5576 1141 
5577 223 
5580 186 
5580 1132 
5589 20 
5593 165 
5594 664 
5597 128 
5604 676 
5618 343 
5621 248 
5633 97 
5645 29 
5656 69 
5656 1447 
5666 2006 
5672 5110 
5680 1165 
5683 2180 
5705 1060 
5720 2315 
5768 1745 
5796 2322 
5827 14 
5837 382 
5843 87 
5861 3174 
5863 3744 
5868 7044 
5874 2435 
5875 1043 
5879 1103 
5884 38 
5894 2015 
5900 10656 
5924 580 
5939 1799 
5944 493 
5946 442 
5946 4215 
5951 907 
5952 232 
5960 1580 
5960 176 
5961 3693 
5979 2723 
5982 121 
5985 141 
5990 50 
5997 279 
6011 209 
6012 295 
6047 116 
6055 3410 
6057 62 
6071 396 
6077 355 
6088 1347 
6091 220 
6103 673 
6114 376 
6118 1105 
6128 8822 
6130 211 
6134 492 
6138 1699 
6144 2026 
6156 262 
6175 1016 
6196 2379 
6208 59 
6214 1707 
6230 737 
6261 124 
6286 338 
6289 199 
6290 1257 
6292 87 
6300 617 
6308 193 
6312 234 
6360 2831 
6369 20 
6369 200 
6386 34 
6406 850 
6407 124 
6413 316 
6431 1418 
6437 121 
6441 230 
6441 370 
6481 634 
6485 919 
6511 1993 
6518 1998 
6518 1170 
6520 298 
6542 199 
6545 854 
6555 197 
6602 25 
6606 861 
6618 612 
6621 774 
6631 1452 
6650 143 
6669 1183 
6676 212 
6695 97 
6700 323 
6723 111 
6749 329 
6778 1549 
6779 526 
6802 70 
6804 111 
6806 1880 
6814 741 
6823 3452 
6875 1233 
6881 92 
6905 4 
6906 716 
6952 382 
6957 14324 
6969 5548 
6979 568 
6984 495 
6988 160 
6991 698 
6994 1507 
7007 2436 
7024 430 
7029 5219 
7043 1445 
7050 66 
7053 960 
7055 1686 
7058 180 
7066 736 
7074 274 
7078 750 
7082 852 
7083 411 
7102 438 
7111 1413 
7132 1174 
7137 268 
7156 413 
7169 493 
7179 276 
7192 802 
7197 1292 
7200 27 
7202 631 
7242 61 
7250 1779 
7253 1204 
7287 58 
7290 1126 
7303 1339 
7324 1043 
7332 34 
7343 263 
7355 441 
7375 158 
7416 2402 
7425 1517 
7439 244 
7456 743 
7457 765 
7458 20 
7463 932 
7471 1225 
7478 2461 
7484 2795 
7489 293 
7520 1251 
7529 5322 
7574 1339 
7601 84428 
7608 1023 
7613 429 
7616 7 
7621 370 
7624 5421 
7628 1358 
7629 589 
7630 300 
7637 565 
7650 1500 
7656 230 
7658 143 
7659 460 
7661 1222 
7665 391 
7667 676 
7667 947 
7668 1876 
7672 2941 
7679 152 
7689 344 
7690 1098 
7691 432 
7691 106 
7692 89 
7694 274 
7700 786 
7700 1345 
7702 358 
7716 127 
7721 1738 
7736 216 
7747 265 
7750 925 
7787 6 
7789 173 
7799 577 
7804 79 
7811 110 
7836 1024 
7838 103 
7863 379 
7871 495 
7876 35 
7898 46 
7918 256 
7934 919 
7949 1463 
7955 3185 
7967 2113 
7975 208 
7976 176 
7977 1452 
7985 1751 
7991 225 
7993 170 
8000 3657 
8011 445 
8022 797 
8064 1757 
8080 385 
8095 56 
8136 572 
8137 210 
8145 304 
8149 35 
8174 119 
8178 73 
8179 1432 
8219 212 
8220 676 
8227 410 
8237 490 
8258 6245 
8273 1752 
8284 2133 
8285 1560 
8288 271 
8295 949 
8298 42 
8312 638 
8336 3464 
8357 1110 
8359 2586 
8361 2626 
8370 950 
8372 1505 
8373 263 
8384 1053 
8389 98 
8408 523 
8408 929 
8425 966 
8438 1309 
8465 905 
8473 94 
8495 59 
8527 189 
8549 741 
8550 404 
8559 106 
8561 595 
8595 843 
8598 6495 
8605 851 
8616 34 
8622 587 
8628 266 
8641 836 
8641 779 
8653 138 
8655 56 
8657 688 
8685 509 
8692 999 
8698 5141 
8699 861 
8718 163 
8719 246 
8726 1127 
8737 437 
8741 848 
8744 1309 
8745 321 
8772 39 
8774 329 
8781 105 
8785 953 
8787 376 
8810 188 
8810 188 
8822 91 
8822 91 
8830 504 
8830 504 
8837 260 
8837 260 
8839 338 
8839 338 
8866 375 
8871 328 
8885 85 
8892 1381 
8906 602 
8907 5572 
8912 5322 
8918 502 
8920 1558 
8928 1526 
8929 2491 
8933 1896 
8937 1656 
8946 75 
8946 326 
8959 1278 
8968 602 
8968 278 
8983 307 
8993 358 
9012 1361 
9021 1257 
9037 42 
9089 192 
9095 745 
9104 30 
9170 146 
9179 9 
9183 689 
9204 1618 
9215 715 
9219 1843 
9255 25 
9262 230 
9283 93 
9290 2602 
9295 288 
9308 802 
9318 129 
9319 73 
9341 5653 
9352 569 
9352 1051 
9355 794 
9378 2262 
9382 322 
9389 449 
9409 1838 
9413 329 
9418 329 
9432 1658 
9437 1092 
9441 442 
9447 442 
9466 1473 
9468 776 
9476 238 
9488 261 
9492 696 
9497 87 
9516 267 
9563 2491 
9594 112 
9601 1381 
9614 406 
9635 139 
9647 5683 
9660 71 
9662 55 
9663 399 
9677 375 
9677 86 
9712 157 
9730 123 
9735 98 
9743 1582 
9751 43 
9816 768 
9827 2611 
9844 684 
9852 1041 
9906 2482 
9907 1017 
9908 1158 
9946 767 
9946 134 
9947 2 
9948 1453 
9958 32 
9987 2634 
9997 49 
9998 4458 
10005 592 
10048 69 
10082 158 
10095 123 
10145 1321 
10166 364 
10169 1053 
10199 218 
10201 128 
10209 1397 
10210 168 
10223 203 
10223 143 
10233 1101 
10235 95 
10242 417 
10243 958 
10253 956 
10282 26 
10300 224 
10311 238 
10319 11 
10320 137 
10347 226 
10359 4165 
10383 4210 
10389 69 
10413 772 
10417 641 
10443 552 
10516 1235 
10519 812 
10539 95 
10540 2381 
10547 1099 
10549 6068 
10551 1269 
10567 2701 
10575 1057 
10588 665 
10591 1473 
10601 144 
10617 456 
10634 582 
10641 338 
10649 74 
10660 819 
10667 229 
10693 1261 
10700 431 
10714 437 
10736 641 
10737 1853 
10750 955 
10754 958 
10764 29 
10775 85 
10787 2083 
10810 39 
10811 678 
10816 485 
10823 22 
10848 739 
10853 59 
10863 260 
10887 806 
10903 661 
10924 33 
10939 317 
10945 438 
10953 2729 
10978 2413 
10978 2413 
10985 1633 
11025 335 
11025 770 
11028 1212 
11036 257 
11040 36 
11041 104 
11044 45 
11079 2445 
11123 90 
11140 1311 
11154 602 
11154 602 
11155 1029 
11159 6 
11184 696 
11186 748 
11221 14 
11235 88 
11283 679 
11286 149 
11288 1328 
11294 818 
11297 3135 
11331 64 
11338 288 
11345 640 
11375 281 
11376 1313 
11380 741 
11380 332 
11417 914 
11424 2571 
11497 1744 
11501 796 
11523 25 
11529 1372 
11530 111 
11554 3241 
11578 172 
11581 445 
11586 808 
11603 663 
11611 437 
11622 1587 
11623 1146 
11628 1324 
11649 705 
11655 114 
11703 597 
11705 915 
11709 568 
11712 426 
11721 55 
11730 1309 
11736 295 
11795 1771 
11821 299 
11845 1850 
11857 272 
11863 100 
11874 4139 
11889 501 
11904 618 
11912 1305 
11913 1261 
11915 3731 
11920 622 
11965 220 
11966 292 
11975 2806 
11977 184 
11995 2755 
11999 1319 
12010 203 
12021 1240 
12029 77 
12032 193 
12039 457 
12039 1051 
12040 27 
12040 464 
12049 385 
12054 1240 
12057 161 
12064 109 
12066 219 
12071 659 
12085 160 
12092 358 
12094 597 
12096 25685 
12104 5170 
12107 221 
12111 174 
12114 158 
12121 1083 
12137 164 
12137 200 
12138 674 
12142 147 
12147 188 
12164 434 
12167 1020 
12174 159 
12179 542 
12180 22 
12185 5167 
12190 414 
12191 419 
12194 167 
12198 428 
12200 368 
12200 1329 
12238 1788 
12240 287 
12248 4632 
12257 488 
12263 258 
12266 713 
12281 680 
12306 37 
12323 2056 
12326 36 
12332 98 
12333 1719 
12349 356 
12363 350 
12365 1236 
12368 985 
12384 107 
12385 161 
12390 203 
12399 271 
12446 1211 
12460 364 
12472 409 
12477 302 
12479 574 
12503 56 
12538 1828 
12552 224 
12567 312 
12567 294 
12578 1196 
12579 560 
12613 85 
12732 134 
12747 389 
12789 1068 
12797 176 
12798 723 
12803 1367 
12804 231 
12834 118 
12842 81 
12876 74 
12878 1148 
12912 359 
12917 1581 
12930 3 
12934 8 
12951 30 
12960 519 
12982 244 
12989 1110 
12996 2091 
13016 1067 
13022 1086 
13035 135 
13045 1226 
13062 157 
13079 738 
13090 283 
13093 474 
13174 227 
13184 132 
13188 1548 
13192 126 
13226 1779 
13234 95 
13240 90 
13248 1242 
13255 1610 
13262 317 
13272 1024 
13277 778 
13279 1112 
13285 2528 
13294 1984 
13311 339 
13321 237 
13333 1893 
13336 204 
13416 14 
13418 10 
13425 321 
13438 15 
13452 68 
13467 190 
13477 61 
13495 25 
13516 1307 
13517 49 
13525 908 
13526 2414 
13530 550 
13542 81 
13545 153 
13554 700 
13558 4796 
13584 1877 
13586 56 
13609 358 
13613 682 
13630 526 
13657 895 
13673 2749 
13676 690 
13686 85 
13686 83 
13687 261 
13688 517 
13691 1663 
13711 296 
13733 1088 
13740 3403 
13743 155 
13748 1317 
13751 484 
13756 1646 
13765 81 
13771 413 
13784 1273 
13795 395 
13797 131 
13798 8 
13803 28 
13807 1603 
13811 149 
13833 516 
13836 479 
13865 365 
13874 156 
13966 1948 
13967 657 
14050 460 
14068 77 
14136 2043 
14146 504 
14152 1492 
14164 9380 
14169 2063 
14176 599 
14182 1931 
14192 1129 
14205 1216 
14225 127 
14229 115 
14236 106 
14244 799 
14257 6353 
14272 242 
14278 408 
14303 318 
14310 235 
14344 648 
14344 823 
14346 149 
14348 729 
14350 1466 
14354 1955 
14390 717 
14436 902 
14468 870 
14491 308 
14501 954 
14514 23 
14542 1286 
14564 1150 
14585 95 
14591 1268 
14627 212 
14628 12 
14634 571 
14653 223 
14656 928 
14676 4259 
14698 1414 
14714 609 
14717 728 
14727 856 
14729 377 
14739 470 
14747 896 
14765 352 
14768 1278 
14772 1547 
14773 474 
14798 565 
14813 477 
14851 1428 
14864 2851 
14866 558 
14876 35 
14891 1780 
14895 584 
14907 2015 
14930 2460 
14931 1208 
14935 568 
14950 142 
14954 88 
14964 1329 
14974 1290 
14978 855 
14980 691 
14988 480 
15031 100247 
15032 62 
15035 1414 
15036 254 
15046 1567 
15048 1283 
15050 687 
15052 2932 
15058 2554 
15062 172 
15062 92 
15063 2529 
15064 36464 
15065 757 
15066 710 
15067 311 
15068 292 
15074 667 
15075 274 
15076 1579 
15079 702 
15080 562 
15081 682 
15083 1253 
15087 139 
15090 159 
15093 103 
15095 229 
15097 199 
15099 6786 
15106 6029 
15107 381 
15109 641 
15110 8 
15112 89 
15113 1711 
15113 211 
15122 874 
15123 733 
15124 473 
15133 95 
15135 719 
15146 1649 
15147 1471 
15148 82 
15150 750 
15158 178 
15158 2598 
15165 467 
15171 142 
15178 427 
15178 95 
15181 1489 
15181 3256 
15182 261 
15207 2036 
15222 90 
15229 68 
15233 4562 
15243 918 
15252 88 
15254 2696 
15270 126 
15274 390 
15281 139 
15285 113 
15289 1399 
15289 284 
15294 103 
15306 270 
15313 101405 
15318 632 
15321 379 
15325 241 
15325 70 
15335 718 
15338 315 
15340 344 
15347 121 
15356 116 
15365 708 
15375 475 
15381 295 
15383 182 
15387 1549 
15387 139 
15395 377 
15397 730 
15403 166 
15405 129 
15406 479 
15420 137 
15439 2187 
15448 722 
15449 632 
15453 170 
15453 302 
15458 388 
15476 205 
15501 184 
15506 354 
15547 117 
15564 287 
15574 1054 
15580 408 
15586 226 
15592 1846 
15629 1090 
15648 287 
15654 23711 
15685 1792 
15688 939 
15689 889 
15690 278 
15694 132 
15699 235 
15707 1252 
15713 233 
15715 993 
15720 1815 
15733 247 
15747 639 
15763 1616 
15777 376 
15828 265 
15832 311 
15847 274 
15852 79 
15875 606 
15898 277 
15914 385 
15926 71 
15931 849 
15935 2636 
15946 582 
15949 326 
15975 1731 
15999 96 
16038 276 
16085 186 
16099 23 
16126 439 
16129 40 
16135 626 
16136 1215 
16137 352 
16276 2063 
16337 5670 
16353 447 
16370 191 
16390 16 
16497 1666 
16510 319 
16517 1427 
16571 25 
16590 1012 
16599 1291 
16626 312 
16654 538 
16658 549 
16671 11 
16681 140 
16710 1291 
16767 889 
16770 139 
16789 44 
16840 894 
16843 709 
16871 539 
16881 536 
16896 6318 
16916 617 
16934 917 
16969 200 
17037 860 
17101 1047 
17106 549 
17124 1435 
17139 846 
17155 546 
17161 763 
17187 703 
17209 1119 
17210 1595 
17233 194 
17254 2093 
17281 44 
17281 2158 
17290 409 
17298 139 
17301 44 
17348 1747 
17352 1555 
17371 73 
17395 341 
17405 827 
17410 90 
17413 33 
17435 199 
17476 1532 
17487 276 
17514 655 
17524 1344 
17526 240 
17536 818 
17549 1432 
17554 2749 
17576 418 
17581 2139 
17592 1373 
17598 192 
17634 730 
17637 256 
17644 901 
17644 925 
17653 3237 
17658 1027 
17666 1266 
17669 72 
17670 364 
17738 884 
17739 1919 
17742 356 
17744 237 
17746 1917 
17747 2804 
17758 125 
17761 259 
17763 95 
17764 1286 
17768 227 
17774 158 
17779 306 
17780 872 
17785 1326 
17788 922 
17791 164 
17797 155 
17799 541 
17799 117 
17806 1432 
17809 810 
17811 119 
17812 198 
17818 248 
17819 317 
17826 416 
17836 123 
17842 309 
17850 2506 
17857 302 
17862 1361 
17872 5231 
17888 418 
17895 54 
17899 1036 
17916 621 
17925 151 
17931 170 
17941 1005 
17944 1037 
17955 5220 
17955 515 
17968 1010 
17975 209 
17980 27 
17994 450 
18004 579 
18016 1466 
18019 243 
18019 3198 
18038 1296 
18041 1656 
18041 2002 
18044 1312 
18046 253 
18056 777 
18057 67 
18059 1184 
18070 784 
18075 65 
18077 904 
18078 2574 
18096 1641 
18110 513 
18115 154 
18121 12789 
18123 43 
18127 180 
18138 178 
18146 241 
18150 735 
18152 1114 
18154 155 
18155 108 
18156 163 
18156 466 
18156 580 
18158 250 
18159 557 
18161 3074 
18174 540 
18182 2295 
18184 942 
18187 49 
18202 103 
18206 1454 
18210 1237 
18215 1012 
18224 1995 
18228 257 
18250 1139 
18252 138 
18260 350 
18271 599 
18273 84 
18277 52 
18285 23 
18287 121 
18292 347 
18294 144 
18298 352 
18309 797 
18326 598 
18338 310 
18338 398 
18342 761 
18351 29 
18362 685 
18376 1151 
18379 424 
18385 24 
18388 810 
18397 1103 
18401 7830 
18408 388 
18419 115 
18424 931 
18437 486 
18450 129 
18457 723 
18458 122 
18463 117 
18479 14395 
18480 774 
18482 1405 
18500 475 
18503 1197 
18506 188 
18506 969 
18508 516 
18509 750 
18516 1936 
18521 28 
18528 421 
18528 123 
18531 374 
18549 658 
18559 201 
18560 212 
18562 81 
18570 527 
18577 8314 
18580 19 
18591 2582 
18592 266 
18595 654 
18597 194 
18605 386 
18606 1771 
18606 1052 
18617 831 
18621 956 
18622 33 
18628 207 
18641 1277 
18656 324 
18667 1300 
18683 552 
18692 107 
18712 1708 
18729 244 
18742 151 
18765 62 
18771 1230 
18793 2961 
18794 797 
18811 7577 
18821 138 
18824 636 
18825 531 
18828 6480 
18833 803 
18841 123 
18841 233 
18847 43 
18851 428 
18855 181 
18865 5468 
18878 5947 
18886 1033 
18895 180 
18901 321 
18909 53 
18919 931 
18946 50 
18957 231 
18958 2377 
18973 1279 
18977 13228 
18978 3257 
19000 39 
19005 442 
19005 1192 
19008 186 
19014 138 
19024 159 
19046 89 
19059 72 
19060 1345 
19077 41 
19087 168 
19088 195 
19095 61 
19123 400 
19125 28 
19129 302 
19132 183 
19135 1815 
19173 1135 
19178 158 
19192 19 
19215 509 
19226 561 
19249 359 
19257 192 
19259 184 
19269 1134 
19279 1552 
19291 234 
19300 357 
19307 1334 
19308 637 
19312 62 
19331 86 
19337 1675 
19347 1736 
19352 763 
19356 69 
19377 761 
19378 244 
19391 19 
19398 276 
19418 162 
19427 1406 
19436 2188 
19445 707 
19452 1711 
19463 1116 
19468 2212 
19531 140 
19533 293 
19537 1232 
19548 67 
19568 625 
19593 1285 
19603 5197 
19604 1747 
19627 1422 
19629 4216 
19635 352 
19665 3958 
19678 269 
19693 1456 
19697 62 
19701 1388 
19704 1258 
19712 187 
19714 1421 
19723 137 
19724 139 
19756 45 
19762 221 
19786 355 
19799 1453 
19811 820 
19813 3280 
19831 740 
19853 177 
19873 136 
19883 96 
19908 318 
19930 15 
19931 203 
19942 1027 
19942 76 
19947 154 
19960 76 
19971 828 
20007 988 
20016 596 
20064 869 
20071 712 
20080 5201 
20136 103 
20174 834 
20195 5575 
20213 101 
20230 751 
20237 2043 
20310 1307 
20317 1261 
20317 988 
20318 1344 
20333 948 
20336 143 
20343 248 
20349 2818 
20352 1729 
20364 1256 
20382 1009 
20400 78 
20425 2226 
20452 1632 
20467 1256 
20474 306 
20507 415 
20532 25 
20542 1349 
20544 7838 
20547 325 
20564 172 
20573 113 
20605 711 
20632 153 
20639 664 
20651 7332 
20664 907 
20674 241 
20677 5639 
20688 200 
20701 41 
20702 116 
20704 617 
20706 782 
20713 212 
20719 1435 
20740 104 
20750 378 
20761 809 
20772 287 
20790 272 
20792 242 
20803 34 
20824 1156 
20853 322 
20855 299 
20886 100 
20952 253 
20963 1165 
20987 437 
20999 890 
21038 155 
21049 392 
21056 1348 
21060 3759 
21069 334 
21081 231 
21100 447 
21113 25 
21132 70 
21158 707 
21188 60 
21194 737 
21196 226 
21304 297 
21310 573 
21337 599 
21339 205 
21394 816 
21401 7698 
21423 104 
21429 852 
21560 1367 
21567 1129 
21596 1850 
21615 997 
21633 3061 
21641 609 
21654 1594 
21663 552 
21670 13849 
21678 519 
21724 158 
21725 708 
21753 142 
21770 974 
21772 255 
21782 39 
21792 1132 
21797 4516 
21826 472 
21845 187 
21858 473 
21889 630 
21920 571 
21926 447 
21986 653 
22015 714 
22022 1393 
22030 867 
22101 1223 
22149 48 
22152 443 
22153 218 
22159 107 
22160 409 
22176 376 
22190 26 
32649 1421 
32752 622 
32762 209 
32781 484 
32788 131 
32812 82 
32874 411 
32991 3800 
32999 801 
33021 283 
33039 300 
33074 1060 
33085 336 
33100 1258 
33131 133 
33190 1002 
33258 3255 
33282 380 
33411 342 
33484 209 
33507 80 
33524 169 
33553 16 
33687 999 
33688 20 
33690 435 
33755 32 
33850 892 
33854 2196 
33862 379 
33931 1324 
33944 554 
33985 1682 
33999 191 
34006 5293 
34030 1364 
34047 119 
34077 852 
34083 908 
34120 82 
34184 791 
34204 1646 
34215 284 
34240 518 
34248 2226 
34352 198 
34364 20 
34450 1198 
34547 165 
34603 543 
34616 132 
34661 1038 
34669 222 
34719 90 
34725 1799 
34799 3736 
34820 2337 
34825 996 
34827 93 
34829 111 
34854 80 
34862 102 
34887 174 
34957 957 
34968 144 
34973 279 
34993 595 
35029 349 
35032 410 
35033 1737 
35129 316 
35163 324 
35176 210 
35185 93 
35306 75 
35309 1651 
35457 764 
35488 70 
35519 1856 
35592 706 
35609 3178 
35636 63 
35641 5366 
35658 2262 
35730 1457 
35741 421 
35789 257 
35793 28 
35808 913 
35885 236 
35903 112 
35981 1022 
36057 134 
36091 413 
36095 33102 
36119 47 
36129 1801 
36131 1074 
36131 61 
36133 3226 
36138 1255 
36145 401 
36146 65 
36148 175 
36170 3575 
36171 916 
36178 25 
36182 130 
36198 16 
36205 417 
36209 156 
36216 1238 
36218 50 
36223 58 
36260 91 
36270 418 
36277 59 
36286 96 
36287 48 
36315 136 
36332 90 
36337 437 
36344 58 
36355 213 
36367 124 
36426 669 
36433 87 
36451 520 
36466 907 
36518 899 
36581 194 
36590 4606 
36590 469 
36608 87 
36619 250 
36631 499 
36644 323 
36673 2385 
36682 1765 
36725 1109 
36727 963 
36763 195 
36764 88 
36791 594 
36810 672 
36811 59 
36836 1457 
36842 3526 
36857 2465 
36867 669 
36883 126 
36887 472 
36902 545 
36902 797 
36938 1717 
36954 3848 
36961 223 
37008 1285 
37033 352 
37141 117 
37163 211 
37166 441 
37281 303 
37318 1275 
37367 400 
37425 116 
37439 744 
37466 399 
37469 790 
37525 2175 
37657 1187 
37691 115 
37698 744 
37764 746 
37866 908 
37866 908 
37881 1203 
37940 764 
38021 256 
38036 127 
38055 336 
38214 138 
38262 273 
38474 93 
38826 96 
38863 221 
38912 141 
39089 905 
39150 100 
39278 1129 
39328 1561 
39351 963 
39373 35 
39478 126 
39537 301 
39574 684 
39594 1386 
39647 2716 
39832 9 
39898 282 
39906 725 
40005 183 
40073 389 
40133 103 
40138 1185 
40216 371 
40278 70 
40318 925 
40344 1179 
40369 551 
40423 367 
40438 592 
40441 17 
40497 1980 
40519 3997 
40523 759 
40543 9227 
40543 143 
40556 966 
40558 261 
40578 432 
40615 365 
40682 1061 
40687 1101 
40710 745 
40745 92 
40758 34 
40841 44 
41384 150 
41518 271 
41525 1051 
41528 2807 
41627 94 
41671 138 
41941 543 
42205 2995 
42264 864 
42273 950 
42367 141 
42431 3088 
42471 1321 
42561 455 
42604 249 
42727 545 
42756 350 
42921 1860 
42947 824 
43014 2937 
43469 56 
43498 2555 
43794 1373 
43889 179 
44020 1210 
44042 1868 
44065 244 
44239 477 
44274 2820 
44317 134 
44358 138 
44392 1066 
44683 6 
44775 3217 
44954 1156 
44989 2865 
45060 789 
45113 54 
45146 458 
45238 14 
45339 417 
45375 659 
45593 286 
45719 153 
46129 1337 
46242 187 
46392 2829 
46431 1412 
46459 1225 
46474 138 
46500 346 
46550 6540 
46573 5645 
46672 1059 
46924 1481 
47311 500 
47343 203 
47379 723 
47489 964 
47598 1686 
47689 1619 
47776 32 
47800 505 
47942 1660 
47963 2631 
47976 2934 
48108 233 
48165 2704 
48182 751 
48192 28 
48207 319 
48210 3432 
48317 742 
48465 1393 
48885 495 
48988 1174 
49118 993 
49146 567 
49591 332 
49928 4 
50152 984 
50235 63 
50447 142 
50673 30 
51114 460 
51592 1653 
51709 2166 
51815 215 
51900 2599 
52422 1096 
52512 886 
52551 1009 
52913 170 
53007 1125 
53438 1199 
53703 1427 
53967 217 
54022 10 
54061 428 
55289 1040 
55364 443 
55498 279 
55715 925 
55905 591 
55989 72 
56098 50 
56361 269 
56390 11 
57339 1456 
57360 5907 
57380 1108 
57416 325 
57444 643 
57470 452 
57551 1819 
57665 837 
58001 469 
58110 60 
58244 155 
58469 224 
59061 203 
59946 45977 
59959 1215 
59971 679 
59972 1007 
59989 33 
59996 30 
60000 695 
60003 212 
60012 1755 
60013 1274 
60016 99 
60034 321 
60120 56 
60201 584 
60202 685 
60248 81 
60494 2128 
60612 1600 
60631 6236 
60720 83 
60841 1153 
60869 362 
60901 185 
60913 325 
60978 593 
61145 1759 
61215 207 
61241 1297 
61261 4418 
61311 8069 
61323 3049 
61346 34 
61461 983 
61468 2456 
61620 105 
61726 87 
61884 236 
62077 1231 
62280 2081 
62383 180 
62430 477 
62512 602 
62710 6130 
62744 2403 
62760 248 
62842 3593 
63189 753 
64129 169 
64405 773 
64438 6600 
64456 1562 
64467 597 
64508 643 
64824 3151 
65236 20 
65360 8349 
65407 1171 
65417 1639 
65444 3532 
65487 1305 
65493 392 
65554 234 
65598 1235 
65674 1038 
65685 241 
65913 145 
65919 162 
65975 116 
65975 192 
66232 2151 
66286 591 
66337 1077 
66436 104 
66625 1970 
66742 526 
66881 1500 
66968 1080 
67234 48 
67288 11654 
67322 238 
67329 3428 
67333 376 
67340 2800 
67391 3574 
67459 5544 
67485 631 
67498 357 
67506 3162 
67571 293 
67605 1928 
67640 512 
67708 32567 
67746 1046 
67748 102 
67749 486 
67922 2115 
67983 204 
68095 222 
68095 222 
68454 1789 
68589 1883 
68590 164 
68834 871 
68978 962 
69320 366 
69625 252 
70253 201 
70674 1814 
70684 769 
70806 622 
71054 41027 
71076 212 
71085 467 
71106 967 
71108 2368 
71112 305 
71135 286 
71231 1112 
71367 1014 
71597 754 
72539 350 
73081 9295 
73308 200 
73383 548 
73555 3 
73877 213 
74544 380 
74569 150 
75257 1765 
75484 2694 
75512 1791 
75575 4076 
75629 526 
75638 143 
75659 2254 
76405 1213 
76478 3353 
76501 424 
76752 110 
77078 487 
77164 31 
77809 10419 
77852 1664 
77871 699 
77896 2620 
77962 1767 
78014 962 
78078 92 
78176 575 
78185 957 
78356 232 
78677 1484 
78752 520 
78800 390 
78940 197 
79026 346 
79212 207 
79730 4928 
79939 3386 
80152 1831 
80225 1068 
80319 619 
80955 4 
81255 1036 
81349 51 
81625 1106 
81650 5205 
81720 927 
81731 883 
81909 1131 
82016 584 
82125 1448 
82149 3268 
82166 767 
82291 75 
82507 432 
82631 1082 
82950 801 
83102 1332 
83126 4138 
83129 1067 
83163 268 
83266 597 
83275 848 
83384 1016 
83432 171 
83432 171 
83503 239 
83550 906 
83560 105 
84018 101 
84069 664 
84371 117 
84526 255 
84781 545 
84955 381 
85011 541 
85048 1281 
85148 18 
85191 7 
85294 51 
85749 1005 
85777 285 
86026 354 
86131 1250 
86209 939 
86271 608 
86616 152 
86704 174 
86779 106 
86802 582 
86824 416 
86918 1163 
87085 1623 
87211 4088 
87488 757 
87866 2077 
87942 327 
87969 196 
88220 655 
88364 16 
88443 65 
88693 693 
88695 312 
88730 31 
88739 45 
88809 2311 
88861 302 
88895 347 
88912 714 
89011 575 
89023 360 
89043 2248 
89117 1002 
89158 1197 
89219 28 
89226 476 
89239 112 
89243 1627 
89263 268 
89272 165 
89337 103 
89417 697 
89464 232 
89529 1132 
89599 3903 
89646 70 
90007 1906 
90080 257 
90143 173 
90174 398 
90361 786 
90370 1772 
90422 32 
90490 101 
90543 822 
90616 636 
90657 609 
90696 144 
90726 6078 
90804 570 
90908 958 
90924 24 
90929 268 
90963 3447 
91032 129 
91041 371 
91201 50 
91588 467 
91622 768 
91767 674 
91834 254 
91883 1123 
91980 406 
92057 1452 
92113 778 
92201 2062 
92293 5 
92700 301 
92743 435 
92762 1212 
92773 638 
92808 2698 
93053 80 
93060 97 
93075 131 
93103 643 
93302 367 
93323 3421 
93346 4958 
93362 183 
93365 1215 
93401 593 
93410 96 
93423 142 
93489 175 
93531 429 
93630 108 
93831 436 
93872 1445 
93887 1348 
93974 161 
93975 443 
94013 1283 
94095 12 
94641 783 
94648 1390 
94743 2590 
94784 1829 
94849 510 
94894 59 
95271 85 
95391 696 
95391 1003 
95612 99 
95884 46 
95906 599 
95970 190 
96022 38 
96023 2042 
96038 1023 
96132 746 
96474 81 
96679 72 
96968 188 
97221 1851 
97268 408 
97371 375 
97426 1032 
97523 303 
97551 5208 
97619 253 
97654 2692 
97700 488 
97718 971 
97718 616 
97757 1707 
97958 305 
98003 815 
98026 1001 
98026 403 
98045 5142 
98059 976 
98127 104 
98154 80 
98269 597 
98407 931 
98724 836 
98780 249 
98838 794 
98880 49 
98892 410 
98930 115 
99219 643 
99459 701 
99518 1495 
99618 1152 
99867 217 
99881 122 
99884 1101 
100056 1788 
100275 2014 
100352 645 
100407 44 
100566 2373 
100641 33 
100688 316 
100717 215 
100800 14 
100808 1121 
100875 2293 
100890 2305 
100965 860 
101080 16 
101153 4252 
101317 372 
101448 3069 
101892 157 
102146 1032 
102176 1101 
102195 231 
102573 27 
102692 87 
102778 9245 
102807 280 
102810 518 
102810 1447 
102838 212 
102840 633 
102879 693 
102898 4820 
102912 778 
102932 436 
102974 354 
102989 923 
102999 142 
103054 43 
103112 102 
103263 236 
103374 335 
103847 1208 
103905 80 
104157 484 
104481 842 
104577 1511 
105034 638 
105042 309 
105266 116 
105343 317 
105371 526 
105425 169 
106204 2339 
106582 876 
106595 7 
106615 1142 
106664 415 
106796 22 
106815 1400 
106866 51 
107191 573 
107273 1170 
107323 109 
107490 160 
107543 453 
107623 137 
107800 296 
107971 1288 
107983 3976 
108153 493 
108581 235 
108755 243 
108761 389 
108874 658 
109011 213 
109436 1587 
110202 1943 
110232 626 
110343 1005 
110389 221 
110422 1632 
110476 811 
110498 1486 
110498 1486 
110553 1030 
110569 790 
110659 123 
110670 122 
110703 789 
110834 1490 
110864 707 
110889 1097 
111149 49 
111182 340 
111349 504 
111458 834 
111482 988 
112234 1274 
112398 1195 
112652 563 
112667 882 
113431 90 
113716 1126 
114523 1073 
114666 1203 
114826 434 
115106 752 
115254 122 
115297 48 
115335 93 
115609 428 
115697 8 
116130 369 
116469 240 
116709 620 
117373 105 
117379 65 
117546 381 
117921 120 
118199 2305 
118300 829 
119476 144 
119546 471 
119686 248 
119939 49 
120133 332 
120173 246 
120224 455 
121087 3479 
121669 3946 
121890 1900 
123221 101 
123374 7 
123575 712 
124813 312 
124841 2688 
124884 2006 
125614 96 
125638 2691 
125670 890 
125859 958 
125960 559 
125980 358 
126023 79 
126041 601 
126342 109 
126708 2010 
126980 1527 
127009 140 
127033 1043 
127103 1546 
127127 385 
127188 90 
127641 504 
128106 206 
128121 722 
128125 1326 
128151 704 
128151 225 
128696 1003 
128858 8038 
128860 748 
128885 1618 
128936 684 
129168 491 
129195 632 
129389 129 
129570 887 
129585 1621 
129670 111 
130032 501 
130523 104 
131740 176 
132489 501 
132854 1002 
133013 2369 
133077 1395 
133095 3078 
133128 310 
133153 374 
133177 512 
133304 486 
133368 431 
133439 2409 
133713 210 
133855 27908 
133925 9037 
133941 398 
133961 2283 
134027 154 
134062 126 
134082 1267 
134112 7605 
134121 172 
134131 204 
134198 1457 
134198 503 
134307 1363 
134314 6037 
134328 713 
134443 1377 
134482 978 
134724 1878 
134757 662 
135384 333 
135562 2298 
135595 1071 
135609 1143 
136125 53 
136197 218 
136648 14 
136766 160 
137594 67 
137835 3325 
139202 1291 
139826 706 
140363 46 
140805 493 
140816 941 
142186 667 
142231 649 
143388 2196 
143540 1353 
143582 1777 
143685 2761 
143757 567 
143757 567 
144794 1316 
145518 740 
145575 1375 
146084 4230 
146104 658 
146198 266 
146346 13910 
146367 444 
146377 1839 
146414 679 
146716 183 
146832 141 
146925 235 
147193 269 
147630 574 
148927 111 
149093 169 
150016 15123 
150033 448 
150037 2090 
150039 2643 
150047 815 
150051 130 
150052 1276 
150062 2689 
150089 357 
150302 134 
150512 402 
152205 110 
152506 1656 
152748 1258 
153187 3266 
153282 3006 
153343 623 
154118 3368 
154175 1280 
154413 694 
154726 1044 
154753 1551 
155091 767 
155657 150 
155751 892 
156137 767 
157036 1038 
157387 517 
157390 282 
157601 193 
160065 134 
163754 133 
164087 2380 
164516 2104 
164562 78 
164571 381 
165299 251 
165622 644 
165804 2001 
165820 493 
166118 66 
166447 146 
167602 875 
168783 52 
168790 103 
168933 961 
168954 133 
169016 31 
169571 153 
170567 372 
171076 718 
171139 1391 
172166 940 
172204 97 
172210 1353 
172248 77 
172292 585 
172335 303 
172382 165 
172490 10905 
172504 582 
172519 1466 
172535 706 
172548 1598 
172569 11 
172615 2250 
172623 495 
172662 776 
172706 260 
172755 105 
172817 237 
172825 286 
172921 166 
173027 167 
173734 750 
173900 22 
174399 287 
175026 229 
175919 69 
176086 7 
176374 889 
176699 1295 
176775 1453 
178132 754 
178182 43 
178428 331 
178446 1314 
178452 1781 
178470 97 
178612 2709 
178635 493 
178771 674 
178856 374 
178925 105 
178989 432 
179242 223 
179316 1248 
179513 1537 
179548 159 
179618 1987 
180081 1184 
180088 956 
180366 369 
181219 57 
181232 88 
181432 1209 
181442 478 
181445 1318 
181467 1376 
181471 95 
181515 491 
181525 120 
181546 137 
181608 1629 
181636 366 
181654 1347 
181680 16780 
181690 571 
181692 580 
181696 926 
181698 150 
181703 133 
181724 119 
181734 200 
181769 1769 
181771 32 
181775 1343 
181790 447 
181871 232 
181882 297 
181904 653 
181916 112 
181937 107 
182026 1002 
182435 180 
183496 54 
184678 108 
185151 1481 
185324 74 
185431 34 
185533 162 
186036 112 
186185 1321 
186206 123 
186789 458 
186899 306 
187467 1123 
187801 391 
187813 386 
187936 241 
188512 1433 
188882 1262 
189018 355 
189067 1476 
189206 339 
191382 615 
191452 479 
192644 759 
192658 540 
192703 1097 
192748 74 
192848 98 
193323 2494 
193339 1035 
193363 807 
193371 200 
193374 964 
193409 175 
193429 704 
193453 191 
193489 967 
193753 1085 
194398 4 
195327 997 
195466 162 
196293 45 
196419 540 
196453 534 
196928 496 
198904 29 
199198 358 
199217 448 
199303 56 
199704 612 
199844 227 
199881 340 
199935 292 
200681 13 
201276 1092 
201700 12427 
201717 296 
201732 215 
201744 1188 
201788 119 
201818 220 
201818 220 
201841 783 
201841 783 
201861 543 
201861 543 
201878 96 
202966 941 
203636 1507 
203695 11555 
203739 652 
203741 477 
203788 342 
203826 104 
203843 1072 
203889 770 
203914 1754 
204630 1347 
204791 190 
204833 49 
204836 557 
204939 803 
204951 2750 
204962 4076 
204966 4965 
204967 2442 
204993 6510 
204997 1100 
205030 231 
205046 28 
205058 1805 
205081 2473 
205142 141 
205215 10287 
205284 251 
205394 1176 
205446 623 
205670 187 
205796 183 
205842 33 
206445 75 
206761 227 
206943 1289 
208521 61 
208719 1343 
208841 389 
209152 35 
211178 2004 
211847 74 
212081 54 
212538 149 
213543 130 
214829 261 
215486 443 
215976 45 
216196 87 
216277 1335 
216986 1317 
217023 891 
217138 131 
217407 280 
217618 3842 
217668 1041 
218519 6618 
218571 257 
218940 928 
219188 1137 
219342 433 
219411 5 
219994 218 
221376 128 
222694 396 
227341 1120 
234332 1281 
234456 13 
237159 685 
237251 1475 
238207 307 
238207 307 
238552 328 
239045 1185 
239075 5574 
239128 206 
239317 1097 
239677 134 
242149 221 
242228 1571 
246422 707 
246426 214 
246499 400 
246618 1132 
249200 55 
249875 43 
251143 319 
251166 104 
252249 2604 
252307 510 
252527 361 
252737 819 
253415 1090 
253497 38 
254998 204 
255767 42 
256914 3565 
256976 111 
257060 75 
257121 82 
257239 77 
257763 1433 
257771 1922 
259753 652 
259763 900 
260124 1039 
260467 1190 
260970 1383 
262452 73 
263358 238 
264349 612 
264508 91 
267165 683 
267177 518 
267599 37 
268316 143 
268430 334 
268810 1258 
272491 1039 
273633 2071 
273692 238 
273704 241 
274699 1894 
274722 1466 
277633 1601 
277886 249 
277940 1401 
279613 795 
282370 167 
284123 407 
284240 394 
285768 1966 
288038 175 
291648 1578 
294366 576 
295271 162 
299332 1593 
299867 801 
299883 1169 
300329 38 
300895 275 
301419 3579 
301425 3210 
301467 1200 
301515 1181 
301621 850 
302078 1409 
302217 654 
302270 202 
302274 1813 
302330 6469 
302362 1182 
302407 314 
302452 767 
302461 488 
302484 1164 
305946 261 
316496 88 
322015 1245 
322037 1179 
322044 1821 
322048 1219 
322065 262 
322079 1111 
322085 599 
322104 1173 
322110 1361 
322111 1101 
322117 516 
322148 99 
322160 1152 
322178 88 
322574 251 
322591 7482 
322633 1652 
322806 240 
322850 270 
322967 547 
322967 547 
323104 2735 
325642 1011 
325660 403 
325798 419 
346067 171 
347073 1253 
347932 159 
349552 848 
350850 201 
351294 1191 
356913 1379 
356955 791 
356970 616 
359371 139 
360800 18 
361460 321 
362286 435 
364520 74 
367091 49 
368519 382 
370145 806 
370214 1159 
374262 118 
377719 760 
382103 17073 
382173 154 
382184 106 
382188 361 
382189 783 
382195 320 
382199 400 
382200 885 
382205 279 
382218 155 
382230 344 
382236 71 
382252 117 
382257 122 
382369 152 
382479 89 
382490 27 
382499 67 
382539 151 
382585 158 
382634 500 
382665 121 
382755 1523 
382760 66 
382768 83 
382877 181 
383091 50 
383155 96 
384110 29 
384576 3227 
384600 4119 
384843 1798 
385146 448 
385459 206 
391555 34 
403087 67 
408180 4313 
408445 144 
408555 454 
408824 283 
413311 1516 
436112 27 
438018 570 
446676 135 
448439 153 
462486 1185 
462523 87 
463984 99 
467560 345 
476277 1547 
476317 1315 
476327 3109 
476388 481 
476462 10187 
476485 248 
476498 402 
476508 182 
476756 313 
476814 209 
477211 1130 
499733 834 
502948 313 
517633 1040 
518173 73 
536625 66 
544475 493 
545517 405 
545546 916 
550713 1121 
555850 1659 
555872 8294 
555912 274 
555916 237 
555920 1114 
555938 1475 
556030 3153 
556108 1534 
556178 3668 
556307 2051 
556322 847 
556446 2566 
602611 132 
