4875 1.02148148148
0 13199609 
5 412 
10 1466 
13 8251 
14 824 
15 146 
15 1218 
16 1143 
17 1891 
17 1033 
17 6321 
17 2290 
17 2290 
18 1562 
18 294 
19 3139 
20 696 
20 635 
21 706 
21 514 
21 1432 
22 775 
22 1497 
22 553 
23 293 
23 45 
24 2572 
24 422 
24 167 
25 3138 
26 1403 
26 1300 
26 595 
26 2447 
27 972 
27 1661 
27 71 
27 21 
28 963 
28 3207 
28 909 
29 658 
29 687 
29 185 
29 495 
30 672 
32 2928 
32 2769 
32 1110 
32 80 
32 1730 
33 574 
33 2912 
33 1115 
34 759 
34 398 
34 772 
35 2247 
35 657 
35 173 
35 1 
35 182 
36 11527 
36 1659 
36 1675 
36 174 
36 324 
37 330 
37 2201 
37 683 
37 1261 
37 152 
38 130 
39 821 
39 306 
39 58 
39 201 
40 230 
40 777 
40 404 
41 1720 
42 1137 
42 1707 
42 2848 
43 1103 
43 33 
45 128 
45 502 
45 209 
46 235 
46 143 
47 315 
48 735 
48 832 
48 1223 
49 969 
49 1031 
49 807 
49 455 
49 687 
50 381 
51 645 
51 821 
51 1332 
51 147 
52 760 
52 1181 
52 523 
52 1603 
53 8358 
53 2102 
53 266 
53 1811 
54 1139 
54 1967 
55 503 
55 78 
55 3294 
56 5517 
56 500 
57 169 
57 2044 
57 1335 
58 1146 
58 177 
59 1321 
60 2612 
61 49 
61 2060 
61 743 
61 212 
61 2919 
62 129 
63 557 
63 1295 
64 1161 
65 555 
65 1268 
65 2123 
66 1103 
66 1243 
66 831 
67 885 
68 120 
69 170 
69 134 
70 1363 
70 1225 
71 191 
72 596 
72 453 
72 372 
72 436 
73 589 
73 208 
74 75 
74 924 
74 1481 
76 94 
77 714 
79 408 
79 2854 
79 89 
79 1607 
80 757 
80 1118 
81 94 
81 337 
82 4738 
82 559 
83 735 
85 207 
85 2047 
85 1410 
86 33 
88 5 
88 6581 
88 311 
90 236 
90 1774 
90 457 
90 2375 
92 248 
92 449 
93 3783 
95 766 
96 696 
96 4 
96 802 
97 918 
97 109 
97 199 
97 2045 
97 483 
98 594 
98 1151 
99 707 
99 2313 
99 227 
100 464 
101 1604 
101 190 
101 343 
102 836 
102 320 
103 82 
103 536 
103 1035 
103 1262 
104 807 
104 112 
104 514 
105 199 
105 2083 
106 303 
106 113 
106 466 
107 1502 
107 180 
109 624 
110 780 
110 1220 
111 1409 
111 324 
112 1320 
112 21 
114 85 
115 617 
117 386 
117 422 
117 764 
120 231 
120 1865 
120 204 
121 400 
121 1027 
123 5630 
123 49 
124 999 
124 5101 
125 645 
127 833 
127 23 
127 243 
128 143 
129 51 
130 2190 
131 171 
132 2104 
133 147 
133 1642 
133 4083 
133 2046 
134 11 
135 78 
135 1686 
138 1176 
139 90 
140 1420 
141 83 
141 447 
141 144 
141 463 
142 199 
142 167 
142 163 
143 821 
143 16 
144 707 
144 415 
145 242 
146 422 
147 745 
148 275 
149 187 
150 274 
152 125 
152 36 
153 483 
153 2797 
155 1131 
155 64 
155 1910 
155 1598 
155 279 
157 814 
158 37 
162 1774 
162 704 
163 16 
164 207 
164 1631 
165 942 
165 704 
166 0 
166 2350 
169 375 
171 440 
173 557 
173 2927 
176 405 
177 1271 
178 88 
181 721 
182 366 
184 1123 
184 35 
185 611 
189 256 
189 376 
193 123 
193 60 
193 524 
195 3218 
195 602 
201 466 
201 46 
201 281 
201 410 
205 48 
206 23 
206 949 
207 382 
207 535 
207 267 
208 371 
208 1261 
209 1347 
211 536 
212 229 
212 812 
215 1219 
216 1332 
217 467 
217 185 
217 910 
218 430 
219 938 
224 265 
227 324 
229 310 
229 1376 
231 138 
233 1037 
234 674 
234 118 
235 510 
237 1348 
245 115 
247 1119 
250 791 
251 518 
253 3701 
253 1776 
253 746 
255 106 
257 240 
258 372 
258 1425 
261 1459 
262 992 
263 472 
264 620 
265 231 
267 768 
268 1457 
269 1533 
269 272 
270 185 
275 377 
276 554 
276 760 
276 1037 
277 2367 
280 740 
285 1859 
286 50 
286 25 
287 1284 
289 91 
290 68 
290 44 
291 181 
291 1064 
292 681 
297 350 
297 488 
298 3113 
298 466 
300 2047 
301 712 
302 1742 
303 64 
304 1468 
307 2574 
311 328 
311 193 
314 767 
316 348 
318 5582 
318 2758 
321 444 
322 531 
322 151 
323 1060 
326 1767 
327 19 
328 870 
329 578 
329 3380 
330 935 
330 674 
333 991 
334 94 
334 335 
335 31 
337 397 
338 1812 
339 867 
339 1530 
340 96 
340 239 
341 245 
341 586 
342 1671 
344 430 
352 1513 
352 1766 
353 2805 
355 2812 
356 455 
357 392 
358 343 
363 314 
364 366 
364 287 
365 1177 
367 993 
369 965 
369 243 
373 127 
375 1656 
375 363 
376 477 
376 490 
377 263 
377 15 
380 125 
380 308 
381 165 
384 900 
385 1947 
388 1174 
390 2500 
394 2771 
394 376 
395 287 
397 237 
398 156 
399 714 
402 954 
406 192 
409 274 
409 3879 
409 861 
411 3147 
414 2373 
416 1864 
416 1353 
418 954 
419 270 
424 352 
427 45 
430 135 
431 5581 
431 33899 
433 159 
433 5681 
433 323 
435 94 
435 1629 
437 496 
439 319 
439 153 
442 5616 
444 1481 
447 101 
454 49 
454 1265 
455 130 
458 176 
458 673 
459 325 
462 152 
463 1019 
464 161 
469 1224 
470 115 
474 1526 
476 320 
476 642 
479 7 
491 486 
494 1396 
497 385 
499 2425 
501 106 
504 565 
505 32 
510 167 
511 1721 
514 207 
515 3470 
520 1107 
521 252 
524 910 
529 1477 
529 647 
530 128 
532 11 
534 367 
536 431 
537 265 
541 3266 
545 552 
547 1570 
552 677 
552 432 
555 705 
555 153 
556 1061 
563 984 
563 1083 
564 670 
574 978 
574 235 
575 159 
581 216 
581 216 
583 1447 
583 1447 
590 155 
590 155 
593 921 
593 921 
597 2925 
597 2925 
607 207 
607 207 
610 98 
610 355 
610 98 
610 1420 
610 1420 
610 355 
612 226 
612 306 
612 306 
612 226 
614 378 
614 378 
616 49 
616 226 
616 226 
616 49 
622 1685 
622 1685 
622 416 
622 34 
622 34 
622 416 
623 972 
623 972 
623 1035 
623 1035 
627 3744 
627 3744 
631 949 
631 949 
634 1685 
634 1685 
637 567 
640 2051 
644 327 
644 1474 
645 690 
645 1024 
655 182 
656 1038 
657 383 
659 472 
661 163 
661 1380 
666 1839 
669 0 
678 753 
682 770 
683 2543 
686 553 
688 442 
688 613 
690 285 
691 220 
692 1560 
702 1199 
703 527 
703 1157 
711 1876 
712 414 
716 1255 
719 55 
725 844 
726 89 
726 282 
726 235 
726 82 
730 1621 
730 3366 
732 226 
732 3 
736 794 
742 252 
746 526 
747 256 
751 2203 
754 502 
754 1516 
760 1758 
762 175 
763 451 
764 10226 
767 28 
776 1617 
776 16 
777 1343 
777 751 
779 1382 
791 210 
796 1407 
801 162 
802 187 
808 1233 
814 746 
814 473 
815 205 
818 5221 
820 206 
824 1364 
827 1966 
828 243 
828 255 
832 124 
840 1449 
841 734 
853 3329 
855 394 
860 217 
863 905 
867 1623 
867 3323 
871 857 
871 753 
874 33 
876 1194 
876 647 
877 247 
878 557 
886 9074 
888 1498 
897 74 
900 658 
902 148 
905 168 
910 822 
911 2628 
912 957 
918 209 
919 629 
925 110 
927 1803 
936 241 
939 1114 
939 650 
941 401 
943 645 
946 344 
950 63 
955 416 
959 3134 
959 618 
963 124 
967 689 
969 255 
969 2334 
971 203 
973 84 
975 1578 
983 1134 
986 1000 
986 1287 
992 1837 
1001 2694 
1002 14265 
1006 1098 
1007 228 
1008 2306 
1009 1931 
1011 766 
1019 306 
1024 2872 
1030 30 
1035 15100 
1036 510 
1040 2197 
1047 1262 
1054 24 
1054 319 
1061 719 
1065 1468 
1071 84 
1071 373 
1073 6070 
1073 498 
1077 372 
1082 614 
1084 618 
1087 364 
1088 611 
1088 907 
1091 511 
1092 254 
1093 318 
1094 2477 
1096 75 
1105 1204 
1105 343 
1107 142 
1109 38 
1109 681 
1113 5249 
1114 4548 
1116 1980 
1117 6382 
1119 2258 
1119 910 
1121 423 
1139 1356 
1150 1018 
1150 85 
1151 159 
1154 146 
1160 1795 
1165 297 
1169 1491 
1170 1827 
1179 2083 
1183 98 
1187 171 
1193 1004 
1194 120 
1194 16 
1195 267 
1209 1146 
1216 654 
1223 2174 
1223 2155 
1226 450 
1228 1961 
1228 923 
1231 1051 
1234 1210 
1236 80 
1237 304 
1239 4586 
1240 816 
1241 728 
1242 529 
1243 580 
1257 1031 
1259 423 
1259 617 
1263 199 
1275 101 
1279 1278 
1280 2253 
1281 138 
1282 1992 
1284 409 
1286 123 
1287 339 
1291 1048 
1292 1355 
1307 429 
1309 348 
1309 7650 
1327 380 
1327 335 
1337 1366 
1338 368 
1344 192 
1346 971 
1346 1044 
1349 896 
1349 1014 
1358 148 
1377 4550 
1387 157 
1401 78 
1401 496 
1402 1266 
1409 561 
1413 1174 
1416 54 
1421 2053 
1424 2946 
1426 129 
1439 1950 
1446 241 
1447 75 
1448 205 
1455 1069 
1456 6437 
1457 435 
1470 10807 
1484 92 
1492 77 
1494 16 
1496 102 
1499 1109 
1503 746 
1506 158 
1510 794 
1516 112 
1527 265 
1531 64 
1535 1725 
1537 393 
1550 654 
1556 1729 
1565 1327 
1569 49 
1588 713 
1589 33 
1592 41 
1593 738 
1597 2647 
1605 3992 
1605 245 
1626 376 
1627 1592 
1629 534 
1638 475 
1640 1759 
1643 3176 
1651 493 
1653 374 
1658 7849 
1664 4638 
1668 1233 
1670 1056 
1675 289 
1693 236 
1694 155 
1697 357 
1704 3481 
1704 240 
1708 2078 
1711 14 
1722 1103 
1722 680 
1724 295 
1725 31 
1731 634 
1731 503 
1735 6837 
1737 610 
1751 207 
1758 336 
1770 603 
1774 387 
1775 4061 
1791 721 
1792 1258 
1793 587 
1808 140 
1837 667 
1865 379 
1886 455 
1892 1191 
1898 8768 
1899 142 
1925 119 
1928 429 
1933 267 
1933 470 
1935 140 
1937 230 
1970 2 
1982 798 
1985 161 
1989 142 
1996 674 
2010 116 
2022 415 
2030 1117 
2037 98 
2047 326 
2061 95 
2061 176 
2076 1019 
2099 842 
2104 2 
2105 720 
2113 164 
2113 24 
2122 376 
2131 137 
2152 52 
2156 415 
2159 2124 
2163 248 
2178 806 
2181 975 
2189 202 
2190 256 
2214 1368 
2217 616 
2244 259 
2248 7332 
2258 301 
2268 6 
2269 9992 
2274 12 
2280 833 
2284 831 
2300 138 
2305 146 
2317 335 
2325 644 
2330 380 
2340 1215 
2342 1456 
2349 98 
2362 1242 
2363 1035 
2370 1159 
2378 70 
2379 347 
2381 2541 
2392 628 
2392 940 
2395 1067 
2397 220 
2408 564 
2432 237 
2439 933 
2443 3359 
2458 173 
2466 564 
2481 12 
2487 153 
2489 115 
2496 782 
2508 824 
2532 148 
2534 136 
2534 230 
2546 3368 
2560 789 
2562 320 
2577 447 
2587 1420 
2588 1258 
2592 68 
2600 683 
2607 40 
2629 53 
2635 7 
2638 935 
2639 274 
2651 31 
2655 26 
2669 788 
2672 897 
2675 9 
2693 77 
2702 696 
2703 89 
2724 543 
2734 137 
2761 3088 
2765 788 
2766 2170 
2783 947 
2817 662 
2818 461 
2837 414 
2844 181 
2846 1972 
2846 116 
2861 1944 
2870 754 
2871 21 
2898 206 
2910 607 
2915 206 
2915 34 
2926 648 
2929 76 
2933 167 
2937 458 
2953 1603 
2966 82 
2969 246 
2973 138 
2983 267 
3009 1555 
3012 285 
3016 291 
3024 747 
3038 617 
3060 234 
3069 3165 
3076 825 
3096 845 
3099 2010 
3119 6466 
3124 6 
3146 486 
3164 82 
3165 33 
3169 1287 
3187 140 
3205 221 
3211 644 
3214 1882 
3217 310 
3245 51 
3256 1131 
3264 385 
3264 162 
3266 4508 
3274 369 
3279 53 
3293 917 
3295 2178 
3298 119 
3298 331 
3303 1032 
3313 646 
3318 1648 
3328 182 
3342 785 
3351 1268 
3364 3545 
3369 379 
3372 330 
3377 502 
3387 593 
3390 547 
3394 825 
3397 325 
3404 81 
3411 430 
3415 2478 
3418 1395 
3424 44 
3425 857 
3431 137 
3436 365 
3468 808 
3487 597 
3521 987 
3530 224 
3544 114 
3546 345 
3549 210 
3554 16 
3565 2019 
3577 352 
3598 1573 
3603 97 
3604 1428 
3606 459 
3629 613 
3644 90 
3650 4 
3665 136 
3667 113 
3678 533 
3680 252 
3684 2728 
3690 95 
3691 19 
3693 579 
3698 526 
3704 1284 
3707 130 
3718 277 
3724 175 
3725 1298 
3731 1829 
3742 186 
3756 32 
3765 1300 
3767 501 
3776 91 
3793 247 
3804 943 
3804 119 
3813 793 
3833 634 
3835 773 
3839 492 
3841 672 
3857 6239 
3874 742 
3887 741 
3888 287 
3892 506 
3900 360 
3904 1402 
3909 70 
3916 180 
3917 277 
3930 48 
3939 465 
3941 432 
3955 450 
3995 1008 
3995 1245 
4020 23 
4027 301 
4048 850 
4055 86 
4098 640 
4098 83 
4099 326 
4132 696 
4148 121 
4184 3439 
4186 260 
4188 408 
4189 844 
4210 160 
4211 1246 
4213 1738 
4216 396 
4254 156 
4270 34 
4282 113 
4286 15 
4303 11 
4304 807 
4316 348 
4335 148 
4348 588 
4355 1017 
4373 58 
4398 105 
4405 230 
4407 652 
4407 1245 
4411 1714 
4412 8891 
4413 189 
4415 156 
4418 578 
4423 329 
4454 307 
4462 296 
4465 1648 
4499 595 
4512 699 
4526 59 
4551 68 
4589 389 
4591 82 
4610 485 
4619 196 
4632 1183 
4633 1292 
4633 22 
4647 1256 
4653 447 
4663 1279 
4667 88 
4684 1485 
4703 424 
4712 415 
4719 1352 
4762 198 
4785 1007 
4786 2928 
4789 103 
4878 1026 
4889 2570 
4890 81 
4896 109 
4915 525 
4936 92 
4943 453 
4946 278 
4955 1093 
4968 299 
4970 167 
4975 468 
4995 579 
4998 2350 
5009 1476 
5040 1783 
5066 2370 
5071 192 
5105 809 
5116 101 
5123 822 
5123 845 
5139 890 
5143 1534 
5164 359 
5170 159 
5178 773 
5182 11990 
5202 199 
5216 287 
5228 94 
5243 46 
5252 945 
5282 2115 
5288 1339 
5325 295 
5336 20 
5338 0 
5338 450 
5340 165 
5347 606 
5356 117 
5356 401 
5365 1063 
5369 137 
5390 677 
5414 9175 
5433 222 
5434 2025 
5435 197 
5443 264 
5444 233 
5449 145 
5453 845 
5492 2608 
5496 1826 
5513 672 
5544 68 
5546 567 
5548 658 
5551 348 
5626 77 
5630 1002 
5642 1393 
5643 42 
5652 546 
5652 2774 
5715 573 
5726 1364 
5745 65 
5748 780 
5749 1507 
5756 469 
5763 243 
5783 112 
5793 1487 
5842 501 
5855 61 
5856 65 
5877 2010 
5890 372 
5915 481 
5969 125 
6003 243 
6007 1235 
6024 519 
6024 1646 
6032 28 
6034 175 
6058 145 
6062 495 
6088 1711 
6096 107 
6110 52 
6129 184 
6134 690 
6140 802 
6146 18 
6157 540 
6171 111 
6172 3578 
6203 602 
6205 1166 
6209 1248 
6228 1964 
6241 1194 
6242 76 
6254 667 
6272 245 
6324 953 
6330 319 
6347 1090 
6374 4714 
6377 90 
6391 3283 
6394 1006 
6407 265 
6413 41 
6426 122 
6443 1291 
6446 1148 
6449 1650 
6450 1209 
6452 805 
6454 950 
6454 1844 
6461 494 
6476 1026 
6496 11989 
6496 7 
6512 1559 
6516 5520 
6524 341 
6525 737 
6536 64 
6545 403 
6554 265 
6565 397 
6636 189 
6648 4 
6652 314 
6655 8239 
6657 56 
6663 503 
6665 485 
6679 743 
6724 136 
6757 713 
6768 348 
6776 379 
6788 166 
6793 1181 
6812 203 
6813 1467 
6828 581 
6839 2972 
6842 692 
6861 665 
6863 82 
6906 87 
6906 175 
6921 109 
6964 2400 
6969 73 
6987 293 
6994 154 
6999 401 
7001 2488 
7040 249 
7046 521 
7052 840 
7090 1888 
7115 306 
7123 638 
7146 602 
7157 37 
7165 18 
7167 972 
7174 1126 
7176 131 
7181 293 
7209 23 
7212 167 
7218 217 
7222 82 
7235 745 
7243 1237 
7261 165 
7284 3460 
7293 363 
7296 291 
7317 276 
7326 1161 
7343 98 
7347 411 
7404 577 
7406 1305 
7415 8521 
7417 4012 
7424 628 
7442 38 
7463 141 
7477 292 
7500 1396 
7509 81 
7521 2369 
7544 579 
7566 338 
7608 288 
7638 95 
7668 515 
7700 1575 
7705 1024 
7712 291 
7722 20 
7742 531 
7742 786 
7744 1054 
7746 881 
7748 7717 
7760 562 
7769 908 
7771 13498 
7778 796 
7785 405 
7796 1634 
7799 306 
7799 59 
7807 400 
7822 1025 
7831 155 
7832 32 
7851 6411 
7862 36 
7900 694 
7934 810 
7937 610 
7957 302 
7960 753 
7960 910 
8028 326 
8029 216 
8050 428 
8051 1099 
8052 110 
8064 324 
8072 1673 
8083 637 
8083 1123 
8101 1430 
8182 1214 
8186 385 
8192 300 
8200 1411 
8223 321 
8227 326 
8228 641 
8245 1367 
8251 1334 
8283 25 
8306 231 
8350 2 
8354 916 
8402 840 
8406 1475 
8432 1607 
8455 2042 
8455 3474 
8494 1039 
8502 43 
8505 51 
8507 3944 
8540 43 
8540 43 
8572 72 
8607 664 
8619 52 
8626 2285 
8680 1441 
8702 119 
8704 481 
8728 1341 
8755 46 
8798 274 
8806 14 
8816 321 
8832 205 
8861 556 
8863 662 
8872 2485 
8881 838 
8907 284 
8914 900 
8927 215 
8929 1246 
8934 86 
8943 2462 
8992 1316 
8997 19 
9000 1552 
9033 845 
9040 698 
9100 139 
9160 1475 
9172 737 
9183 339 
9190 275 
9204 482 
9215 238 
9238 1077 
9238 655 
9254 429 
9287 116 
9288 1214 
9290 269 
9346 641 
9352 819 
9360 398 
9389 1365 
9392 458 
9395 1635 
9432 65 
9436 364 
9445 1269 
9453 1079 
9482 284 
9496 619 
9520 289 
9540 27 
9586 1615 
9629 536 
9703 277 
9709 783 
9711 668 
9730 226 
9769 13864 
9782 170 
9783 237 
9877 94 
9906 378 
9926 860 
9933 515 
9937 139 
9937 201 
9964 178 
9968 506 
9993 1064 
10015 529 
10023 5553 
10055 331 
10062 253 
10071 1491 
10078 355 
10079 794 
10081 1297 
10086 635 
10086 758 
10109 366 
10129 2725 
10131 54 
10132 1277 
10134 187 
10135 2972 
10136 566 
10161 27544 
10232 7523 
10275 855 
10283 6 
10285 423 
10308 374 
10312 2238 
10336 820 
10339 1490 
10343 812 
10344 1519 
10372 111 
10385 55 
10388 636 
10404 1150 
10408 1081 
10412 37 
10422 1071 
10425 373 
10431 1114 
10440 225 
10449 154 
10468 337 
10580 1 
10636 228 
10641 796 
10644 24 
10646 1761 
10651 360 
10653 571 
10674 287 
10674 824 
10748 865 
10750 1551 
10765 680 
10777 848 
10797 310 
10810 918 
10818 801 
10833 1 
10840 1331 
10868 40 
10882 501 
10949 134 
10952 694 
10966 921 
10971 3361 
10988 328 
11044 687 
11048 29 
11053 2350 
11066 637 
11100 37 
11112 528 
11123 604 
11232 2860 
11308 1815 
11322 108 
11326 3501 
11334 6 
11361 93 
11460 797 
11468 61 
11507 242 
11524 641 
11528 1682 
11539 654 
11562 812 
11571 64 
11634 231 
11645 764 
11670 469 
11674 239 
11706 274 
11714 6066 
11721 550 
11760 399 
11767 55 
11843 24 
11854 407 
11896 4240 
11933 523 
11936 2792 
11940 142 
11998 704 
12028 227 
12049 881 
12079 56 
12145 344 
12149 2530 
12168 604 
12172 1718 
12175 672 
12176 395 
12177 301 
12207 408 
12251 279 
12254 1098 
12311 83 
12315 175 
12334 645 
12351 80 
12361 686 
12425 371 
12438 3 
12440 550 
12531 2545 
12555 101 
12579 1741 
12594 544 
12605 1453 
12648 523 
12664 923 
12776 746 
12798 2126 
12807 1735 
12829 4549 
12833 87 
12834 385 
12841 864 
12876 25 
12896 110 
12897 2 
12901 1898 
12904 822 
13086 106 
13089 394 
13099 22 
13114 3497 
13186 84 
13194 535 
13236 46 
13253 435 
13320 354 
13419 308 
13436 1145 
13451 201 
13456 680 
13463 3289 
13465 1982 
13477 3 
13477 1577 
13563 3436 
13568 782 
13573 73 
13583 598 
13649 1764 
13674 6890 
13687 164 
13709 11 
13724 932 
13755 1204 
13799 127 
13865 1062 
13909 60 
13925 1528 
13935 4183 
13936 982 
13944 90 
13954 787 
13980 168 
13982 70 
14026 76 
14126 1199 
14192 83 
14226 4383 
14254 100 
14268 756 
14316 38 
14339 3312 
14344 250 
14344 256 
14347 139 
14348 689 
14378 428 
14405 372 
14426 273 
14437 617 
14454 32 
14485 1059 
14505 128 
14549 1653 
14558 555 
14603 264 
14619 1909 
14622 63 
14626 549 
14639 1040 
14641 58 
14655 200 
14695 902 
14724 844 
14724 230 
14775 3498 
14816 781 
14846 663 
14950 151 
14992 601 
15008 194 
15023 1242 
15034 55 
15094 1214 
15172 6513 
15209 9 
15421 433 
15463 1089 
15475 649 
15484 2321 
15500 295 
15580 1270 
15596 286 
15608 41035 
15661 885 
15680 506 
15717 1423 
15766 428 
15803 119 
15826 569 
15917 1375 
15917 1375 
15946 236 
15948 187 
16027 1011 
16044 409 
16071 22 
16077 292 
16089 498 
16100 467 
16115 1033 
16248 1642 
16248 1989 
16377 706 
16385 771 
16430 653 
16513 745 
16516 891 
16537 636 
16570 2956 
16587 530 
16596 180 
16668 1295 
16815 336 
16915 500 
16938 428 
16977 314 
17023 1228 
17099 1406 
17119 1580 
17138 119 
17152 525 
17154 422 
17195 619 
17224 763 
17248 199 
17293 10180 
17401 297 
17475 235 
17486 1265 
17504 354 
17504 411 
17521 2531 
17724 661 
17786 2057 
17837 1977 
17858 1242 
17866 1431 
17923 99 
17974 432 
17997 1179 
18059 255 
18103 203 
18189 561 
18242 281 
18335 3002 
18386 4 
18388 1167 
18389 2092 
18402 307 
18462 125 
18562 608 
18590 389 
18611 72 
18617 255 
18630 6569 
18666 153 
18676 547 
18679 390 
18767 786 
18802 300 
18839 158 
18866 960 
18890 1255 
18924 18 
18950 1405 
18954 363 
19045 567 
19094 1239 
19179 517 
19198 164 
19263 38 
19272 433 
19275 2118 
19283 1009 
19305 86 
19321 513 
19369 2822 
19467 8163 
19498 429 
19511 510 
19602 248 
19645 1157 
19674 1090 
19690 163 
19805 462 
19818 2503 
19959 308 
20018 1366 
20036 383 
20094 478 
20108 298 
20183 13 
20215 1710 
20318 1431 
20378 1223 
20400 324 
20442 177 
20462 367 
20470 90 
20516 716 
20521 567 
20576 466 
20690 457 
20740 870 
20812 924 
20834 422 
20839 424 
20842 708 
20891 3451 
20952 300 
21066 867 
21076 561 
21084 1380 
21117 1095 
21296 121 
21327 324 
21335 1741 
21350 3477 
21397 0 
21413 71 
21529 162 
21587 1259 
21602 212 
21621 260 
21685 466 
21699 781 
21745 25 
21795 597 
21814 2340 
21834 2612 
21842 437 
21844 137 
21880 4041 
21897 412 
21963 172 
22021 345 
22025 1302 
22036 312 
22037 702 
22066 264 
22066 201 
22084 2 
22119 329 
22150 691 
22185 195 
22193 132 
22200 460 
22262 862 
22372 1342 
22372 1626 
22495 603 
22569 709 
22571 323 
22596 2424 
22637 9 
22715 23 
22718 564 
22737 128 
22812 3989 
22836 3030 
22842 2755 
22902 376 
22927 80 
23003 3404 
23055 442 
23291 329 
23356 68 
23368 259 
23379 1239 
23395 2033 
23476 974 
23501 123 
23586 1371 
23619 17206 
23649 357 
23654 411 
23663 744 
23708 11 
23909 723 
23959 1447 
24041 226 
24053 925 
24079 2307 
24083 1747 
24096 2029 
24099 853 
24142 1145 
24184 515 
24209 1195 
24216 177 
24246 935 
24251 111 
24262 2496 
24268 2555 
24303 593 
24309 1319 
24371 5485 
24590 1913 
24593 6793 
24597 1851 
24643 1707 
24644 783 
24667 889 
24684 226 
24717 1239 
24764 87 
24859 175 
24871 106 
24894 70 
24894 438 
24904 668 
25135 1767 
25179 219 
25223 861 
25229 7227 
25235 2772 
25237 1200 
25242 631 
25273 1312 
25347 1092 
25356 946 
25413 65 
25464 336 
25537 2910 
25548 586 
25602 117 
25649 245 
25669 1021 
25672 2199 
25702 655 
25712 560 
25730 615 
25731 251 
25791 36 
25796 129 
25854 334 
25856 1486 
25866 415 
25869 102 
25903 313 
25915 492 
25926 46 
25930 745 
25970 79 
25998 504 
26008 260 
26039 245 
26045 529 
26079 36 
26110 33 
26145 2092 
26166 1073 
26193 2477 
26196 585 
26203 1624 
26206 866 
26214 121 
26251 7238 
26290 709 
26298 384 
26302 53 
26326 1414 
26339 426 
26377 675 
26381 9 
26391 636 
26417 426 
26427 2716 
26451 1774 
26457 735 
26488 106 
26498 397 
26536 2794 
26557 15721 
26612 380 
26642 1426 
26645 629 
26675 1168 
26685 1238 
26702 2760 
26708 173 
26722 2292 
26732 262 
26732 105 
26745 258 
26804 33 
26808 1726 
26836 201 
26860 1284 
26873 514 
26934 285 
26945 85 
26949 156 
26958 701 
26958 10 
26982 803 
26982 1535 
26993 467 
27053 798 
27076 436 
27085 2784 
27088 920 
27100 1232 
27152 80 
27154 101 
27166 621 
27230 108 
27273 511 
27274 396 
27306 4550 
27324 1058 
27347 250 
27403 10058 
27406 823 
27420 1179 
27426 1064 
27468 1037 
27509 828 
27564 1979 
27568 119 
27589 458 
27600 11092 
27606 929 
27616 462 
27653 279 
27661 659 
27670 153 
27728 15206 
27739 273 
27766 4387 
27769 45884 
27798 1620 
27926 1373 
27953 1108 
28011 390 
28057 238 
28112 0 
28196 883 
28208 0 
28241 851 
28259 119 
28277 438 
28333 2551 
28375 27 
28393 305 
28398 723 
28464 1405 
28554 9085 
28579 357 
28586 1136 
28609 378 
28643 1188 
28708 1513 
28729 859 
28735 161 
28739 763 
28747 830 
28808 468 
28858 516 
28885 250 
28905 768 
28990 799 
28999 11375 
29028 259 
29040 1144 
29051 607 
29119 544 
29135 2065 
29198 2903 
29224 492 
29256 1045 
29322 233 
29345 214 
29386 250 
29456 952 
29460 140 
29463 911 
29616 2372 
29651 65 
29657 554 
29735 191 
29746 1281 
29753 790 
29798 1426 
29823 281 
29831 13789 
29834 479 
29870 2010 
29943 641 
29944 1013 
29956 1118 
29957 1594 
29969 908 
30013 353 
30073 211 
30076 855 
30085 572 
30091 555 
30101 270 
30117 594 
30231 615 
30243 2264 
30255 709 
30295 841 
30308 114 
30310 1105 
30356 47 
30404 83 
30406 2711 
30457 191 
30466 130 
30490 329 
30506 272 
30506 103 
30512 3425 
30560 1223 
30560 1223 
30594 1752 
30594 1752 
30617 146 
30617 146 
30621 65 
30621 65 
30675 35 
30689 574 
30716 715 
30769 184 
30815 745 
30818 189 
30824 223 
30853 306 
30860 1360 
31003 1428 
31025 816 
31053 1184 
31089 516 
31101 1920 
31154 2728 
31184 1174 
31214 451 
31227 982 
31276 1010 
31278 1089 
31340 428 
31348 2666 
31384 1085 
31411 852 
31414 518 
31415 2902 
31460 2855 
31461 517 
31470 531 
31495 85 
31532 1778 
31547 1376 
31553 788 
31570 964 
31591 554 
31595 939 
31605 1540 
31611 955 
31617 1264 
31619 1761 
31633 116 
31661 2723 
31674 104 
31682 873 
31717 1094 
31726 62 
31747 539 
31749 1130 
31755 627 
31780 1575 
31814 943 
31945 1133 
31990 107 
32065 928 
32122 521 
32131 1161 
32172 1056 
32177 3717 
32233 257 
32249 144 
32291 325 
32296 1004 
32308 709 
32319 457 
32323 81 
32338 2129 
32338 981 
32382 228 
32382 833 
32525 3065 
32526 513 
32531 1099 
32535 63 
32546 774 
32550 1078 
32551 1020 
32554 1028 
32576 1270 
32582 73 
32592 209 
32665 462 
32673 1625 
32681 775 
32709 5663 
32719 1545 
32730 75 
32740 1547 
32761 69 
32854 1425 
32861 1852 
32863 53 
32871 432 
32907 1304 
32910 933 
32916 561 
32948 447 
32963 2424 
32965 933 
32978 15 
32982 1357 
32991 1504 
32996 302 
33018 821 
33034 775 
33049 174 
33094 714 
33103 265 
33126 1128 
33145 936 
33192 712 
33195 297 
33208 820 
33239 1392 
33243 860 
33256 2913 
33278 198 
33281 50 
33288 3258 
33335 4441 
33347 1507 
33355 326 
33366 255 
33379 4083 
33391 106 
33422 2 
33464 177 
33469 2591 
33489 240 
33509 430 
33536 522 
33563 92 
33565 504 
33705 289 
33714 155 
33722 1789 
33730 629 
33768 23 
33787 988 
33872 889 
33902 817 
33957 450 
33962 1211 
33968 151 
34006 1848 
34028 1296 
34055 806 
34079 277 
34134 953 
34161 622 
34196 1160 
34271 153 
34291 35 
34335 127 
34349 1564 
34372 190 
34393 515 
34394 161 
34433 229 
34436 145 
34474 218 
34484 444 
34490 1184 
34508 832 
34521 1934 
34550 6263 
34561 1044 
34599 424 
34623 849 
34668 3440 
34677 4626 
34701 3162 
34738 239 
34741 3090 
34758 1589 
34765 930 
34791 308 
34802 329 
34846 631 
34968 632 
34969 1146 
34987 406 
35032 1237 
35049 363 
35070 9 
35144 1269 
35152 331 
35190 323 
35223 1524 
35235 84 
35240 96 
35258 1087 
35260 519 
35319 1804 
35374 2130 
35376 278 
35408 5710 
35435 132 
35472 2452 
35484 6572 
35494 360 
35539 64 
35539 200 
35543 307 
35576 1403 
35608 2496 
35644 217 
35659 631 
35687 625 
35715 889 
35769 1595 
35858 234 
35860 192 
35869 81 
35870 415 
35887 441 
35902 20 
35913 1163 
35925 232 
35934 209 
35942 1690 
35984 2461 
36008 1989 
36016 1675 
36040 683 
36150 292 
36164 1606 
36303 1413 
36321 2709 
36339 128 
36346 1340 
36370 156 
36376 397 
36390 586 
36401 75 
36440 1163 
36446 726 
36469 258 
36483 290 
36486 803 
36489 1622 
36501 235 
36505 288 
36510 467 
36528 504 
36534 627 
36555 2115 
36574 563 
36575 157 
36630 916 
36648 2753 
36699 1035 
36700 1094 
36708 2578 
36721 702 
36725 1263 
36730 544 
36731 1043 
36745 1184 
36804 185 
36859 1049 
36911 775 
36968 1113 
36979 1145 
37001 708 
37002 284 
37120 1552 
37147 307 
37160 361 
37165 1241 
37169 1997 
37180 657 
37199 1484 
37213 1004 
37257 519 
37258 39 
37361 28364 
37369 3233 
37410 1444 
37487 539 
37487 225 
37619 207 
37638 134 
37707 8831 
37725 508 
37761 36 
37766 266 
37767 66 
37852 1246 
37911 255 
37930 321 
37943 1029 
37985 8726 
37986 584 
38005 1 
38035 109 
38062 1432 
38125 3770 
38162 1073 
38194 364 
38198 1555 
38200 1500 
38231 140 
38257 1291 
38316 1029 
38329 529 
38350 647 
38358 840 
38422 1263 
38456 823 
38482 134 
38497 4556 
38514 724 
38537 1004 
38584 529 
38607 1504 
38658 2044 
38714 749 
38728 1998 
38732 222 
38756 2860 
38767 605 
38860 647 
38864 1019 
38886 552 
38890 1568 
38898 701 
38930 435 
38933 2327 
39010 26 
39032 202 
39036 109 
39081 2567 
39090 608 
39139 398 
39172 179 
39177 705 
39186 1192 
39190 1307 
39195 1570 
39209 127 
39232 1137 
39239 1703 
39261 972 
39342 9037 
39364 934 
39368 1173 
39380 2599 
39388 2283 
39435 964 
39595 2402 
39622 1295 
39629 876 
39647 1965 
39652 317 
39654 1128 
39668 1797 
39693 852 
39702 251 
39712 132 
39739 715 
39781 435 
39808 1210 
39808 3134 
39819 876 
39851 134 
39856 699 
39858 742 
39886 1345 
39895 3643 
39916 455 
39943 87 
40006 1420 
40067 663 
40138 304 
40165 174 
40167 672 
40180 403 
40212 2553 
40218 2441 
40224 1443 
40254 442 
40263 3 
40297 948 
40330 226 
40360 2798 
40367 1192 
40432 581 
40457 3818 
40463 676 
40520 1592 
40549 838 
40598 86 
40614 45 
40698 1112 
40713 1217 
40748 1211 
40757 254 
40759 1559 
40769 365 
40769 1005 
40772 908 
40782 1707 
40795 25 
40798 281 
40828 450 
40855 17170 
40888 902 
40929 248 
40981 157 
41003 1555 
41032 472 
41034 706 
41066 1098 
41136 174 
41146 883 
41170 720 
41182 820 
41201 43 
41209 412 
41219 5313 
41248 507 
41346 1878 
41357 278 
41375 2233 
41387 284 
41392 353 
41477 181 
41478 928 
41565 2597 
41573 415 
41582 427 
41676 301 
41682 1527 
41696 134 
41729 89 
41755 1103 
41793 4445 
41819 1006 
41824 217 
41825 6359 
41827 1374 
41871 447 
41930 14 
42084 217 
42088 2407 
42097 1989 
42131 85 
42138 1413 
42169 543 
42176 753 
42214 1211 
42221 434 
42228 1434 
42228 2314 
42253 199 
42287 968 
42414 481 
42464 406 
42466 7976 
42467 1027 
42470 758 
42509 1628 
42514 3482 
42516 973 
42556 390 
42556 236 
42597 1222 
42628 718 
42665 90 
42669 540 
42675 412 
42749 866 
42764 1995 
42784 144 
42789 49 
42797 72 
42808 1935 
42850 1832 
42873 2656 
42927 1755 
42956 7244 
42984 1051 
43030 1539 
43035 245 
43139 1460 
43139 2542 
43146 1460 
43168 775 
43198 72 
43198 1619 
43212 427 
43215 898 
43227 2063 
43244 7400 
43300 899 
43305 13 
43323 500 
43324 5404 
43353 1893 
43450 53 
43453 192 
43540 740 
43544 9830 
43565 989 
43599 325 
43650 364 
43650 195 
43660 287 
43726 161 
43730 970 
43769 446 
43785 3994 
43825 1722 
43845 9483 
43890 769 
43954 249 
43972 1129 
43979 248 
43994 837 
44031 108 
44147 1155 
44154 48 
44189 822 
44206 263 
44227 484 
44283 428 
44299 5216 
44314 1707 
44334 2330 
44341 18 
44407 6210 
44440 397 
44466 1996 
44475 43 
44496 973 
44550 177 
44586 1733 
44592 128 
44614 1252 
44729 17 
44770 50 
44778 567 
44793 231 
44811 893 
44826 46 
44855 411 
44902 823 
44907 848 
44916 898 
44921 1097 
44962 1382 
44972 358 
44974 192 
44993 63 
45029 376 
45044 754 
45048 1160 
45059 1062 
45090 1209 
45309 3585 
45419 147 
45427 1854 
45432 0 
45453 183 
45464 1163 
45468 1580 
45517 1066 
45532 635 
45543 337 
45576 3 
45591 464 
45608 1245 
45611 826 
45672 1092 
45685 204 
45691 741 
45736 107 
45800 719 
45831 1295 
45868 938 
45869 319 
45903 340 
45908 1478 
45958 953 
45986 1036 
46004 677 
46015 3542 
46036 291 
46078 1003 
46109 1163 
46119 266 
46144 3 
46171 1226 
46208 380 
46218 10 
46220 91 
46250 829 
46351 56 
46356 429 
46357 405 
46388 410 
46399 188 
46465 4338 
46470 985 
46496 31 
46504 1366 
46534 1310 
46562 119 
46578 5285 
46603 2743 
46620 559 
46697 269 
46736 1375 
46750 1944 
46783 299 
46812 620 
46845 3656 
46866 1105 
46893 1044 
46912 3071 
46912 378 
46938 8142 
46948 482 
46968 177 
46969 764 
46976 1380 
47027 2648 
47028 1625 
47060 137 
47096 211 
47111 717 
47115 131 
47119 152 
47133 58 
47167 234 
47187 1926 
47191 421 
47218 205 
47227 1427 
47229 1032 
47235 247 
47300 534 
47438 63 
47439 184 
47482 12 
47497 3124 
47498 509 
47523 0 
47605 2494 
47611 866 
47636 2883 
47647 336 
47649 264 
47696 1060 
47699 354 
47734 369 
47767 267 
47790 5104 
47808 776 
47824 784 
47840 609 
47918 90 
47932 1482 
47937 2393 
47969 606 
47984 1252 
47993 101 
47995 20574 
48001 1166 
48010 549 
48078 162 
48111 7 
48132 132 
48134 2053 
48137 836 
48205 307 
48214 50 
48220 31 
48224 1291 
48231 54 
48271 1082 
48281 317 
48282 715 
48316 3651 
48318 761 
48348 494 
48388 680 
48401 1425 
48418 217 
48428 828 
48459 433 
48487 740 
48501 287 
48504 3198 
48668 2475 
48709 840 
48724 483 
48735 111 
48798 234 
48803 118 
48814 707 
48836 514 
48850 674 
48863 439 
48948 673 
48968 211 
48972 1047 
48992 25 
49024 896 
49076 1720 
49086 413 
49118 494 
49126 500 
49174 89 
49192 352 
49196 815 
49204 70 
49227 994 
49235 112 
49264 1463 
49268 362 
49271 460 
49309 3433 
49340 30 
49351 218 
49366 1159 
49370 5 
49382 775 
49404 1548 
49410 84 
49490 202 
49519 786 
49530 309 
49561 1234 
49596 307 
49618 1178 
49648 379 
49655 714 
49660 218 
49709 397 
49719 106 
49736 359 
49778 193 
49811 2156 
49827 2249 
49831 617 
49838 2227 
49886 273 
50018 1371 
50020 1011 
50031 232 
50072 644 
50150 392 
50160 112 
50162 675 
50200 657 
50206 441 
50208 7997 
50221 312 
50235 2607 
50237 162 
50268 26 
50275 87 
50462 390 
50473 121 
50476 1759 
50530 9 
50552 38 
50594 320 
50610 176 
50646 3 
50718 2445 
50729 117 
50753 60 
50801 1422 
50837 904 
50855 282 
50908 433 
50913 3879 
51024 293 
51062 698 
51110 1359 
51132 997 
51179 16 
51225 649 
51251 901 
51275 1815 
51277 34 
51287 3149 
51339 390 
51346 1245 
51352 836 
51368 1604 
51395 1622 
51425 5 
51451 314 
51463 833 
51488 709 
51507 609 
51530 20310 
51545 1152 
51562 489 
51586 60 
51596 1368 
51596 1600 
51619 114 
51624 1467 
51679 839 
51685 106 
51731 131 
51737 179 
51848 245 
51877 108 
51884 363 
51900 952 
51916 126 
51977 587 
51996 12031 
52018 727 
52083 953 
52091 315 
52107 619 
52140 150 
52149 1012 
52155 515 
52219 512 
52271 632 
52298 364 
52325 784 
52353 3116 
52395 4654 
52401 1641 
52411 484 
52438 531 
52599 68 
52628 1218 
52642 750 
52695 195 
52711 6 
52737 547 
52760 1619 
52796 433 
52841 2327 
52855 435 
52858 118 
52883 6559 
52910 4484 
52916 232 
52950 3269 
53009 285 
53016 121 
53027 1616 
53028 88 
53071 45 
53112 188 
53112 1150 
53149 857 
53183 1403 
53209 1264 
53212 171 
53216 1044 
53224 761 
53264 1554 
53290 237 
53392 83 
53401 14 
53413 227 
53423 1246 
53451 1018 
53455 296 
53489 10768 
53503 122 
53637 830 
53649 3018 
53660 14174 
53687 2002 
53707 516 
53712 338 
53716 1267 
53721 18 
53735 390 
53784 464 
53813 446 
53843 324 
53861 9 
53870 2913 
53882 376 
53918 1 
53978 840 
54002 442 
54082 148 
54102 484 
54162 220 
54277 51 
54289 330 
54304 235 
54328 1097 
54343 917 
54384 43 
54390 841 
54399 943 
54426 271 
54434 675 
54435 819 
54478 1454 
54481 15 
54489 374 
54556 2309 
54608 5423 
54633 70 
54633 1333 
54670 289 
54671 5563 
54685 923 
54732 1343 
54734 81 
54755 579 
54759 2 
54803 540 
54856 816 
54884 753 
54913 569 
54918 126 
54964 544 
54966 1701 
55106 1099 
55144 468 
55145 252 
55159 848 
55162 666 
55188 476 
55202 46 
55246 162 
55249 2609 
55258 16 
55272 716 
55273 74 
55285 0 
55290 669 
55297 814 
55307 813 
55318 1148 
55339 500 
55340 1275 
55341 417 
55344 39 
55360 510 
55361 1097 
55375 468 
55410 197 
55416 130 
55428 226 
55434 1835 
55472 1140 
55495 577 
55520 328 
55520 251 
55573 247 
55583 1478 
55609 1629 
55642 87 
55656 108 
55673 275 
55739 293 
55787 533 
55788 205 
55790 62 
55840 50 
55853 832 
55855 161 
55879 21 
55904 95 
55911 60 
55941 2 
55955 1898 
55989 373 
55990 1439 
56000 2070 
56011 47 
56023 1396 
56029 228 
56036 1326 
56058 362 
56134 1280 
56153 733 
56155 236 
56271 83 
56289 825 
56290 4514 
56308 524 
56313 718 
56360 98 
56488 2866 
56505 1098 
56536 780 
56578 540 
56587 1013 
56592 1306 
56599 67 
56627 1227 
56661 2784 
56674 88 
56680 174 
56680 720 
56700 1504 
56714 425 
56714 600 
56763 1177 
56795 1300 
56811 633 
56812 15 
56850 412 
56858 81 
56858 1334 
56868 107 
56907 1452 
56932 222 
56937 29 
56950 713 
56992 489 
57025 593 
57085 1650 
57094 70 
57107 334 
57123 1877 
57144 884 
57174 73 
57210 10 
57226 109 
57364 333 
57372 2254 
57511 746 
57536 203 
57567 265 
57581 590 
57590 583 
57599 586 
57604 901 
57616 408 
57619 9106 
57630 1502 
57645 452 
57692 31 
57696 6508 
57736 739 
57758 49 
57790 1568 
57793 124 
57815 1451 
57821 845 
57871 1771 
57891 1203 
57922 477 
57928 408 
57954 2065 
57961 150 
57975 232 
58008 87 
58071 121 
58087 6284 
58108 499 
58178 287 
58183 782 
58206 611 
58222 25 
58238 727 
58248 295 
58267 1659 
58284 242 
58285 92 
58297 151 
58318 2049 
58367 446 
58367 1700 
58436 106 
58478 51389 
58484 736 
58492 805 
58511 293 
58567 136 
58607 74 
58608 66 
58639 867 
58674 639 
58724 139 
58752 59 
58780 78 
58783 535 
58792 563 
58814 1649 
58824 675 
58829 1555 
58855 798 
58910 93 
58918 127 
58938 361 
58941 1199 
58954 309 
59003 1216 
59075 114 
59085 941 
59095 1830 
59097 819 
59116 2389 
59295 278 
59302 3868 
59326 603 
59333 1083 
59345 8 
59399 717 
59431 1171 
59445 5203 
59464 866 
59485 36 
59529 655 
59539 1022 
59552 88 
59588 4335 
59643 354 
59651 419 
59714 969 
59723 1214 
59729 1721 
59755 392 
60083 1245 
60083 1245 
60184 708 
60189 696 
60201 258 
60272 25 
60292 1009 
60294 496 
60298 90 
60333 666 
60347 342 
60348 244 
60385 668 
60386 550 
60436 302 
60467 4196 
60488 402 
60510 759 
60598 113 
60610 1499 
60610 350 
60667 497 
60675 2179 
60675 288 
60717 78 
60749 64 
60766 769 
60812 276 
60823 4324 
60875 2053 
60928 263 
60943 573 
60998 866 
61006 968 
61012 1213 
61034 623 
61048 37 
61050 2194 
61052 23 
61116 186 
61153 229 
61191 696 
61200 954 
61275 459 
61277 299 
61373 48 
61400 1079 
61425 766 
61436 577 
61495 710 
61512 853 
61529 959 
61555 1002 
61588 497 
61590 680 
61598 175 
61622 196 
61645 49 
61661 544 
61674 495 
61709 16 
61765 619 
61811 481 
61901 207 
61942 1092 
61974 1059 
62028 4689 
62079 20418 
62081 51 
62100 1483 
62131 20 
62132 1474 
62180 505 
62183 483 
62212 110 
62257 406 
62298 282 
62298 671 
62339 660 
62395 1723 
62432 1615 
62442 541 
62475 426 
62481 90 
62484 26748 
62486 1404 
62522 1057 
62544 107 
62572 24 
62573 98 
62602 464 
62607 840 
62636 1744 
62739 637 
62769 233 
62809 1785 
62848 40 
62886 37 
62895 840 
62915 127 
62964 22 
62965 15 
62983 367 
62984 443 
63013 995 
63042 411 
63075 804 
63091 250 
63106 1117 
63122 158 
63126 1324 
63133 34 
63174 667 
63179 810 
63198 485 
63313 272 
63386 7694 
63411 1031 
63417 1685 
63425 1253 
63439 462 
63513 1388 
63533 383 
63640 1127 
63661 40 
63727 105 
63754 1627 
63820 540 
63841 1177 
63846 1168 
63884 990 
63904 568 
63938 372 
63989 451 
64046 916 
64098 3 
64117 949 
64121 235 
64133 290 
64155 222 
64189 556 
64228 219 
64228 319 
64283 1509 
64307 733 
64321 99 
64475 3907 
64504 824 
64512 136 
64558 408 
64558 48 
64571 335 
64571 696 
64575 1326 
64586 2374 
64615 708 
64647 272 
64663 130 
64712 2354 
64713 1261 
64779 72 
64779 319 
64785 358 
64833 1807 
64854 1310 
64952 20 
64968 369 
65010 214 
65010 491 
65015 1451 
65066 116 
65071 57 
65075 277 
65155 785 
65165 1246 
65198 149 
65232 193 
65278 481 
65312 546 
65390 662 
65411 871 
65461 695 
65583 4892 
65596 123 
65661 693 
65722 7272 
65729 83 
65738 204 
65761 332 
65773 991 
65788 391 
65822 281 
65823 938 
65974 2675 
65992 152 
66000 157 
66025 354 
66041 4265 
66106 2511 
66144 85 
66224 218 
66271 1669 
66291 43 
66345 742 
66374 505 
66406 433 
66415 2765 
66480 1 
66488 1034 
66550 481 
66568 26 
66630 2421 
66653 435 
66662 1239 
66723 483 
66768 1040 
66777 558 
66805 507 
66809 18 
66855 24 
66868 399 
66875 616 
66895 40 
66957 962 
66984 947 
67026 6783 
67052 636 
67053 635 
67214 617 
67288 1566 
67302 1987 
67314 362 
67389 36 
67402 2876 
67440 77 
67466 1340 
67501 588 
67532 4685 
67564 266 
67571 1243 
67573 1219 
67574 9 
67577 719 
67583 662 
67621 825 
67631 835 
67661 1732 
67708 113 
67783 437 
67849 431 
67890 82 
67908 1004 
67950 5654 
67966 5 
68011 484 
68102 455 
68121 5584 
68189 159 
68290 140 
68439 2081 
68446 213 
68478 740 
68518 994 
68552 2194 
68592 1516 
68625 351 
68706 529 
68810 316 
68873 604 
68877 4 
68917 857 
68922 380 
68928 8 
68943 76 
68949 870 
69020 1160 
69070 1371 
69107 534 
69123 4 
69128 455 
69132 1210 
69146 537 
69149 1822 
69159 244 
69160 156 
69188 49 
69195 690 
69214 948 
69227 138 
69229 913 
69348 1226 
69445 880 
69462 90 
69463 847 
69483 984 
69485 1092 
69495 1575 
69536 1730 
69571 886 
69612 335 
69669 798 
69783 1416 
69822 20 
69828 360 
69830 412 
69871 1163 
69881 314 
69927 694 
69930 177 
69948 1821 
70011 278 
70056 2698 
70074 1726 
70219 11 
70231 3202 
70297 1601 
70317 2288 
70350 536 
70387 999 
70455 294 
70465 304 
70490 237 
70498 609 
70512 984 
70565 239 
70628 1107 
70733 1064 
70734 243 
70734 786 
70776 6029 
70781 70 
70821 90 
70900 60 
70972 358 
70975 530 
70995 156 
71000 18 
71025 1617 
71033 330 
71181 417 
71270 553 
71434 929 
71465 1081 
71467 1408 
71482 2421 
71484 754 
71489 204 
71520 3104 
71537 141 
71571 562 
71656 692 
71657 2130 
71659 1507 
71703 901 
71708 331 
71709 117 
71770 952 
71800 1193 
71845 551 
71879 761 
71985 1287 
72037 422 
72068 521 
72106 1293 
72154 112 
72217 627 
72301 1146 
72411 1035 
72431 158 
72439 39 
72479 1379 
72541 493 
72571 1097 
72585 27 
72658 1347 
72672 18 
72692 132 
72719 211 
72935 374 
72944 489 
72964 123 
73056 1450 
73134 809 
73289 1327 
73366 348 
73380 151 
73381 98 
73439 72 
73466 243 
73467 1146 
73539 318 
73567 918 
73621 270 
73626 673 
73658 453 
73666 363 
73689 2433 
73727 829 
73729 380 
73819 139 
73825 8165 
74010 455 
74019 1209 
74053 637 
74197 126 
74293 1 
74298 1502 
74301 1049 
74388 55 
74389 2749 
74456 3979 
74478 841 
74492 887 
74548 1049 
74603 66 
74646 240 
74768 871 
74843 518 
74895 596 
74977 35 
74990 1391 
75016 67 
75144 548 
75170 1208 
75196 1977 
75256 1521 
75294 2787 
75306 18 
75324 1029 
75484 405 
75571 902 
75572 325 
75589 101 
75664 888 
75705 683 
75715 26 
75823 132 
75903 266 
75968 951 
76079 994 
76169 195 
76194 787 
76360 106 
76406 244 
76562 93 
76578 449 
76704 1008 
76787 87 
76803 483 
76867 29 
76914 775 
76926 839 
76997 1666 
77034 605 
77295 503 
77395 190 
77480 600 
77505 31 
77564 1602 
77636 99 
77720 235 
77723 420 
77735 100 
77964 371 
78049 403 
78102 567 
78245 208 
78277 1087 
78341 1580 
78405 139 
78417 263 
78444 67 
78496 641 
78521 1026 
78595 486 
78624 422 
78640 390 
78716 9 
78734 345 
78763 212 
78857 136 
78899 350 
78923 1052 
78981 396 
78988 374 
79084 650 
79087 448 
79264 1402 
79284 355 
79349 219 
79360 75 
79373 132 
79399 798 
79417 477 
79459 32 
79557 2 
79575 30 
79624 0 
79671 1055 
79693 114 
79734 3096 
79791 434 
79832 221 
79834 1091 
79855 69 
80003 1387 
80018 20 
80065 15 
80093 1073 
80128 1278 
80166 210 
80309 746 
80340 1223 
80426 1147 
80452 135 
80482 238 
80493 2220 
80624 218 
80672 1112 
80726 661 
80744 1394 
81168 172 
81199 689 
81200 2391 
81202 450 
81341 910 
81394 329 
81453 1070 
81542 263 
81548 619 
81631 210 
81863 1308 
82105 4 
82174 216 
82216 122 
82231 921 
82326 145 
82330 442 
82536 834 
82614 1250 
82703 838 
82763 5596 
82775 130 
82869 4176 
82906 1534 
82908 542 
82923 443 
83179 1169 
83182 1836 
83216 376 
83227 4306 
83306 417 
83309 3704 
83314 1122 
83316 643 
83383 94 
83390 672 
83483 552 
83492 1277 
83621 107 
83783 0 
83854 431 
83940 3270 
83972 10 
83988 1659 
84004 246 
84044 1179 
84119 841 
84220 9 
84263 562 
84340 790 
84371 487 
84380 55 
84466 114 
84503 605 
84549 582 
84581 102 
84665 2943 
84722 127 
84726 1381 
84777 304 
84871 1369 
85012 555 
85014 3590 
85054 230 
85145 476 
85159 663 
85280 237 
85303 1036 
85376 383 
85399 104 
85412 828 
85434 360 
85493 398 
85683 33 
85702 178 
85733 507 
85742 506 
85773 131 
85805 502 
85823 517 
86047 727 
86186 19 
86260 399 
86286 427 
86468 1437 
86593 624 
86674 8281 
86710 254 
86933 763 
86937 386 
86997 735 
87061 204 
87338 247 
87392 564 
87462 443 
87494 2658 
87586 768 
87692 238 
87833 692 
87851 746 
87868 857 
87951 1085 
88083 103 
88092 1167 
88163 599 
88255 1016 
88359 48 
88373 134 
88400 614 
88401 84 
88434 4544 
88495 850 
88560 840 
88673 117 
88768 1108 
88961 1708 
89013 42 
89073 235 
89136 324 
89168 269 
89296 62 
89334 750 
89442 29 
89573 5 
89607 13 
89644 797 
89719 524 
89746 1171 
89934 529 
90253 669 
90611 703 
90614 1038 
90838 317 
90839 35 
90918 892 
90949 379 
90989 1601 
91098 1366 
91100 148 
91484 676 
91578 38 
91609 975 
91736 629 
92153 532 
92289 762 
92348 238 
92746 9167 
92752 140 
92870 58 
92879 39 
92902 170 
93378 998 
93438 417 
93506 933 
93553 915 
93679 360 
93681 79 
93692 235 
93762 357 
93774 200 
93964 145 
94018 763 
94118 102 
94201 52 
94247 179 
94278 334 
94606 22 
94668 441 
94686 1855 
94686 427 
94735 320 
94808 152 
95022 1668 
95208 1551 
95238 157 
95322 581 
95449 105 
95510 852 
95648 550 
95685 3895 
95807 23 
95809 1122 
95813 750 
95833 467 
95972 185 
96046 68 
96063 4233 
96129 63 
96151 2559 
96350 355 
96632 1905 
96706 2973 
96842 1003 
97081 1094 
97131 1478 
97216 915 
97587 1395 
97670 584 
97956 595 
98140 855 
98180 927 
98242 56 
98366 404 
98488 538 
98583 407 
98711 180 
98787 568 
98818 61 
98820 529 
98848 158 
98868 109 
99213 713 
99317 33 
99323 173 
99516 1986 
99651 1373 
100087 23 
100106 970 
100258 276 
100431 639 
100835 1074 
101214 12 
101228 647 
101281 897 
101431 16 
101493 902 
101551 1493 
101605 279 
101870 998 
102360 436 
102375 103 
102665 328 
103009 532 
103028 206 
103460 39 
104350 149 
104358 319 
105024 1727 
105058 705 
105588 1474 
105987 1226 
105997 22 
106013 670 
106051 317 
106432 961 
106449 282 
106937 350 
107222 128 
107490 302 
107603 812 
107991 881 
110391 280 
110412 688 
110928 86 
111003 431 
111058 687 
111445 122 
111464 2750 
111500 1244 
111503 10 
111601 204 
112317 1960 
112479 55 
112597 495 
113526 2251 
113539 1644 
113544 810 
113589 1774 
113764 1289 
114101 976 
114118 1107 
114289 531 
114527 335 
114773 108 
114827 204 
115267 303 
115365 278 
115615 449 
115868 404 
116007 602 
116101 1462 
116256 92 
116829 182 
117071 34 
117091 398 
117198 444 
117283 799 
117499 526 
117510 77 
117683 556 
117807 62 
118066 1 
118107 1317 
118383 618 
118559 1410 
118591 510 
118656 2270 
119167 715 
119169 861 
119679 133 
119679 133 
119858 3259 
120893 111 
121061 1283 
121128 1117 
121261 726 
121285 1699 
121333 533 
121416 439 
121738 3752 
121756 903 
121930 912 
122248 1341 
122500 178 
123395 110 
123562 998 
123734 433 
123771 344 
123839 151 
123859 1278 
123863 982 
123934 212 
124224 865 
124240 287 
124611 681 
124680 365 
124682 381 
125303 1772 
125345 602 
125393 1873 
125528 800 
125811 2523 
125859 978 
125920 352 
126155 306 
126245 464 
126563 1075 
126977 122 
127172 71 
127226 614 
127241 468 
127534 975 
128049 493 
128124 256 
128647 161 
128806 43 
128895 443 
128965 467 
129105 177 
129154 88 
129377 507 
129409 128 
129759 112 
130346 1088 
130395 278 
130406 412 
130433 1250 
130613 193 
131208 1092 
131216 243 
131444 172 
131470 1734 
131702 224 
131784 1095 
131821 1214 
132532 38 
132553 574 
132949 307 
132966 202 
133241 470 
133680 844 
133689 401 
133866 704 
133896 862 
133919 434 
133987 272 
134166 646 
134440 1617 
134640 1233 
134910 147 
134978 2092 
135218 2302 
135253 126 
135366 1001 
135401 49 
135443 528 
135467 268 
135483 4 
135518 1305 
135570 251 
135591 1452 
135644 1111 
135671 298 
135863 327 
135888 1135 
135924 133 
136107 343 
136251 477 
136351 3193 
136464 723 
136480 154 
136504 1665 
136598 233 
136621 1235 
136694 737 
136728 280 
136878 81 
137115 277 
137471 337 
137556 759 
137843 283 
138034 521 
138265 496 
138343 57 
138424 121 
138551 5416 
138912 1251 
139058 185 
139100 2008 
139167 195 
139218 100 
139555 2028 
139769 787 
139793 340 
139844 410 
140118 1581 
140138 133 
140241 1307 
140288 3270 
140746 721 
140780 230 
140960 1636 
141008 437 
141098 484 
141209 406 
141282 176 
141344 181 
141359 996 
141381 118 
141665 796 
141755 332 
141909 397 
141961 262 
142082 519 
142172 565 
142250 924 
142901 268 
142902 816 
142905 429 
142958 23 
143085 1084 
143092 1903 
143146 269 
143163 1595 
143378 1962 
143432 779 
143455 3627 
143528 142 
143657 1595 
143739 1544 
143886 589 
143893 174 
143999 459 
144006 351 
144648 485 
145051 163 
145143 758 
145155 313 
145183 1179 
145193 2159 
145249 98 
145419 1968 
145477 209 
145554 369 
145558 418 
145673 884 
145758 1264 
145793 131 
146005 326 
146154 1407 
146259 1001 
146268 883 
146329 1201 
146362 106 
146418 268 
146499 1845 
146544 1027 
146595 1011 
147072 331 
147096 166 
147226 353 
147470 479 
147523 128 
147684 1415 
148041 5672 
148065 178 
148555 1203 
148574 1408 
148586 5376 
148586 241 
148786 670 
148846 648 
148915 45 
148920 1174 
149152 709 
149238 1051 
149302 736 
149304 675 
149393 29 
149436 66 
149514 1070 
149549 810 
149578 1117 
149671 108 
149783 1279 
149992 580 
150035 92 
150117 671 
150339 240 
150379 1969 
150384 275 
150410 1473 
150572 442 
150602 39 
150638 41 
151070 2710 
151123 105 
151394 691 
151422 629 
151457 1227 
151511 529 
151656 1061 
151773 624 
151948 776 
152042 2560 
152119 1397 
152382 276 
152416 1225 
152486 448 
152592 68 
152732 1315 
152769 1860 
153558 78 
153604 536 
153829 1120 
153855 409 
153966 441 
154069 10 
154172 592 
154238 232 
154334 250 
154422 152 
154727 1679 
154995 81 
155288 1442 
155298 1133 
155303 561 
155376 682 
155381 403 
155384 643 
155384 177 
155439 403 
155461 310 
155537 290 
155825 1398 
155958 701 
156213 195 
156287 171 
156337 9 
156513 497 
156621 310 
156786 896 
156892 1213 
156953 1178 
157022 838 
157024 1146 
157133 1207 
157158 1092 
157707 186 
157771 880 
157904 1376 
157915 660 
157925 447 
157939 175 
158005 12 
158011 1161 
158057 283 
158266 585 
158271 1513 
158576 338 
158654 326 
158742 33 
159055 195 
159247 621 
159385 2322 
159442 169 
159506 930 
159828 114 
159890 742 
160052 247 
160107 654 
160196 183 
160349 337 
160440 13 
160455 1557 
160697 924 
160779 1127 
160793 1392 
161221 548 
161245 274 
161299 747 
161473 1284 
161527 930 
161713 810 
162328 301 
162835 144 
162875 87 
163512 383 
163843 916 
163937 120 
164128 117 
164285 211 
164662 2889 
164883 149 
165051 55 
165347 81 
165439 516 
165481 231 
165575 839 
165737 293 
165863 338 
166105 23 
166105 1091 
166234 142 
166273 2999 
166686 193 
166844 669 
166910 325 
166969 1260 
166974 1260 
167785 1938 
167801 936 
168162 1120 
168287 4091 
168600 1261 
169071 91 
169251 162 
169533 6 
169717 45 
169769 28 
170102 439 
170171 77 
170838 10 
170958 1891 
170961 404 
171177 84 
171373 2398 
172363 131 
172651 140 
173097 1018 
173166 54 
173405 117 
173497 158 
174490 3006 
175203 1223 
175746 533 
175831 1817 
175861 85 
176086 694 
176360 123 
176907 238 
177299 359 
177383 58 
177556 16 
177903 371 
177951 1408 
178150 3833 
178347 35 
178460 604 
178753 613 
179311 1637 
179741 135 
179828 67 
180072 392 
180204 356 
180521 1861 
181121 1430 
181752 70 
182881 27 
183105 253 
183777 153 
183944 1252 
184883 48 
185420 23 
186300 543 
187746 246 
188081 2640 
188650 34 
189375 649 
190634 371 
190860 1456 
190950 470 
190956 1432 
192104 241 
194142 63 
199435 50 
200240 205 
200804 757 
205045 1749 
205556 815 
206219 263 
207421 684 
210130 147 
210403 1206 
210403 1206 
210530 1040 
212543 2893 
213463 105 
215757 263 
216319 7 
216569 959 
216598 67 
216611 246 
218281 210 
218735 1363 
218978 284 
218991 578 
219126 1257 
219519 795 
219581 479 
220069 529 
220311 178 
220654 281 
221110 654 
221204 207 
221392 566 
221404 376 
221678 348 
222295 221 
222465 245 
222521 4 
223014 393 
223553 287 
223641 243 
223914 23 
224346 1156 
224543 294 
224574 46 
225778 13 
225778 1573 
225935 169 
227547 298 
227580 1190 
227934 968 
228741 427 
228937 189 
229346 90 
229453 1081 
230016 96 
230525 20 
231044 510 
231616 609 
231847 801 
232009 213 
232207 647 
232365 127 
232914 261 
232937 136 
233778 22 
234390 561 
234707 6806 
234803 88 
235146 91 
235870 304 
235896 156 
236156 670 
236542 762 
236866 78 
236997 1873 
237043 417 
237325 289 
237494 191 
237797 815 
237810 782 
238962 6659 
238962 6659 
239137 279 
239142 461 
239215 6737 
239225 86 
239277 275 
239947 271 
241046 442 
241190 247 
241277 745 
241357 72 
241625 232 
241634 533 
241860 1003 
241868 240 
242047 26 
242371 1567 
243549 419 
243575 20 
244134 807 
244139 1139 
244162 845 
244446 159 
244523 576 
244609 191 
244688 697 
244716 5764 
245493 73 
246154 97 
246654 1104 
247659 1057 
249056 992 
249540 1407 
249848 997 
250116 118 
250418 2238 
251130 565 
251149 59 
251556 2481 
252705 407 
252706 44 
252939 1158 
253364 175 
253456 157 
253739 1025 
254290 302 
254465 1271 
255143 184 
255238 241 
255348 138 
255506 78 
255627 3205 
256275 246 
256514 236 
256556 248 
256685 814 
257612 153 
258441 913 
258962 257 
259497 529 
259724 61 
259883 238 
260370 85 
260738 733 
261157 66 
261342 81 
262019 903 
262130 894 
262130 894 
262264 530 
263195 1507 
263404 255 
263628 29 
263795 144 
263815 135 
265114 3097 
265182 236 
265589 2732 
265745 1743 
266509 2 
268547 406 
268912 112 
268980 59 
271325 148 
277152 563 
279749 908 
282160 1001 
298400 256 
298808 259 
299093 677 
300675 105 
301133 275 
303382 139 
303540 669 
303675 1375 
303705 3806 
304959 1081 
306414 6 
306601 219 
307360 1998 
307433 6111 
308902 61 
309282 104 
309713 6 
309755 83 
310129 30 
312637 71 
314440 365 
314798 1089 
315617 840 
315693 837 
316081 1195 
316692 2642 
317235 589 
317651 335 
318962 200 
319258 440 
320958 839 
321387 1129 
322111 131 
323876 735 
323952 995 
324610 1027 
326275 543 
327559 106 
328402 280 
328771 251 
329079 116 
329716 483 
330891 116 
331832 117 
332373 42 
332958 3662 
333591 112 
335836 814 
336400 211 
336523 956 
336764 639 
336821 28 
338232 26 
339006 161 
339316 1923 
340580 74 
342636 222 
343878 290 
345318 408 
346352 49 
348003 81 
348277 1362 
349161 370 
349178 14 
350811 472 
351103 90 
352089 119 
352269 563 
352395 151 
352841 822 
353264 72 
354764 797 
358003 165 
362355 826 
365467 228 
373883 700 
376644 146 
382848 1487 
384411 785 
384614 410 
388934 1172 
390258 384 
390704 1597 
392459 371 
393443 702 
395843 143 
396760 1041 
398629 261 
399485 1088 
400224 483 
402248 1157 
405016 227 
407147 235 
410963 275 
411969 1548 
413912 1179 
414772 298 
417696 459 
417717 1820 
418301 38 
419111 240 
419647 275 
420579 233 
420893 1578 
424102 165 
424633 518 
425883 92 
428134 834 
431392 1267 
433559 25 
438573 90 
440713 273 
441032 0 
441379 699 
443639 7 
446547 815 
448316 765 
448346 765 
470702 1192 
474631 4803 
474716 788 
476496 392 
487169 172 
487426 363 
489611 831 
490138 332 
490208 1914 
500492 1388 
500754 5198 
501728 141 
503229 2773 
505807 279 
505814 827 
506191 1583 
506946 1292 
509866 106 
532214 31 
532344 472 
543347 897 
545936 115 
556529 100 
568574 61 
573122 359 
582457 810 
595315 251 
598929 436 
599096 300 
600202 9 
