6917 7.12018518519
0 13385400 
9 323 
12 2054 
14 608 
15 295 
19 676 
20 2461 
20 3281 
21 781 
21 196 
22 2233 
26 1430 
26 189 
27 732 
30 33 
30 248 
31 146 
31 228 
31 2013 
31 1278 
32 1538 
32 82 
34 48 
34 1414 
34 2812 
35 720 
36 1685 
38 534 
38 80 
39 424 
39 4 
39 525 
41 1045 
41 236 
42 4031 
43 112 
44 39 
44 905 
44 235 
44 36 
44 288 
46 1061 
46 481 
46 250 
47 330 
48 513 
49 929 
50 694 
50 824 
51 1232 
52 432 
55 21 
55 323 
56 88 
57 752 
57 1671 
58 795 
58 1466 
60 2338 
60 215 
60 296 
61 463 
61 1226 
61 194 
62 672 
62 12 
63 1157 
64 847 
64 669 
65 82 
65 2057 
66 229 
66 241 
67 97 
68 61 
69 985 
69 152 
69 856 
69 1170 
70 506 
71 77 
71 56 
71 2188 
72 1604 
72 833 
73 742 
74 3421 
74 11 
75 1382 
75 114 
76 38 
76 2094 
77 1104 
78 174 
78 586 
80 4137 
80 5642 
81 634 
81 447 
81 188 
81 13 
82 177 
84 544 
85 89 
85 5537 
86 452 
87 1144 
87 714 
87 1568 
88 109 
89 87 
89 20 
90 42 
90 1963 
90 487 
91 224 
91 846 
91 502 
92 406 
93 220 
95 2993 
95 138 
95 541 
96 630 
97 2619 
98 1306 
98 265 
98 90 
99 418 
100 2045 
100 79 
101 93 
102 4589 
103 699 
103 820 
104 42 
105 452 
105 621 
107 143 
109 519 
109 120 
110 891 
111 588 
111 3391 
111 408 
112 1321 
113 1069 
114 113 
117 559 
118 819 
118 1274 
118 447 
119 800 
119 305 
119 46 
119 1279 
119 190 
119 3000 
176 3267 
179 20 
179 661 
179 2175 
179 308 
180 426 
180 311 
182 58 
183 292 
183 808 
183 156 
185 174 
186 222 
186 337 
187 1377 
188 3 
189 1103 
190 1447 
191 31 
191 1518 
192 221 
193 341 
196 348 
197 1316 
197 698 
200 207 
201 1832 
201 107 
202 315 
202 159 
203 199 
204 340 
205 269 
206 288 
207 1011 
207 85 
208 205 
209 162 
210 1307 
211 706 
211 807 
214 1382 
214 984 
216 439 
216 604 
218 107 
218 1190 
221 1801 
221 51 
222 377 
222 111 
223 1191 
223 1117 
223 845 
224 2220 
225 560 
225 3178 
227 892 
227 91 
228 687 
229 146 
229 815 
230 1149 
231 292 
231 148 
232 472 
232 69 
233 910 
233 3219 
234 243 
235 121 
236 1813 
236 23 
236 166 
237 4606 
237 3137 
239 2115 
239 856 
239 182 
240 158 
240 31 
241 132 
241 266 
241 1751 
242 402 
242 157 
242 326 
243 317 
244 22 
244 544 
244 355 
245 514 
245 1130 
247 3038 
248 1485 
249 1881 
249 1001 
252 182 
253 2494 
255 2552 
255 793 
256 431 
256 109 
258 284 
259 121 
259 51 
259 97 
260 477 
260 13 
261 27 
262 416 
265 14 
266 1222 
268 2144 
268 803 
269 20 
270 1779 
270 75 
271 183 
273 118 
274 415 
275 146 
276 1181 
276 560 
278 903 
278 1165 
280 565 
280 688 
281 1381 
282 45 
283 400 
283 685 
284 273 
288 620 
288 126 
290 524 
291 160 
293 510 
294 1516 
294 953 
294 2168 
294 46 
295 655 
296 1113 
298 997 
298 265 
298 101 
299 808 
301 576 
302 5148 
303 904 
305 614 
305 247 
306 59 
306 19 
307 538 
307 269 
308 179 
309 1228 
312 44 
314 84 
316 488 
318 70 
319 1529 
320 511 
321 1405 
322 1034 
326 205 
326 64 
326 1178 
327 294 
327 916 
327 1034 
327 9193 
328 916 
328 43 
329 2114 
330 191 
330 802 
335 1025 
337 578 
338 137 
339 27 
339 3997 
343 162 
344 61 
344 98 
345 335 
345 229 
347 486 
349 332 
350 311 
351 1278 
352 829 
352 74 
352 275 
353 782 
353 178 
354 7748 
354 1892 
355 1283 
356 100 
357 1957 
357 1236 
357 306 
358 576 
360 1012 
361 66 
361 361 
361 1245 
361 1593 
363 125 
363 180 
364 1213 
365 45 
365 197 
368 583 
369 8790 
370 1322 
371 66 
372 1066 
372 1470 
375 176 
375 428 
377 273 
379 27 
379 197 
380 861 
380 769 
381 94 
382 1650 
383 1045 
383 281 
386 2050 
386 1066 
387 748 
387 190 
391 104 
391 4 
391 105 
393 77 
396 722 
397 1973 
397 614 
398 109 
398 3090 
400 613 
402 303 
403 1713 
403 1261 
406 486 
406 556 
408 3097 
409 1259 
412 50 
413 96 
413 123 
414 178 
415 205 
417 640 
418 248 
418 2849 
420 507 
420 116 
421 1060 
421 52 
421 115 
422 2035 
423 1721 
427 27 
429 2229 
430 2022 
431 893 
434 374 
436 199 
436 32 
438 182 
440 349 
443 245 
443 12331 
444 269 
449 439 
449 1480 
450 405 
453 217 
455 437 
456 785 
457 1476 
461 534 
463 214 
463 350 
463 27 
464 4472 
465 1723 
465 176 
468 889 
470 78 
471 6422 
473 217 
474 583 
475 119 
477 438 
478 756 
478 724 
479 3597 
484 190 
485 37 
488 1157 
488 1651 
488 828 
489 345 
489 39 
489 146 
490 896 
490 1572 
491 807 
493 131 
499 32 
500 40 
502 736 
504 887 
504 448 
505 291 
507 764 
513 114 
513 781 
514 3156 
515 62 
515 173 
518 3061 
518 1366 
518 135 
520 65 
520 1558 
520 808 
523 658 
525 1153 
525 5351 
526 10 
530 49 
532 30 
533 118 
536 2438 
539 948 
542 113 
542 269 
543 71 
543 605 
544 711 
550 5 
551 228 
552 95 
561 36 
564 100 
565 2709 
570 136 
570 1415 
570 685 
571 711 
572 588 
574 206 
574 191 
574 1173 
575 110 
576 3225 
582 322 
584 275 
584 1959 
585 704 
585 154 
589 1352 
591 50 
597 644 
597 220 
598 288 
599 82 
600 168 
600 136 
600 78 
600 259 
601 345 
602 307 
602 873 
603 205 
606 174 
609 1084 
610 100 
610 220 
610 3328 
610 72 
611 404 
612 53 
613 383 
615 573 
616 1782 
616 1126 
622 152 
622 14 
622 193 
624 128 
628 170 
628 41 
631 997 
634 319 
635 1383 
636 893 
637 150 
640 1339 
641 126 
642 300 
642 29 
644 167 
644 105 
646 387 
648 405 
649 3933 
650 48 
651 870 
655 950 
655 232 
655 487 
660 218 
661 1515 
663 1041 
664 605 
665 499 
665 676 
669 640 
669 243 
671 349 
673 95 
675 1584 
677 311 
678 251 
680 1112 
683 3591 
685 133 
687 1264 
693 398 
695 1138 
700 2315 
702 2758 
710 230 
711 1248 
712 15 
714 134 
721 1205 
724 697 
726 801 
727 83 
744 2612 
746 636 
750 304 
754 6275 
754 678 
755 492 
757 583 
758 278 
764 334 
765 983 
767 104 
769 2178 
774 166 
778 987 
778 2553 
779 94 
783 77 
783 357 
787 243 
789 1071 
795 665 
799 262 
801 2476 
803 800 
807 220 
810 148 
815 589 
815 223 
815 117 
820 7 
822 773 
824 113 
828 50 
829 545 
834 635 
835 276 
841 1242 
843 587 
899 39 
904 416 
904 3020 
909 200 
909 1595 
909 1206 
922 150 
922 150 
923 423 
923 423 
925 10273 
925 10273 
926 1141 
926 1141 
927 350 
927 35 
927 35 
927 350 
934 1108 
934 1108 
935 1096 
935 1096 
936 959 
936 959 
939 54 
939 2204 
939 2204 
939 54 
942 1269 
942 1209 
942 1269 
942 1209 
946 725 
946 725 
950 510 
950 510 
951 1582 
951 1582 
956 1548 
957 216 
960 709 
961 372 
964 1408 
964 1921 
969 551 
1020 8410 
1022 785 
1025 96 
1028 152 
1029 4210 
1031 2512 
1043 335 
1046 189 
1050 1192 
1052 135 
1066 488 
1070 1491 
1075 2683 
1076 450 
1079 9 
1082 423 
1095 190 
1095 795 
1096 358 
1105 170 
1105 88 
1106 74 
1106 6253 
1109 178 
1110 346 
1110 116 
1116 78 
1117 557 
1120 246 
1123 38 
1126 182 
1128 32 
1130 295 
1133 1310 
1134 1385 
1135 583 
1149 1334 
1149 3015 
1156 220 
1158 1096 
1166 839 
1166 58 
1166 2496 
1167 588 
1170 657 
1178 1552 
1179 109 
1180 58 
1185 497 
1186 1198 
1187 1262 
1187 1063 
1188 18 
1189 115 
1197 373 
1198 17 
1198 54 
1203 626 
1206 145 
1206 622 
1206 1051 
1220 610 
1223 283 
1234 732 
1236 78 
1237 36 
1238 738 
1242 398 
1243 863 
1249 5956 
1258 381 
1263 56 
1264 120 
1265 237 
1270 404 
1271 101 
1274 38 
1277 76 
1278 294 
1287 353 
1287 311 
1287 1080 
1298 416 
1299 856 
1304 133 
1305 146 
1305 141 
1306 2027 
1312 115 
1313 16743 
1315 35 
1318 568 
1320 134 
1321 1547 
1327 219 
1331 1828 
1334 210 
1336 61 
1340 174 
1341 640 
1343 336 
1345 702 
1348 197 
1349 993 
1353 82 
1358 327 
1360 99 
1365 1110 
1374 572 
1375 22 
1387 1646 
1390 393 
1394 378 
1397 60 
1399 141 
1401 2135 
1409 112 
1420 66 
1424 202 
1428 477 
1430 179 
1432 456 
1432 901 
1435 50 
1438 305 
1441 1556 
1442 348 
1448 2021 
1454 694 
1454 261 
1456 1483 
1459 825 
1463 821 
1464 880 
1464 221 
1468 1454 
1471 801 
1472 1097 
1474 99 
1475 607 
1475 414 
1480 470 
1490 168 
1494 66 
1495 316 
1495 1453 
1497 1878 
1499 478 
1509 247 
1516 1137 
1518 211 
1519 370 
1522 47 
1522 2769 
1525 226 
1532 1965 
1536 19 
1536 1882 
1537 112 
1541 73 
1544 718 
1544 2176 
1550 412 
1554 1161 
1556 219 
1562 891 
1564 422 
1565 96 
1565 1770 
1565 4099 
1588 334 
1589 1702 
1591 143 
1594 198 
1599 10463 
1606 1073 
1613 77 
1616 6542 
1622 3511 
1622 534 
1625 203 
1626 838 
1651 80 
1652 304 
1662 591 
1663 115 
1663 135 
1681 371 
1685 1336 
1694 1455 
1704 16 
1714 528 
1719 1659 
1720 138 
1721 22 
1722 255 
1723 678 
1728 99 
1729 7934 
1737 1491 
1738 845 
1742 449 
1762 319 
1763 387 
1764 1673 
1767 453 
1771 274 
1775 1000 
1776 4568 
1782 201 
1790 176 
1797 177 
1802 153 
1804 40 
1806 1856 
1812 407 
1816 1144 
1823 429 
1826 240 
1830 171 
1837 2385 
1839 789 
1844 640 
1849 380 
1851 951 
1864 93 
1865 73 
1868 2367 
1869 537 
1876 905 
1876 649 
1878 612 
1882 118 
1883 96 
1902 2404 
1903 557 
1909 270 
1919 2960 
1923 134 
1927 397 
1933 827 
1935 660 
1935 2958 
1939 334 
1939 398 
1941 588 
1941 351 
1943 4095 
1947 90 
1949 198 
1952 697 
1953 602 
1960 11262 
1967 383 
1967 565 
1968 115 
1974 111 
1977 930 
1979 0 
1981 707 
1986 1497 
1994 114 
2001 167 
2008 264 
2010 350 
2012 2128 
2016 459 
2030 73 
2031 56 
2041 328 
2049 31 
2055 187 
2055 2716 
2056 788 
2064 1939 
2068 110 
2070 38 
2074 837 
2098 4630 
2100 966 
2101 199 
2102 1027 
2102 115 
2111 211 
2122 14 
2122 2041 
2123 321 
2124 1166 
2125 299 
2127 73 
2153 5696 
2159 861 
2162 834 
2163 243 
2164 18 
2167 113 
2174 338 
2181 5138 
2195 326 
2208 411 
2212 108 
2215 5 
2217 70 
2219 72 
2220 245 
2229 177 
2235 273 
2239 845 
2241 109 
2243 119 
2258 3044 
2264 172 
2267 2048 
2271 689 
2280 3377 
2302 67 
2302 200 
2302 97 
2309 502 
2310 520 
2320 75 
2323 2 
2326 585 
2326 111 
2343 706 
2345 1593 
2348 5774 
2352 1744 
2367 2483 
2371 969 
2374 182 
2376 1241 
2383 1917 
2383 1296 
2387 245 
2387 970 
2395 658 
2418 264 
2434 17 
2447 1234 
2456 757 
2456 2789 
2459 60 
2466 201 
2478 148 
2485 342 
2507 38 
2509 252 
2511 84 
2520 2052 
2530 629 
2531 2282 
2552 854 
2556 441 
2559 1864 
2560 184 
2566 1109 
2569 40 
2570 1092 
2571 18 
2575 43 
2579 3246 
2580 368 
2583 1502 
2586 1302 
2588 177 
2622 695 
2624 211 
2672 239 
2678 41 
2684 235 
2686 982 
2688 641 
2689 2122 
2690 280 
2690 389 
2697 619 
2697 78 
2708 684 
2708 343 
2733 96 
2742 529 
2744 58 
2748 59 
2755 1023 
2757 28 
2762 955 
2764 433 
2766 26 
2775 977 
2787 273 
2789 178 
2794 231 
2806 862 
2806 451 
2806 361 
2815 1277 
2836 251 
2873 147 
2874 93 
2877 160 
2879 2523 
2899 158 
2904 983 
2904 168 
2921 198 
2927 1789 
2928 623 
2932 3396 
2944 84 
2946 86 
2947 393 
2957 1499 
2965 94 
2965 485 
2968 1196 
2968 972 
2970 1166 
2973 29 
2982 1415 
2989 1629 
2994 431 
3014 1980 
3020 3260 
3032 277 
3036 97 
3038 41 
3042 2555 
3051 590 
3058 1441 
3082 1726 
3085 1373 
3096 78 
3103 656 
3113 130 
3116 0 
3125 1118 
3134 277 
3148 1290 
3155 3436 
3156 157 
3158 484 
3162 776 
3166 455 
3170 114 
3172 1804 
3183 271 
3183 1404 
3203 543 
3208 704 
3212 43 
3224 365 
3225 17 
3229 1911 
3232 473 
3244 565 
3258 179 
3263 1057 
3264 1106 
3280 82 
3281 803 
3284 1613 
3290 1408 
3298 92 
3304 676 
3314 664 
3325 311 
3326 53 
3329 271 
3336 184 
3338 651 
3348 444 
3350 92 
3350 2028 
3352 11 
3360 2 
3369 944 
3377 48 
3378 468 
3378 30 
3398 1504 
3419 97 
3457 257 
3459 587 
3461 74 
3464 73 
3479 2099 
3488 2449 
3501 184 
3503 10 
3503 14519 
3518 745 
3522 65 
3527 744 
3547 6 
3554 1140 
3555 1152 
3559 450 
3561 645 
3568 170 
3570 601 
3578 46 
3581 97 
3582 111 
3644 595 
3668 87 
3670 645 
3673 921 
3675 376 
3680 10 
3707 168 
3711 121 
3712 796 
3741 8 
3747 1296 
3759 140 
3765 20 
3768 58 
3784 595 
3784 317 
3792 429 
3794 187 
3798 1707 
3801 405 
3805 828 
3807 1801 
3832 184 
3840 277 
3843 77 
3851 1337 
3868 533 
3882 468 
3893 2463 
3899 452 
3901 4168 
3907 542 
3908 3088 
3921 280 
3939 1021 
3945 506 
3957 61 
3960 1366 
3965 848 
3986 457 
3993 885 
4004 3 
4409 659 
4431 741 
4432 53 
4447 288 
4459 781 
4469 226 
4473 926 
4484 47 
4490 1895 
4511 108 
4536 154 
4551 56 
4563 66 
4573 17 
4579 155 
4582 70 
4583 103 
4612 975 
4645 2003 
4658 556 
4659 151 
4662 41 
4672 505 
4677 294 
4724 1113 
4802 247 
4813 167 
4847 7849 
4848 9 
4851 283 
4852 50 
4864 1162 
4880 160 
4889 26904 
4890 1448 
4897 131 
4918 787 
4922 449 
4926 144 
4930 624 
4940 393 
4942 781 
4945 798 
4946 79 
4971 839 
4979 1652 
5006 247 
5013 82 
5017 482 
5029 276 
5029 155 
5037 705 
5067 98 
5068 1 
5078 91 
5102 536 
5106 429 
5122 395 
5127 775 
5131 40 
5133 590 
5144 714 
5151 940 
5168 92 
5180 288 
5185 47 
5204 435 
5254 85 
5263 1124 
5289 0 
5291 98 
5300 1182 
5310 96 
5322 1538 
5329 299 
5378 123 
5388 1307 
5399 105 
5401 106 
5434 162 
5449 1447 
5450 735 
5469 85 
5471 11 
5502 35 
5519 290 
5536 105 
5590 878 
5616 475 
5629 184 
5645 81 
5651 535 
5652 1944 
5674 686 
5685 1650 
5714 149 
5721 853 
5731 268 
5760 119 
5809 143 
5817 100 
5825 718 
5861 1631 
5861 336 
5895 1091 
5915 293 
5917 3467 
5943 946 
5953 220 
5977 637 
6017 929 
6037 1663 
6051 820 
6065 83 
6088 169 
6112 293 
6113 946 
6115 281 
6129 606 
6141 444 
6159 344 
6167 3046 
6168 431 
6183 287 
6239 110 
6245 971 
6246 1032 
6260 58 
6261 460 
6278 466 
6278 3919 
6293 767 
6294 442 
6303 927 
6308 268 
6319 11 
6348 765 
6356 208 
6365 126 
6391 118 
6392 25 
6423 786 
6434 397 
6444 1238 
6453 552 
6456 311 
6464 973 
6468 24 
6482 12 
6491 93 
6507 2247 
6510 255 
6572 284 
6577 544 
6652 1256 
6652 620 
6660 141 
6678 23 
6682 91 
6690 136 
6694 184 
6698 150 
6729 436 
6734 761 
6739 1232 
6758 230 
6764 288 
6767 1390 
6778 320 
6793 2318 
6800 125 
6838 1868 
6847 234 
6894 335 
6894 23 
6895 557 
6899 2867 
6916 324 
6924 445 
6930 1843 
6979 657 
6998 124 
7005 929 
7011 84 
7055 578 
7062 930 
7072 399 
7073 612 
7084 1034 
7090 575 
7090 284 
7135 758 
7156 176 
7191 742 
7207 9 
7217 76 
7237 663 
7246 344 
7262 442 
7282 3033 
7300 519 
7327 21 
7361 368 
7366 1684 
7367 70 
7379 474 
7402 488 
7449 1000 
7508 178 
7525 77 
7537 722 
7547 843 
7563 330 
7577 315 
7618 189 
7653 223 
7695 82 
7696 118 
7704 604 
7717 1051 
7721 161 
7739 932 
7743 918 
7795 3 
7796 65 
7797 933 
7836 2876 
7938 4370 
7940 1584 
7956 711 
7963 479 
7969 50 
7987 46 
7995 5151 
8040 597 
8045 370 
8059 495 
8060 309 
8062 197 
8092 2865 
8107 39 
8109 66 
8110 541 
8141 10079 
8143 382 
8200 1063 
8269 191 
8280 351 
8286 203 
8317 2056 
8350 863 
8368 1162 
8378 553 
8458 474 
8468 370 
8488 466 
8492 1014 
8497 180 
8529 322 
8552 152 
8582 498 
8631 3446 
8646 810 
8646 2125 
8652 514 
8707 195 
8710 58 
8723 39 
8723 299 
8734 831 
8738 2829 
8749 132 
8804 826 
8816 1401 
8836 659 
8892 405 
8915 1225 
8928 218 
8974 1997 
8981 839 
9003 6958 
9029 1364 
9047 670 
9125 345 
9168 1618 
9185 418 
9223 600 
9228 2529 
9240 249 
9250 939 
9252 2437 
9271 273 
9274 1162 
9277 503 
9291 2604 
9317 720 
9332 1455 
9345 24 
9362 59 
9371 242 
9383 87 
9384 731 
9399 115 
9433 826 
9435 117 
9463 652 
9472 306 
9479 557 
9482 435 
9520 383 
9533 10894 
9541 947 
9592 3480 
9601 5232 
9612 2004 
9668 201 
9674 83 
9686 1358 
9705 137 
9720 521 
9739 42 
9795 8379 
9809 610 
9849 1459 
9885 1858 
9887 5199 
9902 1459 
9948 114 
9951 521 
9956 329 
9986 467 
9989 838 
10049 932 
10052 7 
10054 473 
10060 147 
10069 947 
10073 592 
10098 2346 
10146 1316 
10190 2838 
10217 226 
10269 223 
10290 929 
10293 357 
10301 5253 
10410 2957 
10417 408 
10418 1052 
10428 2575 
10428 82 
10452 747 
10488 848 
10504 885 
10529 500 
10536 654 
10554 96 
10557 1582 
10570 266 
10577 1165 
10581 1060 
10601 362 
10606 9 
10606 1035 
10606 437 
10673 420 
10748 857 
10761 288 
10782 75 
10829 631 
10844 416 
10857 106 
10875 197 
10889 125 
10965 3087 
10967 147 
10988 474 
11006 2934 
11017 7 
11021 115 
11031 548 
11089 1297 
11101 1379 
11127 814 
11139 2387 
11185 543 
11187 21 
11201 2719 
11210 958 
11219 165 
11255 243 
11276 286 
11277 1142 
11284 1778 
11309 1377 
11311 111 
11316 316 
11380 51 
11388 1940 
11404 1463 
11463 62 
11486 567 
11492 17504 
11500 422 
11521 1427 
11527 143 
11537 808 
11586 1749 
11622 751 
11651 266 
11677 988 
11731 39 
11733 111 
11750 2496 
11758 38 
11787 140 
11792 647 
11793 54 
11839 646 
11844 67 
11865 1448 
11882 753 
11938 619 
12020 809 
12025 841 
12030 1180 
12039 515 
12047 5205 
12054 1375 
12080 557 
12084 557 
12099 255 
12111 735 
12117 645 
12137 1219 
12187 4635 
12228 997 
12240 231 
12254 363 
12295 2783 
12302 154 
12374 389 
12392 1057 
12538 468 
12549 218 
12585 4215 
12611 1179 
12620 412 
12627 468 
12627 2911 
12710 443 
12740 352 
12771 96 
12776 279 
12790 630 
12810 1156 
12812 54 
12812 2664 
12813 900 
12939 0 
12942 1094 
12952 1601 
12970 30 
13033 2128 
13046 791 
13105 287 
13112 586 
13121 1278 
13124 90 
13198 845 
13252 2776 
13258 623 
13273 3656 
13284 1593 
13354 531 
13393 1308 
13415 184 
13435 1092 
13466 565 
13481 4649 
13495 201 
13523 1988 
13532 790 
13540 36 
13587 416 
13588 270 
13670 1438 
13675 1475 
13682 685 
13693 2031 
13811 430 
13815 406 
13843 2077 
13850 2318 
13885 623 
13893 851 
13973 1430 
14040 14197 
14041 2465 
14091 788 
14158 3990 
14216 1269 
14245 1856 
14321 113 
14413 154 
14418 132 
14423 154 
14505 1078 
14516 78 
14519 135 
14633 5236 
14643 254 
14652 4156 
14697 2247 
14747 1800 
14764 625 
14771 1653 
14774 1436 
14820 2091 
14848 115 
14852 1373 
14862 637 
14862 21 
14887 240 
14903 189 
14923 432 
14936 373 
14938 1645 
14946 897 
14960 240 
14962 111 
14968 1407 
14983 234 
15018 1185 
15070 773 
15091 2803 
15220 1587 
15323 626 
15330 1987 
15352 1096 
15368 618 
15451 2585 
15457 904 
15465 2061 
15534 240 
15571 67 
15604 15 
15628 2178 
15658 2729 
15677 937 
15837 968 
15863 11479 
15917 626 
15936 20 
16046 1498 
16106 718 
16140 283 
16140 283 
16147 1125 
16147 1125 
16151 557 
16151 557 
16178 1458 
16178 1458 
16236 406 
16236 406 
16303 1581 
16320 360 
16415 707 
16549 74 
16603 894 
16627 1157 
16675 1221 
16680 105 
16746 333 
16768 76 
16777 118 
16788 33 
16817 125 
16898 41025 
16954 469 
16958 1562 
16967 234 
16992 4815 
17077 57 
17085 447 
17109 87 
17155 2394 
17190 121 
17191 633 
17233 1002 
17265 457 
17318 985 
17348 905 
17362 404 
17508 2568 
17587 47 
17594 250 
17604 2998 
17626 487 
17663 264 
17744 650 
17840 2267 
17884 1004 
17945 744 
17947 421 
17955 49 
17975 912 
18013 404 
18070 517 
18125 84 
18164 72 
18200 2393 
18216 391 
18217 1225 
18219 301 
18275 1424 
18411 1203 
18440 1018 
18475 466 
18499 171 
18502 3921 
18531 784 
18532 4 
18546 84 
18592 550 
18662 114 
18918 231 
18992 1062 
19063 486 
19155 706 
19244 1408 
19366 313 
19522 1814 
19625 234 
19712 108 
19869 9236 
19869 1846 
19969 3237 
19970 286 
20009 28 
20039 128 
20060 1584 
20123 1510 
20167 85 
20228 126 
20272 516 
20316 1223 
20342 2196 
20348 513 
20501 21 
20533 1154 
20588 119 
20643 128 
20656 704 
20817 1188 
20847 649 
20884 515 
20905 573 
20927 578 
21013 6545 
21013 532 
21048 1712 
21087 100 
21094 991 
21154 318 
21189 3601 
21217 685 
21228 950 
21263 32 
21265 1006 
21288 531 
21322 1778 
21359 295 
21387 902 
21416 54 
21461 15 
21480 23 
21512 419 
21536 821 
21577 3015 
21585 14 
21714 1978 
21730 691 
21732 418 
21767 1350 
21841 6705 
21895 2325 
21989 334 
22010 4642 
22038 743 
22092 1423 
22094 712 
22162 1837 
22388 1419 
22470 923 
22550 775 
22583 133 
22604 2844 
22660 1451 
22665 31 
22674 913 
22708 889 
22728 291 
22750 134 
22822 1163 
22842 947 
22912 1298 
22914 228 
22968 3439 
22980 2624 
23036 1665 
23038 502 
23072 3345 
23072 705 
23109 262 
23118 1090 
23139 1350 
23211 104 
23269 507 
23307 783 
23309 4074 
23372 325 
23386 73 
23387 155 
23398 723 
23406 258 
23421 714 
23454 2776 
23481 8068 
23487 65 
23490 716 
23595 1306 
23729 0 
23754 8121 
23790 32 
23799 321 
23800 189 
23805 57 
23818 1127 
23885 20 
23938 509 
23959 1693 
23981 181 
24019 685 
24056 787 
24065 1994 
24074 378 
24332 1866 
24334 114 
24368 2456 
24382 56 
24395 199 
24413 1591 
24424 567 
24452 769 
24527 7771 
24559 1315 
24601 122 
24635 2118 
24662 1430 
24699 347 
24725 1073 
24728 65 
24736 251 
24781 892 
24791 392 
24801 477 
24806 1154 
24842 42 
24847 117 
24891 1259 
24909 931 
24922 3593 
24934 63 
24968 55 
24994 86 
25000 817 
25014 1243 
25015 1188 
25022 10 
25022 365 
25060 89 
25113 138 
25124 1665 
25135 67 
25152 2163 
25199 950 
25228 990 
25235 811 
25246 1585 
25268 13 
25285 46086 
25302 244 
25335 857 
25357 511 
25369 2130 
25414 376 
25417 660 
25434 338 
25439 683 
25467 22 
25469 2254 
25500 935 
25523 3332 
25525 65 
25527 1781 
25536 6129 
25538 8264 
25546 53 
25556 1032 
25601 3619 
25604 30 
25607 26 
25610 572 
25651 1532 
25651 6152 
25658 36 
25659 266 
25663 1582 
25675 1039 
25719 75 
25721 1788 
25722 1257 
25747 896 
25814 559 
25856 1185 
25858 836 
25890 348 
25891 1933 
25906 370 
25913 2318 
25935 1686 
25974 199 
25990 492 
25995 1056 
26007 581 
26040 1630 
26046 861 
26074 582 
26097 922 
26143 80 
26152 561 
26158 12 
26160 225 
26173 195 
26186 90 
26188 1586 
26207 72 
26209 575 
26272 981 
26383 1106 
26384 7 
26392 75 
26408 1578 
26418 230 
26420 6119 
26427 1723 
26436 760 
26468 79 
26480 123 
26512 115 
26516 2036 
26571 167 
26576 131 
26582 380 
26584 2663 
26596 2893 
26665 912 
26690 611 
26702 348 
26725 2117 
26748 504 
26754 449 
26792 1035 
26800 510 
26852 360 
26867 1273 
26907 156 
26940 3654 
26973 36 
26975 1692 
26982 738 
26995 23 
27001 653 
27008 217 
27019 2307 
27033 748 
27059 131 
27062 1099 
27063 4063 
27066 1480 
27134 140 
27147 143 
27147 2027 
27152 279 
27157 1259 
27159 39 
27173 1283 
27190 225 
27202 327 
27239 600 
27295 792 
27304 527 
27322 305 
27328 429 
27389 1802 
27403 23 
27403 487 
27416 114 
27422 440 
27444 178 
27477 490 
27485 70 
27486 44 
27492 800 
27524 201 
27554 627 
27591 372 
27604 312 
27621 148 
27623 2422 
27633 2515 
27641 2301 
27656 497 
27660 25 
27664 340 
27673 217 
27783 402 
27797 565 
27808 157 
27825 1897 
27835 4739 
27847 357 
27864 15611 
27877 79 
27914 1847 
27934 188 
27945 753 
27962 11 
27973 728 
28009 836 
28078 581 
28091 522 
28093 106 
28098 5244 
28168 535 
28229 1386 
28236 1183 
28360 1508 
28369 86 
28473 440 
28479 1132 
28517 151 
28529 676 
28546 1023 
28548 189 
28595 281 
28599 397 
28624 1453 
28632 843 
28671 723 
28684 1289 
28693 269 
28697 728 
28706 1782 
28707 1035 
28746 440 
28781 130 
28827 1145 
28831 120 
28854 412 
28882 167 
28896 145 
28997 49 
29054 613 
29076 254 
29096 77 
29123 417 
29129 311 
29135 830 
29135 1194 
29152 1225 
29192 3303 
29207 528 
29212 307 
29212 11 
29218 3320 
29219 1814 
29232 81 
29239 2746 
29250 402 
29263 520 
29275 3455 
29294 5543 
29321 15 
29339 146 
29347 1548 
29378 1285 
29395 76 
29448 1037 
29453 1116 
29462 982 
29463 524 
29501 922 
29542 758 
29545 571 
29550 475 
29566 87 
29606 204 
29638 616 
29659 15195 
29664 212 
29669 849 
29678 646 
29704 377 
29769 720 
29878 319 
29886 224 
29888 90 
29906 788 
29910 35 
29923 2421 
29963 210 
30002 23086 
30003 3123 
30032 304 
30035 1057 
30058 102 
30068 1446 
30084 11654 
30149 1652 
30158 63 
30173 34 
30174 684 
30177 306 
30179 539 
30215 18 
30219 763 
30244 1568 
30256 60 
30265 1055 
30330 1402 
30330 62 
30339 12 
30365 451 
30392 2151 
30414 287 
30419 1818 
30426 29 
30432 589 
30434 2737 
30458 126 
30461 531 
30474 424 
30481 460 
30493 450 
30511 674 
30515 768 
30534 563 
30557 919 
30561 248 
30573 448 
30621 435 
30627 48 
30629 64 
30634 358 
30660 787 
30680 914 
30681 100 
30691 1070 
30705 399 
30715 406 
30748 29 
30760 370 
30778 67 
30787 95 
30816 7609 
30916 1283 
30944 575 
30993 140 
30999 259 
31004 413 
31017 411 
31027 67 
31029 5194 
31042 551 
31053 623 
31055 86 
31120 203 
31128 758 
31170 1396 
31170 1396 
31196 670 
31196 670 
31202 147 
31202 147 
31204 723 
31204 723 
31206 1131 
31206 1131 
31209 417 
31209 417 
31219 103 
31219 103 
31240 448 
31247 467 
31249 585 
31288 278 
31293 335 
31323 130 
31343 1370 
31387 82 
31500 1366 
31527 70 
31617 189 
31647 1544 
31670 920 
31690 1417 
31696 401 
31705 1586 
31733 673 
31774 774 
31846 132 
31855 319 
31920 252 
31930 1316 
31973 3864 
31980 769 
31992 849 
32092 602 
32138 283 
32147 1613 
32187 848 
32206 262 
32250 299 
32252 1121 
32281 915 
32323 594 
32353 1602 
32362 438 
32385 847 
32386 1247 
32484 335 
32506 826 
32555 183 
32565 1312 
32575 1383 
32615 666 
32623 1060 
32720 438 
32720 245 
32723 1872 
32743 66 
32831 652 
32832 29 
32857 806 
32860 9787 
32863 88 
32886 121 
32921 9398 
32975 475 
32988 1166 
33005 468 
33030 488 
33037 412 
33173 1219 
33183 1524 
33249 978 
33274 231 
33283 2950 
33302 1100 
33316 447 
33318 205 
33340 575 
33384 302 
33403 62 
33419 1252 
33425 101 
33438 1251 
33464 107 
33549 1118 
33556 7742 
33557 1329 
33589 182 
33613 1558 
33618 374 
33638 3335 
33745 665 
33756 366 
33789 2623 
33869 170 
33905 299 
33941 1296 
33948 1348 
33962 31421 
33979 759 
33996 50 
34029 171 
34082 427 
34086 2076 
34089 249 
34123 623 
34127 70 
34146 452 
34159 206 
34167 132 
34226 2471 
34228 482 
34233 152 
34263 1343 
34273 9 
34273 981 
34298 388 
34302 273 
34358 212 
34399 117 
34468 679 
34499 548 
34515 755 
34532 237 
34536 165 
34540 52 
34564 2023 
34575 26 
34647 836 
34669 929 
34732 663 
34802 1685 
34828 1743 
34840 70 
34842 83 
34872 332 
34888 631 
35014 97 
35024 1125 
35099 112 
35261 4521 
35295 213 
35329 53 
35373 1775 
35375 54 
35392 132 
35417 350 
35429 119 
35447 1317 
35452 1414 
35525 176 
35546 163 
35548 117 
35552 557 
35555 871 
35603 194 
35613 425 
35648 1736 
35704 161 
35708 170 
35743 113 
35796 52 
35802 303 
35813 1999 
35818 422 
35839 2081 
35854 2438 
35857 1072 
35862 69 
35879 152 
35918 281 
35919 538 
35973 1179 
35975 220 
35979 759 
35994 137 
36027 680 
36058 54 
36090 2600 
36120 577 
36192 146 
36261 186 
36343 1406 
36347 1018 
36471 214 
36503 1699 
36548 243 
36565 46 
36591 2713 
36620 250 
36626 1781 
36641 1227 
36662 464 
36663 1059 
36673 245 
36739 989 
36746 415 
36765 1412 
36946 576 
36953 912 
36972 89 
37040 191 
37095 421 
37096 1209 
37109 1438 
37209 16 
37227 1615 
37255 539 
37282 3413 
37297 1121 
37307 1569 
37330 768 
37334 2604 
37337 285 
37393 1093 
37399 351 
37404 91 
37420 809 
37434 365 
37469 577 
37478 1652 
37499 446 
37506 887 
37514 1522 
37532 1773 
37552 3269 
37569 1546 
37569 190 
37571 694 
37582 250 
37600 1163 
37608 1082 
37636 146 
37638 132 
37639 103 
37662 289 
37668 555 
37708 335 
37709 417 
37718 196 
37766 205 
37766 681 
37782 2065 
37783 459 
37784 646 
37816 451 
37827 763 
37836 1190 
37837 6446 
37837 379 
37850 182 
37854 1289 
37854 51 
37863 580 
37877 1078 
37882 227 
37908 636 
37912 1011 
37941 1089 
37945 52 
37960 181 
37970 4093 
37975 514 
37979 34 
37993 2546 
37994 787 
38008 36 
38010 164 
38013 206 
38021 176 
38026 1760 
38031 856 
38035 1924 
38048 4445 
38073 852 
38100 125 
38104 1019 
38109 213 
38110 1992 
38118 3683 
38124 1816 
38136 1502 
38141 947 
38145 25 
38166 1389 
38166 115 
38170 1481 
38175 373 
38181 6402 
38192 120 
38211 575 
38238 24 
38238 245 
38255 1302 
38261 56 
38269 377 
38273 499 
38277 883 
38288 156 
38294 202 
38327 4 
38333 551 
38340 362 
38341 1171 
38348 295 
38354 1184 
38358 972 
38366 358 
38368 766 
38392 116 
38392 6 
38404 141 
38407 1067 
38410 801 
38435 171 
38439 149 
38457 300 
38467 933 
38486 1269 
38492 354 
38505 346 
38519 325 
38524 334 
38527 1611 
38571 2319 
38574 965 
38584 1133 
38605 607 
38620 746 
38625 903 
38650 322 
38695 894 
38702 45 
38719 652 
38726 226 
38727 6607 
38728 791 
38737 206 
38740 961 
38748 508 
38749 149 
38752 30 
38765 1002 
38776 143 
38781 191 
38788 836 
38822 707 
38828 271 
38846 632 
38849 152 
38882 1221 
38896 1425 
38903 165 
38905 855 
38932 991 
38938 1308 
38939 583 
38949 695 
38964 167 
38971 107 
38973 319 
38974 2635 
39003 83 
39005 564 
39021 395 
39048 1286 
39060 68 
39061 349 
39066 408 
39067 318 
39072 5 
39110 355 
39115 2171 
39181 1931 
39183 233 
39201 47 
39206 662 
39213 471 
39227 520 
39237 929 
39239 186 
39239 382 
39245 486 
39265 1172 
39297 228 
39322 408 
39326 98 
39330 7132 
39334 284 
39335 135 
39342 2474 
39358 50 
39426 579 
39452 1138 
39455 1071 
39464 2759 
39469 873 
39473 176 
39482 1082 
39488 2468 
39510 119 
39513 208 
39528 539 
39535 132 
39539 21 
39550 175 
39552 219 
39569 1052 
39575 1145 
39608 151 
39612 471 
39628 1028 
39629 797 
39629 253 
39637 266 
39672 974 
39701 2731 
39705 1437 
39714 2093 
39725 99 
39731 959 
39734 369 
39743 549 
39761 1033 
39777 520 
39780 768 
39785 1461 
39787 595 
39797 470 
39799 425 
39806 762 
39813 0 
39831 2417 
39839 7851 
39843 779 
39865 429 
39876 3577 
39881 1672 
39887 902 
39913 201 
39914 793 
39928 5035 
39958 1484 
39966 3559 
39968 482 
39994 473 
40003 75 
40016 70 
40036 727 
40050 319 
40051 221 
40072 1375 
40073 1208 
40074 253 
40087 711 
40108 144 
40133 457 
40139 29 
40158 2619 
40181 261 
40192 17 
40202 222 
40202 117 
40232 363 
40270 387 
40272 975 
40292 150 
40302 217 
40328 121 
40366 454 
40382 2157 
40389 1033 
40413 618 
40432 114 
40434 625 
40456 158 
40465 31 
40501 907 
40537 799 
40541 341 
40547 292 
40560 39 
40567 1964 
40601 104 
40605 1011 
40614 110 
40619 1857 
40637 361 
40654 886 
40657 72 
40658 351 
40674 81 
40679 585 
40709 920 
40718 7302 
40722 347 
40742 1175 
40747 335 
40751 497 
40760 133 
40762 458 
40763 680 
40770 184 
40789 1238 
40798 18 
40798 10 
40823 835 
40832 298 
40867 3400 
40881 4189 
40886 387 
40903 1624 
40932 125 
40934 107 
40986 807 
41021 342 
41034 531 
41036 468 
41046 880 
41059 891 
41094 66 
41096 5015 
41100 262 
41107 32 
41144 301 
41155 956 
41162 632 
41166 1292 
41172 1109 
41173 27 
41223 1118 
41258 1448 
41258 787 
41272 225 
41281 162 
41298 462 
41303 1834 
41308 232 
41314 569 
41320 193 
41346 979 
41347 782 
41387 109 
41431 333 
41431 437 
41447 2471 
41454 37 
41464 125 
41495 261 
41505 556 
41525 167 
41543 189 
41563 184 
41583 6581 
41590 1565 
41616 537 
41636 3118 
41640 1568 
41646 532 
41656 353 
41660 0 
41663 982 
41669 523 
41670 0 
41673 431 
41680 74 
41691 92 
41695 564 
41697 946 
41701 810 
41706 1444 
41709 1146 
41723 62 
41725 3903 
41735 109 
41753 435 
41755 591 
41763 397 
41763 1633 
41766 1333 
41772 2339 
41786 1651 
41788 906 
41801 928 
41816 515 
41822 824 
41834 1266 
41849 435 
41884 847 
41947 409 
41975 1234 
42002 1402 
42060 1265 
42061 6379 
42063 2420 
42063 571 
42085 1614 
42095 1923 
42109 747 
42129 143 
42138 1279 
42150 48 
42159 283 
42193 522 
42205 3732 
42225 1623 
42229 1228 
42235 237 
42237 1110 
42240 48 
42242 390 
42249 925 
42251 473 
42255 45 
42272 966 
42301 151 
42318 26 
42336 3849 
42340 703 
42373 48 
42380 0 
42381 60 
42391 596 
42393 557 
42398 513 
42400 361 
42401 2179 
42413 473 
42432 866 
42437 67 
42440 1227 
42441 1052 
42443 50 
42449 1463 
42454 403 
42467 4779 
42467 2394 
42497 336 
42507 1697 
42512 403 
42513 376 
42528 668 
42544 171 
42544 184 
42554 19 
42589 608 
42593 1340 
42597 1168 
42603 3690 
42620 819 
42632 102 
42644 564 
42648 482 
42673 13 
42725 125 
42741 1239 
42757 300 
42759 6454 
42790 561 
42790 1170 
42795 101 
42797 30 
42806 236 
42814 1511 
42814 107 
42838 435 
42843 6 
42852 72 
42859 401 
42862 81 
42867 594 
42869 106 
42877 363 
42881 421 
42882 1135 
42891 133 
42892 1842 
42905 2208 
42910 3386 
42925 136 
42927 365 
42934 397 
42943 1399 
42945 484 
42961 1008 
42972 455 
42977 365 
42985 255 
42991 40 
43050 144 
43055 252 
43067 182 
43073 97 
43078 1259 
43086 26 
43098 780 
43109 982 
43125 1384 
43141 41 
43202 1327 
43235 558 
43248 1448 
43259 274 
43271 1335 
43287 201 
43301 393 
43311 919 
43313 3626 
43338 92 
43343 292 
43345 853 
43398 181 
43406 6066 
43414 121 
43423 304 
43428 228 
43436 993 
43438 393 
43447 916 
43458 4 
43474 119 
43475 147 
43512 33 
43513 976 
43515 627 
43520 5747 
43529 56 
43554 32 
43556 269 
43569 1608 
43574 99 
43597 154 
43623 122 
43633 1805 
43650 803 
43657 1435 
43676 967 
43679 5579 
43693 1580 
43708 58 
43723 41 
43737 871 
43776 677 
43783 683 
43795 424 
43802 34 
43809 546 
43812 294 
43827 48 
43848 663 
43852 154 
43854 1082 
43861 1966 
43868 61 
43869 93 
43896 360 
43901 371 
43912 334 
43912 1314 
43933 132 
43941 1471 
43953 247 
43962 2870 
43971 1472 
43971 1253 
43972 208 
43977 301 
44003 3293 
44042 234 
44053 2212 
44060 17 
44077 520 
44081 192 
44093 6 
44108 353 
44118 836 
44119 1526 
44143 40 
44146 1400 
44155 1147 
44168 1925 
44185 1093 
44211 1328 
44215 143 
44231 1582 
44239 1879 
44301 686 
44313 161 
44313 1324 
44324 880 
44330 525 
44333 700 
44350 54 
44353 1730 
44369 769 
44371 1363 
44375 1853 
44379 1254 
44423 1232 
44437 645 
44448 195 
44455 575 
44469 837 
44474 92 
44476 1114 
44478 498 
44487 111 
44488 3165 
44492 1591 
44501 812 
44506 195 
44514 176 
44520 3901 
44522 867 
44541 24 
44552 218 
44559 719 
44579 439 
44582 600 
44583 297 
44597 45 
44599 148 
44604 2821 
44615 3690 
44617 582 
44622 446 
44633 866 
44638 21 
44654 327 
44656 1300 
44667 87 
44673 364 
44690 473 
44712 1000 
44718 233 
44743 2690 
44746 1652 
44750 543 
44772 2321 
44783 1615 
44788 241 
44790 3310 
44796 393 
44812 5 
44826 450 
44848 167 
44855 10 
44860 1610 
44863 29 
44878 12 
44879 511 
44901 189 
44903 23 
44917 130 
44921 88 
44928 1750 
44941 254 
44946 800 
44949 407 
44954 1389 
44954 933 
44954 496 
44955 504 
44973 838 
44975 738 
44998 91 
45017 204 
45017 1362 
45028 605 
45034 471 
45038 3225 
45040 656 
45048 271 
45070 611 
45086 327 
45099 3900 
45105 0 
45115 148 
45140 2225 
45172 1203 
45174 158 
45185 2126 
45199 915 
45205 201 
45205 1464 
45224 670 
45227 164 
45231 145 
45233 434 
45252 52 
45272 20 
45274 519 
45281 1840 
45288 51 
45293 397 
45305 409 
45328 1405 
45350 20 
45355 1015 
45364 16 
45374 495 
45376 24 
45378 335 
45394 552 
45399 41 
45400 1901 
45406 648 
45409 237 
45425 180 
45436 195 
45438 1391 
45471 374 
45476 1086 
45480 6383 
45481 1814 
45488 1104 
45491 445 
45512 108 
45529 117 
45532 1365 
45535 2414 
45535 1416 
45536 92 
45554 867 
45567 1439 
45582 240 
45586 988 
45592 497 
45619 756 
45629 163 
45634 103 
45640 653 
45640 1537 
45650 2117 
45650 20 
45651 374 
45670 1849 
45697 911 
45707 1239 
45718 37 
45724 1563 
45732 133 
45747 223 
45750 97 
45767 1632 
45772 21601 
45774 947 
45849 357 
45852 112 
45854 612 
45869 1613 
45885 1741 
45897 71 
45900 658 
45900 1440 
45903 874 
45916 207 
45918 203 
45922 2 
45928 11 
45939 400 
45951 2502 
45958 280 
45962 937 
45965 1768 
45967 262 
45967 10761 
45976 1 
45980 284 
45983 129 
45991 983 
45998 43 
46022 5328 
46024 1705 
46025 426 
46028 2318 
46046 2295 
46046 339 
46051 1286 
46086 249 
46101 211 
46114 122 
46123 22 
46128 2026 
46134 946 
46143 1316 
46146 102 
46151 371 
46156 196 
46165 280 
46169 645 
46171 4682 
46173 577 
46213 321 
46219 1867 
46223 860 
46224 96 
46224 36 
46226 703 
46227 1539 
46259 300 
46262 370 
46263 623 
46285 212 
46297 8 
46317 12 
46356 49 
46358 132 
46362 1129 
46363 1077 
46363 1368 
46373 180 
46375 374 
46389 346 
46397 141 
46404 167 
46422 648 
46448 300 
46475 221 
46487 336 
46488 1269 
46500 330 
46511 693 
46511 693 
46513 359 
46513 2115 
46513 2115 
46513 359 
46527 2411 
46527 2411 
46528 108 
46528 108 
46553 1089 
46553 1089 
46554 984 
46554 2373 
46554 2373 
46554 984 
46572 889 
46572 1197 
46579 1288 
46587 993 
46591 1314 
46601 1206 
46601 304 
46607 3257 
46608 540 
46610 626 
46610 700 
46635 1170 
46657 929 
46659 192 
46672 1357 
46681 169 
46685 241 
46686 137 
46709 2074 
46709 1398 
46716 1113 
46721 390 
46780 1204 
46782 573 
46818 227 
46827 324 
46828 31 
46866 199 
46870 95 
46907 1401 
46918 544 
46937 541 
46937 2020 
46956 6 
46963 107 
46968 927 
46982 285 
46983 645 
46989 119 
46993 1221 
47006 138 
47017 106 
47034 209 
47034 328 
47035 87 
47077 152 
47079 381 
47079 717 
47086 3288 
47094 184 
47102 155 
47151 452 
47156 468 
47159 227 
47180 918 
47184 83 
47188 55 
47198 499 
47213 1432 
47226 2794 
47231 199 
47233 752 
47243 8 
47257 3845 
47262 183 
47263 1232 
47266 643 
47268 963 
47281 89 
47288 56 
47297 1114 
47311 1894 
47316 33 
47346 1752 
47350 341 
47401 1801 
47411 18 
47412 542 
47420 477 
47434 383 
47435 354 
47437 552 
47437 515 
47454 157 
47455 462 
47490 719 
47491 1628 
47491 54 
47495 335 
47501 522 
47504 909 
47508 533 
47508 15 
47509 2056 
47509 1764 
47517 335 
47523 720 
47525 575 
47549 51 
47610 26 
47615 148 
47628 174 
47630 1164 
47633 982 
47641 1565 
47664 229 
47667 782 
47673 1039 
47678 54 
47689 621 
47692 641 
47700 362 
47712 1177 
47720 133 
47722 576 
47723 5365 
47751 456 
47753 67 
47753 155 
47766 14 
47772 117 
47774 601 
47784 1353 
47804 338 
47813 884 
47831 844 
47840 77 
47843 958 
47848 258 
47850 299 
47864 661 
47870 1766 
47872 245 
47911 41 
47939 65 
47941 2172 
47947 245 
47948 1380 
47950 609 
47961 1546 
47962 971 
47966 3069 
47978 79 
47984 270 
47998 288 
48004 1111 
48024 241 
48025 745 
48032 430 
48034 592 
48050 51 
48080 1458 
48112 2275 
48114 2374 
48133 81 
48138 262 
48157 773 
48161 1593 
48175 1446 
48179 1781 
48180 640 
48184 725 
48184 1 
48187 155 
48191 98 
48222 207 
48228 17 
48233 1441 
48234 49 
48257 838 
48275 86 
48279 971 
48299 225 
48305 407 
48306 396 
48309 364 
48318 688 
48332 244 
48342 730 
48349 152 
48354 133 
48358 3466 
48374 1158 
48396 424 
48398 99 
48400 590 
48412 436 
48413 134 
48426 2361 
48436 341 
48445 1686 
48452 169 
48460 2029 
48466 3072 
48467 1879 
48473 305 
48482 45 
48494 1088 
48498 665 
48514 1208 
48515 88 
48517 219 
48518 381 
48522 67 
48527 1118 
48551 632 
48552 234 
48564 302 
48595 394 
48608 408 
48613 117 
48614 61 
48619 4533 
48632 310 
48635 37 
48636 178 
48637 245 
48647 1173 
48647 982 
48660 1200 
48662 8006 
48669 49 
48674 154 
48686 2017 
48692 2512 
48693 600 
48700 157 
48718 121 
48720 578 
48721 576 
48727 322 
48731 916 
48759 14 
48764 230 
48773 576 
48773 634 
48778 771 
48780 196 
48789 110 
48790 921 
48790 3659 
48792 432 
48796 1733 
48797 473 
48803 1185 
48808 1553 
48810 611 
48845 856 
48854 183 
48854 198 
48856 747 
48856 463 
48871 963 
48882 462 
48887 74 
48888 32 
48896 1905 
48906 433 
48909 560 
48914 314 
48919 1199 
48925 166 
48925 1337 
48938 1254 
48943 27 
48946 1582 
48956 1980 
48962 6 
48969 247 
48976 777 
48981 689 
48995 46 
48998 161 
49007 430 
49020 572 
49030 525 
49032 160 
49045 370 
49046 80 
49050 422 
49065 230 
49092 1648 
49097 129 
49118 2755 
49124 1135 
49143 378 
49143 54 
49154 37 
49172 236 
49179 1377 
49197 195 
49208 6362 
49214 1307 
49223 1347 
49225 304 
49240 462 
49244 2576 
49290 237 
49311 124 
49314 122 
49319 211 
49329 301 
49335 770 
49357 335 
49371 215 
49375 1166 
49375 377 
49375 274 
49376 595 
49378 357 
49387 1015 
49408 255 
49411 637 
49414 206 
49415 2687 
49430 57 
49447 576 
49455 922 
49455 1403 
49468 476 
49484 101 
49484 37 
49506 28 
49518 1119 
49523 762 
49527 136 
49529 239 
49529 481 
49529 297 
49566 32 
49591 1414 
49597 521 
49597 55 
49614 1464 
49615 181 
49616 481 
49623 604 
49641 1553 
49651 117 
49670 1273 
49674 443 
49675 49 
49684 1 
49690 538 
49701 1181 
49703 195 
49748 368 
49760 972 
49760 107 
49778 1435 
49824 1030 
49836 386 
49848 136 
49851 3246 
49852 1259 
49858 584 
49860 1955 
49862 33781 
49863 429 
49879 1292 
49882 245 
49889 804 
49890 1003 
49890 775 
49911 1451 
49911 326 
49912 1348 
49913 39 
49943 86 
49946 42 
49955 814 
49956 233 
49963 100 
49963 1016 
49975 219 
49984 118 
49985 175 
49990 532 
49996 2014 
50032 120 
50043 440 
50051 208 
50053 812 
50059 214 
50062 208 
50067 202 
50070 906 
50122 42 
50140 240 
50153 241 
50159 747 
50159 1379 
50166 147 
50176 577 
50181 118 
50188 1026 
50197 1028 
50200 2060 
50205 192 
50210 275 
50225 575 
50228 1374 
50242 1102 
50254 103 
50255 1308 
50262 15742 
50264 241 
50273 942 
50291 1154 
50305 1012 
50322 959 
50328 407 
50328 781 
50329 1804 
50339 82 
50351 49 
50378 528 
50380 1229 
50394 699 
50404 1488 
50406 1570 
50428 87 
50429 42 
50434 804 
50446 2 
50453 1579 
50468 1453 
50482 105 
50496 379 
50501 57 
50510 226 
50517 477 
50525 58 
50528 2365 
50536 191 
50579 25 
50587 1665 
50587 206 
50609 1119 
50610 812 
50611 884 
50612 250 
50643 276 
50645 2351 
50683 540 
50723 787 
50725 715 
50735 3 
50739 2069 
50745 4062 
50750 1106 
50761 171 
50765 610 
50771 3922 
50774 49 
50777 830 
50784 184 
50790 124 
50798 1049 
50798 915 
50811 362 
50831 60 
50847 22 
50866 12 
50879 149 
50889 134 
50905 110 
50938 703 
50948 678 
50968 438 
50973 1074 
50976 35 
51009 1367 
51028 31 
51038 91 
51045 622 
51055 386 
51059 561 
51065 850 
51084 1508 
51085 93 
51105 1307 
51112 114 
51133 286 
51144 1716 
51152 132 
51152 3529 
51162 56 
51167 377 
51169 362 
51184 154 
51192 193 
51215 107 
51223 198 
51242 940 
51254 89 
51294 610 
51296 1897 
51328 136 
51331 89 
51331 1293 
51363 470 
51368 299 
51369 157 
51369 100 
51382 209 
51383 269 
51385 1509 
51396 118 
51411 447 
51433 615 
51437 1076 
51453 832 
51455 2924 
51462 864 
51485 1571 
51488 397 
51491 5055 
51491 786 
51499 743 
51514 728 
51517 139 
51517 1987 
51522 234 
51536 1207 
51542 595 
51551 42 
51561 130 
51586 812 
51632 116 
51635 295 
51641 1163 
51644 217 
51650 2200 
51653 113 
51665 433 
51674 312 
51694 65 
51696 436 
51700 626 
51703 687 
51709 719 
51714 263 
51719 1455 
51739 212 
51757 2298 
51769 1311 
51802 169 
51807 262 
51811 458 
51813 280 
51819 210 
51821 792 
51821 11 
51839 277 
51851 764 
51853 857 
51873 154 
51890 1224 
51893 418 
51894 510 
51896 201 
51916 849 
51921 47 
51921 439 
51929 923 
51945 33 
51964 25 
51975 100 
51978 446 
51989 29 
51992 570 
51998 239 
52005 982 
52010 1947 
52012 822 
52017 668 
52040 98 
52053 71 
52055 697 
52061 1059 
52062 232 
52066 2137 
52069 115 
52071 82 
52076 180 
52130 428 
52143 137 
52145 1623 
52153 1229 
52161 513 
52164 16 
52173 1263 
52186 299 
52203 680 
52211 2034 
52212 486 
52249 1091 
52265 1167 
52271 28 
52274 46 
52281 40 
52304 431 
52304 97 
52306 59 
52309 952 
52342 379 
52358 302 
52376 227 
52405 2666 
52414 479 
52450 50 
52473 1183 
52480 503 
52487 1184 
52510 250 
52519 797 
52526 977 
52528 1213 
52530 929 
52539 73 
52540 594 
52548 2433 
52550 146 
52560 395 
52560 1594 
52568 1262 
52578 1731 
52588 39 
52596 699 
52613 904 
52634 696 
52635 173 
52647 307 
52649 207 
52651 153 
52682 1024 
52682 391 
52684 214 
52691 436 
52694 700 
52733 554 
52744 193 
52745 138 
52751 127 
52763 209 
52768 111 
52788 232 
52803 289 
52813 112 
52814 1077 
52829 256 
52836 552 
52839 618 
52862 48 
52878 65 
52886 191 
52891 1030 
52911 1478 
52917 138 
52940 578 
52951 477 
52961 1266 
52991 431 
52999 430 
53008 473 
53009 311 
53020 11 
53020 179 
53033 129 
53049 112 
53050 1516 
53050 551 
53076 436 
53083 158 
53087 982 
53098 374 
53103 1752 
53154 1622 
53154 6078 
53168 25 
53172 104 
53181 1609 
53189 42 
53224 56 
53224 94 
53226 1189 
53236 664 
53237 336 
53252 32 
53260 258 
53269 118 
53272 1952 
53273 53 
53279 252 
53294 282 
53300 664 
53301 392 
53310 8 
53316 174 
53352 165 
53356 254 
53358 768 
53360 1534 
53369 927 
53406 187 
53434 635 
53439 690 
53441 99 
53443 831 
53451 3955 
53460 664 
53462 475 
53507 1317 
53508 580 
53516 63 
53517 236 
53535 576 
53540 2617 
53543 1515 
53551 3541 
53555 169 
53560 29 
53567 58 
53570 324 
53575 81 
53577 80 
53595 25 
53614 1881 
53618 1139 
53633 476 
53645 363 
53649 769 
53657 1405 
53657 1309 
53669 14 
53669 1010 
53675 381 
53692 662 
53698 244 
53699 20 
53700 93 
53775 1224 
53800 797 
53834 1722 
53863 656 
53876 25 
53881 6680 
53898 486 
53920 262 
53938 176 
53957 170 
53993 70 
53998 218 
54018 107 
54019 1019 
54019 559 
54025 508 
54049 609 
54062 44 
54068 341 
54080 124 
54098 1422 
54115 35 
54132 109 
54139 45 
54145 833 
54156 602 
54167 674 
54172 2306 
54187 44 
54197 237 
54205 365 
54206 170 
54206 322 
54208 1602 
54217 1128 
54220 1536 
54231 1168 
54238 20 
54248 997 
54253 34 
54265 694 
54290 287 
54295 87 
54303 531 
54305 1363 
54325 57 
54332 534 
54351 346 
54355 307 
54361 7 
54365 2073 
54376 297 
54381 15 
54388 144 
54394 516 
54395 195 
54396 348 
54421 347 
54434 356 
54441 26 
54445 789 
54447 1829 
54458 72 
54460 1048 
54492 858 
54498 848 
54506 353 
54512 723 
54528 1272 
54542 63 
54546 1088 
54553 264 
54577 42 
54585 140 
54610 679 
54611 889 
54634 113 
54651 1106 
54653 454 
54654 207 
54665 4956 
54668 188 
54685 119 
54686 967 
54705 17038 
54705 964 
54706 149 
54709 15 
54710 456 
54717 11 
54727 86 
54741 235 
54753 8169 
54767 23 
54771 763 
54776 103 
54790 243 
54793 105 
54795 173 
54807 58 
54825 192 
54826 127 
54827 84 
54830 5 
54837 664 
54838 213 
54864 272 
54877 4 
54905 6296 
54912 205 
54916 64 
54946 1151 
54978 220 
54981 580 
54982 1895 
55008 79 
55013 224 
55019 19 
55023 571 
55028 505 
55035 4278 
55038 461 
55049 231 
55058 396 
55063 186 
55069 788 
55094 11256 
55098 638 
55113 685 
55125 999 
55141 164 
55143 963 
55148 774 
55156 103 
55156 1447 
55163 3505 
55172 149 
55183 24 
55184 366 
55229 227 
55230 40 
55244 4647 
55252 63 
55252 181 
55258 2965 
55271 115 
55274 149 
55276 331 
55281 93 
55289 166 
55319 2144 
55326 1848 
55328 860 
55336 61 
55348 493 
55349 86 
55371 1681 
55376 22 
55380 98 
55400 37 
55442 177 
55449 187 
55449 549 
55462 1680 
55480 1124 
55484 196 
55485 38 
55491 77 
55509 662 
55520 21 
55526 1569 
55529 865 
55551 376 
55565 67 
55570 139 
55573 208 
55580 28 
55585 420 
55611 259 
55612 67 
55618 824 
55621 198 
55640 1587 
55643 252 
55648 98 
55672 1565 
55677 398 
55684 1384 
55686 153 
55687 37 
55687 76 
55689 53 
55713 57 
55718 737 
55739 49 
55747 859 
55780 324 
55783 981 
55793 24 
55807 651 
55823 1077 
55868 1031 
55872 68 
55873 334 
55889 86 
55890 1249 
55893 136 
55909 5 
55913 321 
55924 40 
55935 3 
55938 277 
55942 599 
55967 88 
55985 51 
55986 477 
55992 134 
56026 110 
56029 289 
56033 359 
56039 4892 
56065 259 
56125 104 
56132 347 
56148 45 
56182 1307 
56204 4050 
56217 85 
56219 1100 
56227 122 
56239 52 
56243 789 
56244 26 
56261 244 
56265 468 
56265 174 
56276 8 
56283 1270 
56284 694 
56291 59 
56303 109 
56307 419 
56310 1864 
56315 436 
56322 62 
56346 62 
56350 7060 
56367 810 
56386 6 
56391 93 
56410 308 
56416 0 
56427 846 
56438 748 
56439 702 
56441 1088 
56445 28 
56459 2081 
56464 1603 
56475 109 
56492 772 
56498 186 
56523 60 
56571 1220 
56598 47 
56599 61 
56602 1583 
56605 1452 
56613 112 
56618 130 
56643 94 
56662 295 
56673 1829 
56687 911 
56709 4038 
56747 661 
56758 2061 
56761 1136 
56777 2666 
56781 2973 
56788 201 
56815 8 
56824 611 
56828 430 
56837 57 
56849 130 
56858 110 
56891 5689 
56917 574 
56930 78 
56976 2357 
56986 1362 
57023 63 
57058 66 
57064 132 
57118 10 
57132 38 
57137 159 
57137 84 
57142 450 
57149 1003 
57151 1092 
57162 793 
57177 856 
57192 163 
57199 711 
57202 1362 
57207 214 
57229 2022 
57249 1004 
57268 104 
57275 344 
57277 3197 
57300 3433 
57321 236 
57327 152 
57328 608 
57337 2590 
57345 13 
57359 244 
57367 221 
57367 1089 
57368 1398 
57381 42 
57385 751 
57398 92 
57414 27 
57418 1007 
57449 258 
57465 439 
57472 1017 
57477 158 
57486 173 
57486 7580 
57528 782 
57533 490 
57540 13938 
57555 733 
57555 1850 
57558 15 
57561 543 
57567 1426 
57631 140 
57676 301 
57677 150 
57681 1160 
57695 398 
57740 847 
57745 21 
57750 1445 
57750 1011 
57753 1607 
57770 522 
57778 82 
57792 274 
57838 38 
57842 1320 
57847 384 
57850 270 
57862 1557 
57874 644 
57875 317 
57896 137 
57918 1645 
57927 130 
57929 381 
57932 1119 
57941 29 
57982 1010 
57986 62 
58003 3633 
58023 510 
58028 776 
58032 752 
58034 2090 
58046 595 
58079 349 
58113 85 
58113 147 
58122 446 
58132 1785 
58150 411 
58184 508 
58195 1062 
58198 86 
58207 993 
58211 2284 
58231 65 
58233 2871 
58237 1259 
58240 859 
58258 143 
58258 521 
58259 14 
58260 33143 
58306 450 
58325 436 
58331 1 
58339 1367 
58341 417 
58358 45 
58365 353 
58368 71 
58375 3431 
58375 75 
58380 216 
58388 26 
58449 366 
58457 471 
58469 8850 
58476 595 
58477 2113 
58493 192 
58498 342 
58528 77 
58544 228 
58612 3485 
58613 1086 
58620 1167 
58689 262 
58728 660 
58743 1529 
58747 276 
58754 59 
58802 1340 
58811 597 
58813 97 
58820 64 
58828 479 
58829 795 
58833 9 
58857 1920 
58867 2568 
58880 304 
58888 192 
58909 2 
58923 1538 
58928 804 
58959 876 
58979 656 
58979 147 
59064 293 
59072 384 
59088 53 
59100 767 
59114 3176 
59118 93 
59120 1895 
59168 782 
59192 828 
59194 212 
59202 527 
59217 601 
59225 4 
59294 2617 
59302 44 
59305 860 
59307 222 
59329 619 
59338 241 
59370 1218 
59371 458 
59396 25 
59397 1658 
59397 1438 
59399 60 
59403 66 
59405 85 
59420 43 
59422 841 
59435 1342 
59442 1356 
59480 756 
59511 169 
59519 70 
59539 37 
59563 282 
59602 190 
59620 281 
59627 25 
59630 328 
59660 218 
59713 343 
59745 2378 
59748 6 
59774 965 
59787 1058 
59811 3538 
59846 34 
59858 395 
59865 2031 
59882 853 
59920 339 
59925 240 
59929 865 
59976 342 
60029 1129 
60068 183 
60073 85 
60080 173 
60082 37 
60082 1011 
60144 829 
60152 14841 
60154 56 
60165 526 
60176 90 
60178 1348 
60210 1706 
60244 740 
60258 810 
60269 809 
60286 1016 
60291 130 
60326 1235 
60335 659 
60342 975 
60371 88 
60397 20 
60419 884 
60441 1210 
60446 679 
60446 1849 
60504 1765 
60518 122 
60542 106 
60600 961 
60608 1308 
60611 8348 
60621 1022 
60638 468 
60643 391 
60646 815 
60667 10 
60670 753 
60670 25 
60687 140 
60750 28 
60776 435 
60838 222 
60840 2 
60846 706 
60876 1138 
60887 258 
60929 753 
60930 597 
60948 353 
60957 470 
60986 214 
61014 1013 
61033 161 
61035 3358 
61092 1164 
61095 157 
61125 214 
61146 810 
61174 85 
61179 629 
61189 259 
61233 36 
61236 2804 
61302 134 
61302 134 
61313 535 
61313 535 
61343 110 
61371 1061 
61381 31 
61408 39 
61426 283 
61428 588 
61444 66 
61458 127 
61497 251 
61500 23 
61507 1502 
61512 568 
61524 31 
61544 65 
61580 612 
61601 589 
61606 359 
61624 53 
61648 882 
61659 2300 
61660 173 
61666 804 
61670 469 
61676 234 
61689 139 
61705 186 
61722 48 
61725 246 
61732 40 
61734 1728 
61736 392 
61745 749 
61758 17 
61770 218 
61773 302 
61796 1592 
61804 870 
61806 1 
61831 127 
61838 1081 
61865 106 
61881 713 
61899 304 
61913 593 
61947 56 
61958 119 
61965 55 
61968 1733 
61995 961 
62000 1498 
62014 448 
62032 655 
62061 214 
62063 32 
62069 4212 
62073 277 
62079 4568 
62090 861 
62103 14 
62107 138 
62115 140 
62123 167 
62134 65 
62154 1240 
62159 493 
62171 1303 
62184 32 
62186 357 
62193 69 
62205 74 
62217 767 
62224 195 
62233 971 
62246 123 
62249 593 
62334 121 
62336 8 
62357 1190 
62364 934 
62398 123 
62418 237 
62483 298 
62524 444 
62534 245 
62536 325 
62546 468 
62555 209 
62575 350 
62599 3092 
62605 254 
62615 774 
62615 462 
62632 1085 
62671 155 
62699 1836 
62709 607 
62735 1668 
62753 488 
62754 431 
62761 380 
62763 4304 
62766 199 
62787 712 
62798 16 
62801 1485 
62802 204 
62806 97 
62820 1641 
62821 442 
62893 1788 
62948 421 
62974 193 
62996 56 
63024 164 
63028 105 
63043 512 
63048 1822 
63052 327 
63085 96 
63105 2082 
63113 831 
63153 8761 
63158 1238 
63162 359 
63178 85 
63197 33 
63209 88 
63264 85 
63268 655 
63270 1967 
63271 174 
63285 1110 
63288 226 
63301 290 
63314 13 
63330 869 
63333 71 
63335 510 
63337 179 
63340 682 
63353 443 
63358 1398 
63359 125 
63364 54 
63382 175 
63403 24 
63416 319 
63424 361 
63426 525 
63435 859 
63478 620 
63508 63 
63518 38 
63543 622 
63553 501 
63573 1256 
63585 6 
63590 166 
63606 54 
63614 956 
63617 492 
63659 1320 
63668 13624 
63675 812 
63690 228 
63702 532 
63721 242 
63724 1580 
63724 211 
63727 23497 
63750 623 
63750 2126 
63782 120 
63802 1639 
63808 283 
63816 59 
63820 1634 
63862 35 
63864 929 
63870 1206 
63907 323 
63915 807 
63919 92 
63943 828 
63972 3344 
63975 196 
63976 1741 
64011 266 
64030 529 
64064 552 
64077 162 
64078 853 
64079 1032 
64081 459 
64092 86 
64101 1257 
64102 487 
64114 400 
64117 87 
64127 89 
64129 961 
64151 585 
64171 241 
64173 1031 
64200 88 
64214 735 
64220 179 
64227 732 
64233 299 
64313 2810 
64320 5495 
64330 788 
64342 1909 
64350 528 
64353 535 
64377 311 
64380 537 
64381 463 
64383 357 
64410 3326 
64415 770 
64418 50 
64474 1398 
64498 396 
64523 501 
64541 64 
64551 169 
64566 183 
64580 35 
64588 1046 
64623 358 
64627 1 
64635 1 
64651 116 
64652 375 
64658 144 
64670 378 
64706 692 
64712 827 
64712 551 
64719 2016 
64721 291 
64737 3328 
64747 215 
64748 71 
64756 810 
64762 337 
64780 1538 
64799 22 
64822 63 
64832 466 
64842 112 
64849 232 
64851 1241 
64853 21 
64859 232 
64881 1483 
64912 109 
64962 751 
64978 3429 
65001 522 
65018 556 
65032 213 
65036 110 
65050 1328 
65058 74 
65058 478 
65077 114 
65082 61 
65094 358 
65098 39 
65106 58 
65116 42 
65132 44 
65174 1178 
65190 3195 
65203 387 
65209 424 
65209 246 
65213 365 
65216 6227 
65219 4021 
65226 1198 
65231 31 
65238 542 
65259 78 
65277 231 
65279 300 
65282 175 
65302 297 
65314 870 
65384 307 
65386 468 
65392 1303 
65416 1610 
65435 156 
65440 571 
65462 1047 
65466 611 
65509 189 
65536 86 
65553 899 
65555 41 
65560 164 
65575 115 
65581 414 
65593 217 
65614 63 
65616 93 
65630 11 
65641 932 
65644 2351 
65655 152 
65657 102 
65674 115 
65675 2935 
65687 135 
65715 231 
65741 161 
65744 277 
65766 107 
65774 1326 
65778 317 
65780 2170 
65838 596 
65839 248 
65858 200 
65866 1091 
65951 1596 
65953 766 
65957 182 
65963 1311 
65969 108 
65991 906 
65993 70 
65998 157 
66014 1318 
66095 35 
66100 78 
66107 310 
66117 280 
66123 379 
66127 158 
66127 406 
66131 1293 
66136 58 
66140 2606 
66168 1083 
66192 183 
66211 117 
66228 533 
66275 1100 
66317 571 
66380 201 
66395 500 
66416 62 
66430 94 
66434 529 
66455 4132 
66458 120 
66461 71 
66483 826 
66488 1125 
66495 1114 
66503 1558 
66518 140 
66521 195 
66533 148 
66542 107 
66549 172 
66558 661 
66559 402 
66605 1985 
66613 1203 
66620 47 
66637 569 
66675 526 
66746 716 
66759 209 
66781 55 
66791 274 
66792 100 
66806 39 
66819 5 
66830 575 
66840 623 
66843 351 
66930 1970 
66953 632 
66959 150 
66983 94 
66998 81 
67029 180 
67059 4233 
67084 1487 
67096 259 
67108 1188 
67120 30 
67136 1627 
67151 710 
67155 116 
67169 151 
67181 2962 
67185 519 
67195 912 
67198 3597 
67199 491 
67205 158 
67227 198 
67238 142 
67239 1179 
67249 1110 
67316 45 
67328 23 
67347 122 
67379 88 
67391 516 
67400 213 
67411 935 
67435 661 
67439 591 
67471 329 
67534 604 
67541 730 
67543 348 
67570 450 
67570 391 
67586 217 
67589 3 
67593 276 
67608 1373 
67658 1283 
67660 98 
67676 781 
67699 9 
67765 36 
67782 1558 
67787 767 
67793 165 
67798 175 
67807 15 
67818 874 
67831 1408 
67833 1026 
67845 3473 
67889 745 
67946 924 
67968 62 
67975 59 
67982 128 
67997 22 
68047 1584 
68056 75 
68073 18 
68077 250 
68093 10 
68101 950 
68110 1601 
68118 1228 
68124 70 
68140 208 
68142 389 
68166 185 
68343 518 
68346 133 
68358 1790 
68358 212 
68369 59 
68382 1342 
68382 87 
68397 375 
68417 571 
68494 1529 
68577 44 
68579 185 
68641 873 
68651 546 
68672 987 
68673 618 
68759 85 
68817 73 
68824 168 
68835 209 
68854 85 
68862 106 
68877 435 
68883 595 
68894 747 
68913 390 
68959 1142 
68987 799 
68997 131 
69025 253 
69073 1049 
69073 512 
69081 85 
69081 494 
69095 1035 
69119 293 
69239 493 
69248 0 
69249 14 
69252 11 
69266 29 
69327 2530 
69336 57 
69384 707 
69411 1351 
69418 1290 
69435 2361 
69439 358 
69445 209 
69492 307 
69495 1043 
69525 1727 
69572 2122 
69576 1090 
69627 209 
69655 1116 
69662 102 
69670 418 
69723 562 
69774 118 
69803 7105 
69850 22 
69876 172 
69897 55 
69915 91 
69917 262 
69922 6217 
69962 1025 
70024 39 
70062 39 
70087 8 
70099 36 
70121 51 
70126 1024 
70136 376 
70159 1840 
70180 534 
70182 221 
70204 1506 
70223 3143 
70231 461 
70247 148 
70256 873 
70259 226 
70274 115 
70281 485 
70292 546 
70311 919 
70313 1519 
70329 92 
70331 201 
70333 703 
70379 558 
70395 156 
70417 2997 
70426 371 
70428 47 
70437 621 
70455 0 
70470 549 
70600 71 
70619 551 
70621 70 
70633 2229 
70668 157 
70677 598 
70681 126 
70714 286 
70716 772 
70716 839 
70725 0 
70742 52 
70806 37 
70837 42 
70871 1095 
70872 193 
70898 371 
70929 1006 
70958 245 
70977 205 
71052 785 
71102 180 
71112 1842 
71119 143 
71125 179 
71137 198 
71143 221 
71154 7 
71155 616 
71156 1699 
71197 36 
71200 233 
71211 110 
71236 377 
71247 1183 
71275 17 
71287 1837 
71297 39 
71347 2479 
71352 225 
71366 1092 
71399 496 
71421 1153 
71430 3578 
71444 1627 
71457 303 
71472 623 
71473 535 
71491 233 
71516 191 
71534 857 
71550 350 
71569 62 
71602 121 
71619 633 
71666 10054 
71670 238 
71681 2239 
71726 1331 
71751 436 
71766 990 
71785 1212 
71828 267 
71833 662 
71840 857 
71852 19 
71858 1866 
71927 326 
71942 405 
71965 44 
71971 1855 
72011 269 
72012 286 
72033 71 
72036 157 
72051 2465 
72062 2400 
72066 457 
72074 210 
72118 17 
72146 133 
72158 819 
72170 150 
72183 2429 
72195 44 
72203 963 
72207 1379 
72210 398 
72211 653 
72217 588 
72245 756 
72250 431 
72275 729 
72291 369 
72350 8 
72372 306 
72387 82 
72410 300 
72434 2114 
72456 25 
72481 1036 
72502 320 
72517 470 
72520 2 
72607 11 
72649 607 
72695 623 
72707 113 
72721 117 
72727 166 
72752 3 
72754 104 
72763 39 
72796 295 
72809 624 
72855 18 
72902 1297 
72911 567 
72920 14 
72955 1269 
72955 1259 
72966 206 
72995 6 
73009 125 
73018 279 
73035 2 
73095 143 
73125 116 
73163 24 
73185 3566 
73257 48 
73260 456 
73305 7703 
73329 1174 
73353 33 
73397 160 
73403 35 
73411 1638 
73453 635 
73481 412 
73482 1361 
73534 1265 
73633 1658 
73675 42 
73679 132 
73710 463 
73710 139 
73765 788 
73782 629 
73813 406 
73838 1366 
73975 689 
73997 637 
74012 201 
74013 409 
74030 167 
74041 145 
74072 309 
74129 10 
74162 31 
74164 841 
74177 83 
74197 1578 
74217 340 
74221 660 
74226 97 
74269 1741 
74290 108 
74303 182 
74310 122 
74346 67 
74359 888 
74362 52 
74363 636 
74387 187 
74423 191 
74432 613 
74444 2193 
74449 857 
74460 836 
74464 89 
74535 22 
74540 1100 
74544 517 
74558 127 
74586 841 
74588 45 
74591 111 
74595 1143 
74630 142 
74634 316 
74654 488 
74671 19 
74696 83 
74703 1009 
74704 101 
74722 681 
74743 339 
74749 194 
74751 579 
74779 350 
74788 400 
74792 409 
74817 1602 
74822 173 
74824 746 
74825 95 
74874 15 
74875 2893 
74923 242 
75014 856 
75021 36 
75027 303 
75038 163 
75043 1537 
75059 4 
75069 752 
75073 80 
75085 848 
75143 2098 
75160 1410 
75160 107 
75167 141 
75186 279 
75189 844 
75219 249 
75244 7 
75256 886 
75265 136 
75313 550 
75313 130 
75330 46 
75333 238 
75372 183 
75378 1191 
75382 90 
75390 855 
75491 806 
75495 56 
75562 410 
75580 96 
75583 98 
75588 670 
75597 52 
75604 1845 
75611 106 
75629 1068 
75644 1028 
75712 95 
75771 44 
75781 11 
75782 536 
75807 3062 
75813 158 
75858 1130 
75895 61 
75919 408 
75935 58 
75939 317 
75945 1620 
75988 30 
75994 1586 
76005 120 
76015 203 
76027 711 
76031 813 
76050 109 
76071 55 
76071 55 
76145 741 
76145 79 
76147 17 
76171 308 
76203 146 
76276 2315 
76282 9 
76298 917 
76350 64 
76407 119 
76408 1478 
76425 402 
76429 167 
76506 62 
76511 19 
76572 66 
76621 84 
76647 5 
76648 80 
76714 947 
76749 603 
76763 5282 
76783 187 
76814 1666 
76827 739 
76843 1583 
76846 437 
76925 36 
76925 208 
76931 327 
76972 99 
76996 255 
77037 1383 
77064 2389 
77105 7 
77168 63 
77218 505 
77238 881 
77260 311 
77267 59 
77275 140 
77287 1791 
77307 15 
77315 348 
77328 344 
77399 731 
77435 962 
77435 220 
77481 68 
77489 67 
77499 781 
77542 90 
77548 41 
77567 245 
77570 38 
77592 196 
77602 1021 
77649 24 
77656 1885 
77728 156 
77737 5 
77741 63 
77766 941 
77769 326 
77782 296 
77804 0 
77840 474 
77882 279 
77897 380 
77910 288 
77929 417 
77940 110 
77941 344 
77959 1564 
77959 1242 
77981 217 
77987 75 
78001 491 
78015 825 
78018 132 
78032 852 
78044 1766 
78057 1131 
78066 3622 
78084 153 
78101 935 
78123 1374 
78138 347 
78183 2180 
78202 797 
78259 1543 
78320 213 
78340 24 
78450 174 
78511 10 
78605 682 
78662 67 
78682 760 
78683 1426 
78703 484 
78736 472 
78749 63 
78796 358 
78798 84 
78808 149 
78864 8112 
78929 97 
78952 456 
78953 89 
78958 44 
78967 103 
79060 147 
79106 1476 
79125 599 
79153 1389 
79159 1035 
79172 65 
79183 417 
79240 135 
79267 566 
79289 1495 
79290 88 
79293 9 
79357 510 
79358 1264 
79374 1163 
79416 186 
79418 88 
79431 249 
79452 552 
79539 22 
79722 717 
79739 24 
79755 766 
79773 1265 
79774 523 
79790 746 
79801 169 
79806 855 
79815 975 
79817 188 
79835 197 
79845 105 
79857 115 
79878 1264 
79881 369 
79885 1125 
79905 1808 
79913 2862 
79980 951 
80012 199 
80056 43 
80060 241 
80100 356 
80125 79 
80200 211 
80315 216 
80335 5517 
80382 139 
80382 265 
80383 206 
80396 1548 
80398 2204 
80402 1890 
80409 109 
80431 140 
80500 1107 
80501 676 
80512 121 
80522 67 
80526 1794 
80550 1673 
80555 10 
80595 15 
80602 867 
80663 635 
80672 476 
80686 240 
80688 38 
80711 462 
80712 2645 
80730 18 
80766 487 
80780 903 
80782 83 
80800 191 
80807 6566 
81050 1489 
81051 600 
81062 417 
81125 371 
81162 276 
81168 561 
81191 279 
81202 260 
81211 705 
81216 163 
81218 284 
81234 160 
81256 423 
81356 1016 
81360 59 
81400 1032 
81426 1857 
81502 340 
81513 4069 
81518 758 
81607 161 
81652 992 
81686 441 
81694 67 
81807 2313 
81855 814 
81970 343 
81976 18 
81991 635 
82021 694 
82048 2868 
82078 691 
82087 204 
82101 479 
82105 100 
82261 1129 
82317 175 
82385 1523 
82396 70 
82416 354 
82473 30 
82481 1309 
82489 2095 
82494 128 
82498 258 
82606 627 
82679 41 
82781 313 
82798 262 
82837 38 
82860 94 
82868 106 
82885 244 
82889 258 
82912 340 
82952 102 
83076 549 
83082 288 
83092 2989 
83126 97 
83212 383 
83399 679 
83451 180 
83478 1511 
83592 1399 
83694 7 
83701 2483 
83750 144 
83752 99 
83769 275 
83804 1296 
83878 0 
83914 30 
83917 872 
83937 216 
83963 458 
83997 2278 
84015 961 
84023 911 
84083 128 
84105 1490 
84108 2 
84129 185 
84167 844 
84174 273 
84197 29 
84228 1856 
84277 6271 
84360 219 
84405 1145 
84416 1997 
84423 1838 
84429 84 
84442 51 
84448 219 
84457 648 
84472 1524 
84496 1038 
84520 194 
84536 1025 
84553 5410 
84554 41 
84610 7905 
84610 2076 
84620 0 
84634 444 
84653 1214 
84663 3778 
84695 35 
84806 9324 
84841 446 
84866 1118 
84867 2130 
84885 121 
84892 28 
84943 759 
84991 1005 
85011 788 
85013 501 
85014 489 
85054 18 
85138 99 
85164 9134 
85173 775 
85250 253 
85307 173 
85451 377 
85459 420 
85462 800 
85510 246 
85536 1390 
85570 417 
85599 32 
85624 755 
85732 73 
85734 522 
85777 476 
85883 339 
86037 269 
86056 1489 
86101 288 
86153 966 
86164 825 
86171 246 
86199 2288 
86342 130 
86346 848 
86346 144 
86481 19 
86504 2205 
86504 273 
86541 1458 
86543 92 
86561 153 
86627 59 
86645 341 
86695 384 
86743 932 
86950 25 
87100 1565 
87152 618 
87184 321 
87192 643 
87199 118 
87217 597 
87355 828 
87414 957 
87456 390 
87465 615 
87564 154 
87602 1597 
87608 237 
87611 134 
87616 503 
87702 483 
87703 506 
87715 12 
87754 210 
87778 139 
87853 1266 
87853 146 
87937 113 
87945 2832 
87957 17 
87978 139 
88029 785 
88041 3445 
88053 815 
88172 184 
88298 1239 
88326 396 
88355 62 
88442 30 
88450 748 
88549 22 
88602 289 
88745 7 
88766 844 
88777 281 
88824 10 
88867 184 
88884 0 
88886 769 
88904 1094 
89023 162 
89069 1005 
89081 2010 
89143 136 
89185 300 
89259 259 
89266 128 
89300 1173 
89391 1352 
89465 795 
89482 1455 
89712 413 
89756 736 
89812 36 
89824 296 
89920 1331 
90403 376 
90719 330 
90752 1390 
90788 95 
90793 42 
90925 153 
90994 218 
91119 642 
91151 176 
91326 29 
91326 29 
91388 1596 
91397 183 
91415 113 
91471 122 
91499 8308 
91545 243 
91717 48 
91743 281 
91838 9 
91901 2 
91919 35 
92003 12 
92009 887 
92045 47 
92156 493 
92229 194 
92258 49 
92306 420 
92307 75 
92342 212 
92406 321 
92426 57 
92430 164 
92441 598 
92446 1688 
92453 415 
92476 885 
92491 1078 
92691 283 
92697 1610 
92729 774 
92734 5076 
92746 135 
92754 2558 
92765 73 
92785 450 
92880 1102 
92972 1234 
93323 172 
93328 392 
93453 17 
93510 1595 
93516 216 
93692 1227 
93917 99 
94495 50 
94499 6 
95022 329 
95245 110 
95401 164 
95649 759 
95714 65 
95762 168 
96018 60 
96574 671 
96678 408 
96762 226 
97224 891 
97230 114 
97325 54 
97967 159 
98329 29 
98802 1483 
99637 70 
99830 288 
100190 75 
100232 852 
100414 580 
100499 927 
101742 25 
102346 429 
102417 9048 
102513 679 
103217 233 
103277 326 
103373 1420 
103403 1030 
103614 11 
103700 20833 
103729 1534 
103827 169 
104343 264 
104482 242 
104758 299 
104895 631 
105098 1304 
105558 277 
105635 189 
105641 507 
105689 519 
105888 1068 
105894 81 
106587 1062 
106845 1084 
106845 1084 
106906 744 
106906 744 
106990 579 
107042 769 
107891 1426 
108883 196 
109413 713 
109529 1123 
109683 824 
109801 335 
109832 1182 
109896 1017 
110048 764 
110211 541 
110492 618 
110610 161 
110630 436 
111217 267 
111360 24 
111494 869 
111802 2504 
112137 937 
112167 801 
112363 164 
112411 192 
112633 1737 
112654 142 
112686 662 
112928 352 
113527 1442 
113756 36 
113838 849 
114343 1985 
114441 1702 
114857 1272 
115068 563 
115419 839 
115503 1174 
116179 49 
116596 902 
116679 112 
117123 678 
117227 34 
117309 1188 
117413 1567 
117437 871 
117444 11 
117532 847 
117682 321 
117972 1491 
117975 378 
118163 834 
118370 481 
118567 914 
118571 442 
118679 449 
119037 53 
119062 1304 
119291 1372 
119299 805 
119738 174 
119997 828 
120102 710 
120158 439 
120612 67 
120793 915 
120797 2081 
120921 2405 
120931 437 
121228 265 
121423 87 
121473 933 
121485 4627 
121511 71 
121559 177 
121643 163 
121697 997 
121766 674 
121774 2244 
122066 2531 
122440 92 
122468 52 
122592 57 
123265 384 
123414 563 
123564 253 
123567 279 
123575 516 
123645 1133 
123705 27 
123733 116 
123761 10 
123829 1320 
124287 335 
124323 917 
124567 139 
124802 143 
125038 11 
125142 926 
125228 1264 
125261 1134 
125273 1681 
125274 135 
125416 569 
125489 369 
125650 4323 
125651 1245 
125704 361 
125705 332 
125831 756 
125891 244 
125954 2990 
126025 174 
126154 1154 
126241 380 
126502 475 
126539 1106 
126854 151 
126862 3097 
126864 859 
126940 37 
126969 83 
127100 486 
127170 234 
127380 160 
127497 40 
127562 501 
127861 4416 
127863 1204 
128020 336 
128124 1034 
128139 32 
128288 15 
128503 942 
128511 488 
128688 103 
128732 2379 
128742 24 
128820 2713 
128851 93 
128954 1594 
128977 133 
129025 2505 
129184 1708 
129201 229 
129302 1180 
129564 265 
129572 55 
129685 23 
129804 1255 
130024 1890 
130099 1440 
130194 37 
130242 757 
130263 864 
130301 550 
130322 12 
130381 1253 
130566 72 
130571 19 
130578 431 
130754 33 
130893 11 
130918 275 
131053 255 
131108 34 
131359 16676 
131394 207 
131443 615 
131448 616 
131455 264 
131472 389 
131535 216 
131702 30 
131715 798 
131846 846 
131877 196 
132021 390 
132035 414 
132128 739 
132274 1136 
132304 1416 
132354 135 
132500 1399 
132516 1054 
132559 342 
132674 413 
132698 546 
132779 2198 
132937 201 
132965 2775 
133044 21 
133098 163 
133108 59 
133207 56 
133230 1207 
133254 2742 
133263 271 
133321 1535 
133548 215 
133585 48 
133659 310 
133670 467 
133696 3061 
133776 181 
134144 2241 
134162 124 
134200 1140 
134202 11437 
134261 17 
134379 29 
134395 30 
134532 607 
134541 831 
134571 224 
134759 590 
134777 893 
134807 602 
134814 655 
134936 170 
135022 2999 
135105 988 
135500 5 
135507 250 
135558 118 
135685 951 
135807 1211 
135887 260 
135975 55 
135990 1071 
136020 340 
136088 945 
136170 432 
136242 202 
136292 380 
136502 33 
136535 785 
136542 192 
136669 15 
136742 769 
136748 308 
136796 6 
136991 1281 
137032 1589 
137051 62 
137077 98 
137220 832 
137319 439 
137393 246 
137406 84 
137602 1749 
137824 69 
137877 1293 
138101 123 
138169 17 
138329 220 
138374 369 
138540 1142 
138582 1245 
138599 196 
138683 71 
138824 21 
139095 246 
139387 249 
139414 880 
139422 457 
139432 159 
139556 106 
139680 124 
139707 126 
139912 61 
139921 1501 
139995 4 
140137 19 
140179 423 
140188 9 
140218 29 
140374 314 
140396 1262 
140599 144 
140874 70 
141135 645 
141233 78 
141295 1442 
141306 110 
141350 2876 
141523 155 
141620 111 
141657 943 
141683 32 
141684 1909 
141903 154 
142030 70 
142043 53 
142110 1054 
142160 69 
142269 1150 
142489 302 
142543 5 
142546 10 
142656 1318 
142832 142 
142832 134 
142878 2084 
142953 366 
142958 217 
142965 620 
142967 391 
142970 85 
143036 1200 
143052 0 
143057 749 
143296 1247 
143315 84 
143409 72 
143491 450 
143527 28 
143671 66 
143920 1250 
143943 109 
144142 422 
144439 297 
144453 50 
144618 965 
144675 115 
144726 252 
144992 275 
145068 1777 
145075 68 
145201 665 
145251 710 
146027 2339 
146842 57 
147855 176 
147870 1936 
147992 183 
148042 908 
148141 1065 
148150 19 
148269 701 
148326 68 
148389 842 
148396 485 
148413 1027 
148438 43 
148548 1307 
148617 2851 
148657 325 
148779 181 
148801 1447 
148855 145 
148869 1239 
148871 693 
148886 731 
148984 279 
148998 1046 
149019 170 
149116 317 
149166 230 
149238 1258 
149328 345 
149425 71 
149457 123 
149806 1587 
149868 1198 
150065 1324 
150230 2905 
150268 217 
150295 202 
150367 636 
150464 156 
150621 177 
150692 71 
150741 77 
150934 8 
150973 98 
151070 759 
151092 418 
151138 892 
151194 12 
151206 439 
151456 1175 
151549 356 
151616 236 
151847 1571 
151981 213 
152010 160 
152092 1541 
152106 154 
152142 320 
152238 2113 
152304 1082 
152321 3358 
152458 1278 
152485 74 
152722 21 
152769 1193 
152785 8 
152926 131 
152935 555 
153082 590 
153195 85 
153225 38 
153235 23 
153278 361 
153308 14 
153309 467 
153516 48 
153861 1237 
153899 596 
153915 612 
153921 369 
154058 133 
154164 4 
154202 167 
154224 60 
154297 447 
154339 81 
154457 447 
154557 1377 
154609 110 
155000 561 
155306 532 
155377 326 
155922 404 
155947 1608 
156212 317 
156249 102 
156362 197 
156367 11 
156377 382 
156393 11 
156430 353 
156451 2061 
156590 72 
156659 282 
156763 105 
157040 2668 
157363 64 
157672 1685 
158478 51 
158617 277 
158688 680 
158863 900 
158889 149 
159076 471 
159199 540 
159646 100 
159716 667 
159828 645 
160223 199 
160245 531 
160380 137 
160406 196 
160717 110 
160746 9 
160774 0 
160976 1167 
161001 62 
161052 95 
161155 171 
161370 555 
161416 108 
161511 230 
161666 45 
161775 33 
162017 1549 
162104 12 
162134 252 
162271 266 
162320 191 
162411 160 
162512 597 
162547 113 
162577 5 
162767 1077 
162914 96 
163042 35 
163513 480 
163565 21 
163691 1 
163710 103 
163911 510 
164009 443 
164412 898 
164547 186 
165152 180 
165434 1595 
165445 359 
165491 256 
165713 635 
165713 2957 
165907 96 
166412 1311 
166860 2519 
166863 44 
166867 572 
166878 555 
167647 163 
167655 246 
167707 839 
167736 1630 
167781 327 
167929 894 
168153 3675 
168494 23 
168552 349 
168838 1336 
169205 111 
169273 104 
169305 460 
169449 119 
169477 154 
169582 859 
169664 1580 
169960 726 
170333 634 
170349 1773 
170353 833 
170486 302 
170704 92 
170767 79 
170799 429 
170874 701 
170951 1137 
170991 76 
171222 75 
171235 1171 
171393 240 
171421 1711 
171625 716 
171918 987 
172286 70 
172364 345 
172567 537 
172905 823 
173432 3728 
173534 270 
173769 1005 
173882 192 
174032 1133 
174603 687 
174604 32 
175425 48 
175519 103 
176044 317 
176391 425 
176593 118 
176724 2 
177258 931 
177547 340 
177701 143 
177780 261 
177867 30 
178427 154 
178483 1029 
178543 36 
178706 196 
178899 317 
179161 146 
179385 190 
179452 190 
179640 190 
179744 1420 
179896 1925 
180037 38 
180657 308 
180810 14437 
180839 1568 
180912 321 
181025 1507 
181688 132 
181959 369 
182502 209 
182650 412 
182831 291 
182932 770 
183189 1276 
183899 141 
185175 119 
186142 2486 
186436 710 
186708 1451 
186709 477 
189323 17 
191420 205 
193142 765 
193562 938 
194007 608 
194792 499 
195106 1117 
196221 588 
196375 670 
198164 517 
198573 48 
201292 1186 
201516 181 
202555 31 
204769 978 
204824 18 
205620 372 
205785 74 
206525 467 
206702 545 
210108 1179 
210323 1202 
210610 776 
210720 1503 
211117 644 
211142 877 
211404 811 
211501 1569 
211618 125 
212012 11 
212028 135 
212659 898 
212998 448 
213957 403 
214044 888 
214253 712 
214524 69 
214547 131 
215095 243 
215128 90 
215620 1279 
216856 857 
216866 137 
217190 1919 
218766 233 
218825 1884 
218913 115 
218924 1218 
218987 37 
219483 560 
219871 514 
220385 1033 
220494 514 
221124 840 
221290 794 
221345 665 
221511 6 
221889 648 
222199 76 
222388 18 
222486 632 
222565 4279 
222735 183 
223400 866 
223416 1201 
223437 181 
223440 150 
223642 1007 
223642 627 
223843 344 
224365 304 
224639 1252 
225816 1466 
226174 290 
226520 612 
226936 104 
227600 100 
227641 132 
227892 141 
228271 288 
229336 825 
229734 225 
229827 537 
229859 70 
230173 905 
230328 715 
231326 154 
231949 42 
232580 116 
232786 664 
232824 359 
232931 251 
233597 18 
233787 1365 
234141 130 
234170 123 
234188 2123 
234194 76 
234218 1374 
234664 329 
235127 151 
236035 138 
236843 91 
237073 121 
237130 11 
237634 141 
237936 1137 
238028 1596 
238082 153 
238232 32 
238406 157 
238721 10 
239142 665 
239229 1791 
239611 455 
240825 128 
241430 127 
242364 47 
242666 101 
242668 140 
243149 1017 
243157 43 
243291 762 
244573 913 
244895 326 
244999 13 
245205 41 
245222 6 
245501 1223 
245556 232 
245858 392 
245905 1325 
246703 182 
246872 280 
247709 241 
247835 41 
248573 67 
251012 370 
251134 1921 
254261 1090 
254469 364 
254557 589 
256864 47 
257493 1629 
257956 1706 
258106 831 
258747 672 
259285 591 
260358 28 
260760 1181 
261520 53 
262742 20 
264918 447 
265198 210 
265524 140 
265807 165 
266889 232 
267174 1378 
268904 251 
269669 121 
269749 736 
269756 406 
274067 1137 
274771 128 
277315 176 
282715 284 
284048 2685 
284103 164 
287609 577 
288008 645 
291897 523 
292851 119 
293297 1229 
295899 28 
301495 1824 
302207 471 
302342 1596 
304341 1044 
304595 173 
305315 31 
305444 144 
305475 91 
305741 319 
306269 281 
306312 686 
306350 1210 
306587 347 
307456 667 
308755 2786 
309000 638 
309154 307 
309337 89 
309859 687 
309944 1576 
310662 46 
310983 732 
311544 3642 
311558 828 
313497 417 
313650 1191 
313666 128 
314769 59 
316486 35 
317370 147 
317420 201 
317560 30 
317827 652 
318181 27 
320668 2128 
320734 466 
323012 324 
323904 372 
324771 67 
325803 62 
326173 363 
326838 766 
327447 467 
328116 1344 
328262 1446 
328436 57 
328623 395 
330225 9 
330464 769 
332243 945 
333441 110 
333819 219 
334495 61 
334537 1343 
334891 913 
335893 3916 
336226 1869 
336393 340 
336414 340 
336879 633 
337461 1421 
337608 1021 
340730 0 
341083 631 
342737 360 
344102 2 
347525 736 
353094 133 
357829 1357 
382945 30 
383214 22 
385141 884 
385263 174 
387139 187 
391790 108 
398549 220 
399069 66 
403192 115 
404474 2020 
404495 1305 
404509 127 
405760 779 
406084 536 
406134 40 
407132 606 
408643 541 
410226 1974 
410855 477 
410923 139 
411304 122 
411924 231 
413506 35 
414690 316 
417167 370 
419046 3 
419673 201 
419776 645 
421078 5460 
421205 296 
421250 116 
424860 431 
425224 5 
426408 9 
427211 126 
427640 638 
434063 27 
434416 35 
453972 19 
458636 1538 
464403 620 
466033 31 
475643 104 
480965 2 
481272 1241 
481566 1592 
485971 221 
487533 466 
488994 194 
489525 648 
492626 323 
500715 772 
501875 1167 
503860 243 
507994 46 
508230 154 
509901 1763 
510554 90 
553638 239 
570231 887 
574290 2356 
579548 159 
584453 541 
587042 91 
587071 91 
596852 789 
602079 21 
