6362 6.49284722222
0 2691858 
15 78 
17 60 
18 36 
24 10 
24 528 
25 195 
25 102 
26 536 
26 71 
29 165 
29 355 
29 839 
29 395 
30 349 
30 472 
31 42 
31 57 
31 16 
32 42 
32 92 
32 164 
33 67 
33 270 
33 445 
34 245 
34 313 
34 46 
34 105 
35 105 
35 65 
35 62 
36 29 
36 76 
36 750 
37 28 
37 245 
37 190 
38 98 
38 163 
38 50 
40 132 
40 461 
40 498 
41 188 
41 39 
42 1910 
42 25 
42 262 
42 177 
43 71 
44 399 
44 225 
44 248 
44 335 
45 213 
45 205 
46 1016 
46 346 
46 65 
46 50 
48 70 
48 645 
48 94 
49 578 
49 49 
49 310 
49 74 
50 135 
50 993 
50 104 
50 68 
50 247 
51 389 
51 407 
51 50 
51 163 
51 83 
52 141 
52 108 
52 28 
52 169 
52 154 
52 36 
52 205 
53 205 
54 77 
54 180 
54 60 
54 40 
54 335 
54 50 
54 465 
54 333 
55 157 
55 133 
56 57 
56 380 
56 773 
57 48 
57 77 
57 45 
57 32 
57 64 
58 532 
58 58 
58 209 
59 229 
59 98 
60 297 
60 28 
60 660 
61 55 
61 195 
61 249 
61 397 
61 18 
62 9 
62 105 
62 181 
63 231 
63 54 
63 103 
65 26 
65 119 
65 208 
65 151 
65 212 
66 46 
66 9 
66 51 
66 1019 
66 172 
67 58 
67 51 
68 312 
69 2092 
69 41 
69 1382 
69 50 
69 240 
69 183 
70 72 
70 287 
70 27 
71 266 
71 147 
72 16 
72 206 
72 157 
72 114 
72 531 
72 43 
72 47 
72 200 
73 236 
73 72 
73 295 
73 126 
73 19 
73 229 
73 45 
74 76 
74 214 
74 719 
74 79 
75 35 
75 140 
76 360 
76 277 
77 251 
77 48 
78 571 
78 111 
78 29 
79 230 
79 228 
79 128 
79 88 
79 308 
80 22 
80 678 
81 227 
81 234 
82 149 
83 53 
84 82 
84 84 
84 69 
84 85 
85 157 
85 162 
85 24 
87 75 
87 595 
87 663 
87 393 
87 222 
87 9 
87 842 
87 73 
88 81 
88 276 
89 230 
89 402 
89 213 
90 105 
90 377 
91 332 
91 363 
91 1017 
91 103 
92 129 
93 248 
93 142 
93 73 
93 44 
94 155 
94 605 
94 167 
94 290 
94 378 
94 934 
95 67 
95 141 
95 108 
95 318 
95 238 
96 32 
96 395 
97 364 
97 204 
98 438 
98 21 
98 283 
98 118 
99 397 
99 73 
99 80 
100 312 
100 220 
101 521 
101 1669 
102 251 
102 134 
102 168 
102 299 
102 96 
103 407 
103 155 
103 220 
103 359 
103 311 
103 17 
104 25 
105 39 
105 21 
105 168 
105 144 
105 44 
106 527 
106 55 
106 515 
106 45 
107 1000 
108 117 
108 177 
109 188 
109 125 
109 39 
110 117 
110 107 
111 511 
111 653 
111 148 
111 68 
112 1059 
112 93 
112 35 
113 17 
113 438 
113 166 
114 136 
114 4 
114 15 
114 258 
115 112 
115 9 
115 552 
115 748 
116 199 
116 68 
116 44 
116 201 
116 124 
116 647 
117 203 
118 57 
118 24 
119 148 
119 53 
119 193 
120 487 
120 173 
120 78 
120 44 
120 312 
121 349 
121 23 
121 229 
122 311 
122 693 
122 35 
123 41 
123 101 
123 74 
123 39 
124 51 
124 78 
124 105 
125 83 
125 74 
125 1115 
127 1076 
127 32 
128 21 
128 256 
128 113 
128 184 
128 143 
128 190 
129 609 
129 271 
129 156 
129 90 
129 226 
130 61 
130 25 
131 76 
131 305 
131 70 
131 53 
132 41 
132 344 
132 93 
133 50 
133 217 
133 365 
133 115 
134 4 
134 103 
134 33 
134 16 
134 32 
135 253 
135 864 
135 151 
136 144 
136 1237 
137 27 
137 700 
137 45 
138 138 
139 230 
139 33 
140 244 
141 121 
141 462 
141 337 
141 68 
141 133 
141 139 
141 23 
142 62 
143 421 
143 230 
144 68 
144 102 
145 256 
146 98 
146 254 
146 116 
146 158 
146 1021 
146 314 
147 391 
148 38 
149 648 
149 277 
149 306 
150 206 
150 97 
150 76 
150 598 
151 110 
151 315 
151 35 
152 27 
152 278 
152 93 
152 196 
153 19 
153 226 
153 39 
154 219 
154 501 
154 108 
154 85 
154 43 
154 304 
155 367 
155 168 
157 311 
157 22 
157 558 
158 169 
159 67 
159 26 
159 159 
159 220 
159 92 
159 101 
159 167 
160 375 
161 119 
161 251 
162 208 
162 61 
162 173 
162 18 
163 408 
163 71 
163 185 
164 230 
165 132 
166 257 
166 56 
166 54 
167 73 
167 197 
167 181 
168 217 
168 71 
168 163 
168 134 
168 58 
169 105 
170 28 
170 231 
170 42 
170 11 
171 11 
171 52 
172 287 
172 73 
172 165 
172 131 
172 3 
173 114 
173 84 
173 291 
173 82 
174 132 
175 121 
175 21 
176 173 
176 1125 
176 79 
176 219 
177 118 
177 78 
177 448 
178 75 
178 129 
178 210 
179 53 
180 69 
180 375 
180 162 
180 25 
180 26 
181 51 
181 95 
181 27 
182 211 
182 4 
182 418 
182 271 
182 254 
183 27 
183 43 
183 144 
184 96 
185 147 
186 107 
186 352 
187 108 
187 43 
187 287 
188 72 
189 101 
189 24 
190 91 
191 200 
191 303 
192 69 
192 471 
193 165 
193 330 
193 123 
194 22 
194 23 
195 41 
197 166 
197 289 
197 87 
197 145 
199 715 
199 373 
199 20 
200 268 
200 259 
200 61 
200 306 
202 205 
202 268 
202 29 
203 27 
203 17 
204 288 
204 1215 
205 400 
207 84 
207 106 
208 898 
208 526 
208 91 
208 807 
209 374 
209 22 
209 93 
211 385 
211 247 
213 98 
214 501 
214 156 
215 80 
216 425 
217 1073 
217 395 
217 202 
217 61 
218 142 
218 53 
218 29 
218 527 
218 469 
219 246 
220 288 
220 445 
220 33 
220 137 
220 5 
223 163 
223 56 
223 163 
223 1110 
223 90 
224 263 
224 694 
224 33 
224 205 
224 151 
225 210 
225 163 
226 216 
228 290 
228 187 
230 345 
230 489 
231 185 
231 12 
231 92 
232 787 
233 699 
233 169 
233 307 
234 221 
234 70 
234 115 
235 50 
235 50 
236 132 
237 204 
237 5 
237 104 
238 308 
239 84 
239 71 
239 212 
239 85 
241 100 
241 69 
241 111 
241 150 
242 77 
242 569 
242 405 
242 589 
243 29 
243 130 
243 176 
243 50 
243 78 
244 231 
245 9 
245 135 
245 90 
245 146 
246 85 
247 80 
247 73 
247 243 
249 41 
250 375 
251 131 
253 51 
254 7 
255 123 
255 60 
255 96 
255 50 
255 73 
255 34 
256 240 
257 131 
257 709 
257 63 
258 382 
258 216 
258 209 
259 756 
260 241 
260 32 
260 4 
260 11 
260 203 
260 298 
262 199 
263 211 
264 58 
264 29 
265 45 
267 289 
267 829 
267 56 
267 90 
267 19 
269 591 
269 1222 
269 19 
269 12 
269 906 
269 24 
271 873 
271 10245 
272 107 
273 93 
273 20 
274 1081 
274 113 
274 486 
276 81 
276 791 
277 27 
277 118 
281 371 
282 203 
283 90 
283 574 
284 1589 
284 20 
284 43 
285 165 
285 60 
286 871 
286 550 
287 20 
288 77 
288 72 
288 48 
288 142 
289 206 
289 58 
290 656 
290 125 
291 85 
291 55 
291 111 
292 166 
292 257 
292 432 
292 119 
293 54 
293 414 
294 161 
294 53 
296 29 
297 121 
297 4055 
297 469 
297 37 
298 21 
299 588 
300 175 
300 364 
301 650 
301 152 
301 7 
303 946 
304 35 
304 57 
304 80 
304 110 
305 21 
305 225 
306 134 
307 67 
307 27 
308 157 
309 171 
310 68 
310 34 
310 379 
311 113 
312 122 
312 240 
313 126 
313 300 
313 59 
314 107 
314 160 
315 646 
315 51 
315 52 
316 650 
316 66 
317 18 
317 285 
317 160 
317 111 
318 788 
318 1 
320 26 
320 84 
320 186 
320 72 
320 95 
321 95 
321 92 
321 170 
321 67 
322 125 
323 321 
324 59 
325 965 
325 235 
325 47 
326 140 
326 111 
326 215 
327 55 
327 28 
328 46 
329 216 
330 59 
330 200 
331 70 
331 87 
331 689 
331 463 
332 144 
332 253 
333 80 
334 88 
335 492 
336 82 
336 52 
336 66 
337 101 
337 76 
338 267 
338 159 
339 755 
339 408 
339 308 
340 288 
341 400 
342 52 
343 308 
343 129 
343 5271 
344 41 
344 279 
345 70 
346 1336 
346 66 
346 363 
346 227 
346 58 
346 3046 
347 76 
347 33 
347 27 
347 666 
348 159 
348 35 
348 197 
348 223 
348 268 
348 44 
349 125 
349 88 
349 143 
350 76 
351 238 
351 92 
351 69 
352 197 
352 88 
353 559 
354 151 
355 307 
356 292 
356 164 
357 54 
359 36 
359 60 
360 30 
360 152 
360 601 
361 30 
362 354 
362 312 
363 136 
363 66 
364 115 
367 26 
367 77 
368 355 
369 70 
369 54 
369 758 
370 398 
370 63 
372 2575 
372 54 
373 341 
374 333 
374 42 
374 133 
374 233 
375 29 
375 331 
376 5 
376 60 
376 18 
377 54 
377 165 
377 32 
377 301 
378 29 
379 50 
379 59 
380 0 
380 236 
380 99 
380 118 
381 50 
381 624 
382 42 
382 112 
383 492 
383 278 
384 231 
384 212 
384 10 
385 63 
385 107 
385 31 
386 18 
386 155 
387 48 
389 12 
389 84 
389 90 
390 411 
390 424 
390 7814 
391 402 
392 27 
392 41 
393 37 
394 37 
394 148 
395 810 
395 237 
395 98 
395 881 
397 231 
397 31 
397 21 
397 189 
398 10 
398 57 
401 338 
401 301 
402 40 
403 707 
406 96 
408 125 
408 106 
408 17 
408 132 
411 487 
411 355 
412 168 
412 65 
412 21 
413 474 
413 113 
413 13 
414 279 
414 43 
415 88 
415 6 
415 530 
415 91 
416 81 
416 602 
417 377 
417 232 
417 29 
417 83 
417 15 
418 78 
418 143 
419 23 
419 504 
420 4468 
420 130 
421 52 
422 28 
425 20 
425 147 
426 156 
429 26 
431 169 
432 26 
433 292 
434 824 
434 100 
434 14 
434 570 
437 13 
440 113 
441 158 
442 499 
443 131 
445 37 
446 277 
446 189 
447 162 
447 166 
448 13 
448 207 
449 14 
450 44 
450 445 
450 167 
450 93 
452 313 
452 181 
452 217 
453 20 
455 106 
455 433 
458 65 
459 745 
460 40 
460 129 
461 39 
461 182 
462 18 
463 119 
463 34 
464 11 
464 35 
465 139 
465 361 
466 15 
466 291 
467 5 
467 44 
467 138 
467 165 
468 17 
468 55 
468 126 
469 139 
470 73 
470 25 
473 137 
473 205 
474 57 
474 330 
475 24 
475 94 
476 72 
478 261 
480 22 
483 55 
483 132 
484 22 
485 42 
486 62 
486 191 
487 5 
487 18 
488 199 
489 80 
489 145 
489 265 
489 4 
489 118 
492 59 
493 343 
494 40 
495 264 
495 5 
496 251 
496 128 
497 101 
498 26 
498 99 
500 132 
501 191 
501 55 
502 68 
502 25 
502 41 
503 85 
504 11 
504 479 
505 20 
505 397 
505 307 
507 157 
507 49 
509 327 
509 88 
510 81 
510 54 
511 14 
511 92 
513 66 
514 27 
515 27 
515 88 
515 100 
516 29 
518 34 
518 34 
521 35 
523 552 
523 68 
523 9 
524 332 
525 18 
526 115 
527 139 
527 52 
528 133 
529 1114 
529 41 
530 807 
530 9 
531 423 
531 39 
534 38 
536 176 
536 130 
537 96 
537 49 
541 102 
541 88 
542 46 
544 36 
544 48 
545 366 
545 227 
545 103 
545 313 
545 53 
546 69 
547 137 
549 654 
549 59 
550 2064 
550 663 
550 113 
551 49 
551 377 
551 143 
552 46 
552 309 
552 57 
552 148 
553 37 
553 42 
553 115 
554 979 
554 8 
554 67 
555 142 
555 79 
558 241 
559 579 
560 102 
560 32 
560 105 
560 130 
562 53 
562 28 
562 22 
563 1577 
565 183 
568 75 
568 282 
568 335 
571 61 
572 71 
572 70 
574 84 
575 98 
575 71 
575 131 
576 167 
577 255 
577 41 
577 244 
578 278 
578 117 
578 32 
580 161 
581 112 
583 126 
583 332 
584 77 
584 112 
585 118 
585 8 
585 76 
587 83 
589 60 
589 77 
590 72 
590 88 
593 762 
593 376 
594 72 
595 221 
596 87 
596 225 
596 78 
597 183 
597 35 
597 84 
597 73 
597 425 
599 74 
600 66 
601 76 
603 13 
604 6 
605 70 
606 62 
611 86 
611 159 
611 5 
612 285 
613 118 
614 911 
614 42 
614 15 
615 39 
617 84 
617 2551 
618 0 
619 6 
620 278 
620 262 
622 122 
622 124 
623 25 
623 79 
624 11 
624 170 
624 86 
626 42 
626 34 
627 58 
628 25 
628 177 
629 134 
629 15 
630 713 
631 87 
631 208 
632 42 
633 67 
633 73 
633 46 
633 63 
635 60 
636 292 
640 72 
640 62 
642 274 
643 117 
644 156 
645 26 
646 36 
646 275 
646 56 
647 87 
647 42 
648 154 
650 19 
650 120 
650 35 
650 49 
651 84 
651 91 
654 91 
654 29 
657 58 
658 21 
659 107 
663 1023 
664 40 
667 598 
668 255 
670 91 
671 125 
671 10 
672 22 
673 35 
673 243 
673 407 
675 93 
676 401 
677 29 
677 339 
677 281 
678 43 
678 21 
678 35 
678 55 
679 38 
681 24 
682 22 
682 51 
683 210 
683 621 
685 11 
689 131 
690 106 
692 134 
692 47 
693 762 
694 105 
694 66 
694 96 
695 368 
696 122 
696 49 
696 33 
697 382 
699 362 
699 18 
700 8 
700 342 
701 138 
702 74 
702 196 
702 53 
704 98 
706 52 
707 59 
707 710 
708 84 
709 189 
710 37 
710 97 
710 48 
711 21 
713 149 
716 44 
719 133 
719 1507 
719 6 
720 38 
721 170 
722 394 
722 136 
724 92 
724 11 
725 155 
726 91 
727 88 
728 42 
728 72 
730 63 
731 145 
732 99 
733 60 
734 130 
734 175 
736 11 
736 71 
736 176 
738 75 
740 16 
740 57 
741 42 
741 209 
741 108 
745 14 
745 422 
746 314 
746 56 
746 236 
746 43 
747 33 
747 1218 
747 106 
748 10 
752 360 
753 71 
753 90 
753 24 
755 47 
755 43 
755 11 
758 16 
759 383 
759 87 
759 45 
759 49 
761 195 
761 113 
763 288 
763 56 
763 434 
764 25 
764 78 
765 460 
766 62 
766 477 
767 40 
769 473 
770 161 
771 75 
772 16 
772 105 
773 26 
774 47 
774 138 
775 318 
775 110 
776 501 
778 226 
779 65 
780 36 
781 161 
781 257 
783 17 
783 86 
784 74 
786 255 
789 301 
791 63 
795 342 
797 154 
797 96 
798 188 
798 76 
799 252 
800 10 
801 64 
803 26 
804 57 
804 148 
808 83 
809 149 
810 14 
812 12 
812 254 
813 716 
813 28 
814 52 
817 60 
817 10 
818 21 
818 105 
819 463 
819 76 
823 62 
823 16 
824 59 
826 33 
827 262 
829 320 
829 50 
829 16 
829 222 
831 708 
831 499 
833 99 
833 4729 
836 27 
837 91 
837 35 
838 105 
839 46 
841 113 
843 80 
843 18 
843 113 
845 43 
845 4348 
846 141 
848 34 
849 55 
850 5 
854 190 
858 199 
858 191 
858 436 
859 27 
860 54 
861 864 
861 92 
863 192 
863 4 
864 135 
866 53 
867 26 
867 72 
869 252 
871 62 
874 4 
875 46 
876 58 
878 156 
881 135 
881 246 
882 90 
882 16 
882 145 
883 152 
883 14 
884 103 
885 11 
886 287 
886 72 
888 583 
888 430 
890 476 
890 115 
890 330 
890 109 
891 16 
891 67 
891 405 
892 306 
893 160 
893 56 
895 54 
897 300 
899 51 
902 274 
902 77 
903 0 
903 7 
903 263 
905 67 
906 43 
908 50 
910 15 
912 188 
912 520 
914 266 
914 27 
915 49 
916 9 
918 11 
920 90 
921 20 
922 445 
923 122 
925 73 
925 93 
926 140 
926 166 
926 42 
928 185 
929 16 
929 26 
929 48 
930 124 
930 68 
932 40 
933 128 
934 309 
934 28 
934 128 
935 10 
935 70 
935 416 
936 430 
939 36 
942 263 
945 78 
945 118 
945 163 
946 12 
946 112 
947 18 
948 123 
949 210 
950 33 
950 67 
951 159 
953 50 
953 64 
955 36 
958 484 
960 292 
962 447 
962 40 
963 75 
963 15 
963 39 
963 382 
966 18 
966 773 
967 401 
967 65 
968 44 
969 62 
969 152 
969 2170 
969 110 
970 302 
973 152 
974 67 
974 79 
977 213 
977 31 
979 132 
979 16 
981 29 
981 28 
982 171 
983 221 
983 112 
985 107 
985 39 
986 15 
987 58 
987 53 
991 41 
992 189 
992 204 
994 163 
995 158 
996 0 
996 77 
999 101 
999 82 
1004 32 
1007 175 
1007 180 
1008 60 
1008 36 
1009 6 
1009 366 
1011 195 
1011 27 
1013 35 
1013 11 
1014 104 
1014 7 
1014 45 
1015 11 
1017 128 
1021 35 
1021 43 
1021 140 
1022 230 
1027 20 
1027 231 
1028 86 
1028 51 
1029 31 
1033 62 
1034 88 
1034 115 
1036 223 
1036 349 
1037 54 
1037 51 
1038 41 
1039 14 
1039 359 
1040 40 
1040 362 
1040 142 
1042 101 
1042 156 
1044 32 
1046 116 
1050 102 
1050 125 
1050 214 
1050 72 
1051 15 
1057 62 
1060 466 
1061 97 
1063 122 
1064 237 
1066 106 
1070 46 
1071 44 
1072 19 
1072 18 
1073 413 
1074 175 
1075 74 
1075 6 
1077 17 
1079 163 
1080 230 
1084 181 
1084 31 
1085 47 
1085 905 
1086 134 
1087 52 
1087 302 
1089 104 
1089 178 
1091 85 
1091 674 
1092 48 
1095 93 
1099 90 
1100 19 
1100 33 
1100 4 
1100 24 
1101 93 
1102 24 
1108 48 
1108 28 
1109 148 
1109 28 
1110 106 
1114 24 
1115 5 
1116 108 
1119 49 
1119 277 
1123 19 
1124 124 
1125 12 
1125 172 
1127 37 
1128 602 
1130 47 
1131 28 
1132 61 
1133 383 
1134 163 
1135 195 
1135 84 
1136 181 
1139 241 
1141 48 
1145 234 
1148 162 
1149 72 
1153 78 
1153 47 
1153 219 
1154 153 
1155 12 
1156 24 
1157 54 
1157 23 
1160 16 
1161 79 
1162 62 
1163 170 
1163 232 
1164 35 
1166 105 
1166 61 
1166 24 
1167 506 
1167 39 
1168 49 
1169 76 
1171 40 
1174 5 
1174 297 
1175 55 
1180 224 
1180 204 
1180 52 
1181 43 
1182 76 
1182 110 
1182 133 
1182 119 
1182 42 
1182 46 
1183 1573 
1183 34 
1186 152 
1186 29 
1189 164 
1193 83 
1195 51 
1195 155 
1198 171 
1198 47 
1200 137 
1200 35 
1201 103 
1202 47 
1202 33 
1204 70 
1204 224 
1206 219 
1206 110 
1210 61 
1210 25 
1212 95 
1212 59 
1216 181 
1217 366 
1220 133 
1222 105 
1223 16 
1225 88 
1225 16 
1226 18 
1226 54 
1230 11 
1231 70 
1232 66 
1234 368 
1234 89 
1235 24 
1236 60 
1237 34 
1238 169 
1240 64 
1240 1201 
1242 92 
1243 92 
1247 34 
1248 189 
1249 378 
1249 2 
1250 68 
1251 71 
1253 27 
1253 58 
1256 185 
1258 721 
1258 284 
1259 58 
1261 26 
1261 4965 
1265 21 
1269 140 
1270 402 
1271 16 
1272 60 
1273 31 
1273 8 
1275 28 
1275 276 
1275 2477 
1277 87 
1277 95 
1278 10 
1278 90 
1278 202 
1280 39 
1280 353 
1282 55 
1282 134 
1288 304 
1288 117 
1290 18 
1290 23 
1291 51 
1291 268 
1295 9 
1296 211 
1297 14 
1299 1247 
1300 1092 
1302 170 
1302 47 
1303 361 
1305 90 
1306 22 
1307 481 
1308 23 
1309 138 
1310 177 
1310 63 
1314 2360 
1315 43 
1316 1 
1316 105 
1318 133 
1320 301 
1321 22 
1322 49 
1322 8 
1324 115 
1325 375 
1326 185 
1327 365 
1327 47 
1327 167 
1328 53 
1328 2 
1329 129 
1330 120 
1330 77 
1331 38 
1332 43 
1333 109 
1334 65 
1335 93 
1336 107 
1337 95 
1341 9 
1342 54 
1345 406 
1347 23 
1347 32 
1347 37 
1349 25 
1354 206 
1356 100 
1359 410 
1359 164 
1359 14 
1361 166 
1363 23 
1363 18 
1365 142 
1367 7 
1368 6 
1369 555 
1369 36 
1369 30 
1370 39 
1370 78 
1376 9 
1377 142 
1378 74 
1379 153 
1380 82 
1380 41 
1384 16 
1384 49 
1384 13 
1384 116 
1385 33 
1385 37 
1386 94 
1387 70 
1387 45 
1390 76 
1391 186 
1395 62 
1395 5 
1397 73 
1399 200 
1399 173 
1403 26 
1406 36 
1408 14 
1408 3 
1412 79 
1415 60 
1416 240 
1416 61 
1417 135 
1417 187 
1418 67 
1418 36 
1419 58 
1420 22 
1420 18 
1421 103 
1423 35 
1425 9 
1426 62 
1426 204 
1428 46 
1429 56 
1430 104 
1431 128 
1434 85 
1434 209 
1434 27 
1435 387 
1436 39 
1436 52 
1438 102 
1438 145 
1440 22 
1442 101 
1443 248 
1443 64 
1444 7 
1448 99 
1449 56 
1449 108 
1449 40 
1450 197 
1452 39 
1452 35 
1453 43 
1454 62 
1456 200161 
1456 5 
1458 21 
1458 52 
1460 38 
1461 88 
1462 316 
1463 47 
1463 77 
1465 29 
1467 32 
1468 60 
1469 68 
1469 52 
1469 157 
1473 97 
1474 39 
1475 56 
1476 34 
1477 157 
1477 46 
1480 9 
1480 3 
1482 36 
1484 261 
1488 346 
1489 76 
1490 67 
1491 101 
1491 231 
1494 51 
1494 81 
1496 32 
1496 54 
1498 64 
1498 41 
1498 470 
1502 213 
1503 129 
1504 248 
1507 212 
1507 73 
1508 58 
1508 17 
1508 147 
1509 2 
1509 283 
1509 184 
1510 76 
1512 46 
1513 6 
1513 33 
1514 149 
1515 437 
1517 768 
1518 8 
1519 236 
1519 49 
1521 101 
1523 210 
1523 681 
1523 46 
1527 14 
1529 15 
1530 354 
1531 11 
1531 36 
1533 17 
1533 10 
1533 23 
1534 87 
1535 35 
1536 617 
1536 49 
1542 50 
1543 65 
1549 191 
1549 95 
1550 13 
1550 16 
1553 91 
1555 51 
1557 220 
1557 209 
1558 209 
1558 239 
1558 20 
1560 279 
1561 30 
1562 76 
1562 93 
1562 37 
1565 11 
1568 438 
1569 103 
1570 150 
1571 101 
1572 89 
1573 31 
1574 133 
1574 51 
1574 7 
1576 9 
1576 105 
1577 461 
1578 11 
1578 46 
1578 254 
1579 40 
1582 56 
1583 232 
1585 68 
1588 53 
1589 6 
1590 30 
1590 212 
1592 53 
1593 140 
1594 61 
1595 119 
1595 30 
1597 8 
1598 32 
1599 201 
1600 26 
1602 95 
1602 16 
1605 83 
1610 32 
1611 77 
1611 43 
1615 208 
1618 941 
1619 46 
1620 151 
1626 63 
1626 822 
1627 237 
1631 35 
1632 941 
1633 59 
1633 22 
1633 159 
1634 231 
1634 13 
1635 204 
1636 52 
1638 20 
1638 412 
1639 11 
1645 225 
1649 14 
1649 53 
1649 60 
1650 28 
1650 941 
1651 62 
1652 29 
1653 345 
1655 101 
1656 8 
1657 530 
1657 35 
1657 264 
1658 15 
1658 49 
1659 221 
1659 182 
1660 134 
1662 62 
1662 128 
1664 30 
1665 57 
1665 56 
1666 143 
1667 18 
1667 6 
1669 105 
1669 36 
1670 66 
1672 73 
1672 534 
1673 307 
1674 55 
1677 242 
1678 99 
1679 248 
1682 150 
1683 6 
1684 27 
1688 57 
1689 24 
1691 118 
1695 37 
1698 321 
1699 61 
1699 35 
1701 164 
1702 102 
1702 34 
1702 92 
1705 120 
1706 143 
1707 25 
1710 244 
1713 240 
1715 24 
1717 114 
1717 22 
1721 65 
1721 50 
1722 101 
1724 59 
1724 188 
1725 67 
1727 289 
1727 64 
1728 72 
1728 63 
1729 14 
1733 33 
1734 38 
1735 224 
1738 41 
1738 94 
1741 9 
1742 609 
1750 105 
1750 6 
1751 227 
1751 47 
1755 91 
1758 28 
1763 179 
1763 266 
1768 4 
1771 89 
1771 24 
1779 128 
1779 158 
1780 142 
1780 114 
1783 11 
1784 96 
1784 134 
1787 7 
1789 312 
1790 59 
1791 21 
1791 137 
1792 209 
1792 164 
1792 2 
1794 11 
1795 52 
1796 22 
1799 454 
1800 103 
1800 115 
1802 28 
1805 4 
1806 171 
1806 4 
1806 275 
1808 20 
1811 27 
1812 31 
1813 25 
1814 11 
1814 22 
1814 302 
1815 17 
1815 119 
1817 27 
1818 179 
1818 196 
1819 40 
1822 37 
1823 23 
1824 86 
1826 99 
1828 42 
1828 230 
1828 6 
1829 128 
1830 248 
1836 64 
1836 239 
1838 574 
1838 32 
1839 42 
1839 27 
1839 59 
1844 18 
1844 96 
1844 9 
1846 29 
1847 38 
1848 258 
1850 16 
1850 15 
1851 16 
1851 37 
1852 30 
1855 44 
1855 4 
1862 38 
1864 317 
1866 238 
1866 40 
1867 30 
1869 220 
1869 189 
1870 139 
1870 59 
1875 94 
1875 100 
1884 132 
1889 526 
1890 147 
1891 21 
1893 14 
1895 23 
1895 328 
1902 4 
1903 83 
1904 88 
1908 19 
1910 171 
1910 24 
1911 77 
1912 41 
1913 333 
1919 23 
1922 18 
1923 190 
1924 70 
1925 155 
1925 41 
1926 16 
1927 119 
1928 113 
1930 67 
1931 418 
1932 430 
1935 12 
1935 23 
1936 35 
1938 65 
1940 19 
1940 222 
1940 92 
1943 43 
1944 130 
1945 202 
1945 10 
1946 87 
1946 27 
1946 151 
1947 19 
1947 84 
1948 90 
1949 6 
1953 2809 
1955 75 
1961 633 
1963 58 
1967 83 
1968 22 
1970 54 
1971 214 
1973 6 
1973 58 
1976 55 
1977 34 
1977 113 
1979 47 
1981 1184 
1982 62 
1982 277 
1983 66 
1983 56 
1984 274 
1985 76 
1986 64 
1987 110 
1991 17 
1991 97 
1993 20 
1993 246 
1994 178 
1998 149 
2000 117 
2000 12 
2001 9 
2003 23 
2003 297 
2004 2 
2009 29 
2011 27 
2012 31 
2014 581 
2015 5 
2016 13 
2020 2 
2021 33 
2024 68 
2024 18 
2025 66 
2026 217 
2027 79 
2027 53 
2035 605 
2039 59 
2043 13 
2044 190 
2046 346 
2048 42 
2049 575 
2053 26 
2054 10 
2063 321 
2063 36 
2065 266 
2066 87 
2066 54 
2069 44 
2069 34 
2070 85 
2072 61 
2073 11 
2074 17 
2074 15 
2078 68 
2078 6 
2079 152 
2085 41 
2087 166 
2088 193 
2089 16 
2090 13 
2091 369 
2094 70 
2095 12 
2095 10 
2096 16 
2097 17 
2098 187 
2099 95 
2099 500 
2100 15 
2102 63 
2105 207 
2106 108 
2106 52 
2109 55 
2112 128 
2115 3045 
2116 86 
2116 24 
2116 93 
2119 9 
2120 160 
2124 183 
2124 33 
2125 308 
2128 542 
2128 80 
2130 80 
2130 97 
2131 3 
2133 90 
2134 51 
2141 161 
2142 49 
2145 12 
2147 13 
2148 75 
2149 56 
2150 39 
2152 96 
2157 935 
2160 200 
2166 53 
2170 12 
2170 235 
2171 91 
2174 99 
2175 40 
2175 83 
2175 11 
2183 207 
2184 7 
2187 36 
2187 100 
2188 42 
2191 91 
2191 38 
2192 277 
2193 13 
2193 112 
2196 163 
2196 14 
2198 442 
2201 20 
2202 218 
2202 9 
2205 6 
2205 458 
2212 156 
2214 50 
2215 159 
2218 28 
2218 117 
2222 52 
2225 20 
2226 305 
2229 32 
2230 49 
2231 36 
2233 22 
2237 90 
2241 10 
2241 85 
2241 13 
2248 638 
2250 215 
2255 26 
2258 41 
2260 32 
2261 18 
2263 46 
2267 236 
2269 48 
2270 15 
2270 15 
2271 206 
2275 95 
2276 51 
2278 242 
2280 5 
2281 569 
2281 24 
2282 185 
2285 15 
2292 207 
2302 67 
2307 81 
2309 40 
2309 9 
2310 3 
2312 158 
2314 68 
2315 33 
2315 47 
2322 70 
2325 2 
2329 163 
2330 535 
2330 223 
2331 71 
2331 83 
2332 17 
2332 73 
2332 6 
2336 35 
2340 38 
2340 71 
2343 168 
2344 332 
2346 240 
2351 40 
2352 43 
2354 51 
2356 75 
2356 7 
2357 180 
2357 27 
2358 21 
2361 13 
2362 261 
2363 153 
2366 208 
2367 31 
2368 13 
2370 64 
2371 130 
2374 9 
2375 12 
2379 184 
2386 6 
2388 88 
2388 12 
2393 22 
2398 175 
2398 764 
2398 75 
2399 69 
2399 218 
2400 86 
2400 95 
2401 46 
2402 104 
2403 29 
2404 117 
2412 314 
2413 398 
2414 100 
2416 55 
2422 101 
2426 36 
2429 53 
2434 39 
2436 31 
2442 82 
2443 6 
2444 280 
2444 160 
2449 12 
2450 15 
2451 109 
2451 15 
2453 36 
2453 172 
2454 5 
2454 23 
2458 219 
2458 66 
2459 4 
2460 72 
2460 3 
2461 75 
2462 728 
2466 62 
2466 76 
2468 46 
2468 215 
2470 528 
2471 272 
2473 129 
2473 77 
2474 97 
2474 101 
2474 33 
2474 300 
2477 63 
2478 613 
2478 21 
2479 1066 
2479 151 
2480 24 
2480 102 
2482 38 
2483 263 
2487 11 
2488 106 
2488 222 
2488 160 
2489 51 
2495 74 
2497 23 
2497 36 
2499 55 
2500 53 
2500 843 
2501 250 
2512 1036 
2513 215 
2516 52 
2516 100 
2517 146 
2518 281 
2519 11 
2520 638 
2523 123 
2524 69 
2524 49 
2524 352 
2524 200 
2526 24 
2535 303 
2535 51 
2535 48 
2536 11 
2538 65 
2540 12 
2542 41 
2544 38 
2545 610 
2545 191 
2547 177 
2549 191 
2550 5 
2557 35 
2558 65 
2558 256 
2559 213 
2560 68 
2562 88 
2564 18 
2570 175 
2571 72 
2572 695 
2573 40 
2582 3 
2587 35 
2599 375 
2600 68 
2600 225 
2600 9 
2602 105 
2604 39 
2606 221 
2608 27 
2608 44 
2608 28 
2610 42 
2611 40 
2612 43 
2612 132 
2615 230 
2616 86 
2618 78 
2622 42 
2623 15 
2624 8 
2624 98 
2628 15 
2629 22 
2629 56 
2630 164 
2633 38 
2633 88 
2633 60 
2634 71 
2635 12 
2636 135 
2637 29 
2639 374 
2640 29 
2641 87 
2643 38 
2645 96 
2645 79 
2646 71 
2650 165 
2651 15 
2651 17 
2657 369 
2659 41 
2659 65 
2659 151 
2660 54 
2664 37 
2664 105 
2666 21 
2666 25 
2668 42 
2668 121 
2668 26 
2669 79 
2670 4 
2672 42 
2673 174 
2673 127 
2675 65 
2677 23 
2677 305 
2678 19 
2685 32 
2686 69 
2687 23 
2688 86 
2690 46 
2690 68 
2692 25 
2695 6 
2697 104 
2697 213 
2703 11 
2704 17 
2706 198 
2707 150 
2708 21 
2708 37 
2709 76 
2717 18 
2718 114 
2719 53 
2719 80 
2721 25 
2724 140 
2728 263 
2729 25 
2732 305 
2735 60 
2736 321 
2737 43 
2739 75 
2742 39 
2743 21 
2749 105 
2753 37 
2757 73 
2758 17 
2760 64 
2763 206 
2764 43 
2765 39 
2767 100 
2768 24 
2773 17 
2774 37 
2775 3 
2776 38 
2781 10 
2787 174 
2787 75 
2788 11 
2790 2522 
2790 478 
2791 20 
2791 241 
2794 462 
2794 37 
2794 164 
2795 194 
2799 44 
2807 191 
2808 80 
2811 634 
2816 4 
2820 1798 
2833 110 
2839 11 
2840 110 
2842 43 
2845 43 
2846 19 
2848 12 
2848 18 
2854 46 
2858 25335 
2864 4 
2867 425 
2869 141 
2872 100 
2874 60 
2875 20 
2876 58 
2879 57 
2880 224 
2881 65 
2881 97 
2882 8 
2892 26 
2895 81 
2896 19 
2896 17 
2897 8 
2899 184 
2900 137 
2900 50 
2902 7 
2904 20 
2908 81 
2910 50 
2911 106 
2914 50 
2918 136 
2924 92 
2928 60 
2929 15 
2929 41 
2931 107 
2933 3 
2935 84 
2938 1011 
2939 144 
2942 22 
2943 65 
2947 57 
2947 82 
2949 158 
2951 323 
2951 102 
2953 10 
2953 204 
2957 56 
2957 315 
2960 87 
2960 25 
2962 28 
2962 25 
2965 145 
2967 49 
2967 10 
2974 26 
2975 63 
2975 89 
2976 154 
2978 74 
2978 16 
2979 13 
2980 43 
2983 25 
2987 43 
2988 161 
2993 37 
2994 365 
2998 490 
3000 100 
3001 25 
3003 281 
3007 48 
3007 20 
3007 166 
3008 42 
3010 12 
3010 35 
3011 165 
3012 290 
3013 58 
3016 13 
3020 17 
3021 12 
3024 106 
3024 28 
3028 45 
3031 45 
3032 79 
3033 83 
3039 504 
3040 167 
3050 59 
3052 7 
3053 11 
3057 220 
3058 32 
3062 12 
3064 7 
3064 347 
3071 9 
3075 124 
3082 28 
3082 63 
3086 391 
3086 46 
3086 66 
3087 17 
3087 7 
3096 8 
3099 642 
3104 53 
3107 10 
3107 15 
3111 5 
3118 129 
3118 144 
3118 117 
3121 13 
3122 25 
3129 17 
3135 78 
3139 12 
3140 106 
3148 37 
3154 108 
3156 94 
3156 63 
3156 230 
3161 8 
3165 117 
3165 212 
3172 22 
3173 18 
3173 13 
3179 21 
3189 41 
3192 63 
3196 108 
3197 46 
3204 81 
3205 43 
3206 12 
3210 52 
3211 44 
3212 10 
3212 29 
3218 28 
3224 2339 
3226 13 
3228 197 
3228 45 
3230 51 
3232 62 
3232 4 
3233 70 
3237 78 
3242 386 
3245 37 
3247 7 
3249 32 
3252 34 
3261 165 
3261 9 
3262 128 
3266 31 
3267 71 
3268 51 
3269 98 
3274 41 
3278 26 
3279 600 
3279 245 
3280 153 
3284 38 
3284 89 
3285 3 
3289 70 
3290 1 
3296 51 
3308 215 
3308 10 
3309 20 
3310 58 
3310 20 
3311 87 
3311 37 
3322 18 
3325 26 
3331 19 
3332 12 
3334 62 
3336 36 
3342 80 
3349 15 
3350 299 
3351 18 
3358 35 
3358 18 
3359 184 
3360 378 
3362 265 
3367 46 
3367 19 
3368 241 
3372 98 
3373 32 
3375 48 
3376 24 
3378 53 
3382 122 
3386 50 
3393 119 
3394 25 
3398 75 
3407 5 
3407 399 
3407 96 
3407 1 
3411 87 
3411 29 
3418 125 
3418 6 
3422 22 
3427 34 
3428 155 
3428 223 
3430 49 
3433 8 
3435 380 
3438 176 
3438 25 
3440 7 
3441 113 
3441 29 
3441 103 
3443 4 
3448 75 
3450 50 
3459 27 
3463 202 
3468 69 
3476 63 
3487 38 
3487 60 
3489 23 
3489 144 
3494 10 
3497 116 
3500 75 
3502 16 
3503 101 
3505 22 
3511 7 
3512 27 
3514 59 
3516 392 
3516 64 
3516 28 
3517 112 
3517 205 
3519 224 
3519 98 
3522 156 
3523 17 
3530 8 
3536 76 
3537 57 
3548 228 
3550 73 
3553 13 
3561 123 
3567 120 
3569 122 
3570 80 
3573 64 
3573 62 
3574 14 
3578 81 
3586 54 
3595 33 
3597 45 
3598 105 
3601 48 
3603 13 
3604 257 
3605 111 
3606 74 
3615 52 
3618 20 
3620 33 
3620 136 
3621 25 
3622 42 
3626 350 
3628 187 
3628 53 
3635 40 
3636 179 
3637 32 
3639 51 
3640 138 
3642 11 
3649 18 
3650 133 
3651 167 
3651 60 
3651 328 
3653 168 
3654 27 
3664 139 
3666 142 
3667 242 
3667 110 
3672 11 
3672 62 
3680 5 
3680 197 
3680 78 
3682 58 
3683 22 
3686 16 
3686 42 
3689 18 
3692 70 
3692 48 
3693 202 
3695 19 
3702 370 
3702 33 
3704 82 
3706 55 
3710 43 
3715 141 
3717 291 
3718 38 
3725 43 
3727 106 
3731 16 
3732 21 
3732 124 
3740 302 
3740 79 
3744 85 
3746 52 
3746 70 
3751 47 
3754 42 
3757 128 
3765 126 
3769 43 
3770 14 
3773 124 
3782 131 
3783 339 
3783 78 
3784 60 
3785 74 
3791 221 
3793 64 
3796 74 
3798 76 
3801 12 
3801 316 
3807 77 
3807 74 
3808 216 
3811 21 
3811 131 
3813 117 
3813 17 
3814 26 
3824 36 
3825 23 
3831 97 
3833 52 
3836 29 
3855 21 
3865 118 
3865 145 
3866 24 
3873 36 
3873 77 
3876 4 
3880 37 
3881 8 
3884 201 
3885 9 
3899 105 
3902 87 
3905 13 
3907 366 
3908 25 
3909 142 
3909 58 
3910 6 
3910 13 
3913 19 
3916 165 
3917 122 
3920 207 
3923 109 
3924 7 
3930 42 
3936 142 
3939 177 
3942 105 
3945 68 
3948 22 
3951 48 
3951 282 
3954 18 
3961 13 
3963 39 
3967 17 
3969 103 
3969 17 
3984 156 
3985 41 
3986 1483 
3989 87 
3992 102 
3993 11 
3994 286 
3995 10 
3996 26 
3997 20 
3999 9 
4001 17 
4001 17 
4002 28 
4003 67 
4005 51 
4008 2 
4013 263 
4017 458 
4028 16 
4031 53 
4034 58 
4038 22 
4040 6 
4041 8 
4042 75 
4045 70 
4049 86 
4053 62 
4054 76 
4058 8 
4068 11 
4072 6 
4073 304 
4076 70 
4078 25 
4082 24 
4088 58 
4089 54 
4090 66 
4090 173 
4092 114 
4097 92 
4097 92 
4098 79 
4100 345 
4101 69 
4104 9 
4109 72 
4110 10 
4118 400 
4122 51 
4127 23 
4141 34 
4143 25 
4144 57 
4156 164 
4157 14 
4157 16 
4159 23 
4161 51 
4164 156 
4164 121 
4172 221 
4173 33 
4173 81 
4174 19 
4180 18 
4183 30 
4183 22 
4185 54 
4188 62 
4189 38 
4189 41 
4190 10 
4193 1 
4198 243 
4205 48 
4224 517 
4230 2510 
4233 55 
4234 17 
4235 29 
4238 45 
4243 38 
4244 202 
4244 57 
4249 49 
4254 137 
4258 87 
4258 17 
4264 30 
4272 17 
4272 240 
4274 47 
4281 190 
4292 29 
4297 106 
4297 248 
4299 151 
4310 122 
4311 67 
4313 97 
4321 96 
4321 9 
4326 86 
4326 194 
4328 73 
4330 270 
4334 218 
4338 16 
4342 27 
4343 86 
4343 116 
4344 160 
4345 33 
4348 114 
4350 86 
4353 109 
4359 35 
4364 64 
4364 64 
4364 189 
4367 143 
4368 23 
4368 133 
4369 21 
4369 12 
4372 107 
4384 49 
4389 41 
4390 18 
4392 131 
4395 22 
4397 32 
4400 36 
4401 39 
4402 23 
4403 44 
4404 39 
4407 83 
4414 25 
4416 43 
4418 65 
4422 186 
4423 75 
4425 20 
4426 64 
4428 68 
4432 403 
4437 3 
4439 79 
4445 11 
4450 8 
4451 16 
4455 23 
4457 7 
4460 143 
4469 33 
4473 105 
4476 237 
4479 41 
4482 19 
4484 87 
4490 26 
4492 196 
4492 1 
4498 54 
4509 130 
4510 13 
4513 80 
4515 25 
4522 126 
4524 170 
4525 67 
4531 175 
4532 19 
4535 170 
4539 17 
4545 264 
4547 210 
4551 39 
4553 64 
4554 37 
4557 28 
4558 14 
4567 48 
4572 18 
4578 8 
4581 364 
4582 54 
4585 195 
4591 108 
4592 20 
4594 260 
4597 47 
4599 13 
4600 122 
4601 7 
4605 25 
4606 4 
4608 361 
4609 51 
4611 112 
4614 14 
4614 40 
4614 79 
4616 40 
4623 11 
4625 221 
4627 91 
4630 5 
4631 29 
4633 180 
4635 109 
4638 189 
4641 113 
4642 35 
4644 29 
4645 191 
4648 261 
4650 16 
4668 93 
4671 215 
4673 5 
4673 34 
4674 731 
4675 110 
4678 93 
4678 154 
4680 297 
4680 37 
4681 213 
4682 183 
4688 77 
4690 32 
4690 72 
4695 92 
4697 41 
4697 17 
4701 50 
4701 43 
4703 15 
4703 8 
4707 222 
4707 144 
4713 161 
4720 209 
4720 45 
4721 33 
4724 4 
4727 34 
4727 18 
4729 46 
4741 66 
4742 287 
4748 74 
4748 88 
4750 514 
4755 5 
4756 22 
4769 41 
4781 74 
4788 29 
4792 9 
4793 19 
4796 56 
4804 31 
4808 576 
4825 401 
4830 562 
4830 22 
4830 34 
4832 16 
4833 196 
4835 26 
4835 31 
4838 135 
4839 216 
4841 8 
4844 5 
4849 51 
4853 372 
4861 79 
4862 27 
4863 22 
4870 102 
4872 73 
4873 9 
4880 46 
4883 14 
4886 42 
4893 5 
4905 24 
4910 95 
4913 108 
4914 33 
4916 84 
4921 51 
4922 18 
4928 46 
4928 12 
4933 7 
4948 14 
4951 6 
4955 64 
4963 7 
4969 25 
4973 6 
4973 238 
4975 5 
4978 126 
4983 51 
4983 18 
4985 39 
4993 595 
4994 16 
4996 17 
5000 458 
5001 332 
5006 81 
5007 87 
5010 38 
5012 76 
5015 55 
5017 89 
5025 108 
5026 160 
5039 41 
5039 48 
5041 58 
5048 6 
5049 17 
5052 137 
5055 200 
5059 187 
5060 33 
5065 78 
5071 47 
5075 31 
5093 21 
5100 107 
5101 143 
5108 40 
5115 20 
5116 20 
5120 58 
5120 71 
5126 14 
5126 23 
5127 73 
5130 5 
5131 30 
5132 35 
5133 10 
5134 34 
5135 56 
5136 186 
5136 39 
5138 419 
5141 22 
5141 169 
5144 58 
5148 190 
5152 27 
5158 339 
5160 70 
5163 159 
5164 49 
5171 73 
5171 26 
5182 52 
5188 46 
5192 10 
5193 34 
5194 6 
5207 1 
5210 20 
5211 45 
5213 86 
5215 36 
5219 22 
5224 96 
5225 24 
5225 8 
5228 138 
5232 17 
5241 53 
5242 2 
5245 17 
5245 55 
5258 16 
5260 47 
5262 23 
5266 26 
5270 66 
5276 78 
5282 119 
5292 29 
5300 132 
5300 69 
5300 64 
5303 26 
5314 54 
5315 5 
5317 14 
5322 23 
5324 34 
5332 55 
5336 20 
5342 71 
5346 64 
5350 6 
5351 22 
5362 45 
5364 54 
5365 95 
5367 100 
5369 211 
5377 26 
5378 27 
5378 92 
5379 39 
5390 34 
5391 61 
5391 16 
5396 15 
5399 262 
5405 61 
5405 14 
5406 43 
5412 21 
5417 244 
5419 529 
5425 401 
5428 71 
5437 122 
5438 91 
5440 141 
5443 96 
5444 38 
5447 5 
5449 4 
5453 18 
5453 60 
5454 113 
5457 15 
5459 14 
5459 66 
5460 61 
5465 66 
5468 41 
5471 10 
5471 160 
5478 162 
5479 4 
5483 220 
5485 52 
5489 49 
5490 8 
5496 131 
5497 26 
5497 184 
5505 200 
5511 1 
5513 87 
5514 13 
5517 171 
5520 85 
5522 0 
5522 10 
5523 48 
5527 5 
5528 46 
5532 272 
5533 167 
5533 1268 
5534 323 
5535 57 
5544 18 
5549 331 
5549 121 
5550 24 
5551 6 
5556 31 
5557 53 
5559 26 
5565 44 
5569 53 
5570 981 
5571 140 
5572 112 
5574 21 
5583 65 
5584 27 
5593 49 
5601 125 
5604 83 
5611 12 
5611 107 
5623 159 
5626 175 
5628 81 
5629 27 
5631 15 
5639 576 
5647 16 
5647 96 
5647 145 
5647 83 
5648 30 
5648 42 
5651 148 
5652 86 
5655 32 
5657 24 
5662 82 
5663 44 
5668 60 
5673 53 
5675 54 
5677 205 
5677 49 
5677 10 
5685 179 
5685 628 
5686 67 
5688 50 
5689 77 
5695 25 
5703 75 
5703 25 
5704 38 
5704 66 
5706 1772 
5706 33 
5708 251 
5708 12 
5709 350 
5710 9 
5711 62 
5714 123 
5715 115 
5718 47 
5722 260 
5729 88 
5735 224 
5741 35 
5748 164 
5748 53 
5749 359 
5762 5 
5769 11 
5771 239 
5772 19 
5782 113 
5792 71 
5792 13 
5798 276 
5800 37 
5817 252 
5823 17 
5823 57 
5829 137 
5831 75 
5835 18 
5841 16 
5844 324 
5845 93 
5853 72 
5861 27 
5865 38 
5869 54 
5870 190 
5872 33 
5873 12 
5876 62 
5881 88 
5883 37 
5885 41 
5885 26 
5885 114 
5898 110 
5899 16 
5899 65 
5901 49 
5919 14 
5923 5 
5923 70 
5924 38 
5930 44 
5930 113 
5934 15 
5935 21 
5942 9 
5952 6 
5954 6 
5955 48 
5961 10 
5962 14 
5966 44 
5971 54 
5978 631 
5978 35 
5981 79 
5982 61 
5992 4 
5998 76 
6001 192 
6002 136 
6010 155 
6012 169 
6012 40 
6013 181 
6014 181 
6015 101 
6018 300 
6026 50 
6027 127 
6028 17 
6029 50 
6031 8 
6031 57 
6031 181 
6031 26 
6040 31 
6043 234 
6053 255 
6059 7 
6062 79 
6070 19 
6072 8 
6076 270 
6077 73 
6077 66 
6077 34 
6077 27 
6079 72 
6081 76 
6088 55 
6101 94 
6108 72 
6115 27 
6118 0 
6123 27 
6129 6 
6134 53 
6137 179 
6137 35 
6141 41 
6153 9 
6156 67 
6168 6 
6168 117 
6169 9 
6170 73 
6181 106 
6182 29 
6188 69 
6193 4 
6200 2 
6205 14 
6206 36 
6211 1236 
6213 52 
6215 52 
6215 8 
6215 185 
6219 4 
6223 7 
6227 127 
6231 73 
6233 122 
6233 100 
6233 93 
6240 6 
6243 224 
6249 86 
6250 128 
6254 141 
6256 127 
6257 117 
6258 73 
6264 58 
6294 13 
6296 43 
6298 25 
6299 37 
6301 19 
6302 176 
6306 109 
6308 28 
6310 18 
6314 46 
6322 77 
6327 60 
6331 13 
6349 63 
6352 82 
6352 82 
6355 14 
6357 240 
6361 16 
6367 19 
6368 50 
6371 511 
6372 15 
6372 22 
6376 8 
6376 17 
6377 155 
6384 42 
6385 26 
6386 32 
6392 55 
6398 32 
6398 56 
6400 156 
6406 67 
6412 205 
6412 6 
6420 11 
6423 29 
6423 50 
6424 38 
6432 87 
6433 186 
6437 86 
6437 22 
6438 29 
6464 219 
6465 59 
6471 162 
6475 109 
6483 25 
6483 33 
6494 21 
6495 105 
6500 77 
6506 78 
6509 231 
6509 66 
6512 19 
6517 86 
6519 34 
6520 286 
6524 20 
6526 32 
6527 29 
6537 207 
6538 104 
6540 65 
6545 21 
6550 70 
6562 30 
6566 55 
6567 124 
6572 28 
6573 237 
6578 33 
6588 31 
6590 300 
6595 98 
6595 14 
6601 66 
6601 41 
6601 29 
6606 727 
6608 40 
6614 441 
6615 189 
6620 7 
6629 566 
6632 128 
6641 36 
6652 4 
6655 23 
6657 40 
6668 0 
6670 6 
6673 110 
6680 82 
6691 5 
6698 104 
6704 62 
6711 152 
6713 13 
6713 16 
6734 96 
6742 21 
6747 58 
6750 12 
6754 7 
6761 55 
6771 16 
6782 24 
6793 204 
6793 125 
6796 37 
6798 198 
6803 26 
6804 151 
6815 49 
6820 182 
6821 5 
6826 95 
6834 15 
6837 30 
6837 35 
6840 300 
6842 30 
6842 7 
6843 44 
6846 8 
6848 49 
6855 52 
6856 144 
6858 93 
6864 44 
6865 42 
6867 20 
6869 7311 
6869 38 
6881 32 
6886 31 
6887 42 
6887 59 
6888 42 
6888 40 
6898 443 
6921 27 
6931 69 
6942 120 
6948 51 
6951 81 
6953 5 
6955 271 
6956 16 
6966 182 
6967 3 
6967 62 
6972 37 
6977 57 
6982 217 
6984 32 
6988 5 
6993 128 
6995 44 
7002 47 
7002 60 
7008 45 
7011 157 
7012 4 
7013 125 
7023 98 
7025 107 
7033 7 
7039 36 
7049 1 
7051 40 
7055 16 
7059 29 
7060 57 
7065 40 
7071 4 
7076 149 
7078 6 
7082 100 
7083 129 
7087 101 
7097 58 
7106 83 
7108 139 
7115 43 
7124 244 
7125 103 
7127 33 
7129 13 
7129 13 
7131 11 
7140 34 
7152 163 
7154 119 
7163 17 
7167 33 
7167 89 
7175 5 
7177 43 
7187 110 
7205 48 
7210 35 
7212 118 
7212 156 
7214 116 
7223 285 
7232 82 
7241 63 
7242 32 
7250 103 
7253 78 
7267 59 
7269 5 
7270 11 
7277 134 
7280 40 
7298 47 
7307 84 
7320 34 
7327 14 
7332 89 
7334 13 
7342 56 
7351 80 
7358 101 
7372 5 
7381 190 
7384 53 
7386 66 
7387 19 
7396 23 
7397 124 
7397 12 
7398 9 
7405 19 
7423 34 
7428 44 
7443 19 
7456 7 
7457 3 
7462 58 
7465 24 
7466 77 
7468 3 
7471 47 
7471 47 
7472 14 
7476 27 
7495 32 
7501 39 
7507 63 
7508 92 
7514 104 
7515 259 
7517 23 
7522 23 
7537 63 
7554 6 
7559 325 
7559 17 
7572 103 
7578 58 
7588 12 
7604 183 
7609 18 
7611 117 
7613 5 
7615 30 
7617 10 
7627 324 
7628 45 
7646 99 
7650 51 
7658 53 
7663 19 
7672 113 
7681 34 
7685 126 
7693 60 
7694 9 
7698 59 
7712 134 
7712 240 
7714 48 
7715 108 
7729 38 
7732 118 
7735 450 
7745 15 
7753 220 
7767 219 
7769 50 
7770 5 
7777 32 
7780 7 
7783 2 
7785 33 
7796 39 
7797 38 
7800 115 
7802 28 
7803 87 
7806 12 
7807 25 
7809 8 
7812 83 
7814 113 
7821 16 
7829 183 
7831 15 
7836 254 
7843 145 
7850 49 
7850 1062 
7857 61 
7862 16 
7865 6 
7873 65 
7875 24 
7885 397 
7885 103 
7903 20 
7908 14 
7913 230 
7914 70 
7916 619 
7917 82 
7922 30 
7923 133 
7938 29 
7963 12 
7964 44 
7973 56 
7975 80 
7986 125 
7986 32 
7987 142 
7996 124 
8001 37 
8004 71 
8008 60 
8015 8 
8019 55 
8022 200 
8024 151 
8024 118 
8032 20 
8042 2 
8044 6 
8045 17 
8049 30 
8049 26 
8052 229 
8059 340 
8068 141 
8071 86 
8072 26 
8082 105 
8084 5 
8090 6 
8091 14 
8095 222 
8111 25 
8114 22 
8129 88 
8133 2 
8146 67 
8161 86 
8162 46 
8171 61 
8180 75 
8182 23 
8184 214 
8185 34 
8187 478 
8198 10 
8206 8 
8206 41 
8209 33 
8223 104 
8235 2 
8245 59 
8245 3 
8249 19 
8250 42 
8251 22 
8254 40 
8256 104 
8265 19 
8278 10 
8282 72 
8284 56 
8290 47 
8304 180 
8305 12 
8311 50 
8312 68 
8314 65 
8319 3 
8330 72 
8342 64 
8350 14 
8351 21 
8355 30 
8374 29 
8374 75 
8388 2 
8409 70 
8417 80 
8422 10 
8423 91 
8423 463 
8424 205 
8427 39 
8429 5 
8440 225 
8442 28 
8449 19 
8450 80 
8455 127 
8458 166 
8464 127 
8466 36 
8471 29 
8474 93 
8476 105 
8479 94 
8480 25 
8484 16 
8486 469 
8491 126 
8491 23 
8492 46 
8493 11850 
8493 17 
8501 21 
8503 62 
8513 363 
8513 28 
8517 102 
8520 20 
8521 20 
8525 22 
8537 2443 
8539 26 
8545 226 
8551 983 
8552 59 
8553 3793 
8554 232 
8566 72 
8579 63 
8584 955 
8591 10 
8592 54 
8593 6 
8600 165 
8601 60 
8603 78 
8603 80 
8623 53 
8627 39 
8635 305 
8647 14 
8651 22 
8669 21 
8675 137 
8676 13 
8677 113 
8678 9 
8680 62 
8697 132 
8699 1007 
8699 7 
8709 44 
8716 21 
8716 19 
8717 3 
8718 17 
8724 46 
8729 9 
8750 58 
8786 441 
8787 70 
8795 34 
8797 16 
8800 148 
8806 17 
8813 10 
8822 3 
8824 33 
8825 44 
8834 19 
8841 6 
8842 191 
8848 45 
8861 54 
8862 386 
8867 132 
8876 53 
8878 24 
8881 35 
8881 77 
8884 198 
8903 86 
8904 45 
8907 80 
8912 59 
8926 107 
8949 188 
8952 18 
8953 131 
8956 144 
8958 9 
8967 1238 
8978 38 
8980 11 
8984 39 
8993 387 
8997 125 
9003 168 
9004 48 
9037 1275 
9052 29 
9053 4 
9066 8 
9083 38 
9092 46 
9106 11 
9116 54 
9126 10 
9126 121 
9129 40 
9139 67 
9164 43 
9168 50 
9183 144 
9189 338 
9189 16 
9204 12 
9206 20 
9213 91 
9225 24 
9227 48 
9228 95 
9230 68 
9233 21 
9248 18 
9254 62 
9255 44 
9256 17 
9256 17 
9258 46 
9263 29 
9272 23 
9272 62 
9287 105 
9298 170 
9309 187 
9313 13 
9322 271 
9323 171 
9330 4 
9338 74 
9343 4310 
9343 135 
9350 174 
9375 341 
9376 55 
9383 15 
9385 23 
9387 30 
9389 37 
9392 111 
9398 83 
9398 13 
9405 468 
9406 10 
9419 77 
9419 63 
9422 60 
9428 60 
9431 71 
9433 442 
9442 57 
9445 707 
9448 2 
9450 26 
9458 113 
9460 174 
9462 20 
9464 65 
9465 11 
9470 18 
9474 156 
9483 292 
9484 9 
9490 40 
9493 67 
9510 72 
9517 5 
9521 2 
9541 157 
9541 21 
9549 60 
9552 18 
9560 46 
9561 55 
9564 170 
9569 14 
9571 109 
9572 18 
9578 50 
9581 7 
9584 12 
9591 23 
9618 280 
9627 73 
9630 57 
9633 29 
9633 772 
9665 99 
9675 89 
9680 183 
9682 18 
9694 82 
9703 117 
9708 1270 
9709 156 
9715 39 
9718 76 
9720 76 
9753 66 
9754 43 
9756 125 
9760 97 
9763 757 
9770 6 
9775 5 
9778 33 
9778 257 
9787 18 
9794 11 
9795 11 
9806 27 
9809 45 
9810 20 
9828 19 
9844 44 
9846 1405 
9850 144 
9852 152 
9859 36 
9861 99 
9866 27 
9872 24 
9903 90 
9906 155 
9911 230 
9925 47 
9927 55 
9937 5 
9942 158 
9943 77 
9944 15 
9945 562 
9951 34 
9958 0 
9963 383 
9972 53 
9977 12 
9980 10 
9983 72 
10005 151 
10007 22 
10012 6 
10014 39 
10015 25 
10016 20 
10019 18 
10023 183 
10023 192 
10045 52 
10057 65 
10059 66 
10060 57 
10061 53 
10065 188 
10070 250 
10071 49 
10071 90 
10078 10 
10082 34 
10093 461 
10098 54 
10103 117 
10107 92 
10114 41 
10124 163 
10134 29 
10138 216 
10139 204 
10145 127 
10152 42 
10162 1 
10175 96 
10182 148 
10183 81 
10183 6 
10191 129 
10196 11 
10202 994 
10213 47 
10215 84 
10222 16 
10227 148 
10231 34 
10232 713 
10236 46 
10240 17 
10258 62 
10261 143 
10263 5 
10266 60 
10281 43 
10290 53 
10293 64 
10310 13 
10317 54 
10322 373 
10326 8 
10329 191 
10339 15 
10343 80 
10347 41 
10358 104 
10365 21 
10366 1 
10370 3 
10383 101 
10406 101 
10418 25 
10420 31 
10425 46 
10461 73 
10473 97 
10481 37 
10488 174 
10493 147 
10505 133 
10505 14 
10508 38 
10513 802 
10519 8 
10533 12 
10535 41 
10565 92 
10570 352 
10581 43 
10611 32 
10626 23 
10634 78 
10635 373 
10642 47 
10642 16 
10658 161 
10662 7 
10663 41 
10671 16 
10690 21 
10719 23 
10720 35 
10731 9 
10732 92 
10753 104 
10764 14 
10766 372 
10768 9 
10773 208 
10789 40 
10796 40 
10796 40 
10797 197 
10797 197 
10813 1 
10813 1 
10823 56 
10823 56 
10824 78 
10824 78 
10840 47 
10840 47 
10841 29 
10841 29 
10847 8 
10865 5 
10866 40 
10869 118 
10881 100 
10885 17 
10918 67 
10921 33 
10937 7 
10944 32 
10948 600 
10954 16 
10969 25 
10977 16 
10984 62 
10986 71 
11005 174 
11008 204 
11018 34 
11019 27 
11021 79 
11023 12 
11028 58 
11030 299 
11041 0 
11053 1916 
11068 53 
11083 44 
11086 23 
11090 31 
11104 120 
11110 86 
11115 92 
11118 67 
11122 15 
11159 251 
11166 3 
11171 70 
11173 1307 
11177 57 
11181 37 
11197 83 
11204 21 
11206 64 
11215 110 
11222 474 
11226 14 
11229 48 
11234 22 
11254 22 
11258 26 
11259 8 
11263 39 
11279 26 
11304 110 
11307 24 
11314 283 
11315 68 
11324 1 
11327 269 
11327 13 
11333 17 
11337 173 
11338 73 
11339 56 
11340 38 
11357 133 
11362 1323 
11367 59 
11372 24 
11375 27 
11378 119 
11394 67 
11394 69 
11407 41 
11409 10 
11413 888 
11414 189 
11432 118 
11432 35 
11436 92 
11437 35 
11459 136 
11460 109 
11462 88 
11478 154 
11479 70 
11481 357 
11482 66 
11486 115 
11490 17 
11493 51 
11503 24 
11504 16 
11506 16 
11517 36 
11518 505 
11539 33 
11542 116 
11551 79 
11575 204 
11579 32 
11584 31 
11587 45 
11587 525 
11621 56 
11637 9235 
11639 59 
11642 159 
11646 12 
11648 106 
11668 17 
11676 212 
11682 265 
11709 115 
11718 95 
11729 30 
11732 144 
11747 4 
11749 36 
11755 16 
11756 43 
11757 180 
11790 108 
11793 22 
11801 215 
11810 46 
11819 109 
11820 30 
11825 222 
11827 28 
11857 290 
11865 67 
11865 128 
11871 62 
11899 149 
11922 10 
11923 105 
11926 21 
11931 36 
11952 25 
11953 91 
11967 140 
11968 38 
11988 111 
12009 24 
12014 43 
12036 1 
12056 10 
12071 35 
12071 64 
12077 94 
12084 28 
12100 147 
12102 443 
12121 6 
12125 133 
12129 12 
12145 24 
12157 29 
12160 11 
12218 5 
12220 63 
12232 20 
12235 25 
12246 346 
12251 55 
12267 11 
12272 33 
12275 194 
12298 32 
12313 103 
12318 4 
12319 59 
12328 670 
12347 22 
12351 74 
12356 30 
12358 90 
12360 15 
12363 23 
12381 32 
12393 37 
12408 743 
12427 19 
12430 83 
12432 3 
12438 37 
12440 69 
12446 14 
12455 29 
12477 22 
12478 43 
12489 21 
12490 6 
12496 35 
12499 44 
12512 170 
12527 73 
12529 155 
12534 17 
12536 293 
12548 80 
12570 65 
12598 44 
12601 1665 
12604 45 
12609 4 
12619 37 
12623 3 
12632 31 
12642 14 
12646 55 
12660 45 
12663 44 
12665 127 
12668 62 
12669 29 
12670 13 
12695 12 
12696 62 
12705 86 
12708 165 
12709 16 
12716 42 
12718 214 
12721 243 
12741 36 
12743 7 
12748 26 
12760 41 
12777 793 
12781 704 
12781 114 
12788 29 
12789 9 
12799 208 
12803 227 
12808 23 
12813 18 
12819 200 
12823 32 
12827 121 
12837 57 
12846 18 
12847 7 
12848 527 
12849 23 
12863 8 
12867 28 
12874 44 
12889 76 
12889 34 
12911 19 
12922 7 
12926 53 
12933 59 
12950 97 
12960 98 
12976 24 
12979 35 
12983 332 
12986 36 
13010 92 
13011 160 
13038 67 
13043 10 
13048 17 
13096 95 
13102 233 
13118 50 
13120 126 
13124 58 
13147 181 
13150 48 
13184 9 
13186 192 
13186 119 
13193 50 
13227 107 
13235 44 
13245 130 
13265 90 
13282 30 
13284 9618 
13288 653 
13290 40 
13302 32 
13304 50 
13307 50 
13320 223 
13320 15 
13320 496 
13321 90 
13325 809 
13337 21 
13338 49 
13348 29 
13353 14 
13359 148 
13360 49 
13364 28 
13380 12 
13426 37 
13430 29 
13457 50 
13502 21 
13515 5 
13523 505 
13528 243 
13538 115 
13542 13 
13551 133 
13582 37 
13592 25 
13609 116 
13612 36 
13631 106 
13652 482 
13710 438 
13715 39 
13719 42 
13730 164 
13744 55 
13754 8 
13782 36 
13805 1211 
13824 35 
13854 515 
13858 193 
13859 50 
13861 12 
13872 62 
13885 86 
13909 28 
13923 13 
13948 541 
13950 14 
13951 11 
13960 22 
13984 118 
14035 22 
14060 54 
14063 75 
14077 21 
14080 12 
14096 89 
14108 25 
14138 7 
14190 59 
14199 10 
14213 3 
14250 2 
14257 34 
14264 47 
14301 512 
14305 8 
14361 3 
14362 2 
14367 22 
14371 30 
14381 1 
14399 7 
14416 44 
14437 113 
14438 47 
14453 111 
14467 28 
14475 150 
14477 5 
14507 67 
14513 9 
14545 2 
14562 64 
14578 116 
14585 7 
14599 153 
14615 10 
14626 4 
14646 30 
14658 20 
14678 7 
14730 30 
14780 81 
14793 8 
14808 7 
14808 6 
14815 96 
14817 1511 
14844 101 
14859 88 
14878 20 
14900 79 
14902 3 
14935 1782 
14953 16 
14975 8 
14980 90 
15022 50 
15040 90 
15047 37 
15054 6 
15070 227 
15075 3 
15084 139 
15100 110 
15119 40 
15188 12 
15239 32 
15244 143 
15248 16 
15274 100 
15306 0 
15307 23 
15307 105 
15330 15 
15360 30 
15361 7 
15387 57 
15394 150 
15398 8 
15406 4 
15427 120 
15431 63 
15446 64 
15544 65 
15570 27 
15574 2 
15609 25 
15632 26 
15648 89 
15650 37 
15700 247 
15715 183 
15750 32 
15755 14 
15766 1 
15769 62 
15781 9159 
15784 28 
15794 9 
15805 22 
15808 25 
15815 851 
15832 12 
15843 139 
15849 160 
15860 16 
15863 85 
15875 24 
15876 38 
15880 189 
15880 20 
15886 101 
15907 98 
15917 112 
15925 337 
15943 68 
15973 112 
15990 6 
15999 6 
16014 5 
16031 20 
16033 71 
16044 22 
16053 220 
16058 15 
16070 12 
16087 25 
16111 58 
16122 158 
16134 11 
16155 104 
16185 114 
16245 24 
16277 47 
16325 16 
16373 54 
16387 492 
16430 26 
16466 345 
16475 6 
16481 19 
16501 48 
16511 43 
16543 7 
16603 51 
16633 73 
16660 32 
16661 14 
16678 16 
16707 31 
16712 30 
16713 158 
16716 23 
16723 110 
16730 192 
16753 41 
16771 44 
16779 25 
16786 27 
16805 14 
16833 17 
16843 11 
16847 212 
16857 16 
16878 8 
16892 199 
16949 18 
16966 7 
16980 46 
17036 38 
17041 155 
17066 9 
17067 31 
17075 8 
17167 124 
17189 14 
17205 12 
17218 135 
17232 52 
17248 12 
17255 128 
17273 45 
17315 7 
17337 161 
17389 6 
17403 12 
17409 199 
17440 20 
17440 84 
17443 66 
17444 20 
17445 14 
17456 13 
17465 19 
17533 7 
17552 24 
17580 98 
17592 26 
17613 1639 
17631 13 
17668 13 
17685 94 
17724 4 
17725 20 
17729 33 
17729 226 
17746 126 
17756 223 
17763 45 
17766 9 
17802 113 
17820 110 
17823 18 
17827 7 
17849 9 
17880 35 
17942 41 
17978 55 
17982 9 
18016 3 
18028 18 
18047 138 
18074 6 
18158 36 
18162 14 
18168 39 
18177 20 
18208 106 
18253 41 
18313 76 
18322 26 
18351 143 
18365 13 
18428 76 
18435 114 
18446 61 
18457 166 
18480 114 
18494 83 
18496 45 
18524 153 
18528 12 
18530 88 
18537 57 
18561 1264 
18567 15 
18574 253 
18590 11 
18590 146 
18591 117 
18599 71 
18669 263 
18709 8 
18710 18 
18713 194 
18743 70 
18746 177 
18752 539 
18766 141 
18773 61 
18789 143 
18797 267 
18813 230 
18826 37 
18855 188 
18892 52 
18898 13 
18901 26 
18911 254 
18940 176 
18959 62 
18972 525 
19000 15 
19069 23 
19071 22 
19090 78 
19124 13 
19143 107 
19158 47 
19158 9 
19203 1340 
19263 22 
19377 21 
19433 18 
19449 195 
19474 23 
19497 41 
19526 73 
19562 56 
19589 10 
19610 20 
19611 18 
19642 30 
19664 39 
19680 38 
19693 190 
19715 43 
19717 145 
19764 19 
19789 6 
19836 40 
19856 12 
19862 71 
19882 21 
19956 5 
19958 7 
19995 202 
20006 36 
20017 52 
20034 15 
20072 41 
20114 8 
20158 9 
20168 23 
20195 37 
20215 8 
20217 113 
20220 29 
20320 40 
20321 28 
20365 23 
20388 5 
20389 27 
20396 47 
20398 29 
20497 40 
20512 12 
20637 22 
20643 118 
20706 376 
20712 171 
20720 83 
20737 71 
20777 17 
20798 78 
20844 40 
20850 97 
20871 112 
20996 3 
21000 9 
21087 108 
21100 17 
21124 89 
21126 8 
21127 686 
21145 29 
21226 30 
21261 14 
21263 249 
21287 17 
21290 17 
21347 8 
21447 84 
21469 10 
21471 71 
21500 14 
21526 30 
21538 12 
21585 257 
21610 127 
21658 116 
21693 30 
21741 15 
21761 64 
21764 50 
21818 65 
21828 13 
21840 20 
21880 99 
21896 39 
21976 25 
22043 88 
22084 5 
22135 249 
22146 25 
22148 14 
22156 4 
22198 42 
22293 4 
22349 32 
22381 38 
22459 246 
22580 21 
22748 411 
22791 94 
22885 27 
22892 17 
22908 24 
22929 306 
23177 1 
23194 40 
23204 15 
23326 60 
23372 225 
23375 28 
23385 20 
23406 17 
23436 28 
23480 5 
23486 111 
23540 8 
23613 19 
23673 8 
23681 25 
23685 224 
23777 305 
23801 27 
23811 12 
23860 54 
23874 21 
23881 11 
23958 105 
23980 33 
23995 29 
24033 92 
24034 321 
24069 8 
24089 224 
24138 122 
24172 43 
24211 49 
24221 44 
24267 7 
24268 6 
24387 1 
24392 4 
24398 52 
24415 58 
24526 14 
24661 442 
24716 6 
24777 10 
24884 10 
24971 44 
25109 21 
25238 25 
25282 147 
25371 120 
25379 84 
25403 60 
25436 6 
25545 228 
25559 3 
25643 211 
25659 8 
25841 250 
25981 66 
26019 17 
26035 231 
26086 37 
26086 37 
26177 9 
26186 23 
26226 44 
26292 9 
26328 17 
26376 62 
26490 380 
26492 9 
26493 92 
26502 15 
26657 1100 
26673 42 
26688 117 
26732 28 
26839 217 
26914 33 
27106 50 
27121 121 
27188 139 
27271 31 
27280 31 
27387 19 
27411 38 
27536 62 
27585 70 
27589 57 
27606 14 
27689 41 
27779 13 
27875 23 
27921 41 
28166 69 
28190 190 
28208 48 
28259 6 
28447 9 
28574 3 
28575 38 
28616 44 
28634 6 
28639 28 
28653 41 
28668 29 
28856 484 
28881 222 
28912 21 
28931 32 
28949 30 
28991 201 
29062 341 
29089 216 
29264 11 
29388 732 
29390 106 
29395 46 
29439 141 
29473 6 
29487 135 
29601 17 
29611 17 
29704 100 
29860 141 
29891 40 
30002 16 
30020 34 
30267 22 
30338 36 
30366 40 
30366 24 
30468 55 
30478 94 
30482 34 
30548 48 
30551 10 
30981 144 
31000 18 
31064 2645 
31235 13 
31312 50 
31357 10 
31381 27 
31419 6 
31477 9 
31517 30 
31560 82 
31590 245 
31734 14 
31806 25 
31863 114 
31906 25 
32004 9 
32031 564 
32049 40 
32063 7 
32073 51 
32206 23 
32223 5 
32247 7 
32373 11 
32399 6 
32550 256 
32687 47 
32741 185 
32810 193 
32942 47 
33119 410 
33168 150 
33196 9 
33454 152 
33454 92 
33471 81 
33471 4 
33486 105 
33557 6 
33559 30 
33571 60 
33893 21 
33913 113 
33917 23 
33994 137 
34007 85 
34040 101 
34080 40 
34087 1 
34237 170 
34245 99 
34328 23 
34384 182 
34423 116 
34444 28 
34457 96 
34524 182 
34526 1172 
34545 254 
34560 680 
34561 906 
34567 139 
34572 20 
34614 712 
34626 154 
34646 40 
34656 146 
34900 6513 
34932 121 
34937 964 
34945 382 
35105 273 
35107 45 
35160 211 
35179 216 
35293 17 
35295 8 
35309 85 
35317 316 
35345 35 
35348 354 
35390 43 
35499 541 
35562 863 
35644 448 
35709 71 
35737 14 
35757 91 
35882 49 
35898 45 
36104 157 
36113 66 
36136 241 
36179 43 
36232 370 
36295 9 
36327 73 
36350 195 
36355 52 
36383 221 
36421 258 
36529 144 
36589 18 
36602 432 
36608 120 
36673 18 
36696 152 
36701 24 
36996 15 
37150 125 
37411 24 
37652 21 
37661 273 
37667 170 
37755 323 
37858 172 
38396 6 
38409 13 
38459 121 
38460 23 
38576 2995 
38600 257 
38607 416 
38640 676 
38662 271 
38795 60 
38798 56 
38812 73 
38861 118 
38867 90 
38937 347 
39070 22 
39083 122 
39089 16 
39096 522 
39381 5 
39397 183 
39479 20 
39501 15 
39522 32 
50123 64 
50152 111 
50167 31 
50605 14 
50690 49 
50882 78 
51033 3 
51653 18 
51739 33 
51759 27 
51861 81 
51905 39 
51936 88 
52015 75 
52172 134 
52613 5 
52683 15 
52896 14 
52904 793 
53252 1 
53404 14 
53747 3 
53821 5 
53913 30 
53985 46 
54174 12 
54264 442 
54474 20 
54868 19 
54942 107 
54956 58 
55035 247 
55680 90 
55788 146 
56006 5 
56030 138 
56183 1729 
56686 833 
56711 187 
56754 269 
57027 13 
57035 172 
57161 130 
57400 5 
57678 12 
57779 11 
58717 275 
59049 320 
59105 15 
59179 92 
59230 520 
59318 456 
59727 140 
59772 64 
59816 9 
60152 23 
60158 16 
60295 37 
60375 63 
60458 21 
61484 55 
61942 75 
62137 333 
62318 14 
62320 56 
62601 75 
62646 4 
63534 584 
63547 327 
63549 1360 
63641 91 
63854 66 
64153 122 
64292 9 
64339 26 
64410 65 
64698 19 
64799 718 
64883 17 
65006 4470 
65267 117 
65661 1 
66353 12 
66520 40 
66798 159 
66819 81 
66874 13 
67158 129 
67549 91 
67783 91 
68338 15 
68541 197 
68620 196 
69193 108 
69701 189 
71631 3 
73090 46 
73393 163 
73445 8 
75977 97 
76651 200 
76965 532 
77724 256 
79992 25 
82592 373 
83760 426 
84033 492 
85506 18 
85903 1314 
85935 142 
86886 21 
88256 127 
88495 16 
88545 23 
88557 607 
90858 84 
91645 298 
91764 49 
91815 240 
92460 101 
92564 1233 
92887 26 
92943 141 
93119 485 
93137 87 
93239 480 
93336 146 
93401 1388 
93417 120 
93471 1127 
93520 44 
93635 488 
93800 46 
94299 86 
94332 68 
94349 379 
94766 172 
95412 2 
95722 2079 
95869 10 
95878 243 
96134 2239 
96171 84 
96465 34 
96632 1823 
96679 134 
96688 41 
96738 312 
96855 107 
96986 23 
97167 35 
97234 193 
97254 352 
97289 11 
97309 174 
97513 1244 
97537 2 
97544 639 
97592 163 
97750 21 
97824 1530 
97913 186 
97979 67 
97990 842 
98056 34 
98069 113 
98104 841 
98261 163 
98378 186 
98506 574 
98567 27 
98896 208 
99226 255 
99244 78 
99268 681 
99300 180 
99376 203 
99424 136 
99568 33 
99787 1717 
99886 1015 
99919 296 
100024 990 
100150 527 
100220 89 
100406 47 
100457 9 
100749 23 
100749 23 
100802 1179 
100815 59 
101040 2 
101680 400 
101880 209 
101888 101 
102128 346 
102424 26 
102808 254 
102813 925 
102952 6 
102973 822 
102985 630 
103367 27 
103869 47 
103938 34 
104075 20 
104254 110 
104388 172 
104420 47 
104522 0 
104824 40 
104927 94 
105254 379 
105275 103 
105440 49 
105632 4 
105851 88 
105974 447 
106471 17 
106616 41 
106744 300 
106814 177 
107116 13 
107194 29 
107283 52 
107797 65 
108197 14 
108214 0 
108362 12 
108421 10 
108708 76 
108817 34 
109694 413 
109732 158 
109796 237 
110216 103 
110584 73 
111082 6 
111184 143 
111540 86 
111587 5 
111916 157 
113205 58 
113217 1102 
113341 65364 
113368 1270 
113372 366 
113377 730 
113378 2212 
113381 1997 
113388 528 
113390 521 
113391 322 
113392 207 
113409 316 
113417 510 
113422 54 
113432 435 
113448 427 
113462 569 
113463 676 
113469 1375 
113478 1101 
113480 1709 
113482 736 
113493 274 
113500 318 
113506 550 
113508 90 
113536 262 
113563 1513 
113569 225 
113599 347 
113605 968 
113613 193 
113616 227 
113623 1244 
113686 508 
113688 599 
113705 26 
113734 279 
113793 1066 
113807 1893 
113823 445 
113829 2153 
113863 666 
113934 309 
113975 486 
114005 429 
114011 113 
114091 116 
114110 283 
114167 43 
114221 31 
114418 202 
114471 38 
114475 841 
114516 129 
114525 54 
114564 175 
114622 106 
114716 212 
114950 300 
115362 46 
115391 459 
115716 962 
116103 265 
116301 431 
117025 38 
117106 937 
117119 34 
117704 9 
118580 29 
118683 113 
118691 139 
119310 50 
119492 461 
119932 51 
120864 11 
121481 14 
122344 9 
122626 44 
122933 140 
123501 2890 
124154 53 
124910 178 
124975 11 
125566 6 
125845 120 
126252 213 
127196 10 
127458 128 
127483 1119 
127502 709 
127600 728 
128304 98 
128359 555 
128528 330 
128548 20 
128552 125 
128741 172 
128908 69 
129078 30 
129292 15 
129515 1047 
129573 233 
129636 138 
130576 144 
131076 47 
132615 479 
133311 10980 
133364 467 
133449 177 
133483 83 
133602 180 
134358 173 
134480 10 
134488 285 
134811 81 
135670 3 
135711 1416 
136209 41 
136518 871 
137231 118 
137479 606 
137486 43 
137539 406 
137559 919 
137674 38 
137963 30798 
138013 113 
138014 308 
138023 118 
138025 269 
138033 110 
138040 324 
138048 65 
138051 121 
138079 1122 
138118 279 
138156 1178 
138204 247 
138259 566 
138294 1083 
138388 42 
138394 145 
138451 148 
138802 339 
138890 256 
138940 564 
139069 249 
139074 112 
139169 321 
139336 221 
139370 144 
139411 53 
139433 122 
139542 10 
139671 152 
139697 203 
140325 248 
140329 0 
140909 16 
140920 145 
141538 284 
142215 72 
142639 435 
142756 14 
142830 181 
143850 193 
144424 31 
144654 1418 
144679 1353 
145375 190 
145379 10 
145562 273 
145562 273 
146365 160 
147233 250 
147279 139 
147302 15 
147345 225 
147640 144 
150471 71 
151441 49 
151450 151 
151544 220 
151621 332 
151693 1035 
152141 181 
152579 43 
154778 159 
155760 3 
158264 144 
158323 40 
165461 32 
167507 14 
170187 29 
173547 161 
176276 94 
177019 85 
177877 23 
178236 57 
179584 257 
179688 28 
179794 209 
179981 56 
181828 111 
183175 9 
184488 82 
184556 171 
184582 39 
185997 192 
187885 299 
188168 1080 
188183 1080 
188293 21 
188384 260 
188448 188 
189029 0 
189029 0 
189518 315 
189792 784 
189828 371 
189937 134 
189939 43 
190414 320 
190484 295 
190506 527 
190758 57 
191382 705 
192007 44 
192416 18 
193890 250 
194841 299 
194949 418 
195606 265 
196873 90 
197322 835 
197342 34 
197498 120 
198028 59 
202531 133 
202575 36 
202694 2542 
207050 36 
207078 370 
208321 18 
209007 880 
211115 44 
211902 219 
212725 184 
213906 86 
215054 46 
215463 812 
215533 202 
216632 69 
216954 46 
218222 84 
218292 27 
219569 173 
220828 29 
222343 16 
222779 117 
222794 18 
222797 2481 
225379 33 
226425 104 
232245 34 
233151 63 
243382 272 
248314 499 
251753 8 
252281 127 
252281 127 
257611 362 
261840 297 
264342 695 
264708 148 
264971 62 
270118 668 
272981 550 
273665 4 
281200 126 
281306 27 
281920 51 
282989 90 
283327 90 
283998 35 
285089 5 
289186 20 
289950 158 
290376 215 
291176 479 
291321 112 
298330 115 
303828 295 
304000 1000 
306198 491 
314992 1051 
315082 77 
322614 29 
322911 112 
323546 38 
327760 320 
328811 4848 
328883 150 
331327 148 
331964 356 
333701 103 
342041 65 
344437 11 
346883 126 
348110 50 
348177 219 
349720 8 
352199 434 
352825 18 
355963 375 
356532 209 
357159 0 
360297 206 
360354 104 
361162 49 
362940 269 
368525 504 
369912 12 
370272 81 
370634 148 
374013 1212 
374363 45 
377190 128 
380715 54 
384888 37 
388045 56 
393242 83 
394947 83 
395312 13 
398840 27 
407777 0 
410475 60 
411901 32 
415898 671 
415969 71 
419760 240 
420266 516 
426191 3 
431075 1 
432109 707 
433847 383 
435442 125 
438628 8 
439577 91 
439796 72 
439853 60 
439962 1200 
440333 6 
440508 204 
441868 21 
444106 321 
446021 75 
456338 95 
459815 51 
471818 460 
471925 286 
472524 397 
476894 148 
479588 18 
480123 141 
480762 44 
482300 44 
490286 43 
491004 4 
495843 68 
496853 17 
496950 17 
497548 17 
500164 45 
508474 128 
515470 7 
517101 273 
518316 794 
518726 193 
520962 114 
521162 33 
522517 57 
522667 7 
524274 53 
524477 164 
524608 207 
524770 34 
526164 809 
527227 3004 
527266 194 
528275 171 
529086 135 
533001 1678 
533536 119 
533882 49 
534265 217 
535932 23 
539324 489 
539645 65 
543449 311 
552207 443 
555769 295 
557760 51 
566557 363 
571287 920 
572194 66 
576122 16 
577810 166 
578687 70 
582393 36 
588534 675 
601974 408 
