4150 3.70678240741
0 926713 
11 294 
13 66 
15 82 
16 375 
17 83 
17 1235 
17 41 
17 691 
19 152 
19 23 
19 281 
19 242 
20 48 
20 157 
20 249 
21 138 
24 75 
25 154 
25 7831 
26 26 
26 90 
26 341 
26 112 
27 267 
28 172 
28 98 
28 9 
29 25 
29 72 
29 28 
30 267 
30 70 
30 34 
31 82 
31 228 
31 25 
31 53 
32 163 
32 172 
32 77 
32 76 
32 1631 
33 77 
33 102 
33 124 
34 158 
34 140 
35 74 
35 3 
36 94 
36 106 
36 56 
36 168 
37 167 
37 77 
37 80 
37 15 
37 120 
37 368 
38 365 
38 71 
38 14 
39 284 
40 11 
40 141 
40 219 
40 23 
40 40 
41 205 
41 91 
41 156 
41 57 
42 32 
42 122 
42 28 
42 107 
43 62 
43 66 
43 564 
43 872 
44 25 
45 8 
45 16 
45 53 
46 192 
46 36 
46 203 
46 28 
46 53 
47 49 
47 120 
47 115 
48 38 
48 279 
48 54 
48 13 
48 916 
49 20 
49 94 
49 12 
49 63 
50 208 
50 263 
50 25 
50 164 
50 89 
50 104 
51 65 
51 29 
51 26 
51 33 
51 300 
52 22 
52 17 
52 79 
53 21 
53 193 
54 91 
54 83 
54 195 
54 53 
56 83 
56 44 
58 58 
58 90 
58 40 
59 29 
59 168 
59 312 
60 31 
60 132 
60 152 
60 23 
60 86 
61 28 
61 65 
61 165 
61 38 
62 15 
62 35 
62 75 
62 126 
62 122 
63 62 
63 40 
63 43 
65 22 
65 35 
65 132 
65 45 
65 69 
66 21 
66 27 
66 32 
67 20 
67 201 
67 113 
67 68 
68 72 
69 282 
69 16 
69 114 
69 28 
69 124 
69 1115 
70 12 
70 59 
71 127 
71 65 
71 30 
72 75 
72 44 
73 165 
73 159 
73 92 
73 473 
74 273 
75 75 
75 55 
75 385 
76 19 
77 114 
77 82 
78 17 
79 121 
79 17 
79 79 
79 80 
79 186 
79 66 
80 187 
81 88 
81 194 
82 10 
83 97 
83 21 
83 39 
83 90 
84 34 
84 21 
84 53 
85 59 
85 57 
85 138 
85 16 
86 395 
86 141 
87 219 
87 94 
87 14 
87 228 
87 49 
88 140 
88 75 
88 43 
89 57 
89 45 
89 82 
90 302 
90 50 
90 58 
91 117 
91 32 
92 100 
92 35 
92 87 
92 68 
92 916 
92 171 
93 8 
93 61 
93 88 
93 189 
93 52 
94 84 
94 305 
95 35 
95 366 
96 196 
96 25 
96 69 
97 241 
97 4 
97 89 
97 81 
97 72 
97 145 
97 520 
98 22 
98 20 
98 5 
98 202 
98 36 
98 71 
99 220 
99 45 
99 105 
100 322 
100 67 
100 143 
100 197 
101 111 
101 111 
101 56 
102 82 
102 71 
102 85 
102 54 
103 190 
103 19 
103 166 
104 56 
104 452 
105 19 
105 259 
105 51 
105 118 
106 403 
106 141 
106 29 
107 31 
107 125 
107 60 
108 6 
108 244 
108 44 
109 193 
109 122 
109 105 
109 183 
110 255 
110 199 
110 62 
110 237 
110 34 
110 9 
111 178 
111 92 
111 189 
111 94 
111 7 
112 53 
112 59 
112 13 
112 79 
112 131 
112 300 
112 319 
113 472 
113 93 
114 184 
114 104 
115 35 
115 166 
116 19 
116 95 
116 139 
116 63 
119 243 
119 102 
120 83 
120 115 
120 48 
120 971 
120 21 
120 58 
121 69 
121 220 
122 55 
122 49 
122 94 
122 134 
122 126 
122 70 
124 26 
124 40 
125 35 
125 55 
126 15 
126 232 
126 849 
127 38 
127 170 
128 36 
128 309 
128 60 
128 106 
128 292 
128 27 
129 16 
129 113 
129 116 
130 39 
130 145 
130 57 
130 94 
131 29 
131 112 
132 52 
132 339 
133 252 
133 222 
134 23 
134 47 
134 99 
135 125 
135 144 
135 429 
136 13 
136 56 
136 56 
137 114 
137 173 
137 155 
138 35 
140 60 
140 44 
141 122 
141 105 
141 39 
141 78 
142 109 
142 102 
143 15 
143 57 
143 197 
144 77 
145 73 
145 99 
145 17 
146 72 
146 63 
146 155 
147 138 
147 66 
148 130 
149 113 
149 92 
149 130 
150 130 
150 120 
151 12 
152 7 
152 83 
152 42 
152 62 
153 34 
153 26 
153 38 
154 13 
155 122 
155 84 
156 221 
156 711 
156 60 
156 154 
157 54 
157 18 
157 39 
157 47 
158 41 
159 219 
159 71 
159 44 
160 131 
160 159 
162 62 
162 111 
164 116 
164 90 
164 205 
164 107 
164 17 
165 5 
165 145 
165 85 
165 164 
165 176 
165 57 
166 13 
166 182 
166 30 
166 79 
167 32 
167 36 
167 365 
167 87 
168 11 
168 123 
170 146 
171 55 
172 41 
173 150 
173 98 
174 7 
175 107 
176 26 
177 51 
177 87 
178 169 
179 72 
179 5 
179 25 
181 287 
181 73 
182 18 
182 104 
182 77 
183 139 
184 42 
184 915 
185 317 
186 68 
186 53 
187 74 
187 37 
188 137 
191 38 
191 23 
192 51 
193 52 
193 53 
193 35 
194 27 
195 113 
197 102 
198 41 
199 102 
200 204 
200 38 
200 301 
204 23 
205 26 
206 200 
208 62 
209 80 
211 61 
211 257 
211 101 
211 30 
212 51 
213 126 
213 40 
214 87 
214 141 
214 54 
215 63 
215 150 
217 104 
218 44 
218 80 
220 79 
220 48 
222 154 
222 22 
225 13 
227 10 
227 146 
228 25 
229 224 
229 34 
229 78 
231 67 
232 63 
232 46 
233 41 
233 85 
234 351 
235 49 
236 35 
236 81 
236 20 
236 161 
236 239 
237 67 
239 35 
239 69 
240 485 
242 192 
242 63 
243 22 
244 13 
246 102 
247 160 
250 46 
252 21 
253 106 
254 49 
256 57 
256 188 
257 51 
260 108 
260 221 
261 26 
261 86 
262 105 
265 20 
265 27 
266 42 
266 132 
268 27 
268 254 
270 294 
270 38 
271 116 
271 17 
271 99 
272 77 
273 32 
274 42 
275 32 
277 40 
278 39 
278 81 
279 71 
280 135 
282 36 
283 70 
283 75 
284 102 
284 47 
284 21 
284 1606 
285 305 
285 87 
287 68 
288 257 
288 46 
289 198 
290 113 
291 52 
294 87 
294 79 
295 57 
296 75 
297 37 
298 104 
300 64 
301 72 
303 17 
304 81 
304 161 
308 119 
308 307 
309 28 
309 51 
311 94 
313 219 
316 107 
316 37 
318 69 
319 57 
320 25 
321 49 
321 54 
324 22 
325 39 
325 138 
327 11 
328 23 
331 31 
332 50 
333 39 
333 45 
336 66 
336 84 
337 121 
337 14 
338 496 
339 193 
339 250 
340 718 
340 60 
342 76 
342 30 
346 215 
347 14 
348 7 
349 51 
350 95 
350 23 
350 3 
355 15 
356 64 
357 45 
358 11 
358 28 
358 189 
359 181 
359 10 
359 8 
360 13 
360 63 
361 115 
363 92 
364 121 
365 146 
365 11 
366 86 
368 13 
369 97 
370 44 
370 234 
372 26 
372 69 
374 86 
375 22 
376 88 
377 145 
379 37 
380 222 
382 33 
384 25 
385 87 
386 42 
387 24 
388 29 
391 39 
393 95 
396 40 
398 101 
400 85 
403 82 
405 22 
409 86 
409 88 
411 11 
412 232 
413 131 
414 151 
417 184 
417 107 
417 23 
417 10 
419 38 
420 57 
421 187 
428 51 
429 105 
430 247 
430 31 
432 194 
434 152 
436 17 
439 80 
440 96 
444 123 
445 7 
446 238 
455 218 
455 218 
458 65 
458 37 
458 29 
459 201 
459 145 
461 198 
462 93 
467 33 
468 199 
468 79 
470 59 
471 35 
472 71 
473 34 
474 39 
476 206 
480 29 
481 219 
482 69 
482 130 
483 164 
486 34 
486 27 
487 79 
488 118 
496 147 
496 130 
499 178 
499 149 
501 32 
502 321 
504 431 
505 265 
509 28 
514 33 
515 111 
518 13 
519 22 
528 35 
528 75 
528 194 
532 164 
532 36 
533 127 
533 155 
534 136 
537 40 
539 43 
542 140 
543 94 
545 8 
552 167 
552 159 
552 75 
554 144 
554 23 
556 49 
557 28 
558 37 
559 75 
560 433 
560 29 
561 96 
566 2 
573 60 
576 32 
576 166 
576 185 
578 15 
578 226 
580 45 
581 87 
582 256 
582 17 
584 136 
584 15 
585 67 
587 58 
588 39 
594 62 
595 52 
596 5 
598 78 
599 62 
599 94 
601 37 
604 270 
605 50 
605 14 
613 40 
615 18 
616 294 
617 10 
619 25 
621 47 
621 71 
627 39 
627 40 
629 192 
630 107 
634 19 
637 93 
643 11 
643 9 
644 6 
649 12 
649 178 
651 228 
655 10 
656 21 
657 136 
659 521 
666 116 
666 42 
671 137 
674 25 
676 61 
677 40 
678 58 
694 109 
696 171 
697 66 
699 103 
699 59 
700 44 
702 98 
706 79 
707 8 
707 72 
709 78 
713 151 
713 105 
714 77 
720 25 
727 22 
728 142 
728 11 
730 40 
731 9 
733 278 
734 52 
735 114 
735 41 
738 138 
738 87 
743 87 
743 218 
744 34 
748 131 
753 14 
759 55 
759 18 
765 127 
766 84 
770 64 
771 13 
772 109 
772 112 
775 23 
776 140 
780 196 
782 90 
782 15 
784 73 
791 113 
791 98 
792 706 
794 96 
800 75 
804 72 
804 40 
804 13 
806 82 
809 48 
816 25 
823 24 
824 16 
825 41 
829 77 
833 38 
838 29 
839 106 
841 44 
841 53 
841 166 
842 23 
846 116 
847 174 
854 65 
854 63 
855 87 
856 29 
858 22 
870 78 
874 161 
876 5 
877 61 
879 253 
883 152 
884 4 
886 23 
887 26 
888 88 
889 162 
891 126 
893 35 
893 146 
894 23 
895 33 
896 56 
900 33 
905 104 
906 14 
909 71 
914 26 
915 16 
916 179 
920 44 
928 25 
930 187 
933 73 
933 105 
935 46 
939 1 
942 31 
948 24 
949 15 
955 66 
957 195 
958 127 
960 99 
961 13 
964 23 
965 7 
970 121 
981 56 
981 139 
984 37 
986 98 
987 34 
1053 47 
1054 53 
1055 65 
1056 14 
1057 4 
1062 112 
1071 215 
1071 244 
1072 27 
1073 9 
1073 56 
1086 25 
1087 26 
1089 92 
1093 183 
1098 26 
1100 30 
1101 21 
1106 51 
1107 36 
1108 105 
1109 7 
1111 6 
1113 887 
1113 121 
1114 180 
1117 394 
1119 26 
1120 145 
1121 279 
1124 108 
1136 89 
1137 50 
1138 26 
1143 59 
1152 46 
1152 414 
1155 165 
1162 15 
1167 69 
1168 34 
1172 134 
1173 69 
1176 415 
1177 16 
1178 31 
1179 19 
1181 20 
1184 117 
1193 28 
1193 18 
1196 22 
1196 497 
1198 58 
1203 109 
1204 14 
1206 28 
1219 7 
1221 1152 
1234 149 
1237 136 
1237 21 
1239 188 
1243 17 
1244 88 
1245 68 
1263 67 
1270 23 
1272 192 
1274 11 
1278 33 
1278 147 
1279 91 
1288 81 
1294 12 
1295 14 
1298 6 
1310 25 
1312 98 
1313 4 
1319 37 
1320 43 
1320 94 
1328 44 
1332 54 
1335 5 
1345 59 
1347 70 
1350 25 
1357 39 
1373 22 
1375 22 
1377 31 
1386 97 
1387 44 
1388 38 
1389 4 
1392 80 
1394 57 
1405 64 
1412 51 
1422 65 
1427 46 
1431 55 
1438 40 
1445 22 
1449 299 
1451 156 
1454 13 
1459 71 
1460 112 
1463 57 
1471 51 
1472 14 
1486 31 
1489 127 
1489 51 
1490 16 
1492 111 
1495 42 
1502 30 
1505 17 
1513 30 
1515 82 
1520 186 
1520 27 
1522 216 
1523 168875 
1525 46 
1531 117 
1532 125 
1533 41 
1541 77 
1542 79 
1547 10 
1552 102 
1555 444 
1559 20 
1561 61 
1570 434 
1573 12 
1575 47 
1577 113 
1577 103 
1583 82 
1586 52 
1587 24 
1589 90 
1592 37 
1592 101 
1597 2 
1597 42 
1611 313 
1612 29 
1616 9 
1622 216379 
1629 16 
1629 212 
1629 212 
1633 104 
1634 67 
1638 30 
1638 50 
1640 58 
1641 18 
1642 760 
1644 38 
1645 22 
1647 2 
1652 60 
1654 128 
1655 931 
1656 33 
1657 363 
1658 228 
1662 58 
1663 215 
1669 25 
1670 587 
1672 24 
1675 395 
1676 221 
1678 25 
1678 64 
1684 7 
1685 41 
1688 13 
1690 144 
1691 55 
1694 29 
1697 44 
1698 43 
1698 32 
1699 53 
1699 74 
1707 165 
1710 44 
1712 35 
1712 71 
1717 20 
1718 44 
1720 96 
1723 62 
1725 53 
1730 153 
1731 128 
1732 45 
1734 11 
1739 53 
1740 6 
1749 137 
1751 768 
1753 27 
1757 142 
1772 8 
1773 212 
1788 26 
1789 27 
1798 29 
1804 25 
1814 36 
1817 132 
1821 72 
1824 86 
1824 62 
1827 28 
1835 44 
1842 12 
1844 42 
1847 7 
1847 245 
1852 87 
1852 99 
1857 119 
1858 22 
1858 3 
1871 88 
1873 51 
1876 15 
1877 41 
1879 14 
1881 334 
1883 32 
1888 96 
1895 74 
1900 39 
1903 14 
1906 20 
1909 10 
1910 89 
1911 63 
1917 42 
1919 51 
1925 18 
1947 289 
1955 74 
1966 20 
1968 117 
1984 66 
1985 271 
1997 52 
2005 275 
2012 7 
2018 324 
2032 118 
2045 53 
2046 100 
2057 92 
2069 78 
2069 56 
2081 139 
2091 66 
2099 17 
2100 3 
2104 30 
2106 139 
2115 44 
2116 46 
2116 12 
2123 13 
2130 34 
2132 28 
2137 79 
2141 1804 
2148 128 
2176 40 
2182 80 
2193 63 
2202 73 
2214 104 
2216 65 
2239 21 
2260 93 
2278 54 
2282 1053 
2282 31 
2282 8 
2290 159 
2301 2009 
2301 110 
2305 16 
2306 49 
2310 42 
2321 28 
2324 105 
2337 15 
2338 1839 
2340 88 
2344 76 
2354 290 
2370 9 
2371 49 
2374 102 
2375 179 
2389 143 
2397 1 
2399 66 
2419 52 
2419 85 
2419 24 
2419 142 
2423 155 
2426 4 
2433 19 
2437 147287 
2439 19 
2444 77 
2451 60 
2459 54 
2468 35 
2470 26 
2471 17 
2473 64 
2481 132 
2494 463 
2495 23 
2496 2 
2526 46 
2529 6 
2533 26 
2533 205 
2536 16 
2545 238 
2555 49 
2559 476 
2564 42 
2575 20 
2587 10 
2601 12 
2604 184 
2608 138 
2612 70 
2615 73 
2623 753 
2625 546 
2625 130 
2649 31 
2651 85 
2651 151 
2660 24 
2664 24 
2668 21 
2676 57 
2677 61 
2681 33 
2681 31 
2704 78 
2725 26 
2727 91 
2735 86 
2741 32 
2745 22 
2763 22 
2764 20 
2764 108 
2791 69 
2795 3 
2795 83 
2798 63 
2809 94 
2811 9 
2817 182 
2826 217 
2833 43 
2846 96 
2854 71 
2864 50 
2867 87 
2868 32 
2869 7 
2885 16 
2891 22 
2898 31 
2905 327 
2913 323 
2914 620 
2923 41 
2940 109 
2952 100 
2959 84 
2971 102 
2979 13 
2981 616 
2994 16 
2999 185 
3007 20 
3017 64 
3035 45 
3037 101 
3038 83 
3056 339 
3057 77 
3060 29 
3060 128 
3076 103 
3082 27 
3091 14 
3096 4 
3117 174 
3135 390 
3145 124 
3156 92 
3158 95 
3174 83 
3180 11 
3184 137 
3192 475 
3193 91 
3222 38 
3240 10 
3261 77 
3284 378 
3305 24 
3349 98 
3357 12 
3382 135 
3385 35 
3389 13 
3414 44 
3424 53 
3431 37 
3433 10 
3476 40 
3480 203 
3510 48 
3512 382 
3521 490 
3541 6 
3546 47 
3560 29 
3572 58 
3573 38 
3584 180 
3597 1 
3603 99 
3610 39 
3611 508 
3646 24 
3658 27 
3660 34 
3676 13 
3684 36 
3706 110 
3736 32 
3741 86 
3743 284 
3762 15 
3763 204 
3789 41 
3794 132 
3816 656 
3839 76 
3841 9 
3841 15 
3844 91 
3846 65 
3877 34 
3889 5 
3892 15 
3951 78 
3956 20 
3982 11 
3985 924 
4005 13 
4030 15 
4030 14 
4036 10 
4063 68 
4076 14 
4077 84 
4085 33 
4088 24 
4101 2 
4102 13 
4109 236 
4111 3 
4112 37 
4136 9 
4136 28 
4143 113 
4146 19 
4153 90 
4158 67 
4211 85 
4222 39 
4251 5 
4281 62 
4296 36 
4321 28 
4330 122 
4331 31 
4342 9 
4347 41 
4350 24 
4352 36 
4353 36 
4383 20 
4397 28 
4401 77 
4418 78 
4425 16 
4441 317 
4463 224 
4466 171 
4478 37 
4518 45 
4541 36 
4546 163 
4600 112 
4608 30 
4611 91 
4614 2 
4619 51 
4629 193 
4662 44 
4719 112 
4735 13 
4741 18 
4743 73 
4760 49 
4772 24 
4839 245 
4845 15 
4846 33 
4847 39 
4854 32 
4854 68 
4856 11 
4886 11 
4892 117 
4919 75 
4926 12 
4940 94 
4991 19 
4999 184 
5010 41 
5013 94 
5040 205 
5074 6 
5093 62 
5101 150 
5148 8 
5162 81 
5164 76 
5197 48 
5206 17 
5220 25 
5224 5 
5244 37 
5254 159 
5272 85 
5274 109 
5279 37 
5294 43 
5302 11 
5311 6 
5353 6 
5390 665 
5406 24 
5490 90 
5494 6 
5553 49 
5611 19 
5656 26 
5658 58 
5667 116 
5691 12 
5704 14 
5714 11 
5748 3 
5751 10 
5760 54 
5773 522 
5780 60 
5786 23 
5800 43 
5812 34 
5814 54 
5824 19 
5827 114 
5827 162 
5840 30 
5862 21 
5870 21 
5895 14 
5959 6 
5968 40 
5973 18 
5986 52 
6017 78 
6020 115 
6027 228 
6028 50 
6038 26 
6070 2 
6114 59 
6120 26 
6146 75 
6153 21 
6186 17 
6206 137 
6250 6 
6261 409 
6266 21 
6273 147 
6279 49 
6316 81 
6319 21 
6331 19 
6335 74 
6350 10 
6399 32 
6456 63 
6530 67 
6550 26 
6576 7 
6578 117 
6580 86 
6618 24 
6623 214 
6640 63 
6656 13 
6680 113 
6731 93 
6739 55 
6749 70 
6756 1607 
6787 25 
6821 130 
6823 46 
6831 3 
6832 12 
6890 19 
6948 59 
6960 27 
6995 54 
6997 37 
7016 123 
7024 14 
7037 80 
7039 28 
7079 23 
7085 7 
7097 406 
7113 24 
7142 69 
7160 23 
7174 73 
7232 36 
7255 13 
7310 120 
7312 42 
7362 7 
7379 75 
7387 9 
7388 12 
7389 89 
7408 12 
7411 97 
7464 33 
7471 7 
7471 7 
7497 13 
7497 13 
7503 29 
7503 29 
7523 18 
7523 18 
7526 9 
7526 9 
7629 6 
7632 30 
7663 57 
7673 93 
7758 177 
7768 68 
7776 75 
7795 97 
7828 15 
7839 33 
7869 0 
7919 31 
7940 37 
7961 37 
7991 22 
7995 94 
8051 7 
8207 37 
8208 33 
8213 34 
8231 49 
8267 86 
8308 11 
8366 117 
8502 52 
8509 70 
8521 75 
8532 3 
8577 106 
8623 14 
8651 212 
8671 77 
8738 118 
8742 47 
8834 19 
8921 119 
8948 19 
9086 44 
9093 5 
9111 7 
9122 16 
9148 4 
9148 47 
9167 165 
9183 53 
9226 20 
9270 11 
9278 22 
9344 46 
9345 5 
9457 78 
9513 91 
9625 5 
9637 488 
9639 20 
9640 53 
9670 50 
9686 5 
9704 23 
9721 41 
9750 42 
9767 22 
9828 38 
9831 15 
9839 112 
9848 35 
9926 27 
9960 2037 
9965 154 
9966 53 
9972 31 
9981 17 
10063 21 
10090 21 
10113 72 
10134 16 
10153 30 
10155 28 
10190 27 
10200 92 
10246 2 
10271 22 
10316 19 
10324 133 
10334 79 
10359 56 
10423 20 
10478 9 
10500 24 
10579 21 
10728 32 
10776 24 
10801 106 
10817 92 
10819 31 
10848 46 
10877 16 
10882 63 
10972 28 
10997 2 
11001 10 
11072 86 
11100 29 
11157 6 
11169 18 
11196 50 
11317 49 
11348 20 
11351 11 
11369 5 
11407 112 
11449 48 
11532 77 
11563 98 
11600 34 
11649 184 
11777 24 
11820 8 
11888 46 
11905 91 
11908 106 
11931 53 
11961 30 
11997 96 
12044 15 
12054 55 
12104 82 
12119 16 
12139 23 
12180 24 
12181 63 
12207 11 
12233 66 
12328 214779 
12355 45 
12356 718 
12358 358 
12359 43 
12360 128 
12360 126 
12363 261 
12365 107 
12366 74 
12367 662 
12368 59 
12368 94 
12371 199 
12374 57 
12383 78 
12383 115 
12384 178 
12385 191 
12388 162 
12389 178 
12390 26 
12392 67 
12395 21 
12398 84 
12402 104 
12412 94 
12412 224 
12428 25 
12432 249 
12432 59 
12435 57 
12441 158 
12443 127 
12449 111 
12452 255 
12457 41 
12462 43 
12463 422 
12465 21 
12465 174 
12467 458 
12470 41 
12473 184 
12474 614 
12481 89 
12485 130 
12487 118 
12493 26 
12503 103 
12508 417 
12510 81 
12510 123 
12515 52 
12526 12 
12543 129 
12562 88 
12569 302 
12573 246 
12583 64 
12632 41 
12645 157 
12662 64 
12664 9 
12681 27 
12685 19 
12695 52 
12723 329 
12724 26 
12745 105 
12751 114 
12753 28 
12762 34 
12779 81 
12809 196 
12809 17 
12810 7 
12846 43 
12883 55 
12893 38 
12923 48 
12945 57 
12959 108 
12963 603 
12971 77 
12992 107 
12998 135 
13003 1581 
13004 4 
13008 118 
13022 252 
13034 177 
13038 43 
13052 21 
13054 51 
13063 67 
13122 7 
13130 46 
13167 70 
13196 157 
13210 43 
13238 108 
13239 3 
13240 38 
13260 42 
13265 40 
13271 23 
13271 87 
13292 72 
13311 56 
13326 148 
13350 28 
13405 74 
13488 64 
13492 34 
13516 39 
13534 21 
13542 73 
13575 19 
13577 307 
13596 31 
13628 304 
13629 101 
13639 501 
13661 172 
13674 246 
13676 35 
13683 874 
13688 108 
13688 19 
13700 3 
13702 124 
13704 21 
13707 710 
13712 84 
13715 1151 
13716 347 
13718 1520 
13724 126 
13724 394 
13740 77 
13743 380 
13762 126 
13762 80 
13773 665 
13775 161 
13788 26 
13790 19 
13791 38 
13795 175 
13817 597 
13820 25 
13875 10 
13889 42 
13912 264 
13955 97 
13997 73 
14011 209 
14034 26 
14056 91 
14074 285 
14083 51 
14083 273 
14095 99 
14146 142 
14155 53 
14167 121 
14183 9 
14280 34 
14387 213 
14403 3 
14474 43 
14481 77 
14488 83 
14500 176 
14518 94 
14566 55 
14575 8 
14581 13 
14620 77 
14621 11 
14662 70 
14662 107 
14705 36 
14721 16 
14751 11 
14757 681 
14779 23 
14804 208 
14815 64 
14924 377 
14953 186 
15106 23 
15139 69 
15203 125 
15251 14 
15265 21 
15297 46 
15307 100 
15311 24 
15316 1632 
15392 47 
15434 62 
15469 35 
15482 253 
15512 58 
15601 72 
15623 48 
15711 9 
15721 63 
15728 96 
15749 19 
15814 4 
16023 276 
16063 19 
16114 210 
16130 123 
16143 128 
16148 124 
16151 19 
16153 70 
16166 729 
16194 711 
16198 105 
16200 128 
16216 100 
16217 257 
16235 89 
16249 25 
16259 218 
16271 10 
16273 76 
16276 188 
16283 115 
16322 21 
16345 41 
16385 133 
16404 49 
16406 132 
16429 27 
16464 129 
16478 254 
16495 135 
16495 13 
16507 41 
16573 96 
16696 27 
16716 6 
16787 9 
16806 9 
16815 64 
16898 126 
16921 34 
16985 91 
17050 10 
17196 64 
17259 13 
17276 4 
17314 621 
17445 52 
17467 232 
17630 81 
17696 51 
17760 233 
17824 25 
17845 114 
17941 14 
17980 109 
17983 48 
18083 50 
18140 8 
18145 33 
18221 41 
18241 27 
18310 130 
18311 9 
18381 65 
18643 49 
18788 125 
18809 16 
18816 4737 
18849 48 
18958 32 
19151 16 
19313 143 
19415 30 
19489 20 
19577 66 
19616 370 
19682 126 
19687 13 
19706 148 
19884 41 
20092 17 
20116 106 
20121 324 
20317 7 
20343 34 
20538 320 
20711 116 
20730 0 
20737 369 
20798 118 
20855 16 
20891 34 
20932 12 
21013 31 
21095 16 
21221 105 
21350 47 
21351 61 
21447 228 
21473 35 
21483 199 
21489 569 
21517 297 
21547 78 
21564 60 
21588 77 
21596 92 
21604 99 
21613 116 
21615 364 
21616 47 
21618 111 
21624 100 
21627 74 
21673 120 
21685 346394 
21694 312 
21699 115 
21701 87 
21701 68 
21710 99 
21713 38 
21716 73 
21718 44 
21719 194 
21720 111 
21720 533 
21721 49 
21722 126 
21724 90 
21724 146 
21724 48 
21724 398 
21725 58 
21725 32 
21727 256 
21727 167 
21729 106 
21730 356 
21731 137 
21732 60 
21732 285 
21734 267 
21734 31 
21736 38 
21736 91 
21737 96 
21737 63 
21738 62 
21739 165 
21739 688 
21741 40 
21742 54 
21743 229 
21749 271 
21749 189 
21752 49 
21752 89 
21753 598 
21756 44 
21760 45 
21760 130 
21760 104 
21761 101 
21763 139 
21763 566 
21765 55 
21767 102 
21768 41 
21770 55 
21770 86 
21771 135 
21771 54 
21773 21 
21775 423 
21775 136 
21776 27 
21776 25 
21778 39 
21779 107 
21779 75 
21780 206 
21781 83 
21782 46 
21782 45 
21786 267 
21786 15 
21788 137 
21795 145 
21797 109 
21799 35 
21799 53 
21800 607 
21807 118 
21808 99 
21810 25 
21810 45 
21810 1228 
21811 95 
21813 49 
21815 70 
21818 89 
21818 61 
21819 51 
21821 101 
21822 79 
21822 185 
21825 15 
21834 294 
21837 35 
21839 87 
21845 117 
21847 40 
21849 47 
21849 38 
21857 202 
21859 48 
21860 173 
21861 36 
21863 29 
21865 111 
21867 36 
21871 168 
21876 142 
21876 81 
21880 34 
21881 6 
21883 160 
21883 78 
21884 168 
21889 220 
21891 281 
21892 516 
21895 24 
21901 150 
21901 140 
21902 26 
21903 175 
21903 47 
21905 50 
21905 91 
21906 126 
21908 101 
21909 331 
21913 33 
21921 134 
21922 144 
21923 238 
21927 38 
21930 108 
21932 42 
21936 43 
21939 195 
21948 149 
21948 27 
21952 125 
21958 177 
21959 20 
21960 148 
21963 148 
21965 10 
21969 111 
21973 23 
21977 13 
21985 246 
21987 42 
22009 305 
22014 23 
22028 68 
22029 65 
22029 157 
22041 48 
22045 44 
22072 33 
22093 15 
22098 12 
22098 144 
22116 9 
22124 13 
22139 25 
22152 160 
22163 47 
22176 78 
22180 50 
22181 67 
22193 170 
22207 46 
22293 48 
22350 77 
22354 233 
22356 54 
22363 217 
22392 21 
22405 143 
22504 153 
22604 58 
22616 108 
22649 169 
22756 446 
22766 15 
22780 111 
22789 143 
22893 11 
22955 16 
23029 84 
23036 40 
23063 27 
23158 78 
23234 431 
23251 58 
23278 860 
23409 60 
23468 21 
23566 286 
23660 106 
23748 31 
23817 176 
23864 689 
23890 8 
23912 178 
24006 1 
24094 24 
24181 6 
24260 11 
24278 105 
24382 56 
24803 12 
24813 377 
24845 157 
24845 16 
24878 11 
24946 14 
25011 355 
25063 185 
25132 658 
25148 44 
25184 21 
25325 287 
25345 93 
25474 8 
25586 56 
25594 29 
25659 125 
25666 33 
25707 104 
25738 92 
25818 108 
25824 73 
25843 40 
25894 93 
25916 380 
25939 185 
25960 117 
26045 39 
26059 29 
26092 42 
26255 42 
26299 405 
26318 76 
26324 240 
26357 72 
26379 28 
26431 137 
26484 32 
26537 24 
26629 71 
26725 61 
26734 24 
26737 47 
26973 219 
26997 358 
27048 92 
27079 18 
27207 323 
27303 61 
27304 62 
27344 27 
27362 108 
27370 17 
27388 33 
27407 8 
27436 166 
27445 28 
27675 9 
27997 623 
28039 82 
28053 40 
28172 22 
28365 33 
28517 5 
28636 297 
28637 66 
28637 19 
28723 17 
28741 16 
28975 698 
29011 38 
29122 596 
29124 527 
29126 357 
29126 52 
29128 601 
29129 98 
29131 266 
29134 141 
29136 75 
29136 583 
29139 167 
29139 276 
29145 120 
29148 85 
29149 158 
29149 174 
29151 163 
29151 182 
29152 116 
29155 524 
29155 31 
29157 150 
29161 127 
29162 125 
29162 169 
29164 244 
29166 55 
29174 241 
29175 121 
29176 305 
29177 138 
29179 222 
29180 85 
29181 148 
29185 83 
29186 355 
29187 389 
29190 64 
29191 675 
29195 47 
29198 163 
29200 155 
29201 244 
29205 194 
29212 157 
29219 56 
29275 40 
29277 563 
29278 238 
29278 1099 
29282 121 
29288 1038 
29301 80 
29304 44 
29311 587 
29315 113 
29316 163 
29316 63 
29323 20 
29325 63 
29325 172 
29333 270 
29339 248 
29340 127 
29342 29 
29346 42 
29348 269 
29354 125 
29355 479 
29356 623 
29357 237 
29357 105 
29365 13 
29371 61 
29379 62 
29382 94 
29389 20 
29390 575 
29401 94 
29410 72 
29419 264 
29464 179 
29466 170 
29467 78 
29470 208 
29508 87 
29514 72 
29518 1858 
29539 33 
29542 159 
29550 1719 
29562 70 
29564 231 
29565 725 
29573 103 
29584 69 
29585 85 
29625 152 
29703 95 
29717 169 
29719 175 
29724 22 
29725 58 
29765 15 
29770 96 
29811 23 
29842 114 
29866 154 
29957 11 
29964 91 
29970 29 
30037 92 
30203 84 
30215 69 
30241 105 
30270 130 
30299 95 
30306 84 
30321 81 
30378 52 
30382 221 
30383 225 
30554 170 
30572 26 
30602 71 
30625 105 
30638 208 
30641 34 
30649 75 
30657 79 
30663 57 
30673 115 
30676 95 
30683 177 
30706 27 
30767 49 
30837 81 
30837 54 
30869 43 
30878 154 
31105 13 
31254 550 
31281 48 
31285 3007 
31330 3268 
31371 992 
31413 266 
31419 56 
31526 120 
31595 235 
31611 884 
31631 94 
31694 153 
31712 53 
31716 70 
31834 8 
31932 201 
31972 53 
32102 52 
32472 1648 
32519 197 
32803 4988 
32995 79 
33122 88 
33352 37 
33436 57 
33662 15 
33950 633 
34397 15 
34408 5 
34559 28 
34767 309 
34979 166 
35160 11 
35171 101 
35201 13 
35390 140 
35415 5 
35570 93 
35615 125 
35744 299 
35770 77 
35892 121 
35964 9 
36780 91 
37497 155 
37658 39 
37833 153 
37877 57 
38039 319 
38345 179 
38347 35 
38811 52 
38920 7 
38974 35 
38979 11 
39278 19 
39478 43 
39576 62 
39753 48 
39770 63 
39794 9 
39811 18 
39948 173 
40280 136 
40341 121 
40470 123 
40569 138 
40645 85 
40740 115 
40776 221 
41012 41 
41050 160 
41156 994 
41202 102 
41218 222 
41257 196 
41279 126 
41597 171 
41640 3 
42275 40 
42402 572 
43079 433 
43229 83 
43312 82 
43343 163 
43629 13 
43644 14 
43978 1052 
44527 290 
44864 86 
45268 62 
45722 39 
46554 11 
46754 122 
47055 284 
48021 97 
48084 134 
48872 145 
49758 1113 
54090 205 
54090 205 
54244 4 
56334 103 
56616 14 
58301 714 
58935 4 
59519 20 
60891 40 
62040 179 
63138 254 
64379 30 
65790 248 
67127 14 
67239 92 
67597 37 
68468 234 
68798 93 
68798 93 
69175 9849 
69790 83 
70282 220 
70282 134 
70288 617 
70295 99 
70298 230 
70312 171 
70316 150 
70318 244 
70319 42 
70322 133 
70326 630 
70340 318 
70353 782 
70355 259 
70356 118 
70359 126 
70376 103 
70376 247 
70394 551 
70407 289 
70424 156 
70431 183 
70442 140 
70452 87 
70458 101 
70485 209 
70492 36 
70528 559 
70528 271 
70550 62 
70593 67 
70593 144 
70613 104 
70644 50 
70646 6 
70666 48 
70672 139 
70674 158 
70685 86 
70709 118 
70709 215 
70738 149 
70740 354 
70763 139 
70770 156 
70790 70 
70808 55 
70835 36 
70843 256 
70857 177 
70858 102 
70861 219 
70863 99 
70889 42 
70959 204 
70965 46 
70966 30 
70971 68 
70972 58 
70984 133 
71024 132 
71041 197 
71044 40 
71069 59 
71102 57 
71115 1090 
71169 134 
71181 76 
71259 76 
71316 90 
71346 367 
71365 34 
71385 35 
71405 30 
71498 243 
71531 1 
71542 140 
71546 89 
71600 90 
71603 222 
71624 87 
71629 12 
71651 59 
71676 53 
71682 15 
71739 48 
71740 46 
71744 52 
71748 747 
71765 10 
71871 351 
71906 251 
72085 135 
72119 234 
72143 44 
72150 103 
72158 41 
72161 23 
72332 12 
72369 62 
72485 118 
72546 48 
72722 141 
72837 16 
72850 173 
73122 76 
73177 402 
73806 87 
73870 101 
74231 178 
74245 399 
74279 427 
75132 75 
75818 127 
76377 21 
76510 21 
78027 66 
78221 74 
78527 50 
78596 182 
78809 27 
79021 87 
79383 73 
80007 38 
80043 221 
80674 33 
80786 79 
81032 24 
81357 22 
81631 329 
81778 8 
81888 469 
82058 2 
82411 220103 
82562 79 
82739 18 
82743 4 
82754 802 
82962 146 
83030 116 
83067 83 
83127 93 
83130 46 
83144 18 
83151 48 
83183 29 
83268 119 
83421 23 
84796 162 
85045 0 
85125 147 
85142 1 
85675 12 
85852 38 
86084 9 
86568 145 
86699 10 
86710 39 
86788 22 
86815 5 
86818 56 
86929 35 
86933 16 
87068 37 
87087 10 
87097 165 
87221 366 
87233 7 
87242 34 
87298 81 
87338 66 
87502 0 
87579 97 
87608 70 
87673 16 
87709 13 
87725 16 
87749 326 
87763 109 
87840 16 
87893 203 
87940 48 
87949 25 
87950 25 
88003 6 
88128 191 
88177 8 
88340 4 
88605 23 
88700 62 
88838 10 
88856 260 
88862 16 
88912 31 
88922 108 
88980 38 
89003 351 
89012 13 
89041 19 
89118 70 
89145 183 
89154 1151 
89167 9 
89172 67 
89178 11 
89182 17 
89215 70 
89248 27 
89302 204 
89313 89 
89538 90 
89575 158 
89610 7 
89612 9 
89941 58 
90077 290 
90114 400 
90204 38 
90257 51 
90318 510 
90369 284 
90370 36 
90370 906 
90371 242 
90372 395 
90375 103 
90377 63 
90383 378 
90386 152 
90386 56 
90388 197 
90392 268 
90405 1153 
90407 905 
90407 50 
90410 224 
90413 160 
90416 37 
90417 120 
90419 178 
90434 84 
90447 680 
90448 1375 
90454 366 
90455 253 
90457 96 
90458 757 
90459 155 
90459 148 
90461 290 
90464 67 
90466 369 
90469 193 
90469 177 
90471 51 
90472 56 
90486 140 
90497 117 
90502 185 
90514 190 
90529 21 
90543 139 
90544 168 
90544 838 
90545 65 
90579 84 
90587 140 
90625 175 
90629 930 
90636 141 
90638 98 
90655 135 
90682 124 
90685 51 
90706 708 
90707 209 
90712 18 
90736 107 
90744 255 
90757 98 
90760 55 
90806 71 
90846 260 
90874 72 
90879 30 
90947 59 
90956 100 
91042 246 
91119 23 
91154 166 
91180 939 
91204 11 
91231 94 
91252 44 
91304 22 
91319 67 
91356 138 
91476 191 
91553 138 
91560 19 
91705 23 
91708 65 
91728 11 
91828 118 
91842 122 
91870 6 
91884 226 
91925 86 
91989 250 
92005 65 
92102 80 
92116 6 
92144 12 
92293 347 
92330 17 
92369 20 
92370 53 
92372 155 
92374 215 
92446 65 
92470 24 
92572 114 
92628 32 
92654 4 
92668 41 
92754 207 
92763 29 
92862 117 
92922 65 
92931 13 
93032 73 
93150 311 
93263 27 
93552 92 
93728 621 
93757 14 
94003 21 
94190 17 
94232 39 
94443 35 
95052 43 
95566 2831 
95675 42 
96148 44 
96206 47 
96502 54 
96537 6 
96670 17 
96683 59 
96891 50 
97007 114 
97045 36 
97192 160 
97343 35 
97368 113 
97385 31 
97435 32 
97450 174 
97485 61 
97498 51 
97581 28 
97665 11 
97705 11765 
97707 99 
97709 17 
97917 204 
98065 206 
98100 10 
98191 47 
98327 26 
98368 98 
98368 5287 
98370 101 
98372 149 
98372 750 
98374 73 
98380 165 
98380 521 
98381 54 
98382 43 
98383 1402 
98385 99 
98385 149 
98386 349 
98387 196 
98388 44 
98388 129 
98388 137 
98389 1460 
98390 44 
98390 60 
98391 81 
98391 61 
98393 125 
98393 137 
98395 198 
98396 66 
98396 507 
98397 201 
98398 25 
98399 135 
98401 112 
98401 173 
98403 330 
98404 236 
98404 48 
98406 20 
98407 320 
98408 101 
98408 94 
98410 109 
98410 103 
98410 200 
98413 38 
98413 365 
98413 319 
98415 321 
98416 89 
98416 80 
98417 283 
98419 63 
98420 31 
98420 74 
98421 24 
98422 590 
98423 58 
98423 182 
98423 233 
98427 61 
98427 28 
98427 70 
98434 114 
98436 36 
98436 233 
98437 33 
98437 10 
98438 87 
98439 39 
98444 62 
98445 184 
98445 151 
98445 110 
98445 14 
98446 243 
98447 22 
98448 30 
98448 18 
98448 325 
98449 215 
98450 74 
98451 183 
98452 25 
98455 240 
98457 91 
98457 67 
98458 17 
98458 21 
98459 26 
98460 123 
98460 31 
98463 104 
98466 110 
98467 79 
98467 506 
98467 78 
98468 28 
98468 88 
98468 39 
98468 115 
98469 109 
98474 60 
98476 260 
98478 37 
98478 85 
98482 33 
98483 37 
98484 10 
98484 115 
98485 35 
98485 137 
98487 81 
98489 318 
98490 165 
98496 107 
98497 171 
98501 213 
98504 19 
98505 60 
98506 119 
98510 15 
98511 69 
98514 87 
98515 18 
98515 20 
98517 79 
98518 115 
98519 44 
98529 340 
98530 36 
98530 2 
98532 143 
98541 146 
98541 140 
98545 886 
98547 31 
98551 56 
98553 32 
98555 72 
98557 89 
98559 122 
98560 55 
98561 18 
98566 119 
98569 44 
98570 100 
98572 76 
98572 170 
98572 7 
98581 103 
98582 40 
98589 20 
98592 97 
98595 94 
98597 5 
98599 194 
98607 33 
98607 104 
98611 70 
98619 31 
98619 58 
98623 115 
98635 78 
98637 31 
98642 58 
98650 463 
98651 18 
98652 82 
98653 60 
98655 303 
98655 619 
98656 70 
98656 321 
98662 40 
98666 33 
98667 92 
98674 129 
98675 128 
98676 64 
98676 112 
98681 51 
98682 156 
98682 54 
98684 15 
98685 224 
98685 76 
98687 203 
98689 99 
98692 30 
98702 11 
98702 41 
98704 156 
98710 96 
98712 95 
98719 160 
98725 36 
98739 53 
98746 84 
98751 116 
98752 43 
98753 207 
98753 154 
98762 18 
98771 147 
98777 90 
98778 205 
98783 57 
98797 55 
98809 33 
98812 70 
98840 22 
98840 22 
98847 42 
98847 42 
98856 187 
98856 187 
98864 102 
98864 102 
98925 64 
98932 68 
98950 18 
98960 45 
98966 103 
98976 174 
98992 98 
98993 176 
98999 112 
99013 165 
99024 178 
99032 138 
99043 55 
99047 45 
99058 32 
99089 20 
99095 187 
99122 57 
99126 290 
99131 41 
99136 38 
99148 36 
99150 22 
99183 64 
99200 21 
99258 144 
99260 16 
99286 79 
99307 178 
99325 134 
99326 68 
99338 71 
99410 21 
99451 50 
99467 49 
99493 14 
99496 174 
99520 114 
99522 41 
99552 10 
99664 5 
99727 113 
99768 168 
99785 79 
99854 38 
99878 41 
99925 76 
99978 19 
100028 179 
100029 266 
100137 11 
100142 15 
100161 171 
100190 65 
100219 19 
100302 129 
100325 36 
100335 450 
100400 290 
100466 100 
100486 27 
100503 340 
100525 37 
100545 31 
100558 117 
100597 48 
100673 486 
100694 71 
100766 18 
100885 757 
100997 81 
101006 32 
101051 2 
101175 38 
101309 7 
101320 64 
101421 244 
101554 157 
101764 27 
101772 11 
101910 208 
102185 68 
102235 76 
102550 47 
102572 2575 
102638 1329 
102661 947 
102707 186 
102763 109 
102765 21 
102770 6 
102825 900 
102842 448 
102960 21 
102972 28 
102988 37 
103043 24 
103063 53 
103174 83 
103179 61 
103236 134 
103264 84 
103270 156 
103321 6 
103419 9 
103430 192 
103681 5 
103748 8 
103990 138 
104030 81 
104035 21 
104056 239 
104115 132 
104299 35 
104731 165 
104808 35 
104839 17 
104884 7 
104987 102 
105012 58 
105048 117 
105064 135 
105228 14 
105297 2 
105541 52 
105595 617 
105706 0 
105763 113 
106009 59 
106057 190 
106184 9 
106250 227 
106270 44 
106276 98 
106380 69 
106511 32 
106582 51 
106826 259 
106931 33 
106995 1 
107422 223 
107423 43 
107778 58 
108667 4 
109083 90 
109333 19 
109636 30 
109690 403 
109766 764 
109797 43 
109978 73 
110026 181 
110044 24 
110073 94 
110107 291 
110176 364 
110464 13 
110851 77 
110945 50 
110992 134 
111482 4257 
111496 527 
111733 163 
111864 30 
111962 130 
112000 15 
112074 241 
112279 24 
112320 433 
113088 51 
113232 65 
113290 72 
113320 307 
113396 270 
113429 38 
113498 35 
113740 273 
113746 178 
113907 78 
113977 123 
114013 226 
114222 45 
114743 45 
115483 81 
115694 11 
115724 505 
116178 704 
116210 522 
116350 5 
116452 77 
116806 34 
116815 17 
116934 500 
117149 17 
117407 12 
117771 117 
118964 0 
119041 49 
119057 19 
119751 124 
120261 42 
120342 596 
120413 770 
120642 23 
121000 78 
121047 47 
122157 25 
122248 4 
123585 78 
123797 1 
123971 122 
125083 69 
125350 58 
125413 2 
125662 8 
125926 44 
126182 6 
126340 74 
128077 349 
128110 13 
128243 79 
128296 28 
128442 16 
130778 117 
131025 193 
135623 15 
136816 87 
140953 294 
141350 13 
141407 17 
144592 55 
150288 444 
151342 116 
152343 691 
152382 39 
153249 55 
153856 16 
155042 76 
155650 789 
156487 1359 
159088 1034 
160265 135 
161144 211 
164422 37 
165604 10 
166134 254 
166201 17 
166380 45 
166893 16 
167168 19 
168209 20 
168227 102 
168300 70 
168642 30 
168797 1516 
168969 215 
169066 99 
169133 17 
169437 245 
169779 26 
169791 31 
169803 66 
170179 44 
170247 38 
170798 39 
170928 140 
171078 87 
171103 35 
171590 32 
171594 96 
171806 41 
171834 23 
171842 94 
172082 8 
172169 83 
173062 37 
173199 41 
173283 127 
173521 36 
173725 1985 
173735 852 
173761 427 
173795 240 
173815 137 
175235 70 
175647 49 
175835 421 
175927 333 
177852 101 
178372 237 
178411 41 
178960 266 
178999 55 
179170 35 
180722 82 
180858 25 
182198 2 
182497 257 
182689 104 
184139 71 
184640 30 
185026 36 
185037 10 
185181 26 
185277 48 
185304 260 
185481 144 
185629 191 
185761 1136 
185899 103 
185994 53 
186066 7 
186124 178 
186164 147 
186207 40 
186425 2949 
186900 253 
187147 26 
187514 112 
188068 27 
188167 19 
188495 107 
188828 22 
189460 305 
190701 1433 
190750 870 
190775 341 
190984 55 
192766 834 
193131 142 
193238 31 
193405 16 
193822 114 
194102 2285 
195848 218 
197666 33 
199082 17 
199421 22 
200497 70 
200546 70 
200552 262 
200615 220 
200939 233 
201166 2 
201402 82 
202258 203 
202357 116 
202364 86 
202470 74 
203793 61 
204301 66 
204522 43 
204756 71 
205409 11 
205936 288 
205987 63 
205988 4616 
206024 157 
206082 1187 
206103 480 
206147 35 
206863 25 
207065 18 
207169 32 
207188 34 
207206 66 
207735 44 
208160 99 
209063 67 
209187 15 
210301 339 
210575 0 
211203 235 
211271 39 
213391 1 
214386 6 
215234 79 
215310 61 
216144 590 
217136 3 
220801 33 
220801 33 
223556 54 
233728 376 
233781 103 
241423 17 
242316 5 
243691 10 
244961 509 
245701 196 
246769 1 
249999 27 
252831 333 
254075 63 
258350 26 
258429 306 
260957 93 
264024 331 
264588 162 
265380 934 
265433 11 
267132 1060 
267190 155 
267913 56 
269153 399 
269201 51 
269222 826 
269889 43 
270484 4 
272114 37 
273181 25 
273368 43 
273377 45 
273438 0 
275253 33 
277956 54 
278005 41 
278131 3 
279898 47 
279945 24 
290646 419 
292113 360 
292394 140 
292422 10 
295480 90 
295874 18 
297049 35 
298861 36 
300130 168 
300530 14 
301160 27 
301471 80 
305369 182 
307030 64 
324765 113 
325293 13 
327602 59 
330825 27 
336089 26 
337005 43 
337372 1538 
338569 2 
339143 22 
341254 621 
342091 169 
344611 56 
346541 54 
347222 56 
347588 518 
348615 48 
348804 3009 
350122 958 
350172 31 
351080 18 
352585 21 
355356 26 
355581 214 
355608 1278 
355906 11 
355908 593 
355923 49 
356049 58 
356140 134 
356323 70 
356404 16 
356557 87 
356572 105 
356683 97 
356741 40 
356771 115 
356843 51 
357034 51 
357187 495 
357676 141 
357702 106 
357766 116 
358168 63 
358325 76 
358378 231 
358659 95 
359131 36 
359579 98 
359582 42 
359885 40 
359941 58 
359945 81 
360067 82 
360243 140 
360313 192 
360315 42 
360420 62 
360538 74 
360557 657 
360902 72 
361339 526 
361398 93 
361466 114 
363074 73 
363614 53 
363979 62 
364143 98 
364199 40 
365019 14 
365836 13 
366345 150 
367185 11 
368083 814 
368175 18 
368249 314 
368336 41 
368611 180 
369151 9 
370039 935 
370391 54 
370496 36 
370545 323 
370780 132 
370785 29 
370809 128 
370894 16 
370952 46 
371046 94 
371116 96 
371119 53 
371122 80 
371446 380 
371467 42 
371657 84 
371716 16 
372008 12 
372195 7 
372667 3094 
372780 81 
373315 85 
374131 8 
374402 8 
374695 54 
374831 35 
374929 554 
374975 1356 
375015 22 
375138 1314 
375310 6 
375395 94 
375395 85 
375512 381 
375643 71 
375754 82 
375974 770 
376396 20 
376696 152 
376708 88 
377075 217 
377166 29 
377170 28 
377249 65 
377258 40 
377395 54 
377593 373 
378014 4402 
378085 1152 
378152 3442 
378266 10 
378616 41 
379325 322 
379400 36 
379962 78 
380014 79 
380078 554 
380177 61 
380342 144 
380359 48 
381012 118 
382357 4 
382749 2235 
382793 710 
382862 604 
383038 38 
383159 22 
383285 92 
383812 127 
384266 5 
384880 90 
385097 72 
386465 11 
386903 125 
387174 7 
387964 470 
389328 226 
389968 91 
390296 199 
391132 9 
391912 35 
393362 167 
393933 93 
394581 43 
395445 2 
396544 10 
401386 68 
402661 17 
403054 5 
403427 116 
405147 50 
405944 28 
409731 41 
413263 5 
413972 145 
414183 241 
414199 50 
414275 29 
415130 371 
415928 26 
416294 69 
416383 232 
416593 123 
416596 221 
416830 224 
417482 579 
420778 46 
420913 190 
420933 56 
420954 147 
420996 345 
421023 137 
421288 184 
421601 28 
421924 101 
422161 29 
422376 268 
423631 3 
423824 70 
423830 25 
423842 26 
423886 116 
424022 248 
424219 172 
424237 121 
424490 135 
424757 173 
424886 53 
424975 58 
425053 49 
425719 114 
426083 35 
426499 36 
427125 86 
428837 1017 
429043 288 
429223 32 
429240 82 
429404 214 
429426 72 
429446 495 
429483 135 
429643 270 
429727 73 
429795 160 
429994 44 
430079 196 
430164 80 
430285 73 
430908 299 
431598 28 
432191 254 
432663 26 
432709 718 
432735 79 
432861 93 
433646 68 
433801 49 
434314 102 
434392 56 
434408 496 
434510 193 
434625 17 
434939 140 
435156 190 
435674 202 
435806 201 
436565 63 
436919 4 
437530 173 
437620 108 
439058 43 
439773 89 
440123 2 
443192 74 
444031 122 
444092 31 
444534 17 
444740 734 
446191 14 
446433 129 
446555 566 
448821 6 
449062 59 
449505 30 
450079 135 
451949 204 
452174 41 
454421 16 
454709 14 
454752 39 
454920 121 
455015 122 
455424 36 
455664 53 
455797 41 
456177 75 
457959 19 
458493 14 
458628 4 
458677 0 
459411 9 
459572 168 
459633 177 
460055 27 
460101 88 
460228 36 
460925 11 
460955 39 
461539 12 
461852 129 
462152 77 
462284 58 
462518 185 
462530 21 
462791 39 
463336 47 
463345 47 
463593 43 
463868 77 
465864 222 
466827 159 
467189 648 
468838 24 
469365 9 
469376 302 
469899 17 
470998 7 
471339 30 
471978 667 
472053 55 
473460 66 
473483 505 
473873 83 
477178 48 
477685 295 
479017 237 
479440 54 
481765 17 
484858 36 
492054 206 
497151 357 
501933 72 
505177 30 
505211 77 
505258 196 
505259 2 
505395 91 
505395 91 
505637 326 
505884 1218 
506107 168 
506135 194 
506282 55 
506289 214 
506359 34 
506892 139 
506958 16 
507603 10 
507765 202 
508811 14 
509192 53 
510591 82 
511914 132 
511989 121 
512123 96 
512229 126 
512691 308 
512796 39 
513145 1153 
513467 65 
515748 64 
516015 69 
517463 222 
517911 173 
518369 69 
518519 109 
518656 334 
518657 1449 
518669 465 
518681 675 
518693 96 
518715 126 
518760 69 
518861 97 
518908 35 
518949 286 
519166 20 
520067 150 
520539 81 
521414 20 
522058 50 
522321 13 
522553 79 
522659 130 
523408 22 
524881 65 
526444 4110 
526658 5721 
527100 78 
527706 2268 
529312 19 
529326 498 
529956 58 
530228 86 
530367 302 
531352 26 
531362 203 
531379 227 
531385 1161 
531401 119 
531441 69 
531461 201 
531549 49 
531668 32 
531695 44 
532000 23 
532860 271 
532868 152 
532938 142 
533162 277 
533179 203 
533209 152 
533209 104 
533822 72 
533824 99 
533825 53 
533829 10 
533928 82 
533929 81 
533939 54 
534033 553 
534376 58 
534489 9 
535085 120 
535646 272 
535714 159 
535728 52 
536515 98 
536704 107 
536881 128 
537026 23 
537050 71 
537174 21 
537546 90 
537574 218 
537856 7 
538340 44 
541464 241 
541585 109 
541637 86 
541838 18 
541940 20 
542403 409 
542443 3 
542484 96 
542728 28 
542743 144 
542782 141 
542832 2302 
542839 36 
542897 113 
542900 53 
543483 59 
543718 6 
543728 256 
544092 50 
544256 57 
544306 461 
545344 768 
546738 75 
549365 14 
550006 11 
550058 87 
550267 72 
550683 42 
551253 36 
554209 615 
555694 29 
558176 100 
558845 169 
559902 47 
561204 8 
565402 41 
567477 106 
570523 354 
571987 21 
572023 187 
572099 104 
574530 48 
579453 95 
588553 61 
592006 23 
594167 13 
594687 27 
595733 184 
596532 27 
596660 132 
596813 81 
597383 144 
597668 11 
601431 167 
603668 134 
603811 725 
604224 200 
604363 138 
