2259 3.66122685185
0 2175024 
15 331 
18 246 
21 208 
22 52 
29 301 
29 1876 
31 863 
31 658 
32 50 
33 144 
36 1035 
38 2076 
40 486 
41 359 
43 124 
46 555 
49 408 
50 796 
51 1313 
52 1225 
52 72 
52 265 
53 237 
54 577 
55 90 
57 1201 
57 79 
59 91 
59 1447 
60 1270 
64 295 
64 1608 
65 1396 
67 215 
69 575 
70 1149 
72 197 
73 121 
76 28 
77 51 
77 115 
78 22 
79 39 
79 1159 
81 181 
81 237 
82 428 
83 250 
85 443 
85 680 
88 152 
89 148 
92 90 
93 330 
93 1883 
93 202 
93 673 
95 252 
96 47 
97 488 
105 44 
106 647 
108 389 
108 270 
108 495 
108 203 
109 350 
110 543 
111 76 
112 1189 
113 1183 
114 646 
114 438 
116 47 
117 1927 
117 509 
119 46 
121 426 
123 640 
125 294 
132 93 
133 103 
134 541 
134 366 
138 526 
140 259 
143 120 
145 462 
145 642 
149 399 
155 195 
158 403 
159 384 
163 58 
165 1177 
166 526 
167 791 
168 174 
171 236 
171 277 
175 664 
180 203 
181 76 
182 140 
184 57 
184 69 
186 161 
189 1365 
190 113 
191 93 
192 17 
195 1345 
199 198 
200 1010 
207 90 
208 821 
212 766 
215 111 
218 152 
220 275 
227 1432 
230 1065 
236 9 
236 31 
245 22 
249 34 
251 274 
252 1094 
256 255 
328 6 
343 240 
347 139 
349 360 
369 148 
371 1649 
373 124 
382 122 
384 423 
386 26 
386 24 
388 73 
389 369 
391 197 
391 236 
391 115 
399 1331 
410 583 
411 1835 
431 2317 
446 176 
446 962 
446 1229 
473 115 
492 168 
498 284 
500 187 
521 277 
524 20 
538 2575 
551 256 
560 305 
560 39 
569 78 
572 199 
580 633 
589 10 
591 211 
598 2651 
603 71 
607 31 
607 199 
611 270 
672 195 
675 24 
677 23 
683 17 
685 72 
691 554 
701 202 
708 163 
709 441 
715 70 
718 1065 
719 64 
725 485 
727 44 
735 218 
741 66 
753 226 
753 179 
757 554 
757 200 
766 37 
768 179 
801 868 
807 959 
809 238 
812 73 
824 411 
829 76 
835 218 
839 64 
844 166 
845 102 
858 87 
866 1999 
878 2028 
907 315 
914 882 
917 182 
918 464 
926 121 
934 662 
944 124 
958 18 
968 89 
1047 156 
1057 295 
1069 73 
1071 1572 
1084 66 
1090 138 
1107 1688 
1110 1624 
1123 62 
1130 12 
1138 94 
1141 136 
1143 322 
1162 208 
1217 287 
1231 9 
1262 468 
1296 530 
1389 149 
1396 9 
1396 274 
1407 75 
1411 146 
1424 499 
1425 97 
1442 213 
1466 36 
1488 773 
1553 224 
1706 771 
1736 82 
1832 61 
1862 851 
1925 750 
1933 112 
1942 248 
1994 54 
1996 170 
2021 10 
2077 181 
2246 391 
2263 521 
2318 107 
2394 163 
2438 542 
2444 31 
2452 18 
2464 14129 
2484 1950 
2525 127 
2525 457 
2529 1214 
2545 47 
2558 643 
2573 87 
2709 553 
2745 90 
2786 34 
2797 142 
2832 290 
2920 1210 
3043 6 
3238 86 
3462 175 
3519 266 
3525 132 
3590 444 
3602 47 
3719 68 
3735 270 
3767 68 
4026 56 
4075 17 
4111 215 
4377 25 
4379 242 
4453 251 
4460 75 
4536 5 
4589 184 
4728 44 
4778 217 
4788 56 
5068 1089 
5069 39 
5070 330 
5146 1924 
5461 115 
5598 580 
5927 37 
5990 34 
6074 86 
6457 175 
6607 42 
6672 80 
6752 42 
7153 100 
7202 12 
7260 43 
7654 125 
8171 55 
8414 470 
8458 25 
8688 54 
8721 12 
8725 24 
8726 4 
8728 57 
8732 679 
8738 237 
8739 185 
8740 63 
8747 9 
8747 3815 
8750 151 
8752 1129 
8752 155 
8753 2 
8755 121 
8757 511 
8759 14 
8760 384 
8760 262 
8761 176 
8763 112 
8767 283 
8767 1822 
8768 226 
8771 469 
8776 3662 
8780 25 
8782 264 
8782 1406 
8786 87 
8791 48 
8793 114 
8794 412 
8795 123 
8795 1362 
8797 150 
8798 1487 
8799 15 
8799 269 
8801 52 
8801 39 
8804 1466 
8807 49 
8809 63 
8810 448 
8813 1967 
8820 133 
8822 85 
8823 147 
8826 363 
8828 119 
8829 382 
8837 113 
8841 1268 
8841 111 
8842 19 
8842 49 
8843 935 
8843 260 
8843 582 
8844 98 
8847 104 
8849 69 
8850 227 
8854 194 
8859 240 
8859 6 
8862 1155 
8863 718 
8864 66 
8864 890 
8867 73 
8870 264 
8874 327 
8875 1282 
8876 359 
8877 55 
8879 1622 
8880 135 
8883 114 
8888 180 
8895 212 
8899 416 
8900 141 
8903 439 
8904 11 
8904 1480 
8905 213 
8908 61 
8908 168 
8909 971 
8913 216 
8913 99 
8917 3362 
8920 49 
8920 3672 
8920 66 
8922 274 
8926 74 
8928 344 
8929 4 
8929 13 
8930 134 
8931 28 
8931 19 
8936 240 
8938 117 
8943 350 
8945 51 
8946 2384 
8948 779 
8949 1562 
8953 8 
8954 207 
8961 307 
8965 371 
8969 14 
8975 132 
8977 283 
8980 245 
8986 8 
8991 137 
9006 805 
9009 14 
9017 325 
9029 8 
9031 364 
9033 14 
9034 109 
9034 2144 
9036 115 
9041 763 
9043 70 
9049 127 
9052 441 
9053 420 
9058 71 
9058 312 
9064 33 
9065 1356 
9066 1218 
9066 67 
9072 101 
9078 798 
9081 214 
9082 659 
9098 41 
9137 522 
9152 286 
9157 8 
9160 115 
9162 23 
9173 4052 
9178 230 
9179 128 
9191 1259 
9193 69 
9214 8 
9219 305 
9241 111 
9243 635 
9245 37 
9246 21 
9249 2389 
9257 139 
9263 35 
9264 179 
9265 1172 
9267 10 
9267 138 
9278 421 
9279 1474 
9304 87 
9307 538 
9323 531 
9332 482 
9338 1131 
9344 6 
9373 9 
9382 1299 
9392 696 
9394 1749 
9400 17 
9400 127 
9406 53 
9415 47 
9429 2 
9430 1442 
9434 19 
9438 149 
9448 587 
9452 412 
9470 312 
9471 23 
9479 8 
9482 331 
9492 315 
9503 5941 
9506 44 
9507 7497 
9540 16 
9548 1693 
9550 918 
9556 155 
9566 790 
9569 317 
9575 124 
9584 2132 
9590 66 
9594 40 
9623 786 
9626 115 
9647 311 
9653 89 
9653 297 
9685 79 
9700 712 
9705 1074 
9724 376 
9754 485 
9772 1148 
9780 2307 
9799 290 
9804 4449 
9804 63 
9814 1479 
9821 640 
9853 201 
9861 909 
9878 428 
9881 4 
9889 1751 
9898 204 
9911 37 
9916 49 
9931 1262 
9949 217 
9969 177 
9972 1497 
9977 110 
10004 279 
10004 20 
10011 17 
10016 167 
10025 976 
10034 543 
10071 7537 
10073 38 
10074 1452 
10077 180 
10118 334 
10121 3536 
10127 411 
10149 117 
10172 51 
10180 2689 
10191 10 
10192 156 
10193 12 
10241 1043 
10242 271 
10266 955 
10274 38 
10288 144 
10338 29 
10339 60 
10397 5 
10399 89 
10410 86 
10425 178 
10445 21 
10479 181 
10517 16 
10536 863 
10543 110 
10552 566 
10553 3 
10563 1225 
10578 895 
10600 170 
10607 32 
10648 72 
10648 615 
10675 2497 
10676 1263 
10684 48 
10691 332 
10702 263 
10708 239 
10712 2080 
10716 2290 
10726 82 
10735 131 
10736 90 
10736 2523 
10742 15 
10752 80 
10752 285 
10758 102 
10762 6216 
10764 2865 
10767 1454 
10771 472 
10789 1672 
10799 458 
10801 67 
10807 4757 
10816 689 
10825 3587 
10827 1497 
10830 258 
10836 5 
10848 817 
10851 74 
10852 222 
10852 356 
10853 1744 
10859 1356 
10860 145 
10864 4550 
10868 722 
10878 121 
10879 128 
10885 2443 
10891 75 
10894 2483 
10895 685 
10900 705 
10909 1438 
10927 16880 
10927 150 
10929 99 
10935 6696 
10939 2074 
10952 383 
10972 1126 
10974 249 
10981 1256 
11010 1027 
11012 36 
11015 595 
11016 1168 
11021 177 
11030 739 
11050 200 
11051 301 
11081 1205 
11101 110 
11109 2887 
11112 389 
11114 8 
11115 2903 
11116 3695 
11119 294 
11125 3906 
11144 417 
11168 1697 
11169 1398 
11174 148 
11192 3537 
11206 173 
11210 1675 
11221 276 
11221 2087 
11222 1169 
11239 6107 
11252 3885 
11255 2805 
11258 55 
11270 1272 
11278 2294 
11284 440 
11285 348 
11289 145 
11299 1531 
11302 1151 
11328 159 
11351 1234 
11352 911 
11357 604 
11360 475 
11365 310 
11377 2802 
11387 2672 
11404 168 
11417 259 
11417 259 
11444 37 
11444 37 
11450 1231 
11450 1231 
11457 1903 
11457 1903 
11470 920 
11505 196 
11509 5 
11519 1044 
11534 159 
11562 706 
11568 1501 
11569 744 
11572 313 
11575 68 
11606 787 
11613 281 
11614 1805 
11621 622 
11621 330 
11695 120 
11696 331 
11707 2138 
11711 1084 
11711 423 
11714 1950 
11721 849 
11728 716 
11729 105 
11756 1241 
11763 45 
11763 1183 
11765 441 
11772 219 
11773 100 
11787 1075 
11788 21 
11790 107 
11791 5242 
11792 185 
11792 214 
11796 1476 
11800 8227 
11808 1574 
11819 454 
11819 1025 
11822 397 
11838 2279 
11851 147 
11872 40 
11877 169 
11885 318 
11892 280 
11905 299 
11916 558 
11933 588 
11946 291 
11948 27 
11952 360 
11956 791 
11959 9410 
11965 172 
11977 6933 
11982 200 
11986 474 
12005 1959 
12018 2440 
12042 3471 
12058 75 
12060 228 
12067 816 
12075 256 
12080 459 
12080 634 
12094 198 
12099 2316 
12100 71 
12111 7190 
12117 7067 
12135 6929 
12136 2943 
12140 39 
12143 52 
12156 1829 
12185 627 
12212 2489 
12217 305 
12220 2150 
12222 1235 
12238 573 
12241 91 
12241 964 
12243 68 
12243 207 
12281 429 
12284 122 
12285 757 
12291 198 
12305 328 
12323 3827 
12334 44 
12346 5189 
12347 553 
12356 20 
12358 815 
12359 0 
12363 4104 
12386 279 
12413 2671 
12422 191 
12441 34 
12446 159 
12453 735 
12464 241 
12470 482 
12474 413 
12476 413 
12499 1498 
12500 4 
12510 224 
12516 383 
12527 28 
12535 943 
12557 1515 
12569 1067 
12576 97 
12581 78 
12596 612 
12605 119 
12614 6377 
12618 560 
12618 171 
12619 3180 
12641 7 
12646 506 
12657 1099 
12676 5111 
12685 2964 
12691 116 
12700 1236 
12701 335 
12722 682 
12725 475 
12726 97 
12726 856 
12727 266 
12751 878 
12757 1343 
12759 182 
12761 845 
12771 15050 
12780 1667 
12788 12 
12812 1708 
12812 4588 
12819 852 
12832 1252 
12846 124 
12848 640 
12858 127 
12860 1775 
12865 975 
12880 116 
12881 1422 
12882 1720 
12889 664 
12891 746 
12891 796 
12891 796 
12908 1761 
12952 6248 
12957 530 
12963 466 
12984 326 
12985 151 
12988 22 
12989 530 
13000 1444 
13001 1340 
13022 358 
13044 479 
13047 1467 
13054 24 
13056 163 
13082 3048 
13105 930 
13112 340 
13124 86 
13135 357 
13182 57 
13190 450 
13206 190 
13207 551 
13215 137 
13215 73 
13222 26442 
13225 1098 
13243 14374 
13246 415 
13252 32 
13266 185 
13269 87 
13271 712 
13302 1504 
13304 561 
13306 598 
13311 2463 
13317 369 
13324 1255 
13331 943 
13333 883 
13346 447 
13352 195 
13366 418 
13371 655 
13383 1453 
13387 161 
13398 2170 
13410 227 
13415 608 
13416 252 
13425 1422 
13430 119 
13433 242 
13450 767 
13462 331 
13463 1323 
13465 181 
13492 292 
13497 3115 
13514 1088 
13523 233 
13562 125 
13564 479 
13571 3816 
13577 2933 
13603 3742 
13627 695 
13638 162 
13646 487 
13652 862 
13661 1092 
13686 765 
13721 411 
13725 120 
13750 221 
13758 261 
13762 560 
13773 595 
13805 114 
13857 936 
13864 55 
13865 37 
13867 117 
13886 193 
13919 116 
13982 7 
13999 70 
14015 3127 
14040 896 
14042 102 
14048 121 
14065 576 
14079 1047 
14081 268 
14103 562 
14118 381 
14126 1023 
14145 99 
14169 258 
14178 595 
14228 115 
14235 12 
14235 82 
14251 3857 
14271 9759 
14288 1336 
14336 312 
14347 796 
14354 721 
14360 23 
14370 1168 
14386 442 
14397 1763 
14399 896 
14403 107 
14413 4554 
14416 39 
14447 549 
14478 4788 
14500 718 
14560 9 
14568 770 
14587 5328 
14593 493 
14606 532 
14631 796 
14659 275 
14674 621 
14676 1660 
14718 288 
14756 360 
14757 1219 
14765 841 
14778 83 
14793 151 
14816 1312 
14817 2 
14827 1375 
14872 1340 
14874 593 
14897 744 
14898 1130 
14942 37 
14960 534 
14962 357 
14966 42 
15004 2054 
15036 1141 
15076 311 
15091 494 
15191 219 
15217 2339 
15233 2313 
15280 149 
15286 230 
15300 75 
15332 4826 
15334 177 
15335 2 
15373 4 
15399 66 
15449 181 
15462 1427 
15513 1302 
15521 1542 
15526 250 
15537 241 
15539 38 
15549 64 
15550 1165 
15569 158 
15571 1052 
15599 1901 
15609 239 
15648 527 
15685 138 
15700 157 
15730 323 
15741 5 
15777 353 
15833 985 
15859 177 
15860 385 
15865 1743 
15917 195 
15996 99 
16001 151 
16042 954 
16048 391 
16071 404 
16076 173 
16077 614 
16079 365 
16090 168 
16103 143 
16119 384 
16128 863 
16158 1349 
16164 123 
16219 347 
16289 558 
16292 801 
16349 1592 
16353 37 
16360 429 
16379 11 
16383 209 
16404 528 
16415 484 
16428 65 
16439 18 
16473 689 
16475 1083 
16510 1175 
16510 859 
16511 445 
16528 387 
16540 15 
16547 186 
16561 86 
16610 838 
16627 60 
16654 693 
16694 3 
16715 3304 
16738 54 
16749 1359 
16763 1725 
16769 641 
16773 799 
16812 2169 
16846 1229 
16849 198 
16860 175 
16908 1549 
16921 116 
16925 2917 
17006 242 
17042 2699 
17058 987 
17061 129 
17067 69 
17070 4978 
17098 48 
17154 703 
17155 1652 
17162 339 
17182 279 
17210 1469 
17241 892 
17241 1263 
17315 68 
17332 1745 
17346 60 
17405 993 
17420 878 
17487 28 
17512 164 
17522 484 
17551 1335 
17606 269 
17623 160 
17633 788 
17636 1437 
17657 686 
17704 455 
17707 658 
17713 53 
17725 12491 
17738 331 
17776 457 
17784 2614 
17846 246 
17861 365 
17867 1292 
17887 158 
17903 939 
17928 159 
17964 226 
17969 410 
17976 1046 
17985 3203 
18037 518 
18114 683 
18143 505 
18176 2778 
18195 124 
18278 1395 
18331 199 
18348 580 
18423 272 
18430 2325 
18441 189 
18496 1510 
18500 972 
18520 131 
18707 232 
18742 424 
18781 547 
18800 1283 
18809 164 
18856 1054 
18911 540 
18925 73 
18947 924 
18958 293 
18976 557 
18979 329 
19026 1075 
19064 1664 
19077 225 
19106 18 
19110 277 
19122 288 
19125 40 
19127 51 
19134 96 
19137 699 
19144 1219 
19145 2314 
19150 87 
19159 483 
19211 573 
19298 1187 
19325 37 
19333 2016 
19336 3291 
19346 144 
19372 97 
19382 3240 
19393 208 
19464 1928 
19480 1427 
19513 2851 
19572 96 
19615 56 
19682 295 
19683 1820 
19712 642 
19724 14237 
19747 332 
19768 105 
19772 1067 
19784 1276 
19790 2487 
19823 2259 
19853 34 
19858 731 
20043 30 
20090 268 
20117 1074 
20123 164 
20140 16995 
20249 72 
20259 1073 
20291 35 
20328 545 
20349 1735 
20420 6745 
20462 2483 
20488 164 
20490 884 
20537 139 
20595 476 
20645 1031 
20653 142 
20701 4381 
20703 3620 
20775 1547 
20783 53 
20810 1046 
20821 13 
20826 159 
20840 234 
20874 84 
20876 739 
20949 226 
20983 179 
20985 841 
21038 6 
21038 189 
21095 257 
21105 2091 
21222 2380 
21245 1529 
21334 737 
21416 1400 
21441 122 
21466 6835 
21497 341 
21512 683 
21543 873 
21570 89 
21574 1971 
21639 716 
21648 168 
21657 939 
21848 264 
21853 111 
21883 48 
21890 282 
21912 101 
21949 124 
21956 1682 
21971 764 
21999 2481 
22048 622 
22099 2037 
22168 9 
22227 1967 
22255 101 
22307 119 
22311 1516 
22333 144 
22333 29 
22345 57 
22353 404 
22367 2446 
22370 134 
22376 221 
22376 26 
22398 132 
22398 6560 
22440 1068 
22444 94 
22454 346 
22491 1293 
22523 765 
22524 96 
22553 79 
22588 3 
22592 82 
22674 133 
22685 5621 
22711 822 
22729 3191 
22816 1923 
22852 146 
22859 893 
22896 843 
22903 6 
22935 221 
22963 46 
22988 222 
23021 293 
23024 5 
23037 441 
23040 39 
23053 770 
23090 356 
23101 83 
23103 1542 
23153 442 
23172 471 
23209 1118 
23223 0 
23235 745 
23273 52 
23307 65 
23321 1524 
23326 450 
23417 2605 
23439 124 
23443 379 
23453 128 
23468 401 
23562 7794 
23589 617 
23596 150 
23603 196 
23633 623 
23638 1224 
23646 529 
23782 7945 
23806 610 
23823 203 
23825 283 
23829 206 
23924 75 
24021 3980 
24026 1101 
24065 168 
24103 26 
24177 241 
24191 1303 
24226 83 
24279 551 
24310 916 
24376 1278 
24387 653 
24408 1623 
24474 442 
24518 813 
24532 2007 
24572 368 
24612 84 
24613 1022 
24709 1475 
24756 267 
24765 230 
24793 350 
24883 346 
24911 2839 
24917 557 
24985 134 
25031 742 
25081 471 
25140 102 
25151 288 
25193 599 
25217 1195 
25221 86 
25249 214 
25265 286 
25292 496 
25340 49 
25341 1119 
25344 114 
25444 350 
25474 8026 
25505 539 
25525 253 
25558 807 
25642 1197 
25725 1818 
25743 2573 
25744 1308 
25770 19 
25780 153 
25897 4432 
25931 207 
25939 103 
26027 1823 
26057 1237 
26112 165 
26149 358 
26288 112 
26307 291 
26619 988 
26719 354 
26758 619 
26768 1488 
26817 11 
26873 482 
26875 160 
26896 254 
26989 443 
27014 1135 
27039 373 
27134 877 
27314 84 
27334 5054 
27357 1081 
27423 121 
27452 4007 
27474 69 
27495 868 
27501 60 
27527 970 
27558 62 
27558 785 
27560 2747 
27660 431 
27707 3276 
27940 341 
28043 839 
28051 2567 
28064 59 
28217 838 
28306 103 
28317 165 
28328 537 
28366 203 
28386 41 
28393 877 
28471 288 
28507 146 
28605 1042 
28726 366 
28770 95 
28859 1162 
28904 757 
28942 1343 
29011 249 
29087 138 
29097 2494 
29252 576 
29265 548 
29299 5075 
29340 1316 
29377 978 
29405 650 
29499 3167 
29508 2054 
29557 1191 
29669 1044 
29677 854 
29766 665 
29772 495 
29998 36 
30006 138 
30093 3185 
30127 131 
30139 350 
30145 292 
30155 3007 
30155 49 
30209 2869 
30281 347 
30444 186 
30584 2071 
30599 477 
30601 927 
30609 67 
30623 1463 
30662 105 
30721 420 
30733 1394 
30746 411 
30764 735 
30791 60 
30828 257 
30830 2560 
30903 292 
31021 7327 
31043 171 
31202 88 
31214 231 
31244 360 
31272 576 
31289 69 
31322 634 
31361 43 
31362 191 
31397 107 
31414 69 
31451 182 
31466 13487 
31477 412 
31586 84 
31597 1086 
31653 4732 
31721 166 
31726 380 
31756 846 
31761 2856 
31781 115 
31815 755 
31826 279 
31960 545 
31981 60 
31986 801 
32002 71 
32006 606 
32141 16 
32144 155 
32147 210 
32170 482 
32304 111 
32329 40 
32525 2814 
32538 259 
32552 1216 
32678 73 
32702 952 
32716 70 
32729 413 
32845 312 
32852 7069 
32948 47 
32983 57 
32984 930 
33055 370 
33082 2427 
33273 790 
33312 88 
33391 271 
33407 4170 
33458 618 
33481 243 
33500 609 
33527 549 
33683 252 
33747 68 
33810 802 
33873 631 
33943 125 
33953 321 
34140 323 
34186 4608 
34206 1004 
34467 293 
34501 432 
34564 538 
34633 5 
34646 1884 
34704 1426 
34816 162 
34862 103 
35088 204 
35123 124 
35213 1155 
35228 661 
35231 2539 
35248 5176 
35266 815 
35317 57 
35431 146 
35463 1000 
35500 1627 
35612 786 
35617 891 
35793 126 
35859 249 
35924 220 
35937 410 
35992 418 
36066 369 
36120 825 
36164 197 
36178 232 
36186 270 
36246 8583 
36301 208 
36320 654 
36323 139 
36329 211 
36387 1685 
36396 562 
36396 562 
36554 507 
36581 365 
36583 592 
36603 323 
36615 691 
36692 426 
36702 217 
37057 3787 
37115 262 
37297 57 
37317 698 
37389 489 
37528 2306 
37554 5580 
37565 639 
37603 32 
37644 575 
37954 380 
38108 120 
38150 56 
38236 2803 
38501 232 
38547 650 
38616 1578 
38689 862 
39209 19189 
39254 1586 
39284 508 
39364 2107 
39371 728 
39498 2374 
39582 699 
39695 699 
39985 653 
40001 898 
40088 1591 
40093 720 
40097 249 
40103 925 
40129 183 
40132 118 
40135 532 
40189 1244 
40249 197 
40259 1113 
40269 5357 
40302 1564 
40424 327 
40445 678 
40468 1090 
40722 895 
40734 1005 
40791 54 
40862 13 
40882 1571 
40960 501 
41009 6 
41056 160 
41060 7723 
41157 186 
41272 1693 
41285 1330 
41292 49 
41420 305 
41493 229 
41640 314 
41651 134 
41747 2680 
41854 333 
42032 758 
42300 46 
42344 557 
42698 1178 
43263 298 
43339 306 
43515 355 
43579 146 
43722 79 
43751 67 
43917 148 
43920 2111 
43927 203 
43986 1568 
44037 10420 
44354 1104 
44360 1065 
44659 1119 
44775 988 
45073 42 
45079 324 
45179 1094 
45250 54 
45376 734 
45406 104 
45444 425 
45487 937 
45855 84 
45863 129 
46361 125 
46511 516 
46545 28 
46552 3113 
46865 487 
47177 3094 
47269 483 
47327 1295 
47419 17 
47715 1467 
47728 260 
47743 43 
47812 93 
47827 1008 
48392 32 
48766 1636 
49340 788 
49500 595 
49565 3791 
49621 798 
49661 390 
49843 376 
49859 142 
51005 1315 
52899 144 
53121 355 
53333 926 
53816 1665 
53943 2666 
54071 158 
54341 0 
54888 5902 
55173 723 
55904 760 
56057 403 
56209 279 
56942 503 
57083 1656 
57797 5884 
58513 4932 
58616 17479 
58693 1394 
58837 36 
59527 547 
59835 3082 
59840 496 
59993 442 
60090 681 
61291 492 
61437 1156 
61488 4 
61560 668 
61613 296 
62171 463 
62286 98 
62542 609 
62907 161 
64082 85 
64642 369 
64912 783 
65094 42 
65451 1339 
65485 526 
65544 429 
65557 877 
65897 626 
66417 1438 
67675 155 
67992 499 
68358 366 
68825 79 
69477 4321 
69580 808 
69964 8829 
70202 1089 
70403 1065 
70949 9404 
71255 165 
72016 39 
72310 105 
72962 3092 
73165 2919 
73185 1313 
73370 109 
73762 1291 
73769 668 
73814 669 
73856 464 
74249 1034 
74337 392 
74444 821 
74981 457 
75026 1665 
75130 6 
75324 328 
75881 15440 
75899 1345 
75914 1603 
75980 829 
75980 221 
76127 761 
76250 3523 
76277 1424 
76307 768 
76479 16 
76879 1446 
77047 1543 
77149 295 
77461 663 
77682 448 
77812 718 
78226 9535 
78412 141 
78554 265 
79295 1602 
81173 74 
81227 57 
81349 62 
81439 477 
82188 851 
82427 605 
82598 491 
82781 213 
82812 4065 
82944 5392 
83125 707 
83286 185 
83472 1361 
83567 356 
83716 4050 
83779 230 
83944 52 
84049 222 
84153 351 
84413 1419 
85493 638 
85658 1732 
85810 831 
85884 123 
85923 43 
86308 2465 
86324 1023 
86375 240 
86425 239 
86459 437 
86582 885 
86633 408 
86641 1331 
86675 630 
86763 408 
86846 21 
87165 18 
87300 1833 
87344 174 
87491 1081 
87675 426 
87710 1279 
88017 4131 
88117 638 
88134 6118 
88160 5916 
88586 1407 
88898 418 
89031 244 
89051 787 
89134 262 
89361 2564 
89450 667 
90240 35 
90249 538 
90340 472 
90355 80 
90533 83 
91229 29 
91314 148 
92006 544 
92044 655 
92333 51 
92532 446 
92556 482 
92559 84 
92753 252 
92903 101 
93416 15 
93464 772 
93485 468 
93536 632 
93589 798 
93606 488 
93964 2711 
94189 43 
94499 289 
94745 3060 
95679 414 
95780 582 
96129 2167 
96166 1073 
96342 11424 
96353 1748 
96787 352 
97290 5209 
97377 21 
97641 1597 
98431 77 
98673 443 
98997 884 
99356 1356 
99358 176 
99588 8578 
99621 207 
99640 138 
99760 181 
99970 647 
100300 964 
100449 4517 
100520 220 
101017 1949 
101070 1085 
101224 902 
101282 193 
101383 622 
101519 830 
101549 200 
101771 539 
102315 5 
102361 394 
102502 383 
102682 948 
103278 20 
103362 249 
103560 757 
104605 559 
104725 1390 
104863 791 
106350 562 
106487 0 
106988 335 
107458 386 
108270 521 
108364 141 
108379 47 
108752 1173 
108791 76 
109129 39 
109273 104 
111145 107 
111438 414 
111476 1408 
111481 87 
112349 6264 
112608 198 
112721 208 
112783 95 
112791 627 
113042 822 
113285 142 
113532 2175 
113732 879 
113821 237 
114017 501 
114084 377 
114187 1522 
114677 152 
114685 970 
114737 10 
114768 168 
114838 535 
114908 176 
115193 1185 
115258 12 
115449 607 
115533 208 
115609 541 
115653 121 
115678 1641 
115729 1377 
116074 404 
116263 31 
118202 576 
118274 1903 
118777 206 
119109 329 
119148 1399 
119254 824 
120130 47 
120477 1453 
120495 103 
121288 824 
121338 1721 
121588 9780 
121692 1294 
121700 1383 
122063 1452 
122086 3758 
122647 888 
122662 742 
122723 230 
122737 22 
122834 3467 
122859 492 
122981 226 
124264 195 
124655 914 
124938 240 
125209 1198 
125520 248 
126309 624 
126332 3077 
127319 300 
127477 2167 
127642 223 
127724 355 
128008 166 
128469 3110 
128517 1221 
128883 116 
129403 705 
129776 104 
130706 1073 
130788 358 
131387 1883 
131647 505 
131832 142 
132226 1718 
132346 1284 
133862 1222 
134187 632 
135260 219 
135789 376 
136024 162 
138278 353 
138341 303 
143128 195 
144571 406 
144697 27 
145443 435 
150819 508 
151712 1065 
152928 1267 
153523 205 
154047 548 
155431 426 
156234 684 
156412 235 
156597 235 
156728 580 
158401 882 
158472 80 
158539 1105 
161056 350 
161195 823 
162608 489 
163073 107 
163365 824 
163451 1614 
163513 291 
163825 708 
165599 466 
166261 41 
166417 6230 
167508 334 
168306 44 
168687 211 
169660 1123 
169822 289 
171478 673 
171943 578 
172307 441 
172397 1108 
172457 214 
172472 533 
172531 1072 
173201 119 
173329 119 
173599 1103 
174693 325 
175255 776 
175611 317 
175881 472 
176807 1230 
177657 361 
177829 554 
178038 1301 
178067 2044 
178188 153 
179217 340 
183154 1257 
183335 155 
183921 1400 
184102 274 
187410 687 
188046 956 
188160 107 
188221 1695 
188233 448 
189397 1350 
190737 270 
191185 262 
191598 461 
192733 3379 
192735 1063 
193074 1466 
193131 20526 
195354 2126 
196124 240 
196609 107 
198079 161 
198928 315 
199987 240 
200546 241 
201300 1734 
201797 534 
201894 97 
202174 113 
202468 502 
202498 226 
202935 83 
204484 64 
205880 167 
207052 585 
207092 179 
207317 227 
207927 783 
209083 1153 
209350 536 
209443 762 
211588 453 
213164 826 
213257 744 
215550 629 
217843 1196 
218027 383 
218813 401 
221991 96 
222548 325 
226310 13315 
226334 104 
226451 431 
226619 732 
226840 87 
226993 781 
233578 116 
235332 245 
239400 1362 
239664 935 
239835 147 
244756 523 
245137 906 
247475 67 
248489 82 
250422 28 
254204 155 
256794 2468 
261867 512 
263116 43 
264398 10 
265476 533 
266484 858 
266990 829 
269651 180 
270011 1295 
271367 8974 
272094 531 
272120 577 
272780 1972 
276989 1686 
279445 628 
280091 91 
283161 2367 
283313 4540 
283923 68 
295997 700 
297722 1049 
300994 1168 
305674 636 
315203 163 
317270 16505 
317568 345 
324760 462 
328589 1499 
330263 10184 
335670 44 
336430 571 
337540 1424 
337814 504 
338431 1010 
339244 270 
344878 2561 
347531 320 
349262 1633 
351233 766 
355320 5707 
355493 3696 
355571 4091 
355592 2401 
355733 644 
355752 960 
355795 1378 
355806 1063 
355830 4373 
356654 1032 
356727 15 
357396 4852 
360840 1539 
360956 47 
369053 335 
369119 65 
376691 179 
381280 292 
382561 1153 
385435 42 
388109 6194 
388684 932 
396098 349 
397293 260 
399825 73 
401665 24 
404028 815 
423558 1107 
424853 822 
429827 88 
430762 269 
432447 0 
433719 538 
433719 538 
448836 304 
451461 1 
452675 610 
455686 8531 
455699 2096 
455752 194 
463049 107 
467378 192 
471307 243 
472871 278 
477093 239 
478053 396 
485133 2347 
488971 280 
499609 314 
515326 153 
519692 435 
525998 316 
530201 71 
540924 1237 
541984 0 
548423 312 
556587 1572 
562108 117 
564052 170 
596059 47 
596439 1212 
