3661 2.75091435185
0 923095 
9 64 
10 74 
10 178 
12 120 
13 67 
14 33 
15 112 
16 238 
17 275 
17 43 
17 20 
17 128 
19 443 
19 68 
20 68 
20 96 
20 31 
21 213 
23 90 
23 61 
23 229 
24 185 
25 127 
27 17 
28 172 
28 155 
28 121 
29 243 
30 391 
30 208 
30 57 
30 258 
30 132 
30 14 
31 213 
31 37 
31 97 
32 93 
32 68 
32 209 
34 426 
34 39 
34 211 
35 71 
35 49 
35 34 
35 80 
35 10 
35 39 
36 319 
36 281 
36 387 
36 287 
37 514 
37 22 
37 34 
39 68 
39 33 
39 48 
40 589 
40 64 
40 123 
40 173 
40 22 
41 19 
42 29 
43 84 
43 65 
43 63 
43 215 
43 172 
43 24 
43 58 
43 74 
44 25 
44 592 
44 34 
45 42 
45 79 
45 124 
46 91 
46 60 
46 336 
46 127 
47 271 
48 23 
48 685 
48 21 
49 32 
50 53 
50 75 
51 730 
52 61 
52 122 
52 95 
52 102 
53 109 
53 368 
53 5 
54 11 
54 78 
54 29 
55 151 
56 17 
56 127 
57 75 
57 34 
57 134 
58 63 
58 5 
58 140 
58 76 
59 53 
60 235 
60 172 
60 29 
61 59 
61 27 
61 221 
62 450 
62 1129 
62 139 
63 134 
63 7 
63 134 
64 186 
64 66 
65 82 
65 81 
65 172 
65 60 
65 16 
66 56 
66 73 
67 21 
67 11 
68 23 
68 24 
68 32 
68 546 
69 78 
69 227 
70 27 
71 65 
71 101 
71 46 
72 71 
72 48 
72 22 
72 80 
72 34 
72 21 
73 181 
73 5 
73 561 
74 227 
74 146 
74 129 
74 135 
74 89 
75 124 
75 172 
75 140 
75 60 
76 15 
76 28 
76 93 
76 86 
76 65 
77 130 
77 225 
77 418 
77 146 
77 47 
77 18 
78 209 
79 33 
79 95 
79 29 
79 95 
79 157 
80 224 
80 99 
80 73 
81 117 
82 104 
82 72 
82 31 
82 34 
82 17 
83 105 
83 188 
83 61 
83 38 
83 77 
84 169 
85 43 
85 20 
85 98 
86 62 
86 24 
86 186 
86 71 
86 105 
86 62 
87 37 
87 32 
87 32 
88 142 
89 337 
89 29 
89 70 
90 99 
90 234 
91 91 
91 141 
92 60 
92 61 
92 165 
92 9 
93 183 
93 89 
94 241 
94 28 
95 95 
96 83 
96 53 
96 37 
96 49 
96 16 
96 99 
96 56 
97 134 
97 1067 
97 364 
97 18 
97 72 
97 145 
98 45 
98 30 
98 28 
98 66 
99 18 
99 133 
99 96 
99 79 
99 126 
99 119 
100 157 
100 45 
100 26 
101 36 
101 25 
101 97 
101 13 
101 537 
102 30 
102 686 
102 171 
103 47 
103 131 
103 118 
103 55 
104 170 
104 116 
106 1097 
106 80 
106 54 
106 57 
106 84 
107 53 
107 64 
108 79 
108 23 
108 19 
108 122 
108 31 
108 61 
108 427 
109 71 
109 432 
109 16 
109 17 
109 196 
110 402 
111 133 
111 79 
111 20 
111 72 
111 109 
111 114 
112 270 
113 173 
113 16 
113 99 
114 29 
114 83 
114 179 
114 110 
114 55 
115 188 
115 258 
115 28 
116 11 
116 28 
116 63 
116 156 
117 133 
117 53 
117 46 
117 59 
117 130 
118 99 
118 53 
118 106 
119 68 
119 72 
119 57 
119 174 
120 42 
120 71 
121 231 
122 60 
122 117 
123 75 
123 12 
123 427 
124 36 
125 55 
125 46 
126 386 
126 127 
127 275 
127 120 
127 54 
127 59 
127 46 
127 87 
128 60 
128 179 
128 73 
128 10 
129 120 
129 65 
129 22 
130 32 
130 73 
130 249 
130 157 
130 54 
130 29 
130 26 
130 29 
132 99 
132 133 
134 50 
134 26 
135 53 
136 80 
136 212 
136 67 
136 20 
136 95 
136 65 
137 13 
137 124 
138 98 
138 80 
138 211 
139 136 
139 451 
140 37 
140 251 
140 1 
141 29 
141 19 
142 45 
142 53 
142 112 
143 59 
144 184 
144 88 
145 117 
145 59 
146 146 
147 44 
147 26 
147 55 
147 20 
148 71 
149 62 
149 89 
150 182 
150 47 
150 412 
150 12 
150 48 
151 104 
151 36 
151 28 
152 185 
153 60 
153 34 
153 233 
153 164 
153 53 
153 159 
153 70 
154 78 
154 28 
155 63 
156 422 
156 47 
157 67 
158 49 
158 51 
158 54 
159 85 
159 80 
162 50 
163 18 
163 36 
164 33 
164 81 
165 130 
165 70 
165 246 
165 48 
165 42 
166 62 
166 11 
168 213 
168 113 
169 35 
170 43 
170 141 
171 76 
171 91 
172 87 
173 352 
174 10 
176 34 
176 108 
176 373 
177 149 
177 34 
178 300 
178 123 
178 156 
179 24 
179 68 
180 35 
180 40 
180 45 
181 536 
182 105 
182 540 
184 90 
184 68 
184 91 
185 72 
186 118 
186 41 
187 180 
187 80 
188 109 
188 58 
188 224 
188 108 
188 55 
189 25 
189 270 
189 39 
190 65 
191 188 
193 90 
193 262 
194 73 
194 78 
195 186 
195 55 
195 39 
195 100 
196 104 
197 47 
198 14 
198 1099 
198 23 
199 90 
199 37 
200 58 
200 23 
203 1136 
206 76 
206 96 
206 231 
206 102 
207 151 
208 150 
209 116 
209 68 
209 33 
209 132 
210 93 
210 34 
211 335 
211 31 
212 145 
212 53 
212 141 
212 417 
212 101 
212 71 
213 99 
214 120 
214 111 
215 47 
216 212 
216 106 
217 84 
217 95 
218 290 
219 40 
221 50 
221 123 
223 69 
223 17 
225 31 
225 61 
228 72 
230 131 
231 196 
231 37 
231 215 
232 35 
233 73 
233 36 
233 32 
233 64 
233 169 
233 71 
233 10 
235 107 
239 103 
239 151 
240 46 
240 32 
240 49 
241 22 
242 118 
242 18 
243 18 
245 59 
246 93 
247 42 
251 27 
251 223 
251 53 
251 20 
252 88 
255 29 
255 203 
257 61 
258 46 
259 243 
259 34 
260 29 
260 78767 
260 25 
261 1072 
261 34 
263 61 
266 297 
266 34 
267 280 
267 428 
268 372 
269 24 
271 76 
271 160 
273 41 
273 59 
273 31 
273 26 
274 229 
275 152 
275 22 
276 161 
276 391 
276 41 
277 58 
278 104 
278 136 
278 182 
278 1266 
278 116 
279 53 
279 358 
279 178 
280 706 
281 132 
283 68 
283 104 
283 80 
284 102 
287 155 
287 76 
287 98 
288 14 
288 31 
288 74 
289 95 
289 46 
289 27 
289 48 
290 50 
290 65 
291 44 
293 152 
294 231 
295 77 
296 116 
296 131 
297 120 
297 33 
297 11 
298 5 
298 51 
299 46 
301 179 
302 137 
302 160 
302 368 
303 43 
304 128 
305 105 
305 75 
306 39 
306 52 
307 272 
307 168 
308 106 
309 87 
310 87 
310 49 
310 10 
311 338 
311 32 
311 99 
312 123 
313 35 
313 62 
313 6 
314 120 
315 17 
315 106 
316 127 
317 120 
317 9 
318 56 
318 488 
320 73 
321 196 
322 149 
322 41 
323 59 
323 18 
325 122 
325 24 
326 54 
326 64 
327 25 
328 127 
329 51 
329 28 
332 606 
332 16 
335 86 
336 63 
336 256 
336 1193 
338 76 
338 744 
338 24 
340 255 
340 28 
340 39 
341 172 
345 178 
346 45 
347 18 
347 113 
347 71 
349 39 
349 62 
350 504 
350 80 
351 141 
351 37 
351 10 
352 34 
352 13 
352 18 
354 92 
354 117 
355 30 
357 157 
357 94 
358 63 
358 352 
359 61 
359 63 
359 86 
359 32 
361 90 
362 21 
364 91 
366 46 
366 69 
367 57 
368 227 
369 50 
369 78 
369 61 
372 43 
374 64 
375 100 
376 83 
376 209 
376 112 
377 72 
378 6 
381 53 
382 206 
384 208 
386 16 
387 82 
388 124 
388 8 
389 283 
389 28 
389 44 
391 137 
392 324 
392 82 
392 62 
393 25 
393 34 
393 119 
394 33 
395 68 
396 248 
398 84 
398 554 
400 116 
401 84 
403 46 
403 222 
403 158 
406 28 
407 107 
407 133 
409 220 
410 191 
410 35 
410 57 
410 88 
415 19 
416 13 
416 434 
416 88 
417 108 
417 124 
418 67 
419 41 
419 15 
420 11 
421 49 
422 21 
424 108 
425 30 
425 115 
427 58 
427 14 
427 35 
429 289 
429 112 
429 64 
430 8 
431 35 
432 29 
433 165 
433 36 
434 55 
435 45 
435 39 
436 16 
437 51 
437 17 
439 90 
439 90 
440 55 
441 475 
441 218 
441 15 
442 132 
442 65 
442 124 
443 60 
444 69 
446 69 
450 110 
453 169 
454 47 
454 304 
454 39 
454 94 
455 116 
456 275 
457 23 
460 55 
461 39 
461 101 
463 24 
464 295 
466 28 
466 69 
467 202 
467 21 
468 21 
469 43 
469 28 
470 75 
470 50 
471 39 
474 110 
475 68 
477 282 
478 61 
478 72 
481 10 
482 29 
483 18 
486 148 
490 265 
491 26 
492 142 
494 120 
494 132 
494 216 
494 92 
496 15 
497 23 
499 8 
499 102 
501 83 
501 120 
502 198 
502 75 
502 1317 
503 252 
503 32 
506 133 
507 31 
507 24 
510 259 
511 26 
511 240 
517 85 
520 31 
523 53 
523 77 
524 81 
525 81 
526 224 
528 86 
528 129 
529 15 
530 141 
535 349 
535 53 
537 115 
539 158 
539 165 
542 11 
542 22 
543 13 
543 154 
544 182 
546 8 
548 43 
548 12 
548 119 
552 56 
552 40 
552 90 
552 24 
556 11 
557 29 
558 82 
559 56 
560 119 
561 89 
561 33 
563 85 
563 164 
564 84 
564 130 
565 134 
566 152 
569 126 
570 15 
572 149 
574 76 
575 95 
575 47 
575 112 
575 180 
578 175 
580 5 
580 117 
581 20 
581 140 
582 34 
586 121 
586 231 
590 36 
590 32 
591 30 
592 69 
595 57 
596 91 
597 44 
600 107 
602 93 
603 86 
603 98 
605 96 
606 109 
607 25 
609 51 
612 41 
612 117 
612 36 
613 132 
613 111 
614 143 
614 55 
619 52 
619 120 
620 51 
622 90 
623 78 
623 12 
623 112 
625 41 
627 34 
628 16 
628 69 
630 59 
633 240 
637 53 
639 71 
639 46 
644 50 
647 105 
648 52 
650 19 
650 115 
650 28 
650 41 
653 169 
654 194 
655 50 
656 471 
658 20 
658 53 
658 14 
658 73 
663 241 
664 157 
666 12 
666 60 
671 17 
673 19 
674 43 
674 115 
676 42 
676 165 
685 36 
690 22 
690 88 
691 22 
694 35 
695 27 
696 28 
699 186 
699 32 
700 222 
702 58 
703 53 
707 84 
708 97 
710 78 
713 95 
714 1 
716 13 
717 97 
718 17 
719 297 
720 57 
720 71 
720 62 
722 39 
723 22 
728 127 
730 99 
732 6 
733 68 
733 62 
734 27 
736 67 
736 339 
742 121 
745 117 
748 36 
749 40 
750 14 
754 157 
754 4 
756 56 
756 107 
757 20 
758 65 
761 75 
761 68 
763 16 
764 113 
764 94 
767 65 
767 29 
769 44 
772 54 
777 40 
777 11 
780 29 
781 27 
785 20 
787 43 
788 0 
789 48 
789 203 
793 34 
795 25 
795 24 
797 84 
803 137 
804 129 
806 194 
808 163 
810 332 
814 40 
814 40 
816 11 
816 11 
817 20 
817 21 
817 66 
817 20 
817 21 
817 66 
823 31 
823 31 
824 365 
824 365 
825 459 
825 459 
829 26 
829 26 
832 80 
832 80 
837 57 
837 57 
838 47 
838 8 
838 8 
838 47 
843 59 
843 59 
846 115 
846 66 
846 115 
846 66 
852 34 
852 34 
853 122 
853 122 
861 6 
861 6 
870 122 
870 122 
871 33 
871 33 
872 42 
872 31 
872 31 
872 42 
873 96 
873 23 
873 23 
873 96 
877 48 
886 68 
886 12 
887 39 
892 582 
892 6 
895 56 
900 167 
900 82 
902 25 
904 38 
904 51 
904 70 
908 101 
909 80 
909 52 
916 81 
925 185 
926 40 
926 20 
927 88 
938 91 
938 25 
939 46 
941 32 
943 13 
947 191 
948 42 
949 69 
950 153 
950 16 
953 135 
956 6 
959 254 
961 141 
963 335 
963 38 
974 64 
975 80 
983 50 
983 148 
984 80 
985 6 
985 48 
986 57 
989 25 
1004 39 
1009 50 
1010 22 
1010 17 
1017 40 
1018 254 
1019 30 
1019 76 
1020 117 
1021 202 
1023 119 
1032 49 
1032 107 
1033 230 
1038 56 
1038 44 
1047 92 
1049 692 
1049 29 
1051 102 
1055 20 
1057 47 
1062 75 
1063 51 
1065 183 
1065 99 
1070 119 
1072 16 
1072 109 
1078 72 
1078 18 
1079 21 
1080 208 
1082 31 
1083 7 
1087 75 
1095 109 
1095 19 
1096 180 
1100 151 
1107 145 
1110 220 
1113 35 
1121 38 
1125 139 
1132 69 
1132 40 
1134 589 
1135 40 
1150 13 
1151 60 
1153 52 
1157 26 
1157 247 
1158 157 
1159 104 
1159 41 
1162 478 
1162 57 
1165 22 
1165 108 
1171 148 
1172 44 
1172 30 
1174 76 
1175 73 
1178 13 
1179 19 
1182 6 
1186 82 
1192 56 
1200 105 
1206 50 
1209 224 
1212 45 
1214 51 
1215 16 
1217 43 
1230 186 
1233 6 
1239 82 
1247 62 
1249 22 
1249 88 
1249 252 
1252 199 
1259 35 
1264 19 
1266 11 
1268 45 
1270 203 
1271 27 
1274 41 
1276 4 
1277 17 
1278 9 
1284 73 
1285 42 
1289 120 
1290 69 
1291 56 
1292 43 
1295 132 
1297 159 
1298 86 
1299 60 
1301 56 
1303 77 
1308 31 
1313 159 
1327 52 
1327 112 
1328 17 
1331 41 
1341 114 
1343 192 
1349 456 
1353 67 
1353 3621 
1354 34 
1356 48 
1357 94 
1358 77 
1362 20 
1364 46 
1371 85 
1373 51 
1379 23 
1383 50 
1386 111 
1388 34 
1389 27 
1391 163 
1391 19 
1400 14 
1401 11 
1401 50 
1402 624 
1405 61 
1405 104 
1410 49 
1416 8 
1417 39 
1434 105 
1437 94 
1439 17 
1443 39 
1443 1063 
1448 69 
1450 35 
1458 98 
1463 19 
1475 24 
1478 386 
1480 46 
1487 61 
1489 42 
1499 1727 
1500 30 
1504 2 
1507 155 
1508 53 
1509 63 
1509 7 
1510 46 
1510 168 
1513 114 
1515 22 
1518 35 
1527 40 
1531 95 
1533 174 
1534 19 
1534 968 
1538 53 
1540 107 
1548 127 
1549 111 
1550 39 
1555 215 
1563 27 
1569 27 
1570 6 
1574 115 
1583 68 
1599 151 
1605 27 
1612 81 
1612 137 
1618 81 
1619 59 
1620 58 
1622 19 
1624 42 
1625 200 
1627 170 
1632 19 
1647 72 
1648 20 
1648 18 
1651 67 
1663 31 
1667 78 
1683 5 
1688 53 
1689 105 
1693 64 
1694 13 
1696 14 
1696 106 
1702 144 
1704 101 
1708 57 
1709 320 
1716 13 
1718 170 
1723 21 
1725 118 
1728 175 
1731 95 
1738 28 
1740 150 
1743 13 
1746 55 
1748 79 
1752 13 
1754 35 
1757 66 
1757 22 
1758 21 
1759 15 
1761 64 
1761 79 
1766 363 
1790 158 
1790 5 
1793 33 
1794 11 
1794 30 
1798 3 
1798 110 
1809 8 
1810 53 
1815 87 
1819 10 
1825 247 
1828 5 
1831 1 
1833 47 
1836 37 
1850 71 
1854 22 
1857 57 
1868 59 
1876 79 
1877 198 
1878 10 
1892 5 
1901 217 
1901 37 
1911 20 
1914 246 
1917 173 
1920 39 
1920 14 
1924 43 
1936 121 
1941 50 
1941 324 
1953 38 
1956 131 
1957 7 
1958 54 
1959 37 
1961 151 
1962 23 
1965 3904 
1979 32 
1992 118 
1993 8 
1994 58 
1997 15 
2004 65 
2019 46 
2021 13 
2027 46 
2038 107 
2043 62 
2057 29 
2071 106 
2077 4020 
2079 97 
2081 16 
2083 83 
2085 7 
2096 100 
2099 72 
2099 98 
2102 205 
2107 18 
2123 8 
2125 109 
2125 26 
2127 50 
2129 19 
2130 79 
2130 33 
2150 26 
2168 115 
2172 19 
2173 14 
2190 73 
2197 60 
2202 63 
2219 169 
2221 39 
2231 42 
2238 76 
2248 81 
2250 70 
2255 43 
2259 46 
2269 22 
2272 71 
2279 33 
2293 42 
2298 17 
2302 61 
2303 11 
2307 177 
2309 86 
2311 233 
2312 21 
2313 195 
2317 46 
2317 72 
2320 54 
2331 404 
2361 16 
2366 4 
2368 5 
2370 3 
2376 15 
2388 110 
2393 9 
2399 119 
2407 35 
2412 18 
2417 72 
2419 9 
2420 65 
2421 80 
2423 60 
2432 52 
2432 24 
2433 28 
2459 29 
2472 599 
2473 27 
2484 208 
2486 99 
2489 469836 
2497 9 
2507 87 
2507 36 
2507 34 
2508 199 
2508 212 
2510 105 
2511 2 
2512 55 
2515 14 
2515 790 
2522 14 
2524 525 
2524 531 
2527 11 
2531 86 
2535 118 
2536 94 
2540 158 
2541 60 
2545 168 
2550 10 
2551 238 
2554 56 
2556 49 
2564 77 
2569 54 
2579 155 
2580 49 
2581 191 
2584 72 
2589 28 
2590 22 
2592 91 
2593 100 
2597 107 
2599 153 
2607 46 
2612 51 
2616 101 
2618 16 
2622 29 
2625 54 
2628 59 
2631 25 
2632 33 
2635 164 
2641 94 
2645 13 
2649 154 
2653 169 
2654 39 
2658 25 
2661 38 
2661 33 
2661 17 
2670 56 
2674 81 
2676 47 
2676 49 
2677 53 
2690 27 
2698 216 
2705 34 
2706 62 
2706 109 
2707 61 
2726 11 
2727 21 
2737 188 
2739 44 
2740 27 
2741 255 
2744 252 
2744 43 
2766 411 
2766 173 
2775 24 
2776 67 
2777 57 
2780 54 
2785 68 
2790 57 
2791 130 
2792 18 
2794 34 
2798 63 
2809 3 
2821 133 
2822 22 
2834 87 
2836 10 
2846 221 
2850 115 
2851 15 
2851 54 
2852 5 
2855 93 
2858 44 
2858 65 
2867 55 
2868 86 
2868 58 
2871 53 
2885 37 
2890 20 
2893 426 
2895 16 
2904 42 
2916 48 
2920 102 
2929 16 
2935 30 
2937 520 
2944 54 
2952 21 
2953 110 
2982 27 
2986 130 
2988 33 
3009 30 
3014 169 
3027 67 
3042 126 
3046 13 
3073 128 
3113 6 
3139 96 
3141 696 
3150 843 
3154 110 
3155 69 
3155 28 
3157 33 
3167 126 
3167 126 
3177 39 
3183 13 
3192 18 
3205 108 
3207 163 
3218 21 
3219 45 
3219 77 
3223 12 
3225 41 
3226 94 
3230 53 
3231 307 
3238 25 
3240 33 
3245 121 
3260 105 
3264 13 
3284 1010 
3308 9 
3322 13 
3333 14 
3341 110 
3345 21 
3362 44 
3365 63 
3416 133 
3426 34 
3429 47 
3431 15 
3447 19 
3453 9 
3454 18 
3460 27 
3470 78 
3471 212 
3474 25 
3484 101 
3490 164 
3490 19 
3499 42 
3507 105 
3534 40 
3552 57 
3555 58 
3557 48 
3562 73 
3562 105 
3584 1 
3600 35 
3604 29 
3620 327 
3625 47 
3627 82 
3632 9 
3635 40 
3638 162 
3638 18 
3654 93 
3654 28 
3659 18 
3681 141 
3684 197 
3685 10 
3692 6 
3694 13 
3710 8 
3714 15 
3721 57 
3724 39 
3733 39 
3738 24 
3745 47 
3765 50 
3766 33 
3776 23 
3777 31 
3778 64 
3779 7 
3779 64 
3782 47 
3812 26 
3822 151 
3841 10 
3851 162 
3853 32 
3862 32 
3866 486 
3880 20 
3933 56 
3933 23 
3935 14 
3945 39 
3951 30 
3951 17 
3962 172 
3962 29 
3977 21 
3979 21 
3983 1678 
4001 41 
4010 429 
4058 75 
4078 21 
4081 41 
4088 86 
4100 21 
4103 13 
4114 35 
4121 197 
4122 34 
4123 21 
4144 22 
4172 4 
4172 120 
4174 97 
4185 499 
4203 37 
4218 8 
4223 86 
4238 47 
4245 49 
4253 34 
4296 42 
4298 37 
4299 31 
4303 11 
4303 79 
4308 46 
4346 22 
4348 19 
4362 24 
4365 22 
4375 9 
4395 122 
4454 308 
4464 12 
4465 8 
4484 21 
4496 14 
4498 43 
4543 26 
4567 60 
4583 12 
4588 1635 
4639 30 
4648 129 
4667 36 
4676 53 
4677 22 
4678 52 
4679 52 
4691 48 
4705 157 
4705 79 
4743 19 
4768 34 
4784 27 
4788 5 
4795 32 
4813 22 
4820 112 
4852 39 
4860 9 
4900 65 
4957 41 
4965 37 
4968 30 
4971 27 
4975 22 
4975 29 
4987 41 
4991 67 
4997 201 
5032 10 
5036 1626 
5051 26 
5055 9 
5068 16 
5081 51 
5088 26 
5091 56 
5091 36 
5096 95 
5105 49 
5139 40 
5143 0 
5164 29 
5168 88 
5169 22 
5208 8 
5218 73 
5250 168 
5274 99 
5282 52 
5318 2 
5351 14 
5365 24 
5403 3 
5431 15 
5453 11 
5456 36 
5457 64 
5464 10 
5497 78 
5535 25 
5583 7 
5588 26 
5593 20 
5620 7 
5626 11 
5636 19 
5642 9 
5651 50 
5681 62 
5702 68 
5704 114 
5712 39 
5719 36 
5745 66 
5770 19 
5779 16 
5790 85 
5804 32 
5817 45 
5821 89 
5841 53 
5845 7 
5847 61 
5861 79 
5864 13 
5874 16 
5898 51 
5942 145 
5954 14 
5962 45 
5963 72 
5976 122 
6088 35 
6158 35 
6198 23 
6228 35 
6311 40 
6312 222 
6321 26 
6336 81 
6342 76 
6359 33 
6374 38 
6390 302 
6393 33 
6405 162 
6412 12 
6414 95 
6433 43 
6450 17 
6455 25 
6465 13 
6467 70 
6471 20 
6516 21 
6526 164 
6542 1 
6551 22 
6572 34 
6612 34 
6622 111 
6671 84 
6707 46 
6730 31 
6734 78 
6741 243 
6767 73 
6767 29 
6776 11 
6786 722 
6797 153 
6803 259 
6810 153 
6811 19 
6815 997 
6816 1043 
6821 26 
6823 161 
6829 572 
6835 85 
6837 41 
6845 11 
6846 25 
6852 195 
6859 106 
6861 297 
6861 410 
6892 185 
6902 40 
6906 17 
6935 8 
6940 124 
6941 8 
6955 8 
6967 129 
6969 553 
6993 43 
7021 230 
7068 9 
7069 718 
7074 49 
7079 301 
7083 30 
7127 64 
7144 13 
7176 8 
7181 34 
7207 39 
7216 57 
7242 49 
7248 35 
7276 54 
7286 30 
7338 28 
7400 49 
7475 10 
7490 68 
7494 14 
7533 22 
7605 30 
7609 46 
7617 417 
7621 56 
7652 29 
7656 906 
7679 197 
7682 181 
7719 27 
7726 51 
7735 83 
7742 5 
7754 26 
7802 322 
7805 68 
7812 88 
7817 118 
7842 37 
7889 1257 
7918 582 
7919 23 
7938 13 
7943 8 
7945 79 
7975 3 
7975 20 
7994 20 
8066 84 
8075 58 
8214 44 
8223 17 
8237 47 
8274 71 
8279 97 
8330 126 
8398 6 
8420 35 
8460 19 
8554 12 
8564 32 
8564 15 
8570 5 
8597 66 
8602 56 
8608 42 
8642 52 
8643 29 
8674 2 
8750 38 
8763 22 
8886 22 
8963 2 
8991 32 
9014 23 
9043 11 
9051 97 
9067 38 
9082 106 
9125 24 
9163 24 
9176 12 
9241 35 
9270 39 
9273 14 
9302 215 
9331 28 
9338 71 
9432 247 
9435 157 
9435 19 
9459 64 
9460 512 
9461 36 
9487 770 
9504 217 
9506 103 
9506 1592 
9523 33 
9553 93 
9560 116 
9562 792 
9568 29 
9572 3 
9573 622 
9582 176 
9591 558 
9592 974 
9593 57 
9594 157 
9598 95 
9605 1347 
9610 338 
9619 217 
9685 526 
9686 385 
9706 34 
9711 17 
9725 558 
9737 51 
9760 74 
9761 171 
9765 69 
9780 576 
9803 1600 
9844 36 
9891 10 
9897 93 
9906 70 
9932 108 
10002 10 
10060 13 
10061 8 
10071 103 
10183 69 
10214 178 
10247 66 
10315 6 
10358 56 
10371 79 
10383 8 
10393 38 
10421 62 
10429 1 
10469 8 
10487 30 
10495 45 
10509 10 
10661 22 
10676 7 
10711 31 
10748 23 
10785 61 
10833 32 
10857 21 
10892 164 
10896 67 
10942 13 
10946 49 
10980 23 
11007 7 
11094 59 
11197 67 
11218 28 
11245 35 
11250 68 
11261 3 
11264 66 
11408 15 
11428 7 
11464 25 
11506 38 
11599 18 
11634 47 
11641 68 
11712 15 
11828 25 
11841 39 
11886 12 
11904 34 
11944 56 
11981 14 
11986 12 
12016 2 
12059 68 
12068 43 
12070 14 
12071 45 
12124 39 
12183 16 
12203 13 
12251 75 
12267 0 
12281 5 
12317 35 
12337 14 
12382 20 
12415 50 
12504 7 
12550 10 
12567 44 
12643 51 
12713 13 
12751 314 
12751 41 
12802 22 
12918 12 
12922 86 
12989 38 
13002 101 
13038 26 
13040 6 
13100 151 
13150 2 
13164 54 
13223 90 
13230 40 
13351 12 
13351 40 
13354 20 
13370 15 
13412 1 
13432 69 
13455 25 
13459 91 
13504 440 
13529 20 
13575 196 
13579 46 
13605 53 
13624 46 
13679 34 
13720 38 
13721 41 
13774 20 
13812 9 
13840 3 
13872 326 
13874 9 
13883 24 
13899 34 
13938 158 
14014 84 
14018 50 
14049 20 
14142 31 
14220 0 
14242 39 
14254 39 
14291 20 
14299 40 
14336 45 
14376 30 
14472 8 
14486 1 
14508 6 
14658 5 
14669 10 
14945 593 
15009 12 
15077 60 
15110 29 
15147 27 
15167 32 
15272 35 
15302 41 
15304 465 
15387 17 
15389 53 
15401 18 
15406 16 
15416 65 
15428 16 
15454 163 
15601 158 
15661 684 
15761 6 
15761 6 
15775 129 
15775 129 
15878 34 
16068 12 
16107 63 
16139 24 
16186 16 
16191 2 
16200 32 
16255 7 
16319 48 
16517 20 
16530 16 
16639 20 
16726 56 
16875 2434 
16883 26 
16976 33 
17325 21 
17385 13 
17408 14 
17479 124 
17628 46 
17634 35 
17666 58 
17765 23 
17778 179 
17793 149 
17819 4 
17849 63 
17876 18 
17944 20 
17956 96 
18065 55 
18081 19 
18100 10 
18152 5 
18219 13 
18236 62 
18266 54 
18267 13 
18289 7 
18324 21 
18381 250 
18469 281 
18519 1056 
18610 9 
18630 122 
18846 36 
18869 30 
18881 136 
18933 38 
18976 1102 
19008 48 
19090 81 
19291 8 
19435 39 
19437 24 
19498 70 
19519 17 
19538 22 
19672 71 
19743 13 
19817 61 
19883 26 
19916 13 
19978 150 
19990 58 
20086 4 
20097 28 
20128 28 
20154 5 
20285 9 
20285 147 
20348 60 
20474 733 
20524 5696 
20821 4911 
21021 55 
21046 29 
21059 43 
21098 149 
21100 14 
21109 5 
21177 147 
21248 185 
21271 28 
21381 57 
21436 17 
21491 31 
21501 17 
21802 109 
21910 127 
22074 115 
22100 231546 
22110 59 
22116 602 
22116 36 
22120 242 
22122 51 
22124 104 
22125 195 
22126 41 
22129 489 
22130 363 
22130 98 
22133 264 
22134 81 
22136 391 
22137 26 
22139 251 
22142 13 
22145 240 
22146 192 
22147 41 
22150 247 
22150 382 
22151 92 
22151 730 
22154 73 
22155 54 
22158 124 
22158 48 
22159 169 
22159 92 
22159 9 
22160 23 
22162 31 
22162 14 
22162 184 
22162 209 
22162 44 
22164 116 
22164 496 
22164 44 
22165 82 
22165 20 
22167 159 
22171 134 
22173 201 
22174 854 
22175 129 
22177 25 
22177 188 
22177 76 
22178 359 
22178 152 
22179 495 
22183 224 
22184 86 
22184 153 
22192 196 
22196 135 
22197 227 
22199 61 
22209 48 
22211 805 
22211 15 
22215 106 
22218 58 
22218 175 
22219 108 
22219 91 
22220 98 
22221 199 
22222 74 
22226 74 
22226 527 
22227 4 
22232 48 
22235 113 
22237 49 
22239 13 
22240 303 
22244 68 
22247 117 
22248 57 
22248 7 
22249 122 
22251 410 
22261 24 
22266 236 
22269 89 
22270 68 
22271 72 
22271 190 
22272 206 
22276 72 
22277 144 
22282 30 
22294 75 
22300 210498 
22311 368 
22315 93 
22317 108 
22318 167 
22319 7 
22319 197 
22323 60 
22326 74 
22329 178 
22332 232 
22334 151 
22340 51 
22342 212 
22343 568 
22343 20 
22352 94 
22353 55 
22353 197 
22355 321 
22358 94 
22362 68 
22363 127 
22364 201 
22368 193 
22368 81 
22372 100 
22374 105 
22386 173 
22392 69 
22393 106 
22400 77 
22402 57 
22403 72 
22407 18 
22409 110 
22412 29 
22416 14 
22423 129 
22424 15 
22424 196 
22428 548 
22429 35 
22429 107 
22434 386 
22437 86 
22443 41 
22444 19 
22449 45 
22451 47 
22454 60 
22465 15 
22470 138 
22475 36 
22477 155 
22482 52 
22484 48 
22486 74 
22490 36 
22491 53 
22505 56 
22518 50 
22524 8 
22526 74 
22530 58 
22531 272 
22533 130 
22542 127 
22567 182 
22583 52 
22583 84 
22587 103 
22588 48 
22590 83 
22612 6 
22625 147 
22633 528 
22634 352 
22636 93 
22649 49 
22655 13 
22660 24 
22661 64 
22663 37 
22668 31 
22679 657 
22682 69 
22683 43 
22711 1 
22714 23 
22715 184 
22733 48 
22740 2193 
22744 83 
22759 32 
22760 20 
22777 268 
22783 24 
22839 61 
22849 158 
22910 93 
22972 86 
22986 126 
22992 8 
23026 55 
23040 114 
23075 48 
23083 77 
23102 56 
23134 752 
23138 58 
23233 92 
23249 25 
23258 207 
23312 75 
23333 142 
23476 351 
23481 88 
23596 1265 
23632 368 
23640 140 
23664 125 
23717 49 
23841 377 
23878 2 
23880 29 
23920 362 
23960 34 
23968 24 
23985 7 
24020 53 
24026 267 
24115 89 
24133 33 
24135 76 
24150 4 
24285 45 
24309 19 
24310 0 
24312 11 
24324 131 
24346 63 
24351 73 
24356 131 
24376 99 
24382 46 
24394 30 
24423 16 
24438 24 
24442 78 
24451 21 
24506 9 
24537 11 
24660 497 
24680 213240 
24695 81 
24697 145 
24701 167 
24710 210 
24710 277 
24715 186 
24721 106 
24725 285 
24732 511 
24734 55 
24736 92 
24747 25 
24749 229 
24749 460 
24774 108 
24775 136 
24776 90 
24776 97 
24779 37 
24785 60 
24792 532 
24793 72 
24795 627 
24795 14 
24797 207 
24799 110 
24809 24 
24815 230 
24818 185 
24820 20 
24827 84 
24848 153 
24855 14 
24895 67 
24898 15 
24901 62 
24918 231798 
24922 31 
24933 369 
24960 75 
24965 66 
24975 27 
24977 59 
24989 61 
24992 61 
24994 105 
25004 164 
25008 177 
25013 37 
25032 30 
25058 49 
25087 188 
25092 222 
25106 35 
25169 9 
25226 44 
25237 25 
25243 1 
25264 129 
25283 49 
25365 523 
25373 1265 
25377 47 
25378 123 
25380 111 
25383 775 
25388 731 
25388 449 
25390 766 
25395 398 
25395 334 
25396 605 
25396 140 
25402 425 
25403 661 
25408 100 
25409 102 
25415 935 
25430 531 
25433 144 
25433 212 
25434 43 
25440 78 
25441 237 
25452 356 
25456 1310 
25461 35 
25464 175 
25464 179 
25470 32 
25480 97 
25486 143 
25493 37 
25494 1464 
25506 120 
25509 55 
25521 442 
25526 70 
25597 6598 
25624 121 
25679 57 
25684 31 
25700 54 
25703 102 
25706 155 
25735 133 
25760 334 
25766 346 
25767 78 
25790 218 
25811 112 
25837 235 
25845 5 
25853 165 
25866 48 
25914 39 
25926 42 
25958 88 
25969 91 
25994 63 
26090 49 
26113 81 
26173 74 
26240 91 
26264 26 
26307 74 
26317 255 
26476 21 
26562 30 
26588 1008 
26646 145 
26651 42 
26736 451 
26776 117 
26853 341 
27085 36 
27090 38 
27266 61 
27294 7 
27314 277 
27374 199 
27410 465 
27410 73 
27435 81 
27497 381 
27512 94 
27559 35 
27609 35 
27618 155 
28234 30 
28260 10 
28370 67 
28412 21 
28432 24 
28477 58 
28497 11 
28760 2 
28795 49 
28911 12 
28974 80 
29016 41 
29151 7 
29182 27 
29347 78 
29456 12 
29489 43 
29610 28 
29869 144 
29911 41 
30112 909 
30130 114 
30218 9 
30432 12 
30782 30 
31033 27 
31387 87 
31489 43 
31563 184 
31713 239 
32030 50 
32110 133 
32131 3 
32131 27 
32237 71 
32307 183 
32421 100 
32493 2437 
32674 295 
33159 63 
33280 12 
33357 124 
33535 338 
33581 188 
33630 409 
33785 52 
33843 8 
33856 0 
34006 66 
34010 14 
34394 34 
34438 68 
34937 2 
35014 1 
35254 13 
35787 447 
35791 174 
35957 1 
36005 1185 
36164 35 
36317 14 
36624 8 
36674 92 
36881 95 
37338 1044 
37452 410 
37506 12 
37982 82 
38172 110 
38298 76 
38719 39 
39040 20 
39056 44 
39188 10 
39440 61 
39567 59 
40202 64 
40286 11 
40745 42 
41461 17 
41534 31 
41857 159 
42273 274 
44149 55 
44193 105 
44430 107 
45744 10 
46040 753 
46040 753 
46719 49 
47405 33 
47486 26 
47744 122 
48029 17 
49295 116 
49784 8 
53029 402 
55090 216 
56729 7 
57437 15 
62686 93 
62777 11 
63375 27 
64074 9863 
64814 144 
64823 101 
64826 302 
64834 1081 
64842 580 
64842 553 
64864 140 
64865 453 
64878 268 
64901 655 
64903 184 
64907 266 
64909 227 
64921 27 
64941 172 
64969 48 
64971 158 
64975 61 
64978 509 
64996 250 
65000 75 
65002 231 
65004 206 
65031 392 
65046 321 
65052 474 
65064 61 
65066 113 
65118 150 
65127 140 
65141 322 
65150 77 
65177 126 
65179 83 
65182 87 
65194 49 
65210 120 
65230 83 
65258 5 
65264 268 
65265 168 
65321 42 
65361 208 
65362 169 
65386 44 
65459 161 
65491 48 
65497 248 
65536 41 
65536 25 
65556 186 
65562 140 
65575 105 
65709 154 
65710 280 
65751 253 
65753 237 
65796 135 
65831 23 
65884 163 
65896 33 
65942 714 
65988 76 
66096 29 
66126 48 
66139 202 
66237 7 
66273 55 
66374 161 
66385 27 
66493 55 
66509 8 
66627 217 
66712 130 
66749 42 
66841 190 
66854 50 
66873 94 
67014 35 
67058 110 
67128 47 
67265 70 
67511 70 
67531 251 
67549 117 
67618 29 
67755 64 
67934 48 
68034 94 
68045 56 
68150 50 
68383 6 
68482 64 
68567 23 
68599 13 
68624 951 
68883 247 
68922 60 
68979 48 
69118 4 
69404 105 
69489 292 
69495 68 
69527 166 
69575 10 
69591 26 
69647 124 
69687 144 
69790 61 
69824 39 
69960 129 
69974 68 
70015 79 
70126 8 
70181 52 
70293 45 
70440 14 
70446 474 
70491 296 
71340 277 
71383 30 
71472 70 
71550 114 
71661 43 
71739 58 
71769 28 
72235 67 
72372 47 
72555 883 
72603 19 
72628 30 
72854 248 
73131 116 
73406 72 
73547 3 
73836 43 
73900 31 
73946 105 
74169 98 
74438 22 
74489 102 
74567 73 
75053 99 
75142 122 
75182 31 
76551 40 
76817 100 
76865 641 
76915 117 
76931 24 
77229 39 
77239 35 
77261 123 
77385 578 
77443 270 
77730 19 
77789 2 
77848 35 
77904 460 
77936 20 
78231 768 
78549 25 
78583 10 
78797 46 
79081 18 
79210 76 
79319 44 
79383 16 
79487 50 
79513 71 
80987 10 
81041 13 
81515 39 
81766 73 
82006 72 
82786 915 
82902 539 
82908 111 
82910 47 
83280 52 
83320 258 
83341 71 
83352 214 
84000 32 
84220 313 
84221 375 
84256 395 
84773 21 
85396 31 
85490 65 
85873 11 
85956 35 
86244 508 
86256 78 
87058 224 
87203 11 
87332 75 
87783 38 
88290 69 
88456 162 
88623 53 
88874 12 
88902 29 
90394 97 
90740 21 
90816 3 
90844 87 
91169 106 
91234 175 
91480 230 
92523 126 
92530 14 
92892 64 
94215 184 
94521 106 
94599 108 
94603 96 
94929 23 
95026 94 
95117 436 
95931 18 
95943 42 
96165 113 
96257 1 
96294 312 
96458 64 
97084 47 
97222 11 
97239 17 
97291 71 
97468 22 
97542 41 
97543 377 
97602 238 
98059 11 
98833 496 
99107 40 
99822 64 
99876 13 
100275 40 
100534 14 
100699 50 
101066 42 
101415 4737 
101770 314 
101884 10 
101926 43 
102211 68 
102242 42 
102249 257 
103182 109 
103371 369 
103727 37 
103913 45 
103954 47 
104079 199 
104134 297 
104134 195 
104154 566 
104182 120 
104187 364 
104194 127 
104237 87 
104293 6 
104297 38 
105454 7 
105690 109 
105720 34 
105805 27 
105828 1 
106268 106 
106846 47 
107341 2 
107394 207 
107655 203 
107725 32 
107750 167 
107754 44 
107775 10 
107940 93 
108184 56 
108422 108 
108664 91 
108744 7 
108883 42 
109031 137 
109107 1 
109343 57 
109813 631 
109883 11 
109886 15 
109947 27 
110179 113 
110583 158 
110672 40 
110771 22 
110798 72 
110823 739 
111245 66 
111704 38 
111996 20 
112373 407 
112443 114 
112579 10 
113449 154 
113694 87 
113786 9 
115071 38 
115261 19 
115623 72 
116798 40 
117086 6 
118004 5 
120435 153 
121298 183 
121320 12 
124351 79 
124801 58 
125010 572 
125952 163 
126607 643 
127391 290 
127876 105 
127977 28 
128228 241 
129149 1 
130864 65 
132355 1113 
133034 307 
135489 64 
151568 80 
152569 10 
152960 150 
153428 115 
154819 8 
156372 6 
156837 55 
158294 1332 
158367 161 
159480 125 
159524 9 
159957 29 
159992 6 
160274 50 
160468 32 
162647 221 
163424 79 
165052 1343 
165239 79 
165278 77 
165298 10 
165494 102 
165624 117 
165654 61 
165771 46 
165875 119 
166887 62 
166959 27 
167186 5 
168009 11 
169243 116 
169447 30 
169560 35 
169850 34 
169906 81 
169953 107 
170065 8 
170125 9 
170152 118 
170300 86 
170470 16 
170476 18 
170534 48 
170546 25 
170681 31 
171380 56 
171580 306 
171813 70 
172005 402 
172141 90 
172235 100 
172642 40 
173090 126 
173796 939 
173932 70 
174588 17 
174872 75 
174913 148 
175244 188 
175277 51 
175313 34 
175411 70 
175753 311 
176011 22 
177389 23 
178165 2831 
178169 1262 
178178 1002 
178186 376 
178225 64 
178488 47 
179494 50 
180098 51 
180214 28 
180580 114 
180793 10 
181253 120 
181301 203 
181320 18 
181370 76 
181529 195 
181586 17 
181641 178 
181895 79 
182356 79 
182528 172 
182638 266 
182908 45 
183038 7 
183130 111 
183285 50 
183372 283 
183488 757 
183928 23 
184029 244 
184169 5 
184496 215 
184511 62 
185334 3 
185405 415 
185443 448 
185958 25 
186020 192 
186097 2 
186734 132 
186857 19 
187073 45 
187495 7 
187589 102 
187628 19 
187653 117 
187685 726 
187845 17 
188191 617 
188195 34 
188530 40 
188857 227 
188926 98 
189281 90 
189283 128 
189702 4258 
189983 223 
190253 11 
190813 53 
190815 11 
191166 38 
192121 177 
192931 1104 
192972 452 
192990 96 
193010 134 
193072 128 
193253 56 
193533 39 
193554 50 
193625 10 
193699 6 
193898 134 
194153 477 
194186 19 
195327 204 
196026 106 
196238 158 
196718 118 
196801 3 
197696 99 
198086 300 
198890 523 
199205 214 
199368 17 
199648 89 
201789 9 
202296 128 
202573 80 
202944 596 
202972 770 
207248 8 
207270 40 
207994 35 
208178 15122 
208363 151 
210675 349 
210752 146 
210783 22 
210832 58 
211436 4 
211548 120 
214391 727 
214972 87 
219398 13 
226111 143 
239619 224 
241245 337 
241928 51 
242885 95 
243667 366 
246525 110 
246743 16 
247240 37 
248762 254 
251231 34 
251441 65 
251778 8 
252014 5 
252396 26 
252403 31 
252504 5 
252509 4 
253334 18 
253993 84 
254152 10 
254175 31 
255286 78 
255296 16 
256176 49 
256423 137 
257242 374 
259191 516 
260711 55 
261386 31 
261574 266 
262231 21 
263728 33 
264962 2 
265068 257 
265696 13 
265870 1848 
265899 265 
265925 168 
267558 299 
267620 207 
267907 260 
268024 150 
268137 38 
268154 204 
268364 0 
268573 157 
268597 53 
269034 147 
269505 253 
270878 7437 
271833 712 
273377 870 
273834 59 
274052 65 
274652 71 
275357 834 
275728 142 
275912 250 
276428 114 
277911 33 
278449 218 
281394 23 
281977 345 
282959 39 
283097 70 
283152 70 
285075 74 
285452 167 
286790 63 
286917 66 
287756 379 
288507 288 
289456 37 
290785 13 
290869 99 
291234 55 
292274 331 
293665 31 
295220 74 
296103 1011 
298457 39 
306130 54 
308963 88 
316320 376 
327289 71 
327634 509 
330542 2 
335217 334 
335994 55 
341030 306 
343203 41 
346558 39 
346628 331 
349070 7 
349229 24 
349867 123 
359158 360 
374152 7 
375870 4 
375969 13 
377501 125 
378453 2 
378453 2 
378816 315 
379841 10 
379845 23 
379875 21 
381189 320 
382897 42 
383413 14 
383719 25 
383839 14 
388594 3 
394440 9 
410239 59 
411877 49 
418973 32 
424688 169 
425436 23 
435506 2 
436276 36 
438181 214 
439182 46 
439231 12 
439281 97 
439362 11 
439377 61 
439739 299 
439848 338 
440298 141 
440647 124 
440895 63 
441008 463 
441041 31 
441154 414 
442041 31 
442310 18 
442542 58 
442956 6 
442961 42 
445790 526 
447929 8 
447940 43 
448973 150 
449721 11 
449778 27 
449808 19 
449945 36 
451216 63 
451414 42 
452209 86 
452946 32 
453399 46 
453412 128 
453459 62 
453523 385 
453760 80 
454168 230 
454271 7 
454543 123 
454639 201 
454910 27 
455169 18 
455300 3094 
455355 40 
455439 72 
455914 499 
456089 34 
456573 3 
457572 1356 
457574 35 
457592 1094 
457594 534 
457614 704 
457760 190 
457780 1314 
458236 71 
458391 58 
458991 49 
459000 20 
459542 73 
460919 198 
460926 394 
460942 25 
461213 41 
461256 34 
462352 79 
462564 78 
462772 61 
463205 33 
463236 541 
463623 118 
463918 94 
465468 2235 
468184 39 
469073 11 
473433 3 
473725 9 
474402 5 
474887 49 
475962 167 
476481 93 
478296 15 
480038 110 
484142 29 
491378 4 
493652 117 
493854 103 
494198 20 
496782 241 
496909 259 
496919 640 
503474 87 
503706 46 
503799 15 
503842 1114 
504115 435 
504164 317 
504196 152 
504209 27 
504229 45 
504535 101 
504636 40 
505855 80 
506245 3 
506364 318 
506640 248 
507397 243 
507429 92 
508371 5 
508910 56 
509598 26 
511484 44 
511642 10 
511729 32 
511795 21 
511835 82 
512198 495 
512572 52 
512761 80 
513091 26 
513915 50 
514192 28 
514462 9 
514540 7 
515174 102 
515333 79 
515816 64 
516143 1758 
516593 89 
517061 6 
517079 74 
517270 309 
517541 140 
517985 44 
518248 202 
518429 201 
522109 27 
522698 2 
525225 11 
527073 19 
527172 40 
527338 734 
529816 17 
532322 222 
532704 135 
534414 21 
534547 204 
536889 39 
537101 715 
537381 7 
537877 126 
538026 36 
538763 66 
541634 77 
541715 94 
542168 168 
542193 26 
543002 145 
543530 44 
543545 39 
544122 12 
544466 129 
545391 39 
546004 47 
546555 77 
549785 159 
553169 31 
554314 55 
554577 667 
555708 12 
557290 40 
559537 6 
560190 50 
563754 104 
567395 36 
577783 168 
580155 0 
580522 977 
587891 196 
588004 18 
588272 571 
588539 20 
588605 84 
588737 194 
588900 214 
588959 34 
589227 52 
591420 67 
591716 20 
599023 51 
599657 165 
600060 20 
600066 222 
600290 205 
600685 638 
601255 1449 
601276 675 
601487 99 
601490 97 
603140 81 
603228 19 
603735 35 
604181 308 
