4290 1.84850694444
0 918735 
9 250 
10 305 
11 245 
12 56 
12 159 
13 40 
14 135 
16 148 
19 59 
20 181 
21 156 
21 567 
22 136 
22 90 
23 79 
24 8 
25 63 
26 229 
27 85 
29 72 
29 456 
29 194 
31 355 
31 69 
31 155 
32 369 
32 148 
33 114 
34 157 
35 442 
35 82 
36 77 
37 9 
38 43 
38 66 
39 64 
39 46 
40 619 
40 72 
40 76 
40 234 
41 139 
41 63 
42 96 
43 16 
43 111 
43 44 
44 382 
44 36 
45 86 
45 14 
45 164 
46 76 
46 173 
46 70 
47 46 
47 13 
47 142 
47 13 
50 135 
50 72 
50 614 
50 107 
51 79 
51 408 
51 1 
51 142 
51 185 
52 61 
52 107 
53 61 
53 142 
53 46 
54 49 
54 29 
54 1119 
54 15 
54 63 
54 55 
54 128 
54 11 
55 169 
55 136 
55 53 
55 136 
56 62 
57 136 
59 78 
59 57 
60 246 
60 155 
60 678 
60 93 
61 123 
61 130 
63 74 
63 152 
63 98 
63 85 
63 89 
63 62 
64 28 
64 271 
64 61 
64 285 
64 244 
65 42 
65 324 
65 131 
66 127 
66 61 
66 173 
66 167 
67 74 
67 401 
67 63 
67 70 
68 81 
68 131 
68 60 
68 84 
68 92 
68 85 
68 67 
69 200 
69 102 
69 4 
70 31 
70 140 
70 264 
71 55 
72 55 
72 89 
72 63 
72 19 
73 5 
74 446 
74 167 
74 14 
74 69 
75 172 
75 166 
75 37 
75 61 
75 55 
75 78 
76 36 
76 98 
77 39 
78 1227 
78 45 
78 445 
78 15 
79 29 
79 94 
80 44 
80 59 
81 18 
81 90 
81 110 
81 26 
81 1098 
81 80 
81 19 
82 205 
82 60 
83 12 
83 30 
83 999 
84 291 
84 61 
84 107 
85 141 
85 37 
86 167 
86 19 
86 10 
86 74 
86 58 
87 465 
87 29 
88 13 
88 39 
88 499 
88 161 
88 100 
88 65 
89 147 
89 208 
89 178 
89 117 
90 39 
90 31 
90 151 
90 109 
91 70 
91 1270 
91 42 
91 42 
91 99 
92 167 
92 132 
92 94 
92 366 
92 127 
92 172 
92 55 
94 41 
94 110 
94 127 
94 71 
95 70 
95 149 
95 243 
95 71 
95 88 
96 45 
96 28 
96 22 
97 84 
98 28 
98 46 
99 24 
99 146 
99 73 
99 778 
99 56 
100 152 
100 54 
100 80 
100 26 
100 158 
100 76 
101 375 
101 98 
102 16 
102 121 
102 254 
102 123 
102 26 
102 71 
102 27 
102 291 
103 84 
103 64 
103 68 
104 78 
104 25 
104 232 
104 65 
105 76 
105 2584 
105 134 
105 42 
105 309 
106 82 
106 428 
106 118 
107 158 
107 130 
107 193 
107 22 
109 73 
109 4 
109 173 
109 39 
110 123 
110 34 
110 21 
110 64 
110 26 
111 55 
111 308 
111 272 
111 28 
112 63 
112 116 
112 156 
112 26 
112 144 
113 280 
114 224 
114 36 
114 39 
115 93 
115 26 
115 155 
116 31 
116 296 
116 71 
117 252 
117 83 
118 32 
118 417 
118 46 
118 25 
119 218 
119 98 
119 30 
119 78 
120 47 
121 73 
121 248 
121 587 
121 45 
121 65 
121 81 
121 23 
122 29 
122 133 
123 115 
124 81 
124 173 
126 434 
126 79 
126 112 
126 28 
126 11 
126 74 
126 118 
126 356 
127 70 
127 209 
128 33 
128 148 
128 38 
129 115 
130 81 
130 11 
131 122 
131 23 
132 26 
132 92 
133 125 
133 102 
133 41 
134 26 
134 180 
134 151 
134 115 
134 26 
135 161 
136 91 
137 92 
137 98 
137 36 
137 59 
138 18 
138 82 
138 121 
139 528 
139 100 
140 73 
140 55 
140 72 
141 103 
141 35 
141 137 
142 227 
142 26 
142 177 
142 64 
142 92 
143 27 
143 99 
144 23 
144 141 
144 144 
144 21 
144 39 
144 28 
145 92 
146 161 
147 154 
147 138 
147 73 
147 245 
148 50 
148 45 
148 48 
149 92 
149 62 
150 93 
150 12 
151 148 
152 155 
153 36 
153 26 
153 93 
153 29 
154 31 
154 169 
155 77 
156 102 
156 47 
157 45 
157 293 
157 258 
158 28 
158 30 
158 101 
158 61 
159 78 
160 84 
160 142 
160 7 
161 88 
161 120 
161 754 
161 103 
162 98 
162 42 
163 375 
163 28 
164 100 
165 172 
165 8 
165 602 
165 94 
165 26 
167 145 
167 37 
167 185 
168 113 
168 54 
169 104 
171 27 
172 81 
172 361 
174 261 
174 60 
174 85 
175 184 
177 196 
177 346 
177 161 
178 95 
179 261 
179 43 
179 111 
179 265 
180 127 
180 65 
180 38 
180 45 
181 83 
181 4 
182 29 
183 56 
183 17 
184 11 
184 200 
184 84 
185 133 
187 29 
187 134 
187 175 
188 167 
189 37 
189 70 
190 141 
190 47 
190 79 
191 319 
191 28 
192 0 
193 122 
193 195 
194 33 
194 232 
195 82 
195 36 
196 64 
197 151 
198 19 
200 67 
200 139 
200 23 
202 19 
202 349 
203 44 
203 136 
203 32 
204 32 
204 26 
205 696 
205 47 
205 110 
205 25 
206 75 
206 80 
207 65 
207 631 
208 9 
208 194 
209 140 
209 17 
210 46 
211 64 
211 61 
212 115 
212 202 
212 38 
213 58 
215 70 
215 23 
216 28 
216 32 
216 65 
217 156 
218 123 
219 159 
219 48 
219 1 
220 161 
221 95 
222 224 
222 46 
222 167 
223 59 
224 82 
225 83 
225 45 
225 110 
225 6 
229 13 
230 411 
230 70 
231 60 
232 111 
232 11 
233 77 
234 43 
235 207 
235 6 
235 443 
236 2 
236 185 
236 105 
238 93 
238 78 
238 141 
239 1 
243 61 
245 31 
246 69 
247 18 
247 76 
248 86 
248 501 
248 37 
249 13 
250 120 
251 26 
251 42 
252 29 
253 113 
254 42 
254 112 
254 82 
255 71 
255 94 
256 31 
256 179 
257 57 
259 42 
259 48 
259 91 
261 124 
261 105 
261 112 
263 46 
263 82 
265 123 
266 131 
266 10 
266 49 
266 107 
270 99 
270 137 
270 10 
271 34 
271 122 
273 53 
274 26 
274 28 
275 70 
276 58 
277 242 
277 98 
278 110 
279 51 
279 94 
279 42 
280 14 
281 21 
282 118 
282 52 
282 157 
283 94 
283 63 
283 40 
284 11 
284 35 
285 28 
285 182 
286 49 
287 39 
287 180 
287 17 
288 13 
288 406 
291 70 
292 88 
293 68 
294 157 
296 279 
297 76 
297 58 
300 10 
300 103 
301 68 
302 59 
303 107 
306 149 
307 34 
308 96 
308 310 
309 122 
310 110 
311 33 
311 129 
312 9 
312 201 
312 26 
312 111 
313 25 
313 102 
314 45 
315 20 
317 85 
318 66 
318 97 
319 135 
320 38 
320 406 
322 35 
322 176 
323 17 
324 30 
325 61 
325 78 
325 159 
326 57 
327 44 
328 37 
328 40 
329 79 
329 13 
329 56 
333 147 
333 16 
334 471 
334 33 
334 82 
334 48 
335 16 
336 1510 
336 172 
337 18 
339 30 
339 36 
340 62 
340 87 
341 12 
342 45 
342 90 
345 56 
346 324 
346 72 
348 383 
348 45 
349 172 
350 75 
350 11 
350 79 
351 400 
352 145 
354 12 
354 40 
357 44 
358 81 
361 46 
362 93 
363 109 
366 77 
366 244 
366 14 
368 37 
370 202 
373 215 
374 73 
375 126 
376 119 
377 136 
379 182 
381 240 
381 294 
381 14 
382 65 
382 143 
384 11 
384 97 
385 21 
385 130 
385 204 
385 56 
386 30 
386 235 
388 113 
390 332 
390 2 
392 25 
392 29 
393 280 
393 21 
395 445 
397 443 
398 19 
399 90 
401 14 
402 22 
403 51 
403 75 
404 42 
404 75 
404 124 
405 89 
406 19 
406 121 
406 29 
408 50 
410 286 
411 211 
412 227 
413 160 
413 74 
414 96 
414 421 
415 50 
416 149 
416 243 
417 81 
418 60 
418 23 
419 283 
419 278 
421 71 
422 98 
424 111 
428 224 
429 21 
431 123 
431 156 
431 81 
433 284 
433 133 
434 71 
435 40 
436 46 
441 14 
442 133 
442 71 
442 135 
443 134 
443 139 
444 5 
446 60 
446 80 
446 26 
448 52 
450 266 
450 286 
453 59 
454 106 
460 44 
463 26 
464 72 
468 41 
469 37 
472 24 
473 40 
473 68 
473 133 
475 184 
475 15 
475 40 
475 62 
476 14 
478 177 
478 39 
478 88 
478 116 
479 33 
480 0 
480 51 
480 46 
480 20 
481 54 
482 15 
482 23 
485 50 
487 68 
487 35 
493 99 
494 243 
495 163 
495 85 
495 81 
496 122 
499 39 
502 126 
502 78 
504 179 
505 34 
507 38 
510 82 
510 69 
510 5 
510 24 
514 13 
514 59 
516 54 
521 27 
522 154 
528 156 
529 71 
529 28 
529 8 
530 100 
531 17 
531 49 
532 95 
532 65 
533 26 
533 77 
535 11 
535 90 
535 31 
539 428 
543 130 
543 168 
545 45 
546 372 
546 21 
548 196 
550 75 
551 259 
551 18 
552 63 
553 155 
553 186 
554 238 
554 50 
554 32 
556 120 
559 124 
559 376 
561 495 
562 171 
566 196 
570 33 
571 39 
572 44 
572 33 
573 113 
574 50 
576 37 
577 18 
581 28 
583 165 
583 108 
583 129 
584 16 
585 129 
589 312 
591 96 
591 24 
591 124 
592 33 
593 114 
593 56 
594 689 
597 191 
597 32 
598 164 
598 521 
599 30 
601 432 
602 186 
603 65 
604 41 
608 185 
609 54 
610 5 
610 45 
611 163 
611 87 
611 48 
611 68 
613 24 
613 153 
617 63 
620 180 
622 29 
623 22 
623 108 
625 46 
626 54 
626 3 
629 110 
632 14 
634 23 
635 16 
635 65 
636 99 
636 68 
637 40 
639 197 
642 82 
648 34 
649 307 
652 231 
652 80 
653 93 
653 43 
657 32 
660 83 
662 59 
663 54 
664 12 
666 26 
667 14 
668 12 
669 65 
669 141 
669 186 
671 171 
672 44 
673 47 
673 78 
674 89 
674 55 
675 41 
676 73 
677 76 
677 56 
678 3 
680 50 
681 250 
681 31 
682 25 
687 35 
689 20 
694 220 
695 59 
696 157 
696 61 
698 109 
698 65 
700 141 
701 120 
705 79 
705 177 
707 39 
710 62 
711 22 
713 204 
714 14 
716 52 
716 81 
717 5 
720 84 
725 50 
726 181 
727 10 
728 54 
729 30 
734 235 
734 100 
736 63 
737 52 
741 74 
744 123 
745 188 
747 158 
748 78 
748 60 
750 57 
750 175 
750 70 
751 77 
752 49 
753 51 
756 22 
758 113 
758 42 
759 75 
762 5 
766 68 
769 70 
769 52 
769 41 
771 252 
774 47 
775 33 
775 47 
778 101 
784 63 
787 89 
788 243 
789 88 
793 44 
794 47 
794 20 
798 66 
803 200 
807 188 
808 107 
815 51 
816 31 
817 6 
819 202 
819 15 
820 34 
824 32 
827 52 
832 15 
835 6 
835 4 
838 34 
839 58 
841 42 
844 33 
846 117 
848 23 
849 975 
849 10 
850 12 
851 14 
852 97 
853 449 
859 25 
863 22 
869 197 
870 86 
873 6 
874 400 
876 15 
876 23 
877 62 
881 53 
883 27 
885 45 
887 360 
890 104 
893 64 
902 44 
902 14 
903 111 
903 607 
907 111 
910 114 
912 51 
913 52 
915 45 
915 195 
917 38 
919 53 
924 138 
924 12 
924 32 
930 16 
933 743 
934 17 
934 24 
937 55 
937 156 
937 145 
938 98 
940 5 
942 22 
942 72 
944 28 
944 858 
947 48 
952 31 
956 210 
958 60 
959 377 
961 30 
962 45 
965 83 
968 492 
972 190 
974 44 
979 55 
980 34 
983 294 
984 31 
985 79 
986 12 
986 148 
989 140 
990 60 
992 28 
997 70 
997 107 
1003 28 
1004 33 
1012 151 
1013 9 
1015 33 
1016 147 
1019 175 
1019 73 
1024 238 
1026 16 
1029 35 
1030 21 
1031 77 
1031 146 
1039 39 
1042 330 
1047 244 
1048 29 
1049 85 
1053 73 
1062 39 
1063 51 
1065 22 
1070 84 
1074 42 
1075 74 
1077 45 
1079 79 
1083 294 
1084 62 
1084 70 
1086 126 
1087 20 
1088 41 
1089 132 
1093 35 
1094 66 
1095 100 
1098 67 
1106 54 
1111 183 
1113 47 
1128 29 
1132 153 
1133 51 
1138 22 
1141 271 
1142 262 
1144 165 
1146 0 
1147 16 
1150 23 
1150 70 
1154 88 
1162 273 
1163 4 
1164 16 
1165 45 
1168 76 
1171 14 
1181 31 
1184 72 
1185 29 
1188 42 
1189 101 
1195 21 
1195 34 
1197 9 
1198 117 
1201 311 
1203 30 
1206 20 
1208 31 
1210 27 
1210 92 
1215 38 
1217 69 
1217 12 
1218 89 
1218 16 
1219 23 
1221 67 
1223 83 
1224 41 
1227 175 
1227 146 
1229 80 
1236 45 
1241 84 
1242 11 
1245 42 
1250 43 
1251 38 
1253 124 
1254 4 
1255 63 
1257 204 
1260 34 
1262 53 
1264 70 
1265 287 
1269 65 
1269 106 
1271 44 
1275 44 
1277 14 
1277 110 
1280 61 
1283 12 
1284 34 
1289 29 
1289 145 
1293 47 
1293 33 
1293 82 
1296 115 
1297 6 
1297 35 
1302 8 
1305 4013 
1319 25 
1330 9 
1331 14 
1338 90 
1343 40 
1347 20 
1351 112 
1355 65 
1366 42 
1372 58 
1377 20 
1377 20 
1381 47 
1385 52 
1388 61 
1388 34 
1388 370 
1390 41 
1391 121 
1392 25 
1393 31 
1395 30 
1398 7 
1400 27 
1401 28 
1402 101 
1406 194 
1407 10 
1408 207 
1409 48 
1410 93 
1412 106 
1417 20 
1418 296 
1419 56 
1424 12 
1427 38 
1438 33 
1440 42 
1443 71 
1446 26 
1447 94 
1452 17 
1459 52 
1459 169 
1462 54 
1462 79 
1463 18 
1466 43 
1470 631 
1476 23 
1478 6 
1483 33 
1485 29 
1487 85 
1489 34 
1491 119 
1493 39 
1494 23 
1495 99 
1496 61 
1497 13 
1500 8 
1502 74 
1502 15 
1503 12 
1503 43 
1506 155 
1512 132 
1518 32 
1518 27 
1521 8 
1524 685 
1524 72 
1525 54 
1526 18 
1540 110 
1543 67 
1553 10 
1558 155 
1563 64 
1564 20 
1565 269 
1570 56 
1572 212 
1575 24 
1576 81 
1578 154 
1585 87 
1586 24 
1587 47 
1589 182 
1590 71 
1593 19 
1597 105 
1607 274 
1622 16 
1625 124 
1628 120 
1630 44 
1631 136 
1632 44 
1633 50 
1639 193 
1641 56 
1644 241 
1648 46 
1650 96 
1650 37 
1654 65 
1659 13 
1664 130 
1666 15 
1667 58 
1672 11 
1686 41 
1687 21 
1692 32 
1694 180 
1698 59 
1698 23 
1707 155 
1709 29 
1713 101 
1715 20 
1716 133 
1718 42 
1721 56 
1725 33 
1729 39 
1731 9 
1734 64 
1738 70 
1746 137 
1746 8 
1748 65 
1754 253 
1759 9 
1762 37 
1763 28 
1773 121 
1775 244 
1779 85 
1779 27 
1779 15 
1779 28 
1804 24 
1806 36 
1807 28 
1810 62 
1825 37 
1828 60 
1832 18 
1832 372 
1834 105 
1834 58 
1847 73 
1849 89 
1855 22 
1859 29 
1864 103 
1870 53 
1871 25 
1885 118 
1886 76 
1886 64 
1895 191 
1896 20 
1910 52 
1911 50 
1912 31 
1916 37 
1917 95 
1934 8 
1944 35 
1948 44 
1951 35 
1951 139 
1966 242 
1970 62 
1970 7 
1977 227 
1979 5 
1989 47 
1996 32 
1999 64 
2002 69 
2002 41 
2005 91 
2006 51 
2008 2 
2010 21 
2019 3 
2020 131 
2024 122 
2025 23 
2027 38 
2027 58 
2031 49 
2034 86 
2035 130 
2041 659 
2044 169 
2046 83 
2051 139 
2052 7 
2053 693 
2056 33 
2057 127 
2061 83 
2064 43 
2066 44 
2071 1106 
2076 124 
2077 60 
2093 8 
2094 57 
2100 24 
2106 17 
2109 52 
2110 51 
2111 56 
2123 32 
2124 51 
2125 50 
2128 120 
2130 37 
2140 25 
2146 66 
2150 34 
2159 30 
2163 60 
2164 0 
2169 29 
2171 48 
2176 5 
2183 10 
2184 23 
2209 13 
2215 16 
2219 46 
2222 38 
2226 91 
2234 414 
2248 74 
2250 235 
2251 76 
2252 34 
2271 9 
2282 37 
2284 44 
2301 85 
2304 1246 
2311 255 
2317 35 
2319 68 
2322 154 
2324 43 
2327 62 
2331 18 
2334 44 
2337 45 
2345 49 
2346 36 
2348 10 
2349 92 
2352 38 
2355 28 
2356 65 
2361 63 
2369 11 
2383 4 
2387 23 
2388 79 
2392 143 
2393 23 
2396 18 
2399 546 
2412 11 
2421 75 
2424 84 
2428 28 
2456 40 
2456 53 
2458 59 
2459 58 
2465 38 
2484 104 
2486 43 
2498 23 
2503 200 
2505 67 
2509 49 
2516 58 
2521 10 
2524 158 
2527 79 
2527 81 
2536 41 
2537 97 
2544 50 
2549 100 
2563 81 
2564 9 
2569 18 
2570 93 
2574 50 
2586 47 
2593 76 
2597 19 
2609 17 
2609 8 
2610 22 
2614 19 
2615 60 
2621 13 
2631 22 
2631 20 
2636 33 
2642 101 
2652 53 
2655 27 
2655 511 
2657 113 
2657 16 
2658 50 
2658 62 
2670 7 
2685 12 
2692 19 
2707 11 
2707 836 
2709 59 
2720 41 
2729 71 
2730 38 
2731 50 
2741 86 
2743 3 
2743 48 
2747 37 
2751 18 
2757 15 
2773 34 
2780 165 
2781 72 
2784 5 
2812 29 
2816 92 
2822 22 
2823 41 
2827 483 
2843 26 
2849 30 
2856 1 
2861 73 
2869 24 
2879 15 
2880 30 
2880 79 
2890 40 
2891 27 
2898 96 
2899 56 
2915 12 
2916 26 
2921 26 
2926 43 
2934 31 
2939 91 
2941 80 
2945 36 
2954 220 
2967 258 
2980 266 
2983 76 
2999 41 
3000 44 
3002 17 
3004 33 
3010 142 
3013 171 
3021 136 
3031 109 
3031 91 
3032 32 
3034 11 
3036 34 
3037 30 
3037 45 
3046 52 
3051 24 
3052 12 
3052 122 
3053 40 
3074 90 
3080 57 
3084 8 
3097 5 
3099 49 
3101 11 
3101 80 
3103 47 
3111 56 
3121 26 
3121 27 
3123 1599 
3136 91 
3146 48 
3146 18 
3157 204 
3157 9 
3158 287267 
3160 88 
3161 68 
3162 32 
3164 20 
3166 96 
3183 901 
3185 26 
3188 142 
3193 9 
3193 28 
3194 39 
3196 104 
3201 75 
3203 66 
3203 1175 
3211 10 
3214 38 
3215 718 
3219 185 
3220 10 
3220 997 
3222 10 
3227 84 
3227 30 
3232 89 
3235 22 
3238 137 
3251 286 
3251 8 
3251 34 
3256 402 
3258 444 
3263 30 
3267 45 
3267 20 
3277 3 
3286 33 
3289 142 
3293 14 
3295 42 
3298 114 
3299 88 
3303 19 
3305 112 
3311 34 
3315 22 
3315 141 
3326 246 
3327 81 
3341 42 
3341 172 
3342 152 
3345 6 
3351 36 
3361 221 
3363 69 
3374 70 
3379 9 
3386 11 
3395 6 
3401 119 
3410 117 
3419 25 
3421 56 
3423 31 
3432 161 
3433 39 
3434 11 
3442 10 
3447 168 
3451 556 
3456 21 
3462 72 
3462 34 
3463 73 
3463 12 
3468 86 
3475 147 
3480 39 
3482 75 
3488 27 
3497 38 
3498 18 
3498 13 
3502 127 
3507 19 
3525 132 
3530 25 
3533 134 
3543 162 
3546 4 
3559 9 
3571 166 
3587 71 
3600 4107 
3605 263 
3616 30 
3620 72 
3622 56 
3630 52 
3632 11 
3632 18 
3634 44 
3639 12 
3644 8 
3646 112 
3649 66 
3667 18 
3676 71 
3689 12 
3696 39 
3711 46 
3716 2 
3724 23 
3748 12 
3749 71 
3750 28 
3758 169 
3762 60 
3762 62 
3767 14 
3776 21 
3780 57 
3789 136 
3803 47 
3811 83 
3832 31 
3833 10 
3841 71 
3852 14 
3853 20 
3855 70 
3872 12 
3873 14 
3891 23 
3895 26 
3904 10 
3916 197 
3934 41 
3934 41 
3937 10 
3937 10 
3942 36 
3942 36 
3945 28 
3945 77 
3945 28 
3945 77 
3946 28 
3946 28 
3949 107 
3949 107 
3951 50 
3951 50 
3957 86 
3957 86 
3985 8 
3985 8 
3985 9 
3985 9 
4012 106 
4017 54 
4024 6 
4026 352 
4030 125 
4043 132 
4056 35 
4056 14 
4098 24 
4107 350 
4107 36 
4108 15 
4109 23 
4114 75 
4122 47 
4131 4 
4139 50 
4156 380 
4164 782 
4169 14 
4175 48 
4175 1303 
4183 242 
4184 38 
4186 576 
4197 7 
4198 856 
4212 65 
4213 344 
4226 1 
4246 4 
4248 10 
4249 712 
4251 13 
4259 27 
4273 107 
4275 28 
4279 53 
4291 1155 
4294 16 
4301 294 
4308 30 
4322 9 
4325 27 
4347 115 
4352 169 
4360 30 
4367 35 
4372 41 
4379 91 
4393 17 
4403 28 
4416 8 
4417 24 
4419 36 
4424 99 
4425 26 
4429 925 
4441 147 
4442 15 
4447 18 
4451 34 
4458 84 
4489 80 
4489 37 
4493 48 
4504 14 
4514 10 
4519 272 
4520 56 
4531 31 
4534 40 
4548 30 
4552 9 
4555 134 
4574 512 
4575 23 
4581 1856 
4581 37 
4595 34 
4610 51 
4621 113 
4622 447 
4624 56 
4627 38 
4634 200 
4636 35 
4646 223 
4670 12 
4671 51 
4685 51 
4685 5 
4697 6 
4717 5 
4721 91 
4731 126 
4753 15 
4758 39 
4771 32 
4772 10 
4787 7 
4788 48 
4804 32 
4816 54 
4818 35 
4822 127 
4822 58 
4837 60 
4838 51 
4852 8 
4857 104 
4872 22 
4882 52 
4889 50 
4900 65 
4907 39 
4915 18 
4916 28 
4935 39 
4937 49 
4961 77 
4968 19 
4973 53 
4995 18 
5051 37 
5052 31 
5054 78 
5068 37 
5072 93 
5126 50 
5149 199 
5155 45 
5179 16 
5180 145 
5208 29 
5224 20 
5248 22 
5262 7 
5319 57 
5353 64 
5357 11 
5366 10 
5367 22 
5371 0 
5400 66 
5402 17 
5420 35 
5442 30 
5494 99 
5496 726 
5535 41 
5536 49 
5539 12 
5567 117 
5571 13 
5584 50 
5598 27 
5612 192 
5613 79 
5641 34 
5646 36 
5675 34 
5692 150 
5720 157 
5722 151 
5746 397 
5749 53 
5752 56 
5763 276 
5765 71 
5772 19 
5820 553 
5825 107 
5826 44 
5829 211 
5865 80 
5868 145 
5868 1 
5888 49 
5896 6 
5904 25 
5959 11 
5967 18 
5975 19 
5979 75 
5990 13 
5996 58 
6002 20 
6008 27 
6029 4 
6030 61 
6037 33 
6054 68 
6086 11 
6087 72 
6103 6 
6141 4 
6145 89 
6145 63 
6150 90 
6155 123 
6175 123 
6181 39 
6202 40 
6206 33 
6211 44 
6226 231 
6235 12 
6238 2 
6247 54 
6252 60 
6254 15 
6326 12 
6355 102 
6368 20 
6378 67 
6405 1689 
6406 35 
6433 20 
6441 25 
6446 73 
6459 13 
6515 22 
6545 65 
6550 701 
6555 24 
6556 115 
6556 31 
6588 24 
6597 11 
6605 73 
6625 12 
6626 24 
6636 6 
6651 9 
6670 46 
6670 19 
6681 38 
6687 10 
6734 1 
6735 6 
6739 153 
6746 6 
6754 23 
6780 125 
6789 105 
6852 10 
6856 7 
6878 59 
6914 109 
6961 287 
6972 27 
6979 47 
6982 47 
7022 59 
7034 68 
7036 26 
7051 17 
7051 24 
7053 40 
7074 52 
7097 25 
7101 87 
7115 38 
7136 33 
7167 5 
7173 68 
7224 67 
7258 25 
7267 94 
7283 36 
7303 28 
7327 104 
7385 24 
7415 13 
7448 218 
7475 92 
7495 22 
7531 18 
7545 488 
7561 38 
7578 102 
7584 209 
7592 676 
7600 1580 
7606 90 
7610 245 
7610 392 
7618 84 
7622 64 
7639 38 
7651 20 
7656 3 
7664 469 
7674 1622 
7678 29 
7679 1074 
7696 189 
7729 365 
7740 16 
7744 529 
7765 15 
7778 124 
7784 17 
7799 128 
7800 7 
7833 76 
7843 72 
7900 169 
7903 33 
7925 1305 
7930 23 
7989 185 
8015 105 
8030 5 
8075 24 
8084 21 
8142 29 
8144 44 
8153 4 
8162 102 
8188 70 
8191 11 
8202 8 
8218 167 
8220 12 
8247 104 
8262 27 
8288 21 
8310 153 
8310 7 
8312 38 
8316 169 
8316 23 
8363 29 
8386 106 
8403 0 
8415 6 
8416 83 
8418 48 
8461 93 
8485 34 
8579 16 
8595 11 
8602 169 
8705 38 
8860 22 
8875 126 
8945 37 
8948 138 
9074 59 
9087 9 
9185 90 
9195 97 
9204 9 
9209 33 
9213 11 
9302 46 
9325 30 
9360 56 
9378 30 
9424 28 
9512 22 
9521 25 
9556 52 
9612 18 
9614 48 
9625 28 
9634 32 
9663 15 
9666 23 
9694 5 
9733 6 
9741 95 
9759 214 
9764 18 
9780 98 
9796 47 
9797 27 
9835 718 
9882 114 
9890 108 
9910 48 
9915 101 
9951 23 
9952 415 
9982 13 
10006 46 
10010 185 
10037 217 
10164 115 
10194 5 
10210 19 
10212 52 
10238 13 
10305 20 
10310 19 
10361 253 
10378 112 
10395 147 
10449 135 
10503 45 
10520 94 
10567 8 
10569 28 
10648 10 
10666 3 
10674 59 
10697 40 
10742 31 
10746 43 
10758 89 
10788 18 
10869 31 
10872 42 
10969 122 
10978 20 
10988 192 
10996 72 
11034 581 
11061 27 
11095 35 
11170 13 
11220 33 
11221 39 
11234 12 
11270 61 
11282 31 
11352 37 
11396 48 
11472 36 
11480 41 
11524 17 
11577 59 
11592 10 
11623 24 
11701 24 
11729 27 
11798 137 
11837 76 
11843 10 
11850 29 
11856 61 
11934 39 
11955 40 
11985 3 
11985 183840 
12011 321 
12011 29 
12045 41 
12048 279 
12049 26 
12053 122 
12071 8 
12076 72 
12080 270 
12100 49 
12118 64 
12131 133 
12176 289 
12186 127 
12194 118 
12196 54 
12268 105 
12273 459 
12291 92 
12303 55 
12316 41 
12336 547 
12391 8 
12398 7 
12400 102 
12406 3 
12414 23 
12433 924 
12440 16 
12454 9 
12471 17 
12477 26 
12511 20 
12517 46 
12525 584 
12541 3 
12578 54 
12596 14 
12616 9 
12627 61 
12634 40 
12637 7 
12663 32 
12677 56 
12685 78 
12686 25 
12751 34 
12798 64 
12835 45 
12874 30 
12901 43 
12953 43 
12966 43 
12966 21 
12968 10 
13089 8 
13102 240 
13104 210168 
13126 81 
13136 386 
13144 810 
13146 93 
13150 19 
13151 160 
13158 35 
13158 518 
13168 205 
13170 156 
13170 107 
13170 85 
13171 69 
13174 152 
13174 43 
13175 137 
13176 57 
13188 44 
13192 120 
13195 102 
13200 81 
13204 55 
13205 76 
13207 66 
13210 71 
13214 118 
13216 48 
13216 34 
13217 378 
13220 102 
13220 14 
13228 307 
13228 35 
13229 163 
13232 92 
13240 509 
13242 670 
13243 316 
13248 134 
13251 81 
13256 73 
13260 36 
13260 229 
13268 300 
13272 178 
13283 38 
13286 29 
13290 131 
13295 132 
13304 173 
13304 534 
13309 137 
13321 79 
13321 650 
13324 15 
13333 198 
13335 54 
13350 88 
13352 123 
13353 21 
13353 11 
13374 6 
13377 71 
13382 22 
13403 47 
13404 215 
13413 59 
13414 202 
13422 269 
13439 30 
13447 167597 
13473 139 
13482 90 
13482 5 
13484 81 
13488 100 
13496 47 
13501 45 
13509 65 
13517 2140 
13522 34 
13523 206 
13525 125 
13527 63 
13528 199 
13535 34 
13539 386 
13541 145 
13547 93 
13548 146 
13577 104 
13578 452 
13583 77 
13599 1461 
13615 190 
13642 86 
13645 436 
13648 72 
13652 10 
13655 130 
13658 127 
13658 9 
13672 11 
13680 34 
13685 55 
13693 7 
13700 80 
13706 45 
13712 292 
13714 141 
13725 54 
13740 76 
13761 104 
13761 57 
13791 142 
13807 119 
13818 24 
13820 519 
13825 108 
13835 896 
13838 22 
13911 18 
13920 11 
13939 484 
13944 21 
13947 53 
13954 4 
13963 1258 
13983 34 
13990 17 
14004 93 
14020 89 
14061 135 
14064 173 
14071 35 
14095 119 
14097 25 
14098 529 
14107 3 
14111 46 
14137 56 
14138 62 
14167 14 
14168 8 
14174 93 
14179 37 
14264 91 
14277 24 
14293 38 
14313 90 
14320 82 
14323 996 
14339 70 
14408 24 
14470 54 
14587 97 
14589 32 
14611 7 
14673 36 
14675 297 
14680 125 
14700 95 
14748 44 
14797 4 
14801 150 
14887 167 
14980 0 
15003 7 
15011 19 
15094 335 
15101 560 
15101 292 
15116 500 
15116 705 
15122 181 
15123 50 
15123 547 
15125 393 
15127 66 
15131 176 
15137 259 
15138 116 
15139 91 
15143 1971 
15143 1935 
15143 390 
15144 130 
15144 293 
15148 280 
15149 2415 
15150 250 
15155 16 
15160 487 
15169 75 
15173 83 
15173 97 
15176 106 
15182 9 
15183 203 
15203 884 
15229 123 
15255 190 
15266 12 
15342 193 
15396 79 
15399 241 
15406 16 
15414 90 
15437 52 
15452 119 
15502 353 
15515 6 
15521 54 
15537 63 
15585 119 
15606 53 
15606 87 
15658 62 
15710 45 
15726 13 
15743 128 
15772 21 
15774 13 
15819 28 
15857 45 
15876 92 
15880 19 
15894 105 
15915 544 
15919 31 
15972 72 
15977 8 
15977 14 
15987 17 
15994 388 
16013 9 
16038 26 
16198 271 
16221 101 
16278 22 
16304 586 
16313 25 
16348 79 
16536 7 
16551 10 
16582 60 
16607 5 
16696 24 
16703 19 
16726 62 
16747 41 
16923 3 
16943 38 
17062 19 
17080 14 
17102 44 
17103 241 
17325 7 
17364 17 
17384 23 
17401 9 
17451 54 
17470 16 
17497 4 
17544 12 
17570 8 
17612 47 
17654 51 
17660 82 
17717 19 
17790 43 
17922 21 
17931 11 
18175 21 
18191 685 
18329 75 
18468 4 
18531 2768 
18650 36 
18654 68 
18654 68 
18660 107 
18854 110 
18952 236 
18968 105 
19001 26 
19028 57 
19176 197 
19217 541 
19224 63 
19350 35 
19589 7 
19594 11 
19682 33 
19708 19 
19715 3 
19812 20 
19823 1140 
19954 230 
19954 685 
20018 168 
20038 107 
20049 5 
20102 26 
20136 20 
20307 19 
20470 123 
20573 1115 
20608 5 
20717 13 
20782 4 
20839 18 
20906 305 
21044 16 
21068 14 
21181 33 
21190 63 
21239 48 
21252 30 
21266 12 
21348 143 
21384 100 
21396 110 
21436 7 
21443 10 
21522 13 
21522 3094 
21560 29 
21564 2259 
21577 16 
21585 110 
21628 9 
21657 903 
21664 39 
21729 1972 
21868 45 
21921 239 
21921 349 
21924 62 
21925 66 
21927 759 
21930 35 
21932 298 
21933 2229 
21936 71 
21936 1045 
21939 191 
21940 85 
21943 661 
21948 96 
21948 1064 
21954 356 
21955 77 
21959 723 
21962 415 
21979 90 
21979 136 
21994 118 
22000 147 
22000 548 
22001 249 
22001 675 
22002 336 
22011 52 
22017 434 
22017 117 
22020 13 
22022 18 
22034 106 
22071 123 
22077 282 
22080 172 
22091 13 
22121 101 
22138 41 
22168 107 
22174 94 
22188 153 
22192 16 
22222 243 
22236 159 
22249 47 
22249 115 
22256 37 
22269 35 
22290 723 
22292 169 
22293 87 
22296 118 
22341 206 
22347 29 
22378 18 
22390 55 
22400 243 
22412 50 
22418 31 
22455 20 
22463 170 
22496 141 
22524 197 
22532 96 
22535 58 
22605 107 
22693 24 
22727 32 
22823 566 
22823 761 
22859 22 
22865 54 
22876 19 
22950 105 
22963 61 
22988 152 
23053 11 
23055 33 
23179 33 
23184 15 
23196 73 
23207 26 
23219 5 
23276 158 
23309 60 
23361 62 
23374 3943 
23383 576 
23385 96 
23398 1055 
23648 28 
23661 59 
23663 105 
23686 49 
23696 32 
23698 61 
23728 60 
23743 28 
23751 27 
23765 204 
23826 46 
23858 41 
23918 91 
24101 83 
24206 31 
24241 13 
24303 12 
24338 53 
24468 29 
24473 45 
24685 1 
24716 53 
24814 6 
24924 49 
24992 49 
25084 101 
25340 4 
25367 19 
25585 73 
25670 68 
25691 82 
25931 51 
25993 51 
26012 118 
26052 5 
26102 105 
26163 23 
26297 12 
26426 623 
26488 39 
26550 16 
26624 49 
26626 3 
26704 4402 
26731 395 
26770 628 
26801 19 
26804 58 
26886 38 
26889 39 
27036 153 
27158 37 
27335 1 
27385 60 
27525 18 
27545 19 
27620 14 
27704 7 
27822 34 
27972 40 
28140 198 
28274 29 
28426 78 
28427 1809 
28536 54 
28847 13 
29032 37 
29124 29 
29144 4 
29176 51 
29269 111 
29343 65 
29361 77 
29572 12 
29580 3 
29599 71 
29773 16 
30131 94 
30235 3 
30493 16 
30554 16 
30811 37 
31064 10 
31122 6 
31248 105 
31394 9 
31425 7 
31459 4 
31607 184 
31686 6 
31924 5 
32019 70 
32138 97 
32323 30 
32348 1 
32820 11 
33510 8 
34021 47 
34127 20 
34253 24 
34587 5 
34826 193 
34872 31 
35067 167 
35142 137 
35244 11 
35284 31 
35360 33 
35851 62 
35980 35 
36129 276 
36146 31 
36382 76 
36461 10 
36672 21 
36932 64 
37660 13 
37905 10 
38173 74 
38235 10 
38282 6 
38497 11 
40145 39 
40518 3 
40537 10 
41343 47 
41650 21 
42146 54 
42690 5 
42877 18 
43690 33 
44645 19 
44683 73 
44979 31 
45172 10 
45381 38 
45791 26 
45962 35 
46080 42 
46190 29 
46360 5 
46672 25 
46827 4 
46919 19 
47524 17 
48057 18 
48463 27 
49641 15 
49768 70 
50011 50 
50068 16 
50752 99 
50789 14 
51102 7 
51698 84 
52576 12 
52597 48 
53293 42 
53405 71 
54351 26 
55074 25 
55647 90 
55982 71 
56308 9 
57175 796 
57527 42 
58036 0 
59086 132 
59104 48 
59108 348 
59112 222 
59112 138 
59130 50 
59154 142 
59176 600 
59189 273 
59194 64 
59203 252 
59204 931 
59205 857 
59206 36 
59212 59 
59229 43 
59241 282 
59282 73 
59285 70 
59294 63 
59328 90 
59334 140 
59337 52 
59357 417 
59378 129 
59449 34 
59453 22 
59462 73 
59485 87 
59495 83 
59504 91 
59508 9 
59524 20 
59546 190 
59548 243 
59569 33 
59574 230 
59642 19 
59674 145 
59678 76 
59882 33 
59908 93 
59908 455 
59962 69 
59966 95 
59993 183 
60023 53 
60073 96 
60169 36 
60217 64 
60251 65 
60257 8 
60288 48 
60306 45 
60313 85 
60330 17 
60369 100 
60405 57 
60444 55 
60480 49 
60495 74 
60502 356 
60513 97 
60518 47 
60537 324 
60650 31 
60691 234 
60695 36 
60743 36 
60792 129 
60812 50 
60890 339 
60911 153 
60985 280 
61024 144 
61060 101 
61091 100 
61141 243 
61190 126 
61225 90 
61248 25 
61335 126 
61370 94 
61467 245 
61486 41 
61520 15 
61553 37 
61649 253 
61681 101 
61737 36 
61754 7 
61756 17 
61792 282 
61894 372 
61926 43 
61944 21 
62021 223194 
62049 0 
62063 111 
62064 16 
62064 542 
62078 215 
62085 16 
62102 81 
62111 31 
62112 92 
62113 49 
62115 90 
62125 22 
62141 276 
62155 32 
62156 30 
62164 36 
62170 98 
62189 58 
62191 282 
62192 250 
62195 320 
62200 25 
62208 107 
62262 11 
62274 82 
62274 222 
62288 62 
62308 142 
62314 174 
62327 35 
62334 50 
62346 121 
62389 56 
62398 200 
62411 153 
62415 49 
62420 2759 
62449 67 
62498 115 
62498 16 
62520 55 
62532 404 
62556 146 
62582 3 
62589 125 
62592 36 
62602 231 
62609 38 
62611 75 
62626 30 
62643 68 
62662 29 
62681 27 
62692 44 
62704 282 
62741 384 
62746 54 
62749 544 
62763 14 
62763 262 
62772 55 
62786 49 
62808 78 
62842 98 
62854 93 
62870 184 
62917 21 
62957 50 
62990 5 
63075 74 
63086 225 
63101 56 
63108 23 
63143 49 
63187 134 
63197 132 
63221 93 
63235 49 
63239 94 
63243 138 
63292 446 
63368 303 
63390 65 
63417 59 
63483 10 
63489 205 
63533 150 
63548 42 
63599 26 
63619 51 
63670 44 
63674 594 
63695 48 
63695 48 
63714 142 
63714 142 
63768 53 
63779 317 
63793 55 
63835 282 
63896 37 
63908 167 
63951 152 
63957 133 
63971 139 
64001 39 
64032 30 
64140 1905 
64193 132 
64199 10 
64251 39 
64292 92 
64296 326 
64302 227 
64304 67 
64331 7 
64346 6 
64366 129 
64405 25 
64434 112 
64508 351 
64566 129 
64642 35 
64713 74 
64804 16 
64895 207 
64958 93 
64966 110 
64972 56 
65308 15 
65308 32 
65340 45 
65524 79 
65616 14 
65634 137 
65690 779 
65707 39 
65749 68 
65794 29 
65796 39 
65857 31 
65946 41 
65948 250 
66031 26 
66129 293 
66179 69 
66192 50 
66197 271 
66347 88 
66567 76 
66660 385 
66668 128 
66696 13 
66859 1091 
66884 1042 
66913 86 
66920 130 
67004 65 
67240 49 
67382 41 
67731 31 
67843 162 
67850 14 
67869 40 
67870 61 
67873 35 
67965 38 
68087 19 
68095 79 
68151 741 
68285 7 
68304 100 
68470 83 
68582 6 
68715 35 
68723 122 
68808 28 
68888 118 
68946 19 
69072 174 
69163 13 
69284 26 
69497 4 
69536 3 
69588 479 
69867 94 
70153 81 
70176 15 
70387 89 
70723 9 
70817 11 
70925 25 
70957 20 
71147 39 
71233 39 
71362 1803 
71362 82 
71644 5 
71744 61 
71774 387 
71797 199 
71805 53 
72090 21 
72116 260 
72266 76 
72268 125 
72296 88 
72508 4 
72717 27 
72782 44 
72832 21 
72833 278354 
72838 14 
72839 184 
72855 447 
72856 71 
72858 323 
72859 72 
72859 101 
72864 312 
72866 8 
72866 49 
72868 151 
72869 327 
72874 201 
72874 119 
72875 37 
72879 623 
72883 68 
72883 240 
72886 73 
72889 1245 
72889 26 
72890 80 
72894 209 
72897 54 
72902 275 
72904 171 
72904 8 
72906 430 
72909 31 
72909 41 
72910 215 
72910 111 
72910 115 
72911 82 
72913 117 
72917 31 
72919 81 
72919 286 
72920 89 
72922 92 
72932 142 
72932 33 
72935 67 
72939 206 
72941 373 
72943 427 
72956 60 
72961 177 
72963 90 
72963 10 
72963 93 
72965 316 
72965 265 
72967 126 
72972 118 
72974 55 
72977 209 
72979 99 
72985 27 
72993 5 
72995 83 
72998 356 
73004 130 
73010 170 
73016 85 
73020 607 
73020 62 
73022 30 
73024 131 
73034 92 
73037 486 
73041 956 
73046 147 
73049 291 
73052 15 
73052 127 
73063 52 
73065 116 
73068 349 
73078 62 
73081 62 
73085 137 
73094 126 
73098 28 
73102 7 
73109 95 
73112 75 
73123 328 
73124 66 
73129 11 
73133 155 
73138 1 
73154 290 
73166 183 
73175 21 
73179 111 
73179 90 
73194 108 
73195 117 
73208 61 
73213 65 
73240 42 
73242 44 
73247 30 
73268 42 
73279 148 
73282 100 
73291 48 
73295 80 
73297 69 
73300 67 
73303 72 
73320 73 
73322 123 
73322 157 
73329 164 
73366 142 
73382 6 
73391 93 
73404 36 
73489 299 
73537 18 
73540 281 
73550 87 
73562 76 
73565 48 
73572 74 
73577 22 
73628 236 
73643 140 
73668 11 
73708 78 
73731 348 
73769 66 
73812 208 
73822 232 
73823 288 
73824 53 
73830 76 
73830 10 
73854 364 
73871 83 
73873 4 
73889 24 
73907 2 
73909 15 
73922 163 
73927 33 
73943 62 
73983 67 
74040 221 
74056 88 
74057 27 
74072 80 
74074 37 
74095 11 
74107 31 
74133 102 
74203 31 
74274 49 
74384 166 
74402 57 
74406 196772 
74423 48 
74439 99 
74453 111 
74455 434 
74458 216 
74464 75 
74466 80 
74472 140 
74486 34 
74495 90 
74503 126 
74505 23 
74507 107 
74509 37 
74510 14 
74512 74 
74517 21 
74518 177 
74526 32 
74540 255 
74540 99 
74554 5 
74560 109 
74568 96 
74598 48 
74604 23 
74620 167 
74627 131 
74634 161 
74640 80 
74649 1485 
74671 128 
74682 101 
74683 82 
74702 33 
74719 10 
74725 63 
74728 200 
74740 151 
74790 40 
74795 36 
74806 91 
74833 9 
74837 390 
74879 23 
74890 51 
75034 7 
75076 56 
75178 34 
75215 7 
75305 607 
75357 125 
75406 73 
75463 48 
75477 62 
75515 82 
75581 93 
75705 17 
75923 66 
76381 2 
76426 9 
76487 50 
76611 976 
76681 58 
76683 62 
76774 42 
76823 289 
77253 61 
77285 20 
77350 410 
77459 36 
77463 44 
77571 364 
77889 3 
77944 84 
78005 604 
78014 66 
78088 165 
78101 184 
78139 33 
78278 19 
78352 421 
78358 24 
78422 300 
78441 31 
78443 84 
78595 22 
78626 43 
78768 3 
78803 59 
78803 59 
78838 47 
78838 47 
78856 21 
78871 145 
78877 146 
78994 1 
79009 202 
79111 50 
79125 132 
79132 458 
79442 39 
79469 551 
79471 69 
79589 18 
79691 23 
79734 35 
80190 491 
80238 39 
80279 1466 
80326 46 
80359 3 
80580 49 
80752 257 
80785 314 
80996 155 
81110 141 
81253 35 
81354 42 
81529 68 
81794 16 
81929 15 
82027 8 
82312 90 
82421 42 
82533 28 
82673 13 
83331 25 
83570 269 
83999 12 
84004 146 
84005 2 
84143 8 
84167 24 
84428 81 
84540 71 
84585 9 
84645 22 
84647 5 
84670 160 
84721 98 
84922 190 
85144 145 
85344 47 
85345 1073 
85524 8301 
85607 417 
85753 37 
85779 115 
85877 1257 
85886 4193 
85966 1228 
86296 35 
86368 64 
86384 6 
86453 82 
87280 215 
87483 34 
87608 31 
87693 91 
88134 26 
88872 164 
89204 125 
89314 53 
89498 4 
89649 47 
89733 249 
89822 524 
90382 18 
91570 18 
91875 84 
91921 96 
92060 2 
92321 39 
92527 65 
92946 37 
93067 21 
93512 54 
94489 72 
94537 20 
94669 87 
94922 157 
95627 6 
95886 18 
96290 494 
96601 33 
96673 100 
96812 13 
96980 22 
96980 36 
97974 192 
98653 201 
98986 4 
98997 197 
99036 15 
99057 29 
99140 4 
99216 6 
99253 80 
99317 108 
99430 28 
99433 726 
99474 15 
100257 236 
100376 60 
100413 201 
100435 439 
100456 86 
100653 1812 
100694 455 
101138 21 
101221 92 
101244 29 
101256 207 
101275 31 
101301 35 
101437 134 
101635 368 
101640 77 
101761 107 
101789 377 
101795 71 
102174 89 
102256 15 
102286 33 
102324 45 
102433 21 
102582 39 
102708 210696 
102721 148 
102724 49 
102735 317 
102736 69 
102738 72 
102739 95 
102742 167 
102745 127 
102745 16 
102745 117 
102746 259 
102748 67 
102750 94 
102754 149 
102758 83 
102759 73 
102761 53 
102762 403 
102764 68 
102767 42 
102767 157 
102768 25 
102769 151 
102769 847 
102771 95 
102772 583 
102772 50 
102776 99 
102776 87 
102776 31 
102777 37 
102777 12 
102781 58 
102785 173 
102787 23 
102788 145 
102789 167 
102791 41 
102791 34 
102793 42 
102794 33 
102794 72 
102795 390 
102797 78 
102801 12 
102807 133 
102808 73 
102809 136 
102809 62 
102810 95 
102811 19 
102811 137 
102813 754 
102814 165 
102815 48 
102820 51 
102821 145 
102823 20 
102824 127 
102827 101 
102828 28 
102829 198 
102835 74 
102838 64 
102842 27 
102843 188 
102843 35 
102843 22 
102844 12 
102849 49 
102850 64 
102853 26 
102854 5 
102855 14 
102860 13 
102861 18 
102864 139 
102867 253 
102868 29 
102881 106 
102883 29 
102890 21 
102896 258 
102901 41 
102903 108 
102935 193 
102945 478 
102959 59 
102966 76 
102978 65 
102982 548 
102990 54 
102995 20 
103000 29 
103006 82 
103006 5 
103011 19 
103031 43 
103040 57 
103040 85 
103046 77 
103061 128 
103061 12 
103065 246 
103078 13 
103087 35 
103096 10 
103097 36 
103107 293 
103110 64 
103139 7 
103145 74 
103145 18 
103190 162 
103236 12 
103237 43 
103270 3 
103284 83 
103291 50 
103323 80 
103354 3 
103363 20 
103381 28 
103395 10 
103416 63 
103443 10 
103449 123 
103453 19 
103468 33 
103601 89 
103704 9 
103865 129 
103897 14 
104060 194 
104064 55 
104242 139 
104332 115 
104341 87 
105077 187 
105096 479 
105217 56 
105276 14 
105485 318 
106278 47 
106415 67 
107124 649 
107581 55 
108218 9 
108504 69 
109243 19 
109261 28 
109300 73 
109378 22 
109700 69 
110142 3 
110764 59 
110846 191 
111124 40 
111344 124 
111511 338 
112903 19 
113288 76 
113707 28 
113764 447 
113771 2181 
113820 72 
113848 20 
114879 95 
114983 1084 
115006 494 
115949 712 
116273 76 
116501 11 
116548 332 
116737 39 
117066 20 
117639 6 
118159 2 
118480 20 
119352 424 
119521 31 
120901 10 
121824 140 
122085 55 
127688 52 
142491 113 
143652 5 
145103 136 
145629 15 
145771 6 
146967 1749 
147666 8 
147743 763 
147837 144 
147896 43 
148170 603 
148348 16 
148484 296 
149087 64 
149489 29 
149551 695 
151452 16 
154872 170 
154942 230 
154955 641 
155716 19 
157164 1284 
157656 59 
157854 21 
159385 66 
159655 85 
160165 121 
160230 809 
160282 197 
160307 20 
160340 224 
160619 48 
160840 501 
161258 42 
161734 269 
161913 135 
162188 313 
162217 249 
162278 32 
162709 130 
162757 21 
163446 31 
164925 87 
165048 224 
165107 13 
165184 39 
165293 75 
166021 154 
166119 6 
166285 69 
166437 162 
166568 22 
166617 19 
166694 281 
166715 152 
166789 137 
167107 92 
167967 17 
168496 31 
169143 106 
172055 42 
172238 242 
172520 106 
172595 108 
172645 366 
173021 25 
173135 23 
173258 88 
173605 200 
173758 53 
173826 200 
174039 26 
174218 19 
174232 56 
174271 313 
174503 46 
175342 44 
175654 261 
175708 62 
175866 72 
175976 245 
176424 7 
176935 298 
177107 135 
177151 264 
177569 21 
177909 621 
178528 14 
178738 24 
178752 246 
179303 122 
179959 34 
180274 42 
180698 5 
181185 78 
181416 369 
181520 11 
182070 199 
182136 60 
182149 78 
182169 194 
182978 18 
183128 16 
183519 53 
184580 51 
184863 105 
184939 27 
185139 24 
185436 604 
186159 56 
186356 54 
186527 380 
186539 90 
186646 91 
186939 1804 
186959 68 
186966 751 
186985 41 
186991 47 
187813 84 
187904 108 
187919 134 
187926 631 
188137 166 
188235 3 
188243 126 
188579 158 
188721 40 
188907 72 
189151 1666 
189246 28 
189433 100 
189600 11 
189691 38 
189984 20 
190283 2 
190424 407 
191150 77 
191389 237 
191548 1571 
191657 253 
192257 62 
192258 87 
192758 18 
192782 22 
193033 38 
193452 106 
194120 84 
195934 140 
196169 44 
199530 48 
201894 77 
202339 79 
202408 8 
203116 16 
203708 1484 
203851 683 
203897 363 
204558 1052 
204585 643 
204644 349 
204934 275 
205340 290 
206256 83 
207141 1 
208015 115 
209918 219 
218437 17 
218526 22 
220301 141 
222512 46 
227570 57 
231024 551 
231162 86 
232878 2 
232907 82 
233876 33 
234457 5 
235333 84 
237572 28 
238825 74 
240351 42 
240638 221 
241413 79 
242512 33 
243043 1343 
243221 79 
243529 181 
243601 117 
243804 29 
243808 340 
244153 44 
244450 112 
247274 116 
247393 56 
247588 35 
247608 744 
247610 28 
247844 34 
247909 52 
247957 1546 
248099 9 
248112 367 
248470 16 
249821 38 
249842 121 
249847 169 
249882 263 
250108 63 
250721 414 
250733 346 
251077 251 
251190 37 
251222 930 
251574 95 
251811 939 
252125 143 
252571 17 
252603 520 
252879 347 
253297 4 
253374 29 
253596 73 
254068 22 
255421 23 
256057 20 
256155 2831 
257386 11 
257821 44 
257886 327 
258433 13 
259076 157 
259266 23 
259267 120 
259389 96 
259389 96 
259659 53 
259797 67 
259889 79 
259912 177 
260220 20 
260630 266 
260951 633 
261057 27 
261107 212 
261213 486 
261239 450 
261280 290 
261447 106 
261629 32 
261947 757 
262010 244 
263359 21 
263566 178 
263570 28 
263686 39 
263913 177 
263928 54 
263954 50 
263969 303 
264120 87 
264485 14 
264792 19 
265643 726 
266539 128 
266885 227 
266894 3 
267185 498 
267192 98 
267686 4258 
268360 58 
270128 1716 
270567 73 
270637 24 
271511 39 
271680 26 
271890 134 
271898 26 
271916 28 
272152 477 
272254 208 
273017 506 
273437 85 
273481 453 
273608 48 
275682 100 
277171 32 
277650 16 
277726 17 
278425 17 
278565 14 
280330 124 
280346 128 
280968 42 
281810 50 
282107 43 
284501 16 
286062 73 
286562 28 
289709 19 
299780 12 
317604 224 
319111 337 
321648 366 
321694 22 
325662 36 
326739 254 
327536 80 
328748 40 
329088 193 
329123 16 
329499 65 
330382 31 
330382 26 
330826 29 
331635 91 
331865 407 
334184 49 
334232 2655 
335401 53 
335715 30 
335715 30 
339372 31 
339581 266 
341034 482 
342453 37 
343793 4 
343921 1848 
344692 3 
344943 414 
345765 108 
346315 0 
346346 1136 
346668 23 
346866 31 
347028 21 
349432 22 
349669 46 
350055 305 
351387 870 
351491 104 
353335 20 
360499 29 
361082 70 
361150 70 
361968 82 
362096 22 
362489 3 
363082 74 
363300 19 
364901 57 
365842 9 
365958 39 
366460 288 
371883 4 
373794 11 
375775 9 
375905 61 
377560 162 
378492 3 
379712 37 
382738 18 
391842 188 
391854 188 
403964 106 
413163 334 
414646 63 
416086 18 
416387 81 
416625 11 
418392 554 
421895 73 
424584 362 
425989 934 
428424 29 
429063 31 
429945 70 
431016 4 
436396 47 
456801 315 
460868 42 
461202 10 
461383 90 
461688 27 
463812 11 
466361 3 
469107 12 
472565 80 
485093 182 
487139 4 
488259 59 
494966 22 
495919 100 
496935 32 
500045 80 
502662 169 
507873 31 
508548 270 
508865 54 
516198 214 
516499 11 
517439 97 
517780 95 
517947 4 
517990 133 
518047 108 
518432 68 
518646 124 
520098 521 
520132 48 
520638 47 
521007 62 
525781 164 
525931 526 
526243 9 
529884 521 
530795 37 
530819 38 
531085 21 
531275 238 
531452 59 
531829 159 
532033 380 
532156 230 
532770 292 
532842 21 
533800 4025 
533893 113 
533917 85 
533917 285 
534007 35 
534100 376 
535312 43 
535543 1356 
535781 190 
535900 1179 
535978 85 
536040 133 
536095 381 
536120 64 
536775 52 
537078 20 
537694 17 
537763 126 
537996 773 
538032 54 
538302 261 
538891 198 
539194 41 
540546 78 
540688 50 
540824 140 
541369 1 
541626 118 
541701 37 
542079 22 
543446 2235 
544350 38 
547973 100 
548551 10 
550151 28 
551958 9 
553745 62 
553944 167 
558588 142 
569363 4 
574579 104 
574885 241 
574942 640 
579034 123 
581668 177 
581776 46 
582133 294 
584013 14 
584332 293 
584643 248 
584873 121 
585895 45 
588555 40 
589560 89 
589962 11 
590639 171 
590859 73 
592717 114 
593012 81 
593311 79 
595068 6 
596196 202 
596197 186 
596430 201 
596940 12 
598305 1 
598738 108 
599739 19 
