5693 1.71173611111
0 165406 
12 147 
13 167 
15 132 
16 56 
17 57 
18 175 
18 109 
21 251 
23 201 
24 34 
25 119 
27 323 
31 119 
31 160 
32 67 
33 193 
34 346 
34 69 
35 477 
35 9 
36 86 
38 17 
39 256 
41 367 
41 171 
41 232 
42 125 
42 276 
42 498 
42 97 
42 37 
44 932 
45 116 
48 74 
49 169 
49 16 
49 469 
50 86 
50 101 
51 64 
55 613 
57 280 
57 72 
58 101 
59 157 
59 186 
60 71 
62 159 
64 84 
67 399 
68 149 
68 62 
68 273 
68 243 
68 162 
69 19 
70 14 
71 142 
71 456 
72 72 
72 164 
74 254 
74 22 
75 949 
75 433 
75 52 
78 432 
78 327 
79 279 
80 505 
80 286 
80 117 
81 88 
81 86 
81 92 
82 120 
82 176 
82 920 
83 39 
84 102 
85 314 
85 725 
85 99 
86 69 
86 36 
87 64 
88 98 
88 288 
96 58 
98 17 
100 68 
100 12 
101 107 
101 118 
101 205 
101 364 
102 87 
103 43 
104 72 
104 69 
106 68 
108 27 
109 103 
110 25 
110 83 
111 75 
112 163 
112 197 
114 173 
114 41 
115 308 
117 38 
119 47 
121 344 
122 186 
125 55 
125 121 
125 77 
125 91 
126 50 
127 64 
130 252 
132 368 
133 56 
137 17 
138 500 
142 458 
143 44 
143 102 
145 108 
146 91 
147 46 
147 15 
149 115 
149 77 
150 105 
153 46 
153 92 
154 109 
154 314 
155 299 
155 123 
160 643 
160 236 
160 528 
160 22 
161 131 
161 119 
162 96 
164 183 
165 191 
165 502 
165 105 
167 125 
167 35 
169 145 
170 100 
172 61 
173 231 
173 89 
174 21 
176 344 
177 1121 
178 137 
178 111 
179 307 
179 38 
179 59 
180 113 
181 55 
182 74 
184 47 
184 270 
185 407 
185 150 
189 269 
190 16 
191 49 
193 245 
198 69 
207 231 
208 368 
210 74 
212 372 
212 364 
213 63 
214 106 
221 21 
223 173 
223 261 
227 200 
228 118 
231 108 
233 190 
239 353 
240 80 
240 79 
240 178 
240 121 
241 88 
242 190 
243 127 
244 47 
245 168 
246 45 
247 322 
251 14 
252 1182 
254 285 
256 146 
257 265 
257 24 
265 54 
268 431 
268 125 
273 127 
277 34 
284 238 
288 25 
300 466 
301 70 
315 189 
315 19 
320 110 
327 437 
329 131 
347 69 
366 63 
376 25 
385 85 
390 62 
390 62 
395 84 
395 84 
411 151 
411 151 
417 178 
417 178 
422 377 
422 377 
434 96 
434 96 
448 63 
454 166 
477 86 
483 105 
491 70 
503 171 
513 1167 
514 123 
526 95 
535 135 
541 186 
544 34 
548 313 
549 144 
562 175 
570 110 
612 549 
622 164 
626 50 
631 38 
647 168 
656 83 
664 246 
671 58 
686 166 
709 36 
771 80 
787 16 
795 100 
840 914 
926 86 
927 20 
981 34 
1017 437 
1040 53 
1070 90 
1107 91 
1147 52 
1179 337 
1255 119 
1294 226 
1327 32 
1442 81 
1442 72 
1442 86 
1450 121 
1455 80 
1492 70 
1525 294 
1561 138 
1629 20 
1656 95 
1678 38 
1679 63 
1839 16 
1884 248 
1885 49 
1907 194 
1933 194 
1972 16 
2188 70 
2361 52 
2403 12 
2446 2258 
2527 100 
2539 105 
2554 163 
2592 97 
2635 42 
2637 30 
2667 151 
2703 29 
2747 114 
2819 47 
2820 31 
2840 27 
2858 209 
2867 52 
2914 103 
3111 285 
3286 8 
3492 77 
3572 66 
3738 134 
3786 68 
3879 21 
3926 16 
3974 144 
4479 79 
4739 252 
4857 51 
5287 480 
5345 25 
5982 50 
6182 40 
6230 105 
6267 10 
6715 510 
6969 221 
6993 488 
7112 560 
7171 152 
7215 106 
7355 163 
7398 46 
7592 70 
7598 4 
7766 117 
7903 170 
8128 31 
8278 632 
8326 106 
8398 54 
8667 90 
8769 314432 
8792 439 
8797 117 
8800 62 
8801 32 
8803 1338 
8804 34 
8807 90 
8807 1177 
8814 561 
8814 456 
8815 1017 
8816 236 
8822 198 
8825 63 
8828 523 
8829 481 
8829 24 
8838 127 
8838 207 
8841 152 
8841 108 
8845 81 
8847 619 
8849 189 
8852 19 
8853 36 
8856 26 
8856 119 
8858 110 
8859 43 
8860 40 
8863 44 
8864 43 
8867 245 
8882 1120 
8882 100 
8883 123 
8883 144 
8884 95 
8887 111 
8899 243 
8900 60 
8905 58 
8908 19 
8909 111 
8913 99 
8914 47 
8914 71 
8921 74 
8929 38 
8930 39 
8934 40 
8936 45 
8948 57 
8958 18 
8958 427 
8964 136 
8965 149 
8970 62 
8971 1622 
8973 249 
8978 285 
8980 260 
8981 63 
8985 213 
8998 207 
9002 149 
9004 76 
9010 118 
9013 72 
9022 148 
9022 153 
9028 357 
9036 38 
9037 109 
9049 172 
9060 87 
9067 36 
9077 162 
9096 216 
9106 157 
9118 1096 
9126 21 
9139 113 
9183 131 
9186 121 
9192 155 
9199 43 
9201 66 
9207 289 
9263 539 
9263 101 
9295 267 
9324 88 
9334 78 
9361 149 
9399 83 
9465 56 
9468 289 
9486 55 
9501 53 
9649 340 
9657 699 
9741 122 
9835 378 
9948 589 
10020 1244 
10025 118 
10025 361 
10042 16 
10051 1091 
10080 202 
10094 165 
10099 67 
10099 181 
10104 92 
10123 83 
10123 72 
10171 108 
10242 117 
10267 22 
10311 61 
10322 0 
10338 137 
10433 1847 
10461 78 
10499 1495 
10636 78 
10658 88 
10708 145 
10713 19 
10810 179 
10836 276 
10873 186 
11012 54 
11073 130 
11086 16 
11228 772 
11306 35 
11589 66 
11944 24 
12139 130 
12343 68 
12783 26 
12983 110 
13102 146 
13106 110 
13257 13 
13451 3 
13526 91 
13609 191 
13913 80 
14137 89 
15093 73 
15935 127 
16068 45 
16271 1667 
16307 308052 
16329 127 
16330 459 
16336 505 
16336 49 
16340 17 
16343 48 
16359 154 
16360 127 
16364 267 
16385 192 
16385 126 
16386 559 
16387 121 
16389 70 
16395 80 
16395 227 
16396 142 
16400 87 
16404 92 
16405 160 
16410 191 
16417 38 
16424 105 
16425 88 
16430 52 
16431 102 
16432 88 
16432 37 
16435 363 
16436 158 
16441 46 
16445 66 
16460 37 
16470 32 
16474 376 
16476 216 
16476 42 
16485 70 
16504 390 
16541 127 
16552 73 
16560 106 
16587 138 
16615 131 
16642 17 
16649 20 
16687 17 
16723 20 
16725 141 
16727 240 
16743 97 
16758 176 
16802 29 
16904 96 
16905 67 
16932 58 
16955 49 
16983 97 
16986 925 
17079 132 
17111 59 
17176 24 
17227 157 
17272 70 
17291 91 
17317 590 
17396 172 
17421 287 
17463 139 
17500 64 
17531 98 
17542 50 
17563 78 
17600 57 
17691 168 
17934 67 
17965 328 
17991 43 
18122 208 
18230 44 
18254 294 
18317 234 
18354 148 
18355 382 
18451 89 
18504 29 
18668 168 
18698 206354 
18711 515 
18712 29 
18715 438 
18717 140 
18719 7 
18721 201 
18725 58 
18727 67 
18729 76 
18730 33 
18730 67 
18730 63 
18732 65 
18734 309 
18735 197 
18737 326 
18738 433 
18741 79 
18741 175 
18741 8 
18743 187 
18743 131 
18744 248 
18744 71 
18744 926 
18745 569 
18745 8 
18748 163 
18749 40 
18749 166 
18752 232 
18752 179 
18753 139 
18754 73 
18755 363 
18755 44 
18758 29 
18760 122 
18761 1649 
18764 95 
18764 13 
18769 140 
18770 26 
18770 27 
18770 22 
18771 60 
18771 294 
18772 260 
18774 72 
18774 78 
18775 190 
18776 157 
18777 272 
18778 803 
18778 94 
18780 178 
18780 59 
18782 76 
18784 552 
18784 586 
18785 46 
18789 24 
18791 107 
18792 36 
18794 123 
18794 45 
18794 45 
18795 72 
18795 192 
18796 63 
18797 69 
18798 301 
18799 76 
18802 195 
18802 116 
18803 139 
18806 77 
18807 416 
18808 703 
18808 36 
18810 75 
18810 166 
18811 256 
18817 62 
18817 122 
18819 15 
18821 108 
18822 62 
18824 129 
18826 29 
18827 269 
18827 17 
18827 321 
18828 241 
18829 374 
18829 84 
18830 876 
18830 117 
18831 75 
18831 237 
18834 57 
18838 217 
18841 316 
18842 73 
18843 26 
18854 194 
18858 136 
18859 148 
18860 80 
18862 80 
18865 196 
18874 216 
18881 738 
18881 687 
18885 31 
18887 46 
18889 334 
18890 37 
18890 181 
18899 260 
18901 209 
18906 540 
18909 68 
18917 131 
18917 326 
18917 35 
18922 39 
18940 61 
18943 106 
18947 173 
18947 125 
19017 22 
19025 214 
19026 31 
19027 10 
19033 29 
19035 90 
19043 107 
19063 219 
19070 85 
19075 237 
19083 86 
19096 62 
19106 103 
19109 40 
19141 116 
19254 19 
19296 209 
19297 12 
19392 18 
19451 341 
19479 550 
19508 428 
19582 537 
19714 29 
19742 471 
19951 47 
20187 180 
20192 55 
20194 196 
20409 45 
20675 1074 
20686 249 
20720 69 
20737 252 
21136 129 
21213 45 
21758 4923 
21887 164 
21933 130869 
21946 306 
21961 22 
21962 83 
21962 833 
21963 306 
21967 202 
21972 16 
21975 38 
21976 41 
21977 127 
21980 61 
21980 117 
21981 226 
21985 95 
21986 36 
21986 123 
21986 153 
21988 144 
21989 375 
21990 70 
21990 148 
21991 1009 
21991 1998 
21991 647 
21993 703 
21993 498 
21993 164 
21995 128 
21997 135 
21999 154 
22002 78 
22003 265 
22004 141 
22004 269 
22005 188 
22006 237 
22007 77 
22008 145 
22008 162 
22009 104 
22014 18 
22016 5 
22017 108 
22018 182 
22020 149 
22024 58 
22024 24 
22028 10 
22030 90 
22030 171 
22033 41 
22033 57 
22035 164 
22036 49 
22038 249 
22052 424 
22057 193 
22059 63 
22070 28 
22070 44 
22071 132 
22077 32 
22082 200 
22089 79 
22092 63 
22095 97 
22105 242 
22105 84 
22122 112 
22124 125 
22127 266 
22139 198 
22141 61 
22145 29 
22157 147 
22167 135 
22182 136 
22190 202 
22198 18 
22209 114 
22211 32 
22232 133 
22238 56 
22267 47 
22326 42 
22384 4 
22389 219 
22395 63 
22429 164 
22431 126 
22451 13 
22457 89 
22520 151 
22631 91 
22711 43 
22723 82 
22948 284 
23177 351 
23379 92 
23474 266396 
23495 231 
23503 59 
23506 25 
23514 377 
23520 38 
23528 626 
23532 129 
23535 83 
23538 67 
23542 25 
23546 92 
23552 48 
23555 429 
23561 67 
23566 151 
23576 48 
23580 122 
23587 42 
23588 271 
23593 158 
23595 97 
23606 63 
23608 84 
23609 488 
23616 8553 
23622 503 
23632 181 
23635 97 
23650 21 
23651 353 
23663 707 
23664 69 
23670 107 
23679 70 
23689 93 
23700 238 
23708 110 
23731 199 
23748 51 
23758 126 
23772 187 
23798 380264 
23799 119 
23810 81 
23814 74 
23819 183 
23820 171 
23821 31 
23822 88 
23822 24 
23822 16 
23825 116 
23825 144 
23825 500 
23825 226 
23827 55 
23828 61 
23828 73 
23833 168 
23835 75 
23836 131 
23839 21 
23842 174 
23844 37 
23845 47 
23846 56 
23846 120 
23850 34 
23853 103 
23854 51 
23857 278 
23857 160 
23859 117 
23860 43 
23861 289 
23863 277 
23864 151 
23865 40 
23866 106 
23866 67 
23867 212 
23871 38 
23872 180 
23872 75 
23873 30 
23875 70 
23876 282 
23876 137 
23878 164 
23879 47 
23881 159 
23882 135 
23883 138 
23883 271 
23883 141 
23884 152 
23885 53 
23885 216 
23887 23 
23888 78 
23888 78 
23891 141 
23892 214 
23895 381 
23895 39 
23897 63 
23898 355 
23901 258 
23901 1252 
23903 120 
23906 143 
23907 40 
23908 122 
23908 91 
23908 70 
23913 1253 
23915 42 
23917 123 
23918 3864 
23918 70 
23919 53 
23921 130 
23922 36 
23922 51 
23925 163 
23926 75 
23927 11 
23928 120 
23934 58 
23936 102 
23940 72 
23942 63 
23944 201 
23944 68 
23944 47 
23946 454 
23948 107 
23958 79 
23959 17 
23959 378 
23959 165 
23960 115 
23966 386 
23966 11 
23967 264 
23973 174 
23976 33 
23977 44 
23979 19 
23980 244 
23982 85 
23984 12 
23986 36 
23986 49 
23989 461 
23993 188 
23993 190 
23995 19 
23995 58 
23996 137 
24002 143 
24003 26 
24003 22 
24005 15 
24015 40 
24016 56 
24016 1236 
24018 139 
24022 74 
24025 48 
24052 346591 
24055 42 
24064 134 
24066 396 
24067 97 
24069 73 
24070 22 
24072 139 
24073 92 
24074 216 
24075 143 
24076 17 
24077 210 
24077 1390 
24079 508 
24079 451 
24080 288 
24081 24 
24081 128 
24084 88 
24085 242 
24086 93 
24087 148 
24089 141 
24090 104 
24091 132 
24092 21 
24092 180 
24093 82 
24094 452 
24095 176 
24096 1061 
24097 1007 
24097 384 
24098 130 
24101 16 
24101 77 
24102 1077 
24103 311 
24103 51 
24105 110 
24107 255 
24107 23 
24108 143 
24108 324 
24109 86 
24109 142 
24110 30 
24111 162 
24111 26 
24111 27 
24114 150 
24114 329 
24115 276 
24117 189 
24117 73 
24118 111 
24119 53 
24120 45 
24122 336 
24122 1487 
24122 106 
24124 47 
24125 112 
24126 39 
24126 86 
24126 97 
24126 50 
24127 86 
24128 123 
24128 413 
24129 51 
24129 453 
24130 121 
24130 64 
24130 74 
24132 113 
24132 49 
24132 161 
24134 208 
24136 129 
24137 60 
24138 39 
24138 98 
24138 153 
24140 143 
24141 184 
24141 105 
24142 162 
24143 128 
24143 35 
24144 153 
24144 85 
24144 145 
24147 130 
24147 2 
24147 51 
24149 250 
24150 196 
24150 147 
24153 740 
24154 224 
24154 229 
24154 138 
24154 187 
24158 64 
24158 65 
24158 161 
24158 239 
24158 1463 
24159 73 
24160 80 
24161 256 
24164 12 
24165 249 
24166 184 
24166 25 
24166 85 
24166 67 
24167 615 
24167 284 
24168 11 
24168 129 
24171 52 
24171 33 
24172 395 
24172 1383 
24176 102 
24177 102 
24179 64 
24180 5 
24181 394 
24182 359 
24183 106 
24183 117 
24184 360 
24185 361 
24185 575 
24186 164 
24186 465 
24188 57 
24189 308 
24190 209 
24190 304 
24191 333 
24191 103 
24194 139 
24196 23 
24196 312 
24196 97 
24197 72 
24200 12 
24200 62 
24206 665 
24206 122 
24206 122 
24209 240 
24209 65 
24209 71 
24209 57 
24213 577 
24217 35 
24221 78 
24224 441 
24224 161 
24227 148 
24227 58 
24228 164 
24228 177 
24229 69 
24230 38 
24230 456 
24230 907 
24232 151 
24239 16 
24239 65 
24240 16 
24241 1087 
24243 1130 
24247 66 
24248 41 
24251 90 
24251 87 
24253 199 
24253 119 
24257 2222 
24260 268 
24261 92 
24264 134 
24267 77 
24267 115 
24270 68 
24271 83 
24272 125 
24272 30 
24273 121 
24274 27 
24275 96 
24281 727 
24285 186 
24289 146 
24289 363 
24290 239 
24292 862 
24297 72 
24302 522 
24307 204 
24310 1524 
24312 50 
24312 139 
24314 612 
24331 179 
24332 64 
24337 64 
24339 77 
24339 180 
24350 365 
24351 132 
24351 272613 
24352 80 
24354 174 
24364 476 
24364 235 
24366 69 
24368 37 
24369 293 
24369 1868 
24370 205 
24373 168 
24376 185 
24376 302 
24377 252 
24379 73604 
24380 35 
24380 256 
24380 413 
24385 450 
24386 249 
24386 137 
24388 111 
24389 25 
24390 176 
24392 101 
24393 49 
24396 364 
24397 104 
24400 289 
24400 73 
24402 1 
24403 1230 
24403 52 
24404 158 
24404 208 
24405 93 
24405 270 
24406 77 
24408 20 
24409 142 
24410 72 
24410 373 
24410 31 
24412 162 
24413 141 
24413 248 
24414 55 
24417 134 
24421 121 
24421 21 
24422 30 
24423 281 
24425 61 
24426 156 
24426 2 
24426 118 
24427 87 
24428 189 
24430 242 
24431 270 
24434 277 
24435 121 
24437 201 
24439 61 
24442 268 
24445 183 
24446 242 
24448 116 
24449 178 
24449 120 
24449 33 
24453 76 
24455 169 
24458 253 
24459 115 
24460 175 
24460 286 
24460 19 
24461 129 
24461 206 
24464 214 
24465 150 
24469 109 
24471 60 
24473 126 
24474 203 
24475 222 
24475 221 
24475 291 
24476 450 
24482 216 
24482 113 
24483 163 
24484 253818 
24484 44 
24485 48 
24486 29 
24486 43 
24486 276 
24489 66 
24492 64 
24494 495 
24495 84 
24497 93 
24497 89 
24499 34 
24513 62 
24515 65 
24515 70 
24518 144 
24522 123 
24524 100 
24524 232 
24531 80 
24531 293 
24532 44 
24533 209 
24537 30 
24537 20 
24538 149 
24538 265 
24545 501 
24547 50 
24548 205 
24548 141 
24549 74 
24551 141 
24551 161 
24552 190 
24553 7 
24554 598 
24554 54 
24554 155 
24561 243 
24562 23 
24563 150 
24563 377 
24567 125 
24568 429 
24569 31 
24576 147 
24577 170 
24583 80 
24588 69 
24590 383 
24593 894 
24594 152 
24595 240 
24596 234 
24597 25 
24603 210 
24609 241 
24616 36 
24616 73 
24617 57 
24628 243 
24630 225 
24633 211 
24636 104 
24637 604 
24637 235 
24638 241 
24640 95 
24644 386 
24654 237 
24655 190 
24655 40 
24657 186 
24665 80 
24670 70 
24671 8 
24678 51 
24678 140 
24684 39 
24688 328 
24695 56 
24702 281 
24706 135 
24713 86 
24722 105 
24731 86 
24735 39 
24739 144 
24749 538 
24751 122 
24755 113 
24769 78 
24770 85 
24771 79 
24772 73 
24779 120 
24787 38 
24806 309 
24822 32 
24835 98 
24842 123 
24851 48 
24862 62 
24876 426 
24889 186 
24916 114 
24924 155 
24924 98 
24948 89 
24967 130 
24968 139 
24984 425 
25032 38 
25036 76 
25038 367 
25039 156 
25043 90 
25056 47 
25065 220 
25084 131 
25113 267652 
25131 121 
25138 175 
25139 166 
25140 360 
25163 110 
25165 38 
25165 717 
25168 110 
25176 48 
25178 200 
25185 211 
25194 74 
25197 78 
25200 113 
25209 176 
25212 470 
25213 197 
25221 319 
25232 107 
25235 302 
25239 34 
25288 65 
25296 336 
25304 130 
25307 0 
25308 120 
25311 222 
25339 69 
25344 129 
25352 74 
25364 105 
25366 336 
25374 83 
25397 214 
25402 43 
25403 41 
25434 437 
25460 39 
25478 171 
25495 46 
25554 24 
25555 545 
25602 378 
25626 666 
25627 59 
25660 133 
25680 70 
25718 5635 
25729 1102 
25773 37 
25782 152 
25846 49 
25857 364 
25875 225 
25957 121 
25958 68 
25972 172 
26148 3 
26570 75 
26572 402 
26789 40 
26825 122 
26979 108 
26998 579 
27050 65 
27065 41 
27129 346 
27379 91 
27487 77 
27973 136 
27993 83 
28055 99 
28275 319364 
28296 148 
28301 483 
28304 128 
28305 96 
28306 129 
28308 84 
28311 336 
28317 44 
28318 82 
28320 187 
28320 54 
28321 59 
28325 88 
28326 284 
28327 22 
28329 247 
28330 14 
28330 38 
28330 18 
28334 34 
28334 49 
28335 456 
28335 144 
28337 467 
28338 778 
28348 260 
28349 91 
28351 414 
28351 57 
28352 190 
28355 99 
28355 104 
28362 29 
28364 75 
28367 80 
28371 76 
28372 104 
28377 99 
28386 43 
28386 184 
28389 41 
28392 179 
28394 50 
28396 67 
28400 119 
28400 163 
28402 324 
28408 152 
28410 24 
28410 56 
28412 120 
28414 290 
28419 262 
28421 46 
28424 44 
28428 177 
28432 31 
28433 332 
28434 38 
28439 145 
28439 29 
28440 117 
28442 67 
28451 126 
28452 27 
28466 46 
28477 65 
28492 235 
28497 56 
28510 184 
28528 20 
28548 51 
28584 38 
28585 98 
28594 6 
28596 74 
28625 206 
28639 268 
28666 36 
28681 87 
28682 11 
28682 475 
28710 85 
28727 127 
28778 32 
28820 300 
28858 42 
28889 357 
28946 35 
28963 115 
28984 98 
28985 166 
28988 64 
29080 49 
29105 134 
29121 207 
29129 100 
29131 134 
29158 376 
29170 188 
29182 33 
29186 35 
29208 44 
29221 250 
29354 26 
29370 136 
29404 77 
29422 121 
29473 316 
29479 270 
29490 87 
29526 70 
29582 71 
29591 46 
29619 96 
29625 201 
29629 81 
29687 47 
29706 166 
29714 885 
29745 327 
29773 255 
29780 63 
29817 50 
29862 294 
29888 287 
29889 162 
29912 83 
29961 47 
30028 702 
30077 38 
30088 767 
30143 39 
30197 139 
30263 58 
30376 13 
30528 584 
30531 154 
30567 329 
30638 87 
30659 217 
30673 151 
30726 67 
30796 47 
30888 593 
30915 536 
31418 17 
31472 66 
31549 51 
31767 36 
31941 58 
31951 35 
31968 62 
31993 197 
32181 1044 
32230 66 
32348 160 
32383 149 
32398 107 
32806 1187 
32844 50 
33172 95 
33323 80 
33500 47 
33604 236 
33921 698 
33953 30 
33958 93 
34271 189 
34440 116 
34848 80 
35302 15365 
35302 35 
35324 18 
35410 71 
35749 67 
35787 48 
36274 519 
36301 35 
36468 159 
36546 198 
36633 46 
36775 78 
36810 702 
36823 371 
37021 544 
37090 247 
37747 50 
38330 64 
38561 10 
38566 78 
39205 31 
39211 9 
39251 134 
40249 356 
40423 141 
40645 68 
40704 242 
40764 236 
42003 423 
42724 97 
43914 80 
45207 18 
45207 18 
55269 3603 
61264 423 
64066 6 
64135 149 
67213 78 
69611 362 
69997 451 
70009 63 
70334 65 
70735 139 
71222 39 
71266 190 
71739 85 
71890 412 
71917 2 
72641 34 
73455 31 
73526 279 
73914 66 
74356 364 
74452 215 
74652 907 
75033 74 
75805 110 
76546 43 
76811 86 
76830 207 
76974 41 
77048 56 
77087 109 
77588 201 
77595 449 
77625 74 
77944 81 
78250 268512 
78267 185 
78274 168 
78278 119 
78281 144 
78282 28 
78286 114 
78287 94 
78292 865 
78295 297 
78299 245 
78313 132 
78317 44 
78319 62 
78326 64 
78328 45 
78340 943 
78345 25 
78346 191 
78351 529 
78355 62 
78355 244 
78361 78 
78363 200 
78366 276 
78366 42 
78366 103 
78370 66 
78373 114 
78379 158 
78381 57 
78383 131 
78388 219 
78388 306 
78388 199 
78389 33 
78390 291 
78407 620 
78413 539 
78420 42 
78422 112 
78430 140 
78432 191 
78436 161 
78447 192 
78458 90 
78467 151 
78468 122 
78485 99 
78488 126 
78493 146 
78495 16 
78519 32 
78530 106 
78554 27 
78631 62 
78633 446 
78638 22 
78665 33 
78692 68 
78717 17 
78776 9 
78904 121 
78932 143 
78950 314 
79071 59 
79239 128 
80047 33 
80733 102 
80753 29 
81477 140 
82978 115 
83502 152 
84050 134 
85066 35 
86395 141485 
86408 842 
86417 89 
86419 30 
86422 66 
86423 961 
86424 178 
86425 221 
86428 370 
86431 176 
86431 29 
86434 675 
86435 53 
86435 482 
86442 831 
86442 498 
86444 299 
86445 51 
86448 49 
86451 58 
86453 388 
86453 38 
86453 61 
86454 666 
86454 142 
86455 28 
86459 3532 
86460 302 
86460 374 
86461 621 
86465 100 
86468 170 
86468 128 
86469 290 
86471 226 
86472 221 
86473 125 
86475 73 
86475 484 
86475 62 
86476 289 
86479 91 
86482 142 
86483 53 
86483 1408 
86488 249 
86488 60 
86493 22 
86494 79 
86499 99 
86500 172 
86501 53 
86504 133 
86511 39 
86519 239 
86519 159 
86520 179 
86523 144 
86524 173 
86524 30 
86525 470 
86530 20 
86533 124 
86535 88 
86535 53 
86539 57 
86541 147 
86542 178 
86549 1246 
86550 245 
86551 99 
86552 14 
86558 366 
86558 50 
86560 145 
86562 172 
86565 21 
86572 229 
86576 64 
86577 67 
86578 52 
86581 26 
86586 62 
86588 30 
86604 159 
86613 90 
86616 194 
86617 87 
86618 15 
86620 190 
86626 80 
86628 225 
86630 103 
86644 274 
86653 74 
86661 243 
86668 22 
86677 1027 
86687 153 
86689 287 
86689 31 
86697 99 
86718 109 
86722 210 
86724 340 
86756 239 
86762 27 
86782 238 
86789 35 
86798 254 
86798 31 
86804 126 
86815 59 
86824 188 
86824 301 
86862 170 
86919 83 
86957 573 
86963 266 
86981 402 
86986 133 
86997 182 
87301 37 
87350 111 
87411 58 
87471 46 
87511 186 
87583 53 
87935 1172 
87965 30 
87990 204 
88081 59 
88088 412 
88106 198 
88125 27 
88126 115 
88132 954 
88154 59 
88167 198 
88181 212 
88222 138 
88301 133 
88537 243 
88583 22 
88588 159 
88664 23 
88668 109 
88699 250 
88709 265 
88897 273 
88932 400 
88935 748 
88941 76 
88942 74 
88945 135 
88948 291 
88949 42 
88952 116 
88959 313 
88964 638 
88965 879 
88966 113 
88967 122 
88971 559 
88971 277 
88973 146 
88976 29 
88986 199 
88993 134 
88993 67 
88997 103 
89001 78 
89005 705 
89009 33 
89013 268 
89016 81 
89023 222 
89035 78 
89047 67 
89048 57 
89068 365 
89069 38 
89071 83 
89073 177 
89077 209 
89097 138 
89117 106 
89153 61 
89165 146 
89177 66 
89196 134 
89228 114 
89234 213 
89261 228 
89268 94 
89310 32 
89310 42 
89407 148 
89454 228 
89701 73 
90052 89 
90112 80 
90284 76 
90838 81 
91290 93 
91473 50 
91509 13 
91775 72 
92123 219 
92206 127 
92612 163 
92814 884 
92862 91 
92884 68 
92985 131 
92988 422 
93027 76 
93501 103 
93524 109 
93526 152 
93547 623 
93610 32 
93745 92 
93909 313 
93958 266 
93977 138 
94000 169 
94263 199 
94264 489 
94533 12 
94827 59 
94872 60 
94981 173 
95072 179 
95101 107 
95141 376 
95179 36 
95212 79 
95228 120 
95290 59 
95487 23 
95579 57 
95771 56 
95897 50 
95913 19 
96051 258 
96117 371 
96306 162 
96345 35 
96517 330 
96543 207 
96736 244 
96922 154 
97079 339 
97081 132 
97121 47 
97382 113 
97497 83 
97555 332 
97579 10 
97763 78 
98154 123 
98447 58 
101159 93 
101480 118 
101538 23 
101663 40 
101671 83 
102006 174 
103186 90 
103676 218 
103783 141 
104159 1073 
104227 80 
104311 42 
104605 218 
105029 49 
105264 59 
105312 23 
105314 110 
105533 115 
105533 115 
105796 251 
106084 176 
108305 165 
108354 230 
108846 316 
109993 120 
110068 25 
110233 126144 
110254 182 
110258 26 
110261 233 
110261 86 
110263 534 
110268 451 
110273 159 
110273 104 
110274 249 
110278 281 
110284 731 
110284 76 
110286 125 
110308 246 
110308 66 
110310 57 
110316 330 
110318 11 
110323 300 
110325 492 
110326 221 
110327 447 
110330 235 
110335 159 
110336 406 
110343 121 
110348 85 
110353 111 
110357 39 
110358 168 
110358 52 
110367 458 
110382 183 
110390 172 
110395 130 
110399 48 
110409 33 
110411 18 
110418 54 
110463 88 
110533 75 
110564 101 
110611 48 
110677 99 
110783 165 
110789 140 
110804 163 
110889 205 
110893 166 
110916 220 
111167 71 
111175 69 
111403 2210 
111496 470 
111552 422 
111743 690 
111777 54 
111844 119 
111887 685 
111913 402 
111943 154 
112006 69 
112131 592 
112445 90 
112498 316 
112501 25 
112642 489 
113095 77 
113282 9 
113308 457 
113950 112 
115088 34 
115606 186 
115635 57 
115669 214 
116085 342 
116148 56 
116272 344 
116670 169328 
116692 48 
116693 130 
116696 229 
116701 185 
116711 203 
116712 37 
116712 132 
116715 82 
116720 97 
116721 39 
116727 30 
116727 18 
116728 51 
116728 193 
116729 91 
116733 144 
116735 458 
116737 40 
116737 254 
116738 281 
116745 73 
116746 36 
116747 149 
116750 245 
116752 25 
116757 92 
116760 88 
116761 123 
116761 106 
116766 516 
116769 36 
116771 42 
116772 64 
116773 71 
116776 199 
116777 390 
116777 79 
116780 66 
116781 148 
116790 494 
116791 156 
116796 92 
116803 48 
116809 77 
116810 114 
116812 108 
116813 131 
116815 572 
116816 189 
116816 170 
116819 68 
116819 38 
116820 53 
116820 75 
116825 113 
116825 108 
116830 105 
116845 134 
116849 111 
116857 22 
116862 664 
116865 64 
116878 158 
116885 72 
116900 231 
116912 64 
116927 118 
116928 62 
116929 100 
116948 72 
117029 392 
117032 414 
117052 80 
117067 178 
117092 52 
117111 1152 
117136 22 
117150 6 
117169 401 
117243 20 
117347 322740 
117363 411 
117366 137 
117368 62 
117373 130 
117377 19 
117377 162 
117382 64 
117383 94 
117383 36 
117384 57 
117385 82 
117386 255 
117393 429 
117393 441 
117394 933 
117395 15 
117397 59 
117398 328 
117398 132 
117399 342 
117403 105 
117404 69 
117406 212 
117407 62 
117408 16 
117409 359 
117416 238 
117416 104 
117417 15 
117418 180 
117418 33 
117425 471 
117428 339 
117429 66 
117433 35 
117438 31 
117439 77 
117444 99 
117446 30 
117448 338 
117449 57 
117451 133 
117453 127 
117466 105 
117468 454 
117470 85 
117470 26 
117472 689 
117472 108 
117476 105 
117478 5 
117484 137 
117484 57 
117489 77 
117489 155 
117490 51 
117495 96 
117495 146 
117497 47 
117513 114 
117518 87 
117520 62 
117523 40 
117529 38 
117534 71 
117536 182 
117537 36 
117539 40 
117556 54 
117567 88 
117574 222 
117575 211 
117583 32 
117585 170 
117598 134 
117602 148 
117612 55 
117618 39 
117645 58 
117646 124 
117663 90 
117664 55 
117666 66 
117668 149 
117688 11 
117705 99 
117730 101 
117740 6 
117759 41 
117759 175 
117760 74 
117770 48 
117784 59 
117793 527 
117796 20 
117797 12 
117848 91 
118021 173 
118059 8 
118060 275 
118106 59 
118116 137 
118119 39 
118146 95 
118195 297 
118231 52 
118242 192 
118336 63 
118376 279 
118411 109 
118429 177068 
118447 636 
118451 55 
118453 437 
118453 230 
118457 407 
118460 186 
118460 345 
118461 58 
118465 131 
118466 281 
118472 66 
118472 57 
118473 256 
118474 111 
118475 44 
118475 302 
118477 2 
118479 167 
118479 149 
118479 170 
118482 62 
118485 192 
118486 46 
118490 400 
118490 127 
118490 142 
118493 125 
118495 94 
118495 81 
118496 56 
118499 92 
118500 162 
118502 221 
118503 143 
118504 941 
118504 209 
118507 608 
118512 29 
118513 257 
118513 412 
118518 314 
118522 64 
118523 50 
118523 30 
118525 110 
118526 25 
118527 151 
118528 36 
118528 338 
118528 87 
118530 885 
118534 57 
118535 29 
118535 63 
118542 98 
118544 340 
118544 65 
118546 272 
118547 156 
118551 148 
118553 566 
118554 134 
118564 779 
118565 51 
118575 48 
118576 63 
118581 139 
118583 168 
118585 203 
118589 317 
118589 245 
118593 16 
118601 363 
118604 426 
118617 879 
118618 209 
118618 132 
118618 132 
118626 31 
118630 112 
118638 1000 
118647 38 
118672 109 
118676 175 
118680 47 
118685 100 
118687 108 
118698 129 
118705 76 
118714 7 
118725 477 
118754 102 
118760 82 
118773 273 
118785 65 
118824 368 
118826 151 
118931 174 
118941 95 
119017 113 
119537 131 
119644 27 
119711 151 
119717 475 
119729 119 
119749 97 
119827 13 
120110 264 
120178 6 
120348 69 
120990 81710 
121019 55 
121023 57 
121029 270 
121043 285 
121044 562 
121049 36 
121049 62 
121058 102 
121059 132 
121061 621 
121064 684 
121066 449 
121080 800 
121084 61 
121085 22 
121086 1260 
121090 29 
121090 67 
121091 106 
121092 30 
121099 93 
121101 129 
121113 93 
121114 80 
121119 238 
121122 260 
121124 193 
121133 167 
121134 144 
121135 256 
121137 339 
121141 593 
121147 226 
121159 705 
121163 45 
121166 83 
121173 96 
121179 71 
121204 72 
121216 378 
121232 184 
121301 110 
121319 421 
121364 122 
121369 665 
121369 279 
121444 562 
121484 173 
121492 140 
121642 116 
121699 89 
121810 47 
121907 228 
122006 69 
122304 175 
122342 121 
122360 221 
122362 57 
122365 387 
122413 987 
122443 807 
122525 111 
122549 584 
122558 207 
122800 197 
122868 26 
122878 57 
123054 43 
123208 1062 
123333 51 
123342 543 
123392 121 
124149 138375 
124180 232 
124185 1457 
124191 241 
124194 91 
124194 130 
124195 119 
124202 154 
124204 214 
124205 56 
124207 995 
124208 125 
124209 101 
124211 285 
124214 345 
124215 221 
124220 72 
124222 431 
124229 499 
124230 175 
124237 68 
124239 503 
124242 192 
124251 188 
124257 181 
124260 48 
124262 152 
124272 1587 
124281 240 
124285 324 
124286 378 
124288 135 
124314 52 
124328 151 
124329 40 
124334 187 
124346 110 
124348 81 
124367 227 
124372 367 
124391 992 
124405 69 
124417 148 
124420 141 
124445 135 
124473 652 
124498 4132 
124504 305 
124579 35 
124584 83 
124636 75 
124669 141 
124826 31 
125015 256 
125329 229 
125364 53 
125376 28 
125584 371 
125930 163 
126142 974 
126358 37 
126585 43 
126647 1373 
127994 98 
128892 129 
128962 679 
132121 62 
144217 2 
144422 46 
147737 44 
153581 343 
153907 232 
154082 286 
154943 174 
157535 41 
157759 456 
157804 49 
158998 71 
159000 103 
159054 123 
161281 129 
161951 11 
163744 1 
163777 167 
163928 666 
163943 100 
164028 97 
164050 324402 
164081 80 
164082 65 
164087 50 
164090 47 
164101 74 
164104 45 
164107 106 
164107 42 
164110 241 
164113 38 
164116 98 
164118 100 
164119 219 
164122 95 
164131 360 
164131 19 
164193 28 
164200 270 
164214 270 
164216 201 
164224 152 
164235 92 
164245 490 
164255 21 
164263 62 
164265 518 
164270 244 
164274 88 
164276 304 
164314 11 
164318 150 
164354 67 
164412 157 
164501 126 
164629 108 
164786 8 
164792 96 
164827 58 
164947 20 
165051 82 
165340 422 
166111 86 
166628 1838 
166659 268978 
166685 110 
166690 146 
166692 293 
166701 49 
166704 32 
166707 94 
166707 123 
166728 40 
166730 46 
166737 43 
166738 88 
166745 114 
166746 357 
166751 44 
166756 132 
166758 52 
166759 157 
166766 178 
166767 124 
166767 221 
166771 233 
166779 70 
166780 797 
166780 17 
166780 116 
166789 12 
166857 418 
166863 215 
166871 364 
166873 12 
166879 67 
166889 112 
166890 41 
166894 34 
166907 117 
166917 182 
166918 2022 
166919 17 
166944 565 
166957 137 
166958 126 
166962 343 
166975 13 
167018 260 
167020 120 
167045 34 
167047 52 
167083 353 
167157 120191 
167170 341 
167171 255 
167178 528 
167179 279 
167181 1228 
167186 75 
167189 36 
167196 153 
167199 30 
167202 153 
167204 133 
167207 55 
167209 404 
167216 309 
167220 267 
167221 105 
167225 121 
167230 72 
167239 95 
167243 134 
167252 32 
167254 250 
167263 28 
167271 222 
167278 354 
167280 460 
167282 240 
167288 9 
167292 179 
167295 575 
167296 169 
167300 68 
167314 91 
167315 75 
167318 430 
167320 191 
167330 522 
167336 301 
167339 151 
167348 104 
167357 198 
167357 40 
167368 79 
167375 39 
167376 322 
167383 71 
167385 824 
167401 196 
167406 19 
167488 87 
167491 39 
167499 91 
167517 127 
167518 196 
167538 252 
167554 106 
167561 64 
167565 70 
167577 242 
167589 92 
167596 57 
167622 29 
167651 34 
167660 216 
167692 50 
167729 102 
167738 48 
167745 94 
167818 108 
167842 21 
167870 280 
167934 63 
167942 13 
168030 82 
168063 33 
168149 165 
168285 189 
168321 39 
168359 42 
168365 468 
168368 30 
168516 569 
168587 116 
168758 28 
168804 945 
168821 105 
168905 55 
168937 180 
168994 64 
169001 95 
169168 295 
169184 82 
169394 107 
169400 58 
169414 21 
169500 191 
169533 74 
169599 160 
169695 407 
170218 1438 
170631 29 
170710 874 
170751 247 
170789 71 
170834 180 
170931 531 
170959 379 
171015 272 
171225 75 
172143 73 
172560 306 
172983 116 
173891 75 
173938 116 
174109 515 
174748 1 
174958 28 
175137 145 
175412 269 
175630 84 
176272 24 
178354 383 
178498 150 
178501 80 
178565 214 
179046 84 
179254 230 
179262 192 
179267 212 
179268 35 
179273 79 
179275 19 
179279 10335 
179279 53 
179284 80 
179286 187 
179290 548 
179291 57 
179295 170153 
179296 250 
179297 74 
179297 57 
179298 198 
179298 262 
179303 125 
179305 205 
179308 103 
179310 52 
179311 74 
179315 42 
179316 503 
179320 81 
179320 519 
179321 146 
179322 207 
179323 80 
179323 182 
179327 88 
179329 12 
179331 117 
179331 118 
179334 233 
179334 118 
179335 115 
179339 114 
179340 93 
179341 92 
179342 240 
179344 406 
179347 208 
179350 158 
179352 155 
179354 576 
179358 397 
179358 825 
179359 228 
179362 75 
179363 178 
179363 132 
179365 224 
179368 56 
179368 109 
179370 118 
179375 143 
179378 180 
179378 165 
179379 169 
179383 35 
179383 673 
179385 91 
179389 422 
179390 35 
179391 94 
179400 196 
179401 198 
179403 183 
179411 106 
179413 737 
179413 61 
179414 250 
179415 154 
179417 27 
179425 36 
179426 132 
179427 45 
179436 60 
179437 289 
179437 72 
179441 185 
179450 33 
179454 22 
179462 86 
179466 138 
179471 143 
179472 392 
179475 79 
179477 174 
179478 63 
179503 126 
179515 392 
179531 38 
179534 53 
179535 88 
179541 269 
179553 52 
179555 113 
179562 141 
179566 59 
179578 1855 
179581 57 
179597 153 
179608 355 
179616 112 
179630 101 
179630 52 
179655 106 
179662 64 
179690 76 
179710 110 
179714 81 
179757 85 
179781 128 
179805 70 
179813 224 
179816 105 
179832 63 
180006 72 
180049 346 
180049 157 
180296 80 
180312 302 
180444 430 
180486 358 
180497 90 
180575 39 
180744 12 
180779 13 
180927 60 
181013 190 
181126 245 
181533 108 
181571 117 
181619 85 
181726 101 
181883 33 
182120 237 
182191 597 
182200 23 
182232 33 
182244 19 
182264 336 
182292 111 
182414 1363 
182430 66 
182475 529 
182634 168 
182877 80 
182924 556 
182974 268 
183369 89 
183475 110 
183676 168 
183682 51 
183780 104 
184319 58 
184325 85 
184497 223 
185132 42 
185367 146 
185557 614 
185794 147 
185848 180 
186267 4 
186294 91 
186365 113 
186864 728 
186909 88 
187054 148 
187069 347 
187118 377 
187132 96 
187302 51 
187325 308 
187348 306 
187350 74 
187364 267 
187586 249 
187654 24 
188107 286 
188117 7 
188220 48 
188696 46 
188974 52 
189022 298 
189143 258 
189152 559 
189268 342 
189332 605 
189420 162 
189498 6333 
189720 264 
189784 145 
189796 188 
189808 87 
189816 43 
189850 118 
190147 25 
190290 143 
190330 181 
190533 195 
191290 76 
192312 96 
192867 320976 
192884 236 
192886 86 
192888 210 
192889 191 
192889 66 
192890 536 
192891 318 
192892 179 
192893 97 
192898 153 
192899 1040 
192899 284 
192900 363 
192903 106 
192904 125 
192904 87 
192904 538 
192905 32 
192905 104 
192905 127 
192905 740 
192906 56 
192906 286 
192908 633 
192911 172 
192911 120 
192913 34 
192913 246 
192914 114 
192915 133 
192916 46 
192916 154 
192917 78 
192918 159 
192923 176 
192925 18 
192925 58 
192925 31 
192926 254 
192928 279 
192929 250 
192930 108 
192930 502 
192931 93 
192931 106 
192931 434 
192932 21 
192932 200 
192932 93 
192934 43 
192934 19 
192935 106 
192946 60 
192946 47 
192947 48 
192947 119 
192949 31 
192950 284 
192952 238 
192952 254 
192952 228 
192953 223 
192953 59 
192954 305 
192954 91 
192956 74 
192956 19 
192956 60 
192958 70 
192958 40 
192959 52 
192961 96 
192961 46 
192962 5 
192962 417 
192968 163 
192969 57 
192969 69 
192969 28 
192971 16 
192972 25 
192974 83 
192975 370 
192977 128 
192978 213 
192979 114 
192981 80 
192981 11 
192982 277 
192984 95 
192985 78 
192985 79 
192985 104 
192986 133 
192987 65 
192987 98 
192987 656 
192993 312 
192993 171 
192995 96 
192997 37 
192997 23 
193000 51 
193001 131 
193005 54 
193006 23 
193007 96 
193009 42 
193011 45 
193013 163 
193015 96 
193016 82 
193019 53 
193022 12 
193028 58 
193031 66 
193034 48 
193037 40 
193052 100 
193053 99 
193053 56 
193053 133 
193068 94 
193068 46 
193081 63 
193086 296 
193086 163 
193087 121 
193091 451 
193097 114 
193108 122 
193108 926 
193110 52 
193134 113 
193140 57 
193145 274 
193151 208 
193166 183 
193179 361 
193184 31 
193184 104 
193196 98455 
193202 49 
193211 166 
193215 189 
193223 81 
193227 77 
193228 378 
193234 94 
193234 430 
193237 51 
193238 229 
193239 149 
193239 123 
193242 1071 
193246 236 
193248 48 
193249 253 
193252 75 
193252 195 
193255 53 
193257 238 
193257 279 
193260 190 
193262 82 
193270 153 
193272 54 
193272 97 
193273 121 
193273 92 
193275 26 
193276 94 
193277 96 
193278 343 
193278 297 
193279 322 
193279 546 
193280 508 
193283 193 
193289 82 
193289 98 
193290 25 
193293 63 
193295 125 
193297 179 
193303 131 
193305 352 
193308 348 
193310 73 
193311 107 
193312 469 
193313 347 
193319 105 
193321 120 
193322 51 
193323 88 
193325 596 
193326 46 
193328 24 
193331 239 
193331 10 
193332 1297 
193335 97 
193338 84 
193352 57 
193352 298 
193353 15 
193353 31 
193355 621 
193356 30 
193370 203 
193379 154 
193381 192 
193393 118 
193398 335 
193399 73 
193425 68 
193426 52 
193427 211 
193434 123 
193436 230 
193438 545 
193444 180 
193463 89 
193494 10 
193504 469 
193510 124 
193558 91 
193575 182 
193579 162 
193580 777 
193585 82 
193670 46 
193730 188 
193912 475 
194038 234 
194146 47 
194201 68 
194215 85 
194321 69 
194330 88 
194340 39 
194397 257 
194415 52 
194677 112 
194695 9 
194789 810 
194986 208 
195450 420 
195491 78 
195556 42 
195747 85 
195866 30 
195940 82314 
195957 142 
195958 170 
195962 136 
195970 5 
195974 178 
195974 163 
195983 142 
195994 120 
196008 31 
196011 211 
196012 51 
196018 110 
196026 192 
196028 102 
196031 97 
196040 179 
196043 420 
196046 89 
196057 156 
196060 72 
196080 200 
196090 244 
196099 159 
196100 61 
196100 153 
196102 34 
196114 127 
196127 125 
196132 84 
196139 66 
196185 136 
196229 36 
196242 143 
196260 251 
196285 110 
196287 28 
196380 321290 
196388 330 
196394 184 
196405 167 
196410 11 
196412 183 
196414 148 
196424 254 
196426 418 
196432 75 
196439 19 
196445 302 
196446 139 
196448 450 
196452 275 
196454 121 
196462 128 
196469 151 
196469 184 
196485 259 
196486 15 
196496 78 
196526 1443 
196535 298 
196558 885 
196560 84 
196562 195 
196575 587 
196591 250 
196593 194 
196675 268 
196743 120 
196756 103 
196806 17 
196849 18 
196991 242 
197195 127 
197317 122 
197319 39 
197456 2120 
197485 59 
197588 241 
197744 11 
197754 100 
197926 64 
198141 155 
198161 80 
198299 253 
198348 41 
198352 33 
199366 251 
199426 210434 
199438 68 
199439 140 
199443 585 
199444 207 
199444 184 
199446 121 
199455 72 
199455 1223 
199456 97 
199459 375 
199463 537 
199467 51 
199470 218 
199470 57 
199472 7349 
199475 189 
199478 96 
199480 239 
199483 549 
199484 284 
199492 40 
199492 104 
199493 182 
199495 86 
199556 78 
199556 60 
199570 355 
199571 39 
199572 62 
199573 128 
199574 25 
199576 52 
199576 275 
199582 1334 
199583 33 
199584 233 
199587 6 
199589 252 
199590 773 
199591 22 
199609 141 
199613 20 
199623 45 
199625 298 
199629 264 
199642 30 
199645 121 
199646 55 
199663 169 
199679 57 
199685 28 
199688 61 
199697 107 
199749 33 
199751 52 
199764 123 
199768 425 
199791 130 
199802 56 
199803 314 
199810 138 
199826 326 
199859 69 
199894 98 
199909 62 
199920 191 
199924 133 
200030 100 
200030 171 
200074 56 
200083 70 
200129 255 
200143 254 
200606 54 
200637 3 
200653 248 
200762 480 
200772 395 
200812 643 
200882 2311 
200905 420 
201062 213 
201275 26 
201494 141 
201665 47 
201689 57 
202367 110 
202367 74 
202473 40 
202549 215 
202905 355 
203246 321 
203278 41 
203470 481 
203474 125 
203601 62 
203720 720 
203990 129 
204308 84 
204468 519 
204765 69 
205742 80 
205800 163 
207115 72 
207711 27 
207768 37 
207844 16 
207958 37 
208009 165 
208100 37 
208112 75 
208132 29 
208298 447 
208492 247389 
208517 179 
208520 71 
208523 185 
208525 18 
208526 117 
208527 90 
208533 1431 
208534 129 
208538 154 
208540 81 
208541 335 
208545 78 
208546 274 
208548 44 
208553 137 
208556 371 
208559 156 
208562 187 
208563 88 
208564 186 
208568 230 
208570 92 
208571 600 
208572 121 
208579 91 
208579 321 
208580 470 
208582 81 
208584 119 
208584 219 
208587 66 
208588 82 
208588 162 
208595 42 
208597 516 
208601 278 
208608 100 
208610 201 
208615 91 
208624 151 
208626 57 
208629 45 
208630 204 
208631 24 
208636 128 
208638 82 
208639 117 
208647 61 
208648 77 
208653 266 
208654 217 
208660 152 
208661 128 
208662 109 
208669 77 
208675 276 
208679 50 
208691 28 
208693 120 
208698 77 
208701 46 
208702 49 
208707 315 
208708 135 
208711 175 
208715 256 
208719 164 
208720 582 
208726 45 
208736 8 
208806 38 
208807 93 
208813 115 
208821 32 
208842 80 
208855 52 
208857 108 
208891 153 
208930 347 
208951 108 
208975 70 
209006 93 
209010 56 
209036 77 
209051 97 
209056 203 
209140 250 
209211 213 
209260 1149 
209270 186 
209339 119 
209350 290 
209381 630 
209430 83 
209472 85 
209623 27 
210642 88 
210922 54 
211034 174 
211075 188 
211789 1007 
212199 149 
212828 260 
213138 128 
213188 163 
213384 103 
214019 42 
214807 272 
215199 47 
216333 152 
218705 42 
219874 1009 
231867 146 
231991 1622 
232605 104 
232981 92 
233263 142 
236914 303 
240704 169 
240849 26 
242306 168 
242360 229 
245720 526 
246439 192 
249124 902 
251120 378 
253174 31 
253997 13 
254033 42 
254783 35 
255384 5 
257188 218 
257864 47 
258103 154 
258125 133 
258208 62 
259674 58 
260005 58 
260487 130 
260713 171 
260855 142116 
260879 283 
260882 415 
260884 147 
260884 892 
260888 178 
260889 50 
260889 131 
260894 169 
260894 299 
260895 228 
260897 63 
260898 127 
260899 32 
260900 52 
260903 78 
260904 274 
260908 214 
260912 282 
260912 28 
260915 130 
260920 98 
260921 120 
260921 252 
260933 340 
260933 34 
260937 162 
260945 92 
260946 63 
260947 143 
260954 121 
260957 97 
260958 125 
260962 358 
260968 74 
260971 201 
260974 3429 
260984 155 
260989 171 
260995 175 
260999 122 
261005 216 
261008 453 
261008 183 
261014 44 
261016 255 
261022 91 
261029 354 
261032 409 
261033 127 
261039 128 
261052 78 
261053 914 
261054 20 
261055 182 
261070 172 
261076 32 
261082 110 
261086 143 
261096 184 
261098 145 
261121 130 
261134 101 
261136 12 
261141 52 
261149 51 
261155 72 
261159 169 
261210 52 
261235 41 
261268 121 
261298 182 
261334 184 
261345 117 
261585 100 
261660 133 
261740 142117 
261758 125 
261772 559 
261799 53 
261832 118 
261853 41 
262157 161 
262223 210759 
262233 82 
262234 244 
262235 101 
262241 88 
262244 138 
262246 64 
262249 161 
262250 697 
262253 436 
262253 211 
262253 27 
262253 214212 
262256 104 
262263 103 
262269 136 
262271 120 
262272 192 
262276 822 
262277 107 
262278 115 
262279 87 
262279 601 
262282 134 
262283 367 
262286 61 
262287 29 
262287 10 
262287 67 
262288 52 
262289 365 
262289 189 
262290 397 
262291 93 
262291 283 
262291 31 
262292 220 
262292 48 
262293 328 
262295 313 
262298 48 
262298 164 
262298 257 
262298 226 
262299 104 
262299 33 
262301 141 
262301 22 
262302 85 
262302 173 
262302 32 
262304 84 
262304 18 
262304 115 
262305 70 
262305 193 
262306 30 
262308 64 
262310 19 
262311 301 
262312 32 
262314 394 
262316 86 
262317 131 
262318 123 
262319 67 
262322 35 
262323 25 
262324 31 
262324 234 
262326 38 
262326 147 
262328 46 
262328 53 
262329 105607 
262330 286 
262333 124 
262333 119 
262334 101 
262336 135 
262339 90 
262342 616 
262344 119 
262347 251 
262349 122 
262351 100 
262351 61 
262352 208 
262352 83 
262356 421 
262357 21 
262358 48 
262360 79 
262360 32 
262365 150 
262366 13 
262371 75 
262377 421 
262381 28 
262382 18 
262383 224 
262384 65 
262389 78 
262390 252 
262391 281 
262394 135 
262395 93 
262396 155 
262396 236 
262397 181 
262401 127 
262402 82 
262402 142 
262405 52 
262406 86 
262406 22 
262410 217 
262412 421 
262413 503 
262413 132 
262417 50 
262418 65 
262419 57 
262420 184 
262421 128 
262425 414 
262426 378 
262426 20 
262426 21 
262428 85 
262435 86 
262435 54 
262438 47 
262449 86 
262452 43 
262452 67 
262453 56 
262458 52 
262459 18 
262463 270851 
262474 22 
262478 133 
262485 93 
262491 36 
262495 116 
262495 641 
262496 176 
262496 114 
262501 137 
262507 105 
262510 39 
262512 41 
262514 78 
262519 82 
262526 45 
262530 39 
262533 141 
262534 71 
262535 53 
262536 184 
262536 116 
262537 260778 
262538 55 
262545 220 
262545 36 
262548 39 
262551 51 
262555 55 
262556 341 
262558 139127 
262561 357 
262561 84 
262563 74 
262570 51 
262574 598 
262575 234 
262575 226 
262576 183 
262576 112 
262577 22 
262577 67 
262578 183 
262580 27 
262580 139 
262581 239 
262583 256 
262583 286 
262585 224 
262585 148 
262585 284 
262585 40 
262586 279 
262586 137 
262587 116 
262587 145 
262588 106 
262588 74 
262588 55 
262589 19 
262591 80 
262592 34 
262593 121 
262596 97 
262596 468 
262597 170 
262600 72 
262603 121 
262604 235 
262604 67 
262604 392 
262604 112 
262605 58 
262605 82 
262605 53 
262606 121 
262607 977 
262607 34 
262608 97 
262610 358 
262612 368 
262613 14 
262613 27 
262614 154 
262615 88 
262615 240 
262617 53 
262619 10 
262620 311 
262621 71 
262624 146 
262631 127 
262632 63 
262632 335 
262632 320 
262632 203 
262634 199 
262635 315 
262636 53 
262641 25 
262642 115 
262644 48 
262644 88 
262653 138 
262654 170 
262656 127 
262656 32 
262657 142 
262658 61 
262660 80 
262662 64 
262667 126 
262668 30 
262669 281 
262672 27 
262675 81 
262679 326 
262680 23 
262681 31 
262686 12 
262686 545 
262687 889 
262689 7 
262691 50 
262695 31 
262706 49 
262706 12 
262707 50 
262707 247 
262708 84 
262709 27 
262712 353321 
262713 52 
262715 380 
262716 80 
262717 33 
262720 397 
262731 45 
262734 647 
262736 149 
262738 135 
262740 206 
262740 390 
262741 319 
262742 45 
262747 128 
262749 12 
262751 172 
262754 45 
262754 53 
262755 578 
262756 75 
262756 69 
262757 114 
262757 63 
262761 224 
262767 43 
262768 420 
262770 241 
262771 315 
262772 455 
262773 22 
262775 136 
262776 345 
262776 364 
262776 313 
262777 31 
262778 34 
262778 258 
262778 24 
262781 124 
262787 107 
262792 62 
262793 260 
262793 187 
262794 29 
262795 27 
262798 446 
262799 110 
262800 203 
262800 24 
262802 294 
262803 311 
262806 377 
262808 117 
262811 17 
262813 264 
262817 517 
262820 40 
262820 93 
262823 79 
262823 113 
262824 159 
262825 47 
262825 202 
262829 161 
262830 16 
262833 120 
262834 255 
262834 91 
262834 176 
262835 86 
262837 197 
262838 516 
262841 497 
262844 67 
262845 94 
262845 33 
262848 98 
262849 81 
262850 296 
262852 257 
262857 117 
262861 142 
262866 70 
262871 52 
262873 236 
262881 353 
262882 83 
262883 151 
262898 19 
262903 37 
262905 180 
262909 95 
262916 63 
262928 138 
262936 279 
262939 109 
262950 63 
262950 50 
262959 117 
262962 40 
262978 15 
262989 182 
263006 101 
263024 131 
263039 199 
263044 10 
263045 24 
263049 83 
263067 99 
263106 255 
263111 77 
263117 69 
263135 7 
263152 13 
263194 99 
263199 57 
263213 156 
263258 29 
263412 68 
263450 50 
263460 782 
263478 96 
263483 303 
263598 307 
263634 82 
263659 19 
263667 196 
263744 1104 
263795 90 
263850 459 
263870 116 
263989 430 
263992 425 
264461 25 
264636 10 
264842 330 
264860 1269 
264940 187 
265107 46 
265134 320 
265284 123 
265450 152 
265467 1788 
265700 49 
265899 429 
265915 158 
265936 171 
266055 135 
267012 178 
267768 127 
267967 88 
268070 142 
268209 102 
268265 115 
268277 11 
268337 9 
268438 8 
268808 167 
269026 201 
269327 48 
270149 111 
270684 42 
272626 24 
272836 142 
272875 23 
272977 138 
273142 145 
273296 134 
273548 123 
273677 84 
273753 81 
274279 125 
274508 54 
274840 93 
275113 53 
275398 608 
275975 92 
276008 122 
276137 90 
276188 33 
276492 110 
277936 139899 
277945 3219 
277960 147 
277962 54 
277962 165 
277967 45 
277967 147 
277970 282 
277974 587 
277974 120 
277975 128 
277977 129 
277981 160 
277983 121 
277991 133 
277991 1275 
277992 558 
277994 47 
277997 293 
277998 473 
278006 357 
278008 45 
278010 32 
278012 244 
278013 1445 
278013 166 
278014 42 
278019 21 
278020 52 
278021 210 
278027 437 
278035 731 
278038 92 
278048 865 
278049 81 
278050 37 
278063 96 
278070 571 
278075 107 
278083 114 
278090 23 
278096 41 
278098 34 
278099 39 
278100 25 
278107 33 
278108 360 
278122 156 
278131 91 
278133 163 
278180 100 
278198 90 
278214 80 
278225 34 
278252 459 
278256 39 
278266 426 
278298 125 
278326 65 
278347 162 
278419 297 
278439 109 
278488 81 
278562 10 
278564 67 
278591 10 
278628 240 
278774 65 
278973 268 
279710 60 
279789 428 
279814 198 
279832 38 
279896 66 
279904 64 
280218 184 
280251 10 
280320 79 
280457 178 
280793 32 
280876 183 
281190 45 
281233 333 
281354 139888 
281366 51 
281370 402 
281371 545 
281377 88 
281379 145 
281380 183 
281382 192 
281384 293 
281389 131 
281390 138 
281395 89 
281396 294 
281403 99 
281407 35 
281424 538 
281427 20 
281434 40 
281441 63 
281442 234 
281444 12 
281444 65 
281446 158 
281463 298 
281467 149 
281473 169 
281475 81 
281477 55 
281498 71 
281498 102 
281507 46 
281512 158 
281522 188 
281523 107 
281535 149 
281553 433 
281653 44 
281665 64 
281668 79 
281677 489 
281721 1466 
281744 222 
281783 266 
281832 306 
281957 694 
282806 157 
283089 149 
283233 262 
283674 23 
283745 312 
283764 407 
283784 71 
283787 138 
283846 115 
283853 12 
284035 23 
284342 57 
284649 77 
284701 514 
284723 42 
284782 42 
285311 70 
287644 129 
288075 215 
288875 152 
289299 33 
289617 106 
289858 105 
290277 96 
290342 134 
290384 95 
290462 173 
291299 137 
291384 48 
291977 79 
292398 41 
292519 154 
293095 76 
294376 63 
294842 39 
294849 136 
294865 39 
295029 114 
295045 491 
295444 82 
295503 516 
295579 60 
296083 140 
296169 58 
296186 117 
296340 151 
297173 83 
298487 28 
298937 140 
299089 21 
299405 154 
299500 522 
301046 29 
301265 104 
301434 127 
301590 505 
301865 128 
302280 52 
308135 260 
311111 11 
320869 308 
328634 1377 
330812 582 
332575 65 
333414 162 
333507 106 
335266 97 
336075 72 
336887 410 
337150 150 
337758 45 
340062 81 
340073 105 
340211 124280 
340244 20 
340252 52 
340257 76 
340259 21 
340260 27 
340260 166 
340261 121 
340265 103 
340274 146 
340275 53 
340276 324 
340283 705 
340305 46 
340311 166 
340315 25 
340322 97 
340342 17 
340350 99 
340358 61 
340369 5935 
340370 102 
340416 172 
340447 49 
340452 112 
340481 67 
340566 33 
340875 71 
341120 15 
341254 50 
341467 134 
341742 275 
342065 66 
342258 188 
342445 193 
343172 160 
343204 70 
344825 247 
345921 144972 
345941 135 
345970 131 
345975 228 
345982 452 
345983 18 
345986 73 
345986 94 
345990 70 
345991 140 
345991 110 
345994 168 
345998 126 
346001 124 
346005 49 
346011 185 
346013 3144 
346024 202 
346030 163 
346031 69 
346038 155 
346040 161 
346041 275 
346055 49 
346060 15 
346065 102 
346067 501 
346071 26 
346071 74 
346072 57 
346078 47 
346085 63 
346091 53 
346092 70 
346136 236 
346157 179 
346160 63 
346215 246 
346257 140 
346312 208 
346581 154 
346695 18 
346710 45 
346791 520 
346841 139 
346930 70 
347396 130 
347653 89 
347907 144949 
347928 84 
347943 139 
347943 138 
347956 219 
347961 50 
347965 263 
347966 136 
347998 162 
348009 309006 
348032 53 
348035 83 
348036 93 
348037 105 
348038 541 
348038 102 
348039 170 
348041 108 
348042 115 
348042 167 
348043 101 
348047 74 
348049 112 
348050 64 
348052 62 
348052 219 
348061 55 
348062 346 
348062 78 
348064 21 
348064 126 
348068 109 
348075 281 
348077 403 
348078 174 
348079 252 
348079 219 
348083 355 
348084 37 
348085 29 
348087 199 
348088 69 
348089 204 
348089 102 
348095 66 
348097 61 
348102 333 
348116 222 
348117 402 
348120 74 
348132 387 
348133 854 
348134 35 
348137 96 
348139 15 
348140 202 
348146 161 
348151 148 
348153 1220 
348153 732 
348154 582 
348156 151 
348166 9 
348168 269 
348179 152 
348184 188 
348188 72 
348194 523 
348195 98 
348210 158 
348213 197 
348213 23 
348215 96 
348218 23 
348235 981 
348238 550 
348259 267 
348263 99 
348264 1245 
348291 113 
348325 206 
348333 296 
348343 316 
348350 88 
348368 184 
348369 119 
348373 21 
348383 66 
348440 72 
348473 181 
348483 222 
348503 63 
348593 498 
348621 124 
349000 137374 
349002 49 
349005 44 
349007 153 
349010 447 
349014 209 
349020 7 
349028 158 
349033 36 
349038 122 
349039 9824 
349041 374 
349044 340 
349045 264 
349045 25 
349047 115 
349051 55 
349053 484 
349055 441 
349065 173 
349066 164 
349069 731 
349069 41 
349071 788 
349071 510 
349071 114 
349075 321 
349078 539 
349082 191 
349082 131 
349084 458141 
349084 545 
349086 58 
349088 105 
349089 605 
349091 23 
349091 177 
349091 61 
349093 63 
349094 74 
349095 26 
349095 375 
349097 187 
349100 380 
349102 454 
349102 60 
349103 96 
349105 7 
349107 34 
349110 147 
349112 89 
349114 86 
349115 439 
349117 89 
349117 143 
349118 95 
349119 112 
349120 142 
349120 306 
349121 129 
349122 29 
349123 171 
349123 49 
349124 224 
349125 346 
349126 171 
349126 102 
349127 146 
349129 147 
349131 28 
349133 208 
349133 31 
349134 99 
349135 411 
349135 91 
349135 116 
349136 110 
349136 59 
349137 71 
349138 62 
349139 305 
349139 982 
349140 60 
349140 179 
349140 74 
349140 171 
349145 26 
349145 113 
349147 133 
349148 16 
349149 78 
349150 53 
349152 370295 
349152 171 
349153 147 
349153 91 
349154 15 
349160 64 
349161 73 
349165 200 
349167 16 
349168 41 
349168 104 
349168 166 
349169 250 
349169 79 
349170 82 
349171 233 
349171 140 
349174 50 
349174 117 
349175 20 
349177 4 
349179 302 
349180 34 
349180 217 
349180 32 
349181 1079 
349181 713 
349181 335 
349182 1346 
349182 137 
349183 57 
349183 98 
349184 42 
349184 418 
349185 65 
349185 145 
349186 54 
349187 294 
349188 287 
349188 428 
349189 102 
349189 178 
349189 161 
349190 136 
349190 50 
349191 342 
349192 329 
349192 387 
349193 497 
349194 196 
349195 33 
349195 365 
349196 33 
349197 148 
349199 118 
349199 596 
349199 159 
349199 429 
349200 85 
349200 26 
349201 263 
349202 265 
349203 13 
349203 162 
349206 95 
349206 589 
349207 21 
349208 65 
349208 28 
349210 637 
349210 78 
349211 230 
349212 92 
349213 529 
349214 19 
349215 112 
349216 48 
349216 109 
349216 265 
349216 542 
349217 25 
349218 43 
349218 463 
349221 118 
349222 68 
349222 88 
349223 151 
349226 87 
349226 58 
349227 51 
349228 123 
349228 162 
349229 6 
349231 147 
349231 193 
349232 65 
349232 83 
349236 84 
349236 393 
349236 94 
349236 86 
349237 168 
349237 39 
349238 196 
349239 41 
349240 67 
349240 1586 
349241 92 
349241 242 
349242 10 
349244 284 
349244 77 
349245 227 
349246 84 
349247 43 
349248 36 
349250 141 
349250 22 
349252 101 
349253 16 
349254 132 
349254 192 
349256 94 
349259 236 
349260 99 
349260 31 
349261 41 
349263 77 
349265 93 
349266 77 
349267 333 
349267 104 
349268 164 
349270 29 
349270 85 
349272 52 
349273 25 
349276 153 
349276 196 
349276 155 
349276 155 
349278 59 
349278 80 
349279 63 
349280 32 
349281 253 
349282 86 
349283 173 
349283 79 
349285 102 
349286 74 
349289 138 
349289 72 
349289 342 
349290 32 
349292 106 
349292 133 
349292 554 
349293 35 
349295 82 
349295 165 
349296 108 
349297 169 
349297 53 
349299 13 
349299 94 
349302 224 
349302 168 
349302 256 
349308 106 
349308 30 
349308 55 
349310 124 
349310 46 
349312 131 
349315 46 
349315 118 
349316 136 
349317 166 
349319 144831 
349320 201 
349323 95 
349325 207 
349326 478 
349328 3 
349330 17 
349333 71 
349334 175 
349338 128 
349339 1396 
349347 82 
349349 73 
349349 67 
349349 68 
349351 219 
349351 157 
349353 74 
349354 39 
349354 19 
349358 215 
349358 1006 
349360 206 
349361 232 
349361 244 
349363 64 
349364 50 
349364 501 
349368 23 
349372 71 
349376 75 
349379 15 
349380 55 
349382 1101 
349382 182351 
349382 37 
349384 193 
349384 35 
349384 53 
349388 138 
349389 131 
349390 136 
349394 113 
349397 811 
349399 170 
349401 37 
349404 183 
349409 91 
349410 268 
349410 353 
349413 232 
349418 43 
349419 355337 
349421 134 
349423 76 
349424 254 
349424 162 
349425 517 
349428 83 
349432 91 
349434 768 
349436 258 
349437 616 
349439 287 
349445 92 
349449 203 
349451 375 
349453 187 
349455 65 
349457 153 
349457 137 
349457 105 
349457 64 
349458 162 
349460 32 
349460 154 
349462 553 
349463 26 
349467 1343 
349471 240 
349471 145 
349476 17 
349478 70 
349483 24 
349483 93 
349483 58 
349484 74 
349486 50 
349487 117 
349489 71 
349491 1427 
349491 45 
349493 41 
349493 42 
349494 102 
349494 158 
349496 597 
349496 305 
349496 182 
349497 151 
349498 439 
349498 170 
349499 93 
349509 78 
349512 253 
349514 1177 
349515 131 
349521 143 
349524 97 
349527 117 
349533 102 
349535 143 
349537 159 
349538 47 
349541 56 
349542 31 
349542 209 
349543 243 
349547 81 
349552 126 
349553 33 
349553 50 
349554 56 
349556 282 
349561 786 
349562 449 
349571 35 
349578 129 
349579 605 
349581 42 
349585 215 
349599 50 
349610 36 
349615 570 
349619 273924 
349622 187 
349622 205 
349624 56 
349628 31 
349634 81 
349643 1349 
349653 82 
349657 293 
349657 2466 
349682 200 
349688 339 
349690 61 
349702 128 
349702 44 
349711 509 
349713 244 
349713 106 
349719 37 
349719 712 
349722 18 
349723 281 
349744 146 
349748 69 
349750 63 
349751 26 
349751 289 
349753 7 
349757 32 
349761 26 
349765 140 
349767 93 
349767 107 
349800 321 
349804 112 
349820 146 
349830 65 
349836 62 
349883 67 
349904 81 
349918 404 
349963 1006 
349971 541 
349973 72 
349980 40 
349986 192 
349990 56 
350002 759 
350027 43 
350030 76 
350201 328 
350216 14 
350280 82 
350286 54 
350345 253 
350365 153 
350512 262 
350519 310 
350622 69 
350648 77 
350683 57 
350734 704 
350744 208 
350794 262 
350806 69 
350840 33 
351142 105 
351294 380 
351666 87 
351684 71 
351878 42 
351960 617 
352095 30 
352811 52 
352855 66 
352888 188 
352913 188 
353002 17 
353032 49 
353274 107 
353430 69 
354079 206 
354215 41 
354248 37 
354262 120 
355072 912 
356562 206 
356609 62 
357129 350 
358113 49 
359061 369 
359428 73 
359723 103 
359860 420 
361707 196 
362100 17 
362422 98 
362997 166 
362997 166 
363018 90 
363018 90 
363795 141 
364186 384 
364955 121 
364999 186 
365051 102 
365061 211 
365168 302 
365332 17 
366156 16 
366296 76 
366380 210 
366486 44 
366613 25 
366811 37 
367015 31 
367055 166 
367092 209 
367161 77 
367239 67 
367323 37 
367389 118 
367577 81 
367583 104 
367591 64 
367611 1031 
367619 175 
367751 3123 
367782 1352 
367790 44 
367793 171 
367870 17 
368223 612 
368381 135 
368465 669 
368598 89 
368768 213 
368866 353 
368904 319 
369005 189 
369073 209 
369348 40 
369388 84 
369433 277 
369434 180 
369463 45 
369541 116 
370255 55 
370588 1601 
370600 92 
370696 905 
370717 118 
370729 140 
372119 173 
372226 512 
372851 86 
373267 402 
373589 126 
373814 432 
373856 56 
374432 75 
375066 515 
375789 135 
375931 104 
377224 9 
377340 141 
377723 152 
377878 276 
377969 98 
378117 159 
378397 141609 
378419 1072 
378432 78 
378434 43 
378438 198 
378449 1341 
378450 100 
378452 110 
378452 411 
378462 72 
378467 52 
378471 47 
378473 82 
378473 163 
378474 193 
378482 138 
378483 86 
378486 63 
378504 587 
378509 51 
378514 59 
378521 116 
378523 111 
378524 349 
378532 51 
378542 96 
378545 271 
378547 120 
378555 247 
378557 134 
378563 82 
378565 79 
378574 75 
378582 146 
378582 84 
378589 62 
378592 83 
378607 404 
378617 415 
378648 96 
378652 112 
378652 88 
378653 76 
378653 496 
378669 20 
378674 231 
378685 49 
378693 112 
378705 99 
378717 215 
378718 87 
378738 105 
378752 22 
378753 55 
378753 31 
378754 141 
378758 484 
378765 318 
378821 215 
378827 22 
378828 43 
378861 37 
378883 262 
378895 79 
378902 297 
378936 85 
379058 198 
379095 761 
379113 854 
379135 691 
379165 141 
379198 232 
379262 65 
379365 70 
379368 186 
379485 94 
379493 141598 
379495 62 
379560 60 
379731 172 
379811 219 
379915 54 
380034 13 
380278 25 
380300 742 
380308 1044 
380316 27 
380432 137 
380476 352 
380651 63 
381081 138 
381161 50 
382252 91 
382589 394 
383277 147 
383593 34 
384145 477 
384954 264 
386001 108 
386319 65 
404707 263 
406864 127 
415013 90 
417211 227 
417322 299 
417917 3317 
417956 320 
419615 222 
419845 450 
420797 68 
420855 235 
420893 317 
421118 293 
421928 10 
422613 8 
422892 136 
423269 53 
423279 225 
423296 74 
423644 219 
424627 11 
425369 142 
425710 49 
425776 1032 
426096 2434 
429168 23 
429369 9 
429832 36 
430188 127993 
430200 54 
430208 162 
430213 291 
430221 87 
430223 195 
430239 141 
430244 129 
430251 109 
430254 399 
430259 283 
430262 50 
430263 144 
430270 377 
430276 155 
430282 118 
430283 90 
430286 327 
430289 38 
430294 80 
430296 92 
430297 59 
430298 51 
430306 151 
430309 149 
430313 168 
430314 147 
430328 234 
430331 12 
430336 137 
430337 187 
430339 100 
430349 115 
430349 128 
430350 57 
430365 487 
430372 78 
430378 84 
430383 36 
430388 199 
430400 26 
430402 161 
430412 27 
430414 167 
430420 27 
430421 14 
430424 161 
430429 362 
430434 56 
430438 217 
430442 130 
430534 9 
430561 530 
430571 78 
430600 40 
430608 32 
430622 183 
430637 136 
430640 58 
430664 220 
430666 34 
430680 250 
430705 28 
430711 207 
430755 138 
430829 24 
430844 61 
430940 18 
430982 3 
431260 33 
431296 31 
431434 67 
431609 39 
431769 230 
431941 524 
431963 367 
432060 159 
432407 19 
433341 946 
434041 52 
434549 229 
434965 283 
435686 134 
435909 38 
436042 153 
436097 132 
436587 56 
436660 93 
436947 256 
437235 214 
438056 29 
438122 101 
438294 293 
438362 17 
438515 198 
438606 135 
440250 129 
440397 155 
440757 38 
440789 16 
441530 28 
442403 61 
443560 42 
444272 41 
444285 70 
444669 44 
444893 141 
445859 73 
446216 115 
448423 248 
448829 205 
449388 564 
449410 296 
463747 233 
464924 69 
465581 52 
466024 109 
466031 80 
466187 43 
466288 109 
466672 123601 
466701 488 
466705 268 
466706 179 
466706 81 
466706 268 
466707 446 
466709 50 
466709 354 
466709 1034 
466714 104 
466717 227 
466723 270 
466724 120 
466726 125 
466728 326 
466731 137 
466731 635 
466732 115 
466733 134 
466733 223 
466734 64 
466736 857 
466791 82 
466792 101 
466792 118 
466793 28 
466795 1124 
466797 55 
466797 126 
466798 137 
466798 190 
466800 223 
466801 186 
466803 107 
466807 57 
466809 193 
466810 232 
466813 174 
466816 681 
466820 57 
466825 72 
466825 49 
466826 219 
466828 108 
466835 249 
466838 154 
466841 79 
466846 81 
466848 643 
466862 560 
466865 194 
466866 85 
466868 37 
466875 180 
466877 40 
466885 45 
466885 65 
466887 119 
466892 148 
466893 220 
466893 74 
466896 179 
466898 32 
466908 665 
466911 302 
466914 156 
466918 527 
466918 109 
466923 194 
466925 334 
466928 52 
466928 91 
466932 187 
466938 254 
466946 105 
466959 438 
466960 128 
466965 169 
466968 74 
466969 578 
466974 243 
466979 42 
466988 64 
467013 106 
467015 40 
467022 179 
467032 93 
467041 6 
467086 135 
467146 63 
467152 109 
467176 236 
467191 238 
467193 59 
467219 236 
467235 204 
467249 73 
467305 122 
467335 274 
467351 64 
467362 6138 
467367 157 
467375 53 
467481 303 
467485 51 
467639 88 
467671 141 
467812 176 
467853 133 
468012 133 
468045 122 
468445 27 
468908 562 
471838 214 
473076 137 
473363 20 
499244 83 
500336 59 
502521 65 
506614 442 
508213 34 
513500 136 
514641 182 
514660 40 
516580 98 
522956 48 
523893 57 
525987 218 
528562 28 
528562 28 
529892 362 
530857 551 
531818 141 
532732 188 
533421 250 
533680 238 
533745 16 
534041 239 
534125 94 
534203 42 
534661 21 
534700 620 
534888 105 
535927 127 
537762 176643 
537794 238 
537795 46 
537796 1234 
537817 132 
537818 1069 
537820 73 
537824 90 
537827 329 
537828 147 
537834 35 
537842 183 
537844 365 
537848 85 
537849 103 
537850 122 
537857 183 
537860 90 
537861 57 
537865 146 
537867 87 
537872 75 
537875 285 
537878 29 
537879 106 
537880 23 
537881 68 
537885 63 
537889 466 
537919 19 
537928 70 
537932 115 
537946 189 
537953 369 
537979 496 
537980 28 
537987 36 
537987 19 
538009 188 
538009 223 
538024 48 
538032 78 
538044 101 
538049 179 
538051 135 
538131 222 
538157 185 
538170 54 
538203 30 
538281 24 
538317 127 
538340 49 
538356 915 
538376 1097 
538432 48 
538503 24 
538522 182 
538573 278 
538659 36 
538688 120 
538713 203 
538788 247 
538857 1356 
539160 18 
539197 39 
541429 74 
542160 13 
543708 47 
545424 89 
545685 826 
552402 543 
552835 39 
552838 87 
552998 236 
553036 110 
553445 357 
556145 380 
556601 32 
556827 49 
557705 118 
559754 31 
560309 114 
584878 18 
591588 96 
592535 29 
596756 59 
599342 147 
599376 257 
599392 109 
602408 11 
603554 72 
604664 28 
