3053 7.98752314815
0 940222 
8 102 
11 153 
12 125 
14 340 
14 769 
17 56 
18 25 
19 30 
21 89 
24 82 
25 139 
25 103 
25 270 
25 47 
25 116 
25 54 
26 24 
27 22 
28 115 
28 80 
28 30 
28 175 
29 31 
29 104 
30 49 
30 54 
31 47 
31 83 
32 22 
32 167 
33 108 
33 42 
35 318 
36 44 
37 56 
37 21 
38 157 
38 112 
38 275 
38 288 
38 107 
39 33 
39 112 
40 219 
40 44 
40 94 
41 32 
41 94 
41 99 
41 95 
41 112 
42 39 
42 93 
42 1535 
42 55 
43 96 
43 17 
43 668 
43 89 
43 57 
43 66 
43 38 
43 66 
43 90 
44 52 
45 100 
45 116 
45 37 
46 74 
46 48 
46 64 
46 87 
46 48 
46 425 
46 83 
47 42 
47 131 
47 262 
47 258 
47 35 
48 81 
48 78 
48 29 
48 128 
48 45 
49 195 
49 163 
50 124 
50 99 
50 113 
50 36 
50 60 
51 129 
51 200 
51 139 
51 92 
51 31 
52 258 
52 289 
52 14 
52 126 
52 71 
53 72 
53 95 
53 328 
53 120 
53 79 
54 142 
54 112 
54 79 
54 23 
55 137 
55 186 
55 79 
55 81 
55 68 
56 70 
56 39 
56 58 
56 134 
57 83 
57 31 
58 71 
58 458 
58 351 
58 204 
59 32 
59 23 
59 91 
59 78 
59 107 
60 5 
60 195 
60 246 
60 52 
60 131 
60 232 
60 61 
61 167 
61 16 
61 9 
61 30 
61 134 
61 201 
62 39 
62 178 
62 32 
62 748 
63 117 
63 340 
63 40 
64 170 
64 95 
64 29 
64 90 
64 93 
64 9 
64 131 
64 31 
64 89 
65 280 
65 104 
65 128 
65 563 
66 113 
67 19 
67 74 
68 101 
70 72 
70 57 
71 205 
71 36 
71 230 
71 49 
72 12 
72 45 
72 77 
72 127 
72 60 
72 54 
73 935 
74 86 
74 47 
74 83 
76 239 
76 110 
76 131 
77 13 
77 338 
77 42 
77 93 
77 193 
77 35 
77 17 
78 141 
78 105 
78 73 
79 504 
79 680 
79 62 
80 78 
80 53 
80 46 
80 70 
81 143 
81 141 
81 99 
81 50 
81 92 
82 97 
82 299 
82 80 
82 50 
83 376 
85 13 
85 120 
85 5 
85 75 
85 90 
86 244 
86 72 
87 275 
87 168 
87 158 
88 176 
88 366 
88 83 
89 44 
89 263 
89 236 
89 346 
90 19 
90 54 
91 143 
91 104 
91 68 
92 136 
92 78 
92 32 
92 373 
93 322 
93 81 
93 91 
93 117 
94 155 
94 59 
94 36 
95 92 
95 50 
95 274 
96 104 
96 73 
96 73 
96 67 
96 72 
96 217 
96 169 
97 46 
97 66 
97 1400 
98 236 
98 130 
98 146 
98 133 
98 205 
99 55 
100 203 
100 45 
100 123 
100 35 
100 79 
100 47 
101 179 
101 76 
101 141 
101 40 
101 89 
102 179 
102 195 
102 57 
103 61 
103 50 
103 142 
103 240 
103 132 
103 17 
105 122 
105 61 
106 89 
106 11 
106 604 
106 147 
106 165 
107 71 
107 115 
107 84 
108 68 
108 32 
108 66 
108 120 
108 63 
108 118 
108 118 
109 53 
109 37 
109 180 
110 77 
110 62 
110 21 
110 15 
111 63 
111 53 
111 131 
111 313 
112 347 
112 268 
112 55 
113 44 
113 50 
113 182 
113 138 
114 64 
114 37 
114 42 
114 255 
114 21 
114 172 
115 31 
115 352 
115 137 
115 69 
116 64 
116 35 
116 107 
116 99 
116 216 
116 129 
116 103 
117 12 
117 43 
117 33 
118 137 
118 110 
119 11 
119 114 
119 89 
120 27 
120 57 
120 242 
120 426 
122 36 
123 27 
123 82 
124 35 
124 198 
125 8 
125 116 
126 23 
126 431 
126 52 
126 91 
127 55 
127 65 
128 92 
128 40 
128 101 
129 53 
129 54 
129 25 
130 83 
131 210 
132 15 
133 363 
133 10 
134 76 
134 163 
135 105 
137 63 
137 72 
137 6 
138 73 
138 65 
140 268 
141 29 
141 455 
141 57 
143 37 
143 55 
143 91 
143 300 
144 71 
144 39 
145 36 
145 201 
146 22 
146 117 
146 32 
147 167 
147 97 
148 29 
149 354 
149 16 
150 159 
150 662 
150 34 
150 187 
150 62 
151 20 
151 66 
152 23 
153 55 
153 37 
153 175 
153 107 
153 54 
154 70 
154 32 
154 99 
155 44 
156 52 
157 49 
157 204 
157 43 
158 532 
158 37 
158 69 
159 16 
159 393 
159 251 
159 104 
159 106 
160 44 
160 141 
160 20 
160 106 
160 85 
161 121 
161 636 
161 100 
161 14 
162 68 
162 341 
162 40 
162 167 
163 61 
163 36 
163 468 
164 49 
165 222 
165 85 
165 122 
166 57 
166 322 
168 367 
168 55 
168 69 
169 119 
170 13 
171 86 
171 102 
171 41 
171 21 
172 23 
172 104 
172 50 
173 89 
173 16 
175 62 
175 188 
177 245 
177 59 
178 119 
179 73 
180 38 
181 70 
182 22 
182 11 
182 113 
182 26 
183 236 
183 344 
184 21 
185 48 
185 68 
186 81 
186 59 
187 123 
190 98 
190 43 
191 26 
192 158 
192 65 
192 46 
192 45 
193 53 
193 105 
194 54 
194 120 
194 74 
195 40 
195 34 
195 42 
196 42 
197 110 
199 212 
199 539 
199 29 
200 16 
200 4 
202 11 
203 9 
204 319 
204 59 
204 94 
204 102 
205 72 
205 51 
206 367 
207 83 
209 121 
210 95 
210 141 
210 385 
212 581 
214 65 
215 234 
217 60 
220 68 
220 118 
222 86 
223 175 
225 52 
225 198 
227 88 
228 114 
228 84 
229 71 
229 45 
232 75 
234 33 
234 48 
234 112 
237 107 
238 2 
238 140 
240 134 
242 42 
242 60 
242 85 
242 59 
242 68 
242 60 
243 425 
244 163 
244 68 
245 34 
247 56 
247 139 
250 23 
251 53 
251 73 
252 22 
253 121 
253 10 
253 153 
255 198 
255 53 
255 15 
256 42 
257 608 
258 172 
259 106 
259 104 
260 6 
260 245 
261 27 
263 96 
263 143 
264 84 
265 103 
266 55 
267 186 
268 187 
269 43 
269 1314 
269 265 
269 130 
269 103 
271 193 
271 61 
271 90 
272 47 
272 89 
273 282 
274 13 
274 52 
274 17 
274 60 
275 20 
276 24 
276 26 
278 130 
280 58 
280 56 
281 27 
282 88 
283 467 
284 65 
288 61 
288 216 
290 202 
290 40 
291 7677 
293 60 
294 32 
294 224 
295 177 
297 56 
298 105 
298 341 
300 30 
300 81 
302 52 
304 153 
307 30 
311 207 
313 43 
313 11 
315 68 
316 40 
318 96 
319 74 
319 142 
320 112 
321 27 
321 138 
322 108 
322 210 
323 172 
324 56 
326 107 
326 77 
327 22 
328 13 
331 116 
331 38 
332 2 
332 155 
335 16 
336 138 
339 299 
340 455 
342 111 
342 19 
345 15 
346 38 
353 204 
353 26 
354 171 
358 79 
359 78 
360 71 
361 427 
363 34 
364 143 
368 23 
368 80 
370 65 
370 36 
372 81 
374 176 
379 529 
382 22 
382 66 
384 34 
385 92 
386 21 
386 47 
387 59 
388 97 
388 65 
394 104 
394 48 
396 89 
396 53 
397 72 
397 752 
398 35 
402 297 
404 37 
407 68 
407 66 
407 92 
408 35 
410 15 
413 170 
414 217 
419 87 
419 39 
421 4 
430 106 
431 8 
431 58 
435 39 
436 65 
436 58 
437 11 
441 24 
443 10 
446 158 
447 26 
448 64 
448 269 
451 88 
451 23 
454 51 
455 89 
458 53 
460 59 
462 6 
462 22 
464 1337 
467 146 
468 65 
469 52 
469 154 
471 262 
472 23 
475 39 
476 11 
476 99 
478 24 
480 127 
480 71 
482 36 
482 15 
483 61 
486 2041 
490 298 
495 76 
496 109 
498 73 
498 148 
498 63 
505 18 
506 30 
507 381 
514 24 
518 82 
520 127 
522 42 
525 75 
527 29 
528 233 
531 14 
534 289 
534 102 
534 80 
543 129 
543 76 
546 59 
546 13 
548 39 
548 75 
557 64 
557 204 
559 467 
560 235 
563 3 
564 31 
564 346 
567 81 
569 255 
570 121 
571 93 
572 37 
576 431 
577 24 
582 127 
583 176 
584 10 
586 75 
587 57 
588 12 
589 63 
592 91 
593 74 
595 282 
595 25 
595 62 
596 7 
597 39 
599 125 
600 164 
601 18 
604 73 
605 20 
610 43 
612 82 
614 27 
616 67 
618 16 
622 59 
627 134 
628 70 
630 101 
640 268 
642 78 
645 40 
646 321 
650 84 
653 185 
655 22 
655 105 
655 21 
660 91 
662 22 
662 82 
663 103 
684 507 
688 18 
691 84 
691 74 
695 53 
698 1009 
698 28 
701 49 
705 112 
712 48 
715 9 
720 28 
722 29 
723 80 
729 176 
732 45 
732 109 
735 20 
736 128 
738 122 
753 138 
756 115 
762 28 
762 40 
766 61 
768 51 
777 115 
778 45 
781 67 
786 8 
787 4 
792 13 
796 9 
796 19 
796 60 
799 21 
802 115 
802 39 
803 52 
808 95 
809 38 
812 131 
820 39 
821 62 
824 125 
828 95 
829 11 
830 204 
831 389 
833 80 
834 134 
841 36 
843 79 
845 65 
845 27 
846 44 
847 119 
847 87 
848 63 
856 36 
859 40 
861 93 
863 292 
864 103 
865 122 
866 35 
867 38 
867 18 
874 118 
877 309 
878 71 
881 87 
883 662 
884 298 
885 26 
887 9 
888 309 
889 17 
889 12 
890 155 
891 172 
892 4081 
896 106 
900 385 
907 66 
909 16 
910 64 
910 102 
917 30 
920 79 
921 81 
922 50 
925 26 
927 45 
931 40 
932 69 
940 46 
941 216 
944 225 
945 46 
954 17 
961 61 
966 6 
967 86 
971 102 
973 0 
974 16 
978 32 
980 21 
981 41 
986 172 
992 62 
993 20 
997 85 
999 80 
1001 103 
1004 42 
1007 84 
1009 119 
1010 84 
1013 15 
1014 26 
1021 30 
1023 28 
1027 66 
1028 60 
1030 95 
1034 19 
1036 35 
1039 294 
1040 909 
1049 68 
1070 48 
1074 1 
1075 147 
1078 309 
1078 15 
1080 10 
1085 49 
1089 63 
1096 20 
1099 23 
1101 11 
1103 80 
1105 62 
1120 78 
1129 40 
1129 57 
1132 8 
1132 4 
1132 8 
1132 4 
1134 27 
1134 100 
1134 27 
1134 100 
1155 68 
1155 68 
1160 22 
1160 22 
1169 68 
1169 68 
1178 33 
1178 225 
1178 225 
1178 33 
1191 32 
1191 54 
1194 18 
1208 91 
1213 56 
1216 150 
1226 5 
1230 182 
1242 34 
1250 41 
1263 67 
1281 119 
1282 11 
1284 44 
1298 76 
1310 23 
1317 28 
1324 149 
1325 94 
1353 37 
1360 42 
1361 862 
1386 560 
1386 57 
1386 91 
1390 20 
1393 105 
1395 23 
1403 59 
1420 82 
1430 30 
1442 119 
1456 47 
1465 15 
1467 21 
1484 77 
1485 30 
1513 57 
1526 46 
1527 380 
1549 741 
1550 77 
1558 25 
1560 75 
1564 63 
1572 37 
1577 33 
1578 58 
1581 64 
1583 46 
1586 74 
1595 57 
1601 12 
1619 75 
1637 31 
1642 8 
1642 37 
1646 45 
1663 55 
1665 230 
1668 26 
1669 38 
1678 53 
1683 265 
1690 27 
1691 48 
1697 72 
1713 68 
1714 109 
1718 38 
1726 18 
1734 60 
1735 64 
1737 82 
1744 40 
1748 316 
1749 27 
1761 84 
1766 27 
1767 56 
1778 33 
1791 17 
1796 69 
1797 16 
1804 13 
1814 41 
1819 22 
1840 22 
1842 183 
1850 9 
1867 52 
1875 8 
1879 79 
1896 35 
1922 47 
1934 45 
1936 293 
1943 941 
1947 836 
1961 25 
1962 26 
1967 46 
2012 69 
2013 19 
2019 13 
2019 100 
2029 33 
2034 326 
2063 15 
2067 141 
2081 80 
2105 18 
2108 12 
2121 24 
2122 77 
2139 15 
2140 4 
2155 189 
2161 87 
2171 77 
2186 195 
2194 63 
2221 44 
2231 14 
2231 31 
2256 68 
2257 31 
2268 317 
2270 30 
2280 88 
2285 27 
2291 32 
2311 79058 
2355 11 
2386 12 
2398 12 
2409 167 
2413 76 
2433 32 
2437 115 
2438 24 
2445 51 
2445 196163 
2450 135 
2452 46 
2453 80 
2459 159 
2461 58 
2469 14 
2480 764 
2480 48 
2483 213 
2483 11 
2486 43 
2488 34 
2490 25 
2494 66 
2498 1509 
2499 73 
2508 42 
2513 19 
2517 91 
2520 36 
2526 24 
2528 156 
2528 90 
2529 48 
2538 91 
2542 58 
2549 18 
2558 45 
2561 50 
2566 34 
2569 22 
2574 65 
2583 45 
2587 102 
2589 77 
2604 72 
2612 319 
2648 235 
2673 65 
2674 41 
2674 46 
2687 34 
2690 43 
2703 33 
2705 33 
2731 3093 
2746 14 
2751 113 
2753 167 
2764 471 
2768 9 
2773 82 
2779 62 
2779 2025 
2784 35 
2849 47 
2863 179 
2870 66 
2908 38 
2918 79 
2920 57 
2929 38 
2955 61 
2960 87 
2960 46 
2978 22 
2981 28 
3000 19 
3010 31 
3015 24 
3026 219 
3040 111 
3048 24 
3080 47 
3085 98 
3091 77 
3094 35 
3099 307 
3105 18 
3110 40 
3129 18 
3137 219 
3142 23 
3184 1533 
3190 17 
3202 70 
3204 1460 
3227 141 
3231 765 
3233 84 
3246 72 
3249 19 
3260 93 
3284 40 
3344 85 
3372 73 
3373 99 
3379 77 
3380 44 
3392 42 
3444 25 
3493 55 
3549 2595 
3567 51 
3579 102 
3603 98 
3669 55 
3671 62 
3710 44 
3740 40 
3779 22 
3781 47 
3878 74 
3922 85 
3972 1 
3981 62 
3984 63 
4007 13 
4032 13 
4090 39 
4097 77 
4147 21 
4175 2 
4184 18 
4219 82 
4285 21 
4330 99 
4343 37 
4349 36 
4363 25 
4391 95 
4392 22 
4421 1 
4438 36 
4444 78 
4470 38 
4504 45 
4508 14 
4537 14 
4615 15 
4786 78 
4794 12 
4794 342 
4815 64 
4823 589 
4823 416 
4825 480 
4828 730 
4839 623 
4840 312 
4858 43 
4859 48 
4859 106 
4863 130 
4886 508 
4899 245 
4965 52 
4968 333 
4973 98 
4977 33 
4980 31 
5036 24 
5047 10 
5068 101 
5106 1356 
5145 12 
5155 12 
5235 386 
5236 6 
5245 40 
5250 83 
5275 57 
5339 627 
5365 152 
5375 10 
5389 585 
5414 112 
5485 17 
5494 6 
5505 17 
5521 14 
5563 38 
5602 29 
5604 25 
5606 381 
5613 22 
5622 10 
5626 52 
5640 173550 
5662 71 
5674 264 
5685 52 
5688 283 
5688 22 
5703 6 
5708 225 
5715 11 
5726 59 
5727 105 
5728 11 
5735 54 
5738 58 
5752 359 
5753 149 
5761 228 
5766 35 
5777 170 
5797 216 
5834 100 
5845 41 
5855 232 
5857 213 
5863 445 
5893 45 
5901 23 
5909 41 
5951 7 
6095 125 
6109 14 
6119 1784 
6125 46 
6141 43 
6158 35 
6193 29 
6231 63 
6234 25 
6244 36 
6341 29 
6343 10 
6445 45 
6453 44 
6481 74 
6519 122 
6532 31 
6657 167 
6671 788 
6677 91 
6677 419 
6691 615 
6704 281 
6713 139 
6720 525 
6725 440 
6752 26 
6771 30 
6778 148 
6806 64 
6808 186 
6817 93 
6829 38 
6832 312 
6838 25 
6895 88 
6896 40 
6899 1235 
6904 27 
6923 244328 
6939 28 
6950 41 
6951 14 
6951 603 
6952 56 
6952 20 
6955 11 
6961 299 
6967 468 
6981 141 
6983 23 
6986 23 
6993 99 
6995 126 
6998 135 
7009 39 
7019 23 
7022 156 
7025 19 
7026 125 
7034 101 
7037 130 
7045 32 
7051 201 
7056 68 
7065 13 
7067 126 
7067 65 
7069 126 
7070 23 
7074 94 
7086 236 
7087 108 
7088 211 
7090 43 
7095 21 
7110 74 
7116 381 
7120 89 
7125 423 
7127 78 
7128 20 
7165 109 
7172 12 
7203 0 
7204 3 
7205 150 
7210 143 
7222 50 
7238 20 
7265 9 
7274 29 
7279 9 
7282 28 
7368 36 
7384 2 
7469 38 
7494 54 
7515 29 
7540 51 
7541 360 
7544 17 
7563 301 
7567 11 
7642 107 
7653 39 
7668 6 
7679 23 
7685 28 
7691 153 
7695 39 
7699 373 
7734 8 
7756 47 
7852 33 
7865 35 
7899 98 
7951 63 
7999 34 
8062 99 
8065 23 
8070 4402 
8083 1666 
8088 75 
8098 400 
8103 12 
8119 106 
8133 241408 
8133 40 
8140 86 
8152 136 
8153 58 
8154 555 
8161 17 
8164 387 
8167 510 
8170 91 
8175 127 
8176 135 
8177 635 
8178 53 
8178 207 
8180 285 
8183 24 
8185 97 
8187 64 
8188 241 
8190 89 
8196 143 
8207 90 
8214 139 
8216 195 
8216 905 
8220 49 
8231 17 
8237 111 
8253 84 
8259 139 
8262 163 
8264 324 
8264 81 
8265 22 
8268 256 
8275 72 
8278 183 
8282 185 
8291 28 
8293 227 
8293 292 
8299 36 
8310 54 
8312 220 
8315 68 
8332 200 
8334 89 
8364 21 
8370 26 
8374 70 
8419 166 
8439 204 
8452 198 
8452 65 
8458 48 
8540 238 
8604 34 
8617 70 
8620 315 
8633 44 
8640 53 
8644 12 
8683 92 
8756 230 
8757 204 
8765 648 
8775 33 
8779 88 
8789 47 
8792 191 
8816 15 
8817 1138 
8856 153 
8857 124 
8907 7 
8923 47 
8935 69 
8946 34 
8968 19 
8972 52 
8995 6 
8995 104 
9002 29 
9101 56 
9107 17 
9124 300 
9138 66 
9158 1540 
9297 109 
9346 61 
9463 25 
9510 30 
9561 95 
9561 104 
9676 93 
9722 9 
9790 40 
9898 54 
10004 16 
10007 16 
10048 65 
10118 10 
10148 50 
10178 6 
10274 73 
10280 48 
10353 46 
10362 15 
10375 117 
10566 212 
10579 76 
10634 173 
10641 215 
10695 95 
10768 40 
10859 45 
10871 43 
11001 110 
11170 97 
11201 73 
11265 17 
11361 22 
11530 56 
11607 14 
11618 6 
11649 65 
11664 38 
11714 106 
11714 26 
11796 77 
11832 12 
12058 9 
12106 9 
12119 89 
12152 5 
12194 51 
12318 308 
12333 100 
12402 115 
12411 67 
12488 14 
12670 22 
12746 7 
12945 17127 
12970 1636 
13115 1738 
13184 39 
13261 243 
13321 1597 
13353 638 
13456 230 
13673 62 
13738 1 
13861 127 
13863 38 
14093 0 
14283 302 
14297 147 
14421 141 
14514 32 
14539 15 
14651 114 
15021 25 
15098 14 
15283 11 
15327 18 
15391 11 
15412 42 
15476 15 
15497 5 
15548 51 
15841 39 
15844 53 
15880 13 
15923 23 
16003 27 
16043 300 
16146 159 
16158 193 
16301 225 
16389 59 
16389 59 
16402 160 
16402 160 
16594 18 
16872 32 
16954 5 
16971 125 
17136 52 
17160 120 
17175 64 
17366 47 
17426 34 
17547 12 
17693 124 
17837 12 
18211 40 
18618 579 
18760 88 
18998 177 
19191 63 
19237 54 
19293 102 
19452 226 
19712 241 
19783 23 
19790 20 
20095 46 
20378 199 
20488 28 
20622 5 
20796 8 
21100 9 
22243 21 
22524 3 
22837 8 
23696 10 
24149 50 
25182 72 
25235 37 
25563 2 
25591 41 
25914 14 
26513 74 
27420 79 
28162 89 
28287 179 
28327 40 
28408 19 
28531 84 
29812 12 
29997 111 
30743 70 
32052 35 
32091 25 
32749 28 
33335 82 
33571 34 
33714 840 
33755 351 
33804 36 
35132 89 
36897 62 
36958 1 
37490 36 
37688 40 
38159 43 
38159 9 
38893 74 
39399 4 
42520 8 
43479 34 
44068 217 
44069 104 
44075 349 
44078 145 
44086 807 
44090 616 
44092 329 
44104 73 
44107 221 
44108 1848 
44112 1002 
44118 1114 
44132 86 
44137 117 
44138 640 
44139 55 
44144 224 
44152 149 
44167 405 
44189 364 
44232 189 
44290 306 
44300 241 
44317 86 
44322 91 
44339 83 
44339 83 
44355 77 
44362 67 
44393 27 
44399 65 
44404 129 
44407 55 
44409 34 
44426 107 
44452 41 
44518 458 
44561 141 
44613 163 
44775 223 
44788 187 
44896 230 
44967 111 
45003 371 
45155 182 
45255 202 
45286 366 
45354 93 
45359 64 
45359 64 
45473 82 
45510 91 
45688 1 
45717 145 
45736 35 
45891 28 
45978 55 
46147 73 
46213 202 
46257 176 
46270 91 
46324 12 
46339 242 
46360 50 
46491 49 
46501 53 
46594 153 
46653 30 
46727 219 
46758 30 
46866 54 
46871 39 
46914 134 
47011 80 
47193 0 
47410 203 
47424 13 
47452 44 
47578 281 
47864 22 
47887 136 
48036 1049 
48181 101 
48331 65 
48572 123 
49058 95 
49135 6 
49244 0 
49338 4 
49566 30 
49571 56 
49671 17 
50247 1406 
50934 16 
50985 600 
51072 250 
51078 1183 
51101 345 
51105 67 
51234 768 
51271 27 
51429 72 
51483 109 
51686 267 
51960 126650 
51999 491 
52012 74 
52014 1071 
52015 164 
52029 315 
52044 198 
52068 37 
52072 185 
52088 65 
52109 40 
52114 155 
52116 127 
52124 37 
52128 74 
52144 50 
52149 118 
52158 47 
52195 121 
52249 151 
52298 36 
52319 120 
52328 73 
52372 106 
52406 14 
52418 96 
52490 268 
52562 971 
52567 116 
52567 201 
52584 106 
52610 56 
52637 208 
52677 44 
52897 269 
52936 146 
52992 27 
53039 146 
53072 87 
53101 29 
53102 15 
53122 151 
53154 193 
53263 33 
53301 0 
53456 40 
53461 10 
53673 51 
53750 12 
53789 0 
53801 54 
53802 168 
53806 40 
53897 110 
53922 223 
53953 248 
54018 13 
54034 147 
54157 59 
54383 200 
54463 25 
54478 399 
54653 33 
54700 92 
54738 109 
54739 68 
54879 141 
54938 60 
54938 0 
55272 70 
55386 73 
55400 64 
55447 151 
55479 315 
55569 55 
55693 188546 
55722 241 
55723 149 
55724 1178 
55727 30 
55727 127 
55728 10 
55730 468 
55734 355 
55737 101 
55740 288 
55742 82 
55746 92 
55748 359 
55749 70 
55756 898 
55761 59 
55769 87 
55802 243 
55830 351 
55845 102 
55883 118 
55900 258 
55978 582 
56064 1058 
56077 249 
56107 208 
56111 2703 
56114 67 
56122 320 
56135 142 
56135 91 
56148 9 
56169 331 
56191 168 
56196 109 
56216 155 
56218 56 
56227 1118 
56246 498 
56246 16 
56248 415 
56292 38 
56303 51 
56338 106 
56359 633 
56383 324 
56411 253 
56456 393 
56489 26 
56509 60 
56513 213 
56517 0 
56686 138 
56888 4 
57050 91 
57111 61 
57218 6 
57227 7 
57237 536 
57278 201 
57609 153 
57878 102 
58412 24 
58539 72 
58747 59 
58794 176 
58804 4 
58856 3 
58965 11 
58973 44 
59001 77 
59074 89 
59135 75 
59401 32 
59469 11 
59630 33 
59634 255 
59690 9 
59764 61 
59844 72 
59847 160 
59883 277 
59899 13 
59899 13 
59937 248 
59937 248 
59942 238 
60028 28 
60077 522 
60127 34 
60145 224 
60161 196 
60185 38 
60200 171 
60231 238 
60239 14 
60764 107 
60876 3987 
60960 130 
61412 64 
61626 337 
61814 115 
62160 8 
62211 241963 
62230 59 
62235 6 
62237 67 
62238 796 
62240 112 
62242 130 
62249 78 
62249 138 
62251 223 
62253 142 
62254 104 
62261 254 
62261 113 
62268 44 
62269 137 
62270 41 
62278 98 
62279 113 
62280 650 
62283 3 
62288 133 
62288 55 
62290 172 
62291 18 
62291 169 
62294 114 
62297 251 
62298 102 
62312 1628 
62312 69 
62324 69 
62326 115 
62340 137 
62343 97 
62352 319 
62376 23 
62378 531 
62396 288 
62398 91 
62399 109 
62404 60 
62411 51 
62432 72 
62437 377 
62450 177 
62476 296 
62477 91 
62493 102 
62534 218 
62535 396 
62578 43 
62583 26 
62586 54 
62602 86 
62671 35 
62686 139 
62692 151 
62705 133 
62711 87 
62729 187 
62738 60 
62744 40 
62770 15 
62789 146 
62794 27 
62797 36 
62827 79 
62842 5 
62855 90 
62891 105 
62942 144 
62973 33 
62975 5 
63001 127 
63036 70 
63038 105 
63064 195 
63101 53 
63101 8 
63116 22 
63136 102 
63182 191 
63198 80 
63216 91 
63282 19 
63299 15 
63303 64 
63303 121 
63654 174527 
63668 309 
63675 103 
63681 121 
63693 121 
63694 96 
63696 201 
63701 117 
63705 193 
63707 365 
63710 112 
63711 64 
63713 182 
63718 45 
63728 109 
63729 152 
63742 24 
63751 103 
63753 171 
63753 24 
63759 71 
63763 71 
63772 27 
63780 58 
63781 155 
63782 19 
63787 48 
63789 279 
63809 211 
63810 129 
63828 102 
63836 114 
63846 56 
63852 224 
63885 170 
63933 103 
63977 16 
64036 16 
64105 62 
64134 476 
64142 73 
64192 11 
64235 49 
64298 50 
64388 503 
64414 132 
64421 689 
64428 56 
64538 3 
64601 113 
64648 146 
64948 293 
65081 82 
65262 118 
65447 32 
65533 973 
65631 76 
65671 0 
65759 201 
66782 24 
67070 132 
67514 149 
67550 135 
67819 403 
68051 84 
68135 1 
68487 497 
69121 47 
70189 39 
70245 104 
70429 194 
73550 316 
74033 7 
74133 257 
74425 190 
74425 190 
74511 17 
74775 23 
74833 734 
75114 153 
75481 10 
75704 84 
75839 227 
76249 241 
76254 45 
76264 56 
76269 282 
76276 118 
76280 117 
76282 1025 
76283 84 
76286 412 
76291 743 
76298 268 
76299 712 
76302 99 
76304 186 
76305 53 
76317 463 
76319 78 
76322 219 
76323 90 
76328 56 
76328 21 
76329 276 
76334 40 
76340 84 
76340 20 
76359 484 
76361 318 
76362 66 
76378 193 
76383 152 
76393 206 
76394 23 
76396 228 
76405 275 
76406 253 
76415 151 
76419 57 
76426 463 
76430 150 
76435 174 
76485 479 
76487 235 
76498 607 
76504 84 
76510 134 
76513 163 
76529 88 
76538 107 
76548 514 
76563 237 
76564 202 
76566 156 
76606 286 
76634 102 
76650 342 
76679 111 
76699 169 
76720 34 
76731 225 
76756 33 
76763 108 
76767 200 
76784 49 
76802 79 
76824 2183 
76864 42 
76874 181 
76936 116 
76983 76 
77053 37 
77191 29 
77328 41 
77335 49 
77369 309 
77643 97 
77702 71 
77790 13 
77840 25 
77897 92 
77922 260 
78084 160 
78386 107 
78388 18 
78405 134 
78502 95 
78593 78 
79013 58 
79072 90 
79196 100 
79577 105 
79751 36 
79860 92 
79867 71 
80268 4 
80665 45 
81096 106 
81150 336 
81398 12 
81697 38 
81807 39 
81858 24 
81898 4 
81916 41 
82309 337 
82391 52 
82608 1 
83084 108 
83148 19 
83936 98 
83982 132 
84083 25 
84256 41 
84406 1031 
84410 36 
84419 27 
84529 1 
84768 95 
84808 80 
84810 1 
84827 261 
84833 7 
84849 1359 
84909 260 
84986 157 
85010 121 
85183 688 
85242 47 
85493 36 
85643 183 
85800 48 
86084 85676 
86108 159 
86112 217 
86116 448 
86120 241 
86127 109 
86130 105 
86146 179 
86147 1629 
86164 709 
86165 15 
86170 860 
86177 33 
86189 127 
86211 70 
86229 47 
86245 548 
86251 108 
86280 426 
86296 46 
86326 81 
86339 200 
86381 31 
86391 240 
86409 440 
86436 390 
86454 159 
86489 234 
86504 105 
86684 73 
87089 32 
87248 20 
87313 17 
87471 16 
88705 4 
89169 77 
89193 120 
89236 177 
89256 135 
89490 9 
89508 34 
89618 28 
89720 177 
89771 74 
89901 26 
90132 72 
90329 28 
90372 9 
90397 275 
90456 1 
90593 149 
90632 13 
90778 38 
90792 153 
90818 13 
90907 37 
90920 154 
91004 44 
91104 634 
91326 240 
91388 101 
92051 14 
92705 131 
93512 21 
93960 77 
95063 21 
95174 207 
95404 40 
95433 74 
97176 35 
97177 181 
97542 38 
97595 0 
97889 18 
98062 49 
98271 12 
98824 721 
99027 40 
99440 302 
99568 768 
99677 203 
100629 72 
101523 156 
101603 36 
102146 30 
102269 9 
103026 155 
103188 12 
103196 332 
106085 88 
107154 2 
107831 9 
108771 1 
109818 17 
109843 74 
110153 195 
110698 75 
111664 61 
111764 190 
112352 0 
112650 341 
112940 306 
113002 56 
115827 2 
116856 34 
119807 41 
123142 263 
123142 263 
125752 9 
127127 357 
127215 237 
130293 79 
135320 2 
135401 199 
135414 91 
135643 86 
135860 39 
135921 31 
136006 84 
136214 34 
136236 9 
136257 194 
136288 664 
136383 203 
136449 287 
136973 131 
137043 311 
137223 273 
137319 562 
137631 89 
137737 109 
137987 15 
138114 19 
138388 617 
138391 109 
139873 415 
140908 382 
140935 9 
142033 560 
142078 121 
142082 59 
142096 126 
142225 901 
142371 92 
142409 41 
142746 93 
143186 81 
143331 8799 
143488 125 
143789 49 
143817 204 
144197 37 
144326 42 
145184 400 
145606 42 
145911 22 
146781 152 
147137 86 
147671 22 
148025 21 
148234 26 
148398 70 
148464 69 
148504 74 
148519 202 
148605 334 
148649 479 
148797 84 
148844 143 
148866 35 
148876 53 
148999 49 
149051 219 
149053 212 
149070 674 
149095 34 
149943 1710 
149968 128 
150096 1333 
150168 150 
150615 1224 
150637 81 
150998 140 
151029 260 
151411 71 
152719 477 
154616 203 
154816 54 
155203 236 
155303 47 
155673 465 
156341 4831 
156364 999 
156434 4110 
156444 1104 
156656 172 
156725 93 
156949 9 
157010 142 
157298 5 
157666 70 
157947 58 
158122 2 
159827 34 
159953 153 
160072 23 
160074 132 
160142 17 
160312 74 
161562 99 
161696 119 
161745 47 
161783 8 
161804 44 
162028 317 
162095 69 
162125 58 
162397 133 
163002 378 
163050 265 
163254 417 
163420 198 
163452 146 
163492 108 
163640 34 
163763 88 
163811 127 
163935 72 
163960 81 
164011 272 
164041 744 
164362 16 
164496 240 
164545 6 
164917 749 
165673 722 
165811 105 
165811 845 
165851 49 
166048 21 
166215 59 
166512 21 
166657 188 
166688 181 
166900 136 
166901 37 
167050 245 
167311 139 
167329 51 
167590 3 
167700 476 
168720 14 
168794 1048 
168880 675 
169786 442 
171062 443 
171062 503 
171229 754 
171334 396 
172063 634 
172284 52 
172547 3 
172657 159 
172905 31 
172935 2302 
172936 36 
172986 53 
173251 1320 
173543 986 
173797 804 
173827 68 
174133 217 
175208 26 
175275 101 
175401 768 
176244 303 
177359 201 
179234 35 
179655 522 
180343 72 
180798 42 
181340 87 
181581 48 
182046 160 
182454 81 
182461 16 
182716 61 
184904 113 
185005 79 
185868 22 
187042 37 
189081 231 
189435 5 
189666 17 
190011 47 
190303 17 
191306 8 
196021 24 
201941 187 
204941 12 
215322 2 
218065 128 
218502 166 
218658 61 
220388 0 
226837 158 
228305 8 
229063 84 
229781 40 
231006 36 
231350 28 
232476 30 
232726 22 
232920 69 
232961 49 
233212 82 
233221 95 
233605 144 
233696 436 
234000 66 
234414 10 
234777 2 
235477 150 
235732 26 
235898 66 
236091 210 
236573 6 
237014 100 
237109 163 
238045 137 
238270 736 
238653 37 
238845 1 
240874 4 
241044 348 
241121 37 
242623 32 
242663 11 
242835 58 
243184 18 
243487 150 
243518 73 
246917 8 
247462 3 
248539 65 
248593 134 
249504 437 
250325 9 
250437 17 
250905 127 
251214 30 
251438 135 
251477 78 
251616 22 
251656 10 
251903 13 
252139 18 
253435 190 
253511 22 
254589 75 
255725 41 
255851 270 
256109 43 
256838 35 
257958 0 
261089 76 
261626 829 
261854 330 
262729 5 
263521 2954 
264407 529 
264622 63 
264885 103 
265075 59 
266144 4435 
266488 127 
266570 119 
266719 127 
266741 334 
266908 87 
267103 36 
268048 134 
269805 74 
270130 18 
270376 7 
270605 228 
271371 140 
271759 65 
271813 332 
272320 129 
273245 162 
273513 13 
273706 261 
273785 110 
274264 12 
275456 0 
275659 486 
276646 43 
278407 6 
280179 285 
297847 34 
305649 77 
307153 236 
307167 6 
307357 289 
307445 30 
307756 89 
308199 74 
308266 41 
308402 10 
308857 23 
311367 48 
311969 214 
312847 84 
313795 27 
314128 643 
314206 25 
314660 307 
314664 55 
314943 141 
315168 258 
315288 211 
315338 70 
315660 316 
316529 29 
316753 124 
317572 19 
318025 3 
319453 73 
319520 5 
319603 26 
319974 67 
320157 59 
320163 97 
320285 127 
320420 32 
322027 42 
322027 116 
322172 32 
322316 154 
322459 142 
322571 41 
322599 38 
322908 265 
322979 45 
323175 466 
323633 179 
323695 38 
323745 16 
324390 548 
324491 291 
324621 53 
324821 150 
324888 18 
324985 387 
325209 66 
325343 28 
325796 22 
326535 138 
327039 27 
328214 122 
328914 34 
329248 130 
329402 204 
330394 51 
330431 219 
330746 78 
331212 12 
331328 61 
331357 72 
331856 120 
332184 580 
333258 22 
333444 586 
333504 256 
333639 263 
334231 121 
334428 313 
334675 44 
334991 178 
335031 9 
335633 99 
335917 114 
336454 102 
336817 57 
336883 68 
336895 22 
337015 155 
337093 8 
337323 317 
338406 36 
338850 138 
341278 21 
341804 35 
342964 169 
344485 29 
344523 36 
344539 4727 
344598 465 
345315 57 
346276 177 
346291 32 
346295 136 
346331 106 
346424 97 
346459 55 
346854 109 
347058 354 
348126 22 
349018 22 
351121 63 
351965 2 
352236 223 
352840 126 
353507 21 
353719 22 
353894 45 
354569 49 
355932 172 
356131 485 
356534 125 
356715 17 
356897 55 
357036 93 
358648 31 
358671 8 
361167 159 
361276 94 
361284 84 
361378 110 
363578 49 
364470 114 
369422 15 
371045 7 
374895 273 
378389 35 
390636 823 
392682 14 
395818 112 
397366 28 
397734 36 
398200 55 
402820 13 
404578 69 
404716 284 
404859 106 
405030 53 
405352 200 
406580 66 
408873 248 
409630 151 
409742 698 
409956 19 
410002 18 
410046 315 
410136 46 
410631 1032 
410674 327 
410706 141 
410718 53 
411259 114 
411661 134 
412003 102 
412029 56 
412039 442 
413355 98 
413741 60 
413825 118 
416115 121 
416398 54 
416795 33 
417665 21 
417840 34 
417936 82 
421131 137 
421247 123 
421352 111 
421750 336 
422393 370 
422578 2 
422872 125 
424337 1922 
424666 53 
424759 160 
424862 68 
425106 635 
425429 371 
425470 35 
425478 114 
426121 75 
427842 96 
429720 71 
430155 108 
431948 26 
431954 87 
432644 60 
434290 64 
437990 24 
438311 18 
441384 62 
442541 29 
446889 93 
446937 94 
447061 156 
449562 20 
450341 35 
452327 2 
459034 135 
475709 86 
482723 184 
485994 196 
487371 684 
487564 41 
489033 59 
489078 277 
490229 91 
490680 14 
490800 12 
492848 78 
492989 86 
493396 29 
493491 57 
493712 58 
494832 24 
494866 1136 
494911 46 
504365 70 
504892 49 
505046 27 
506432 2245 
506538 45 
507092 6 
507141 74 
507203 206 
507337 11 
507640 134 
507929 18 
508534 71 
508702 367 
509056 331 
509505 12 
510853 8 
514135 25 
514533 14 
514698 9 
515116 349 
515453 132 
515904 40 
517442 19 
517610 192 
518549 894 
518775 419 
519632 737 
520006 99 
520855 73 
522681 49 
523080 442 
523311 23 
523317 113 
523592 81 
523776 192 
524160 30 
524481 45 
525219 87 
525955 38 
526167 28 
526189 51 
527142 671 
527181 601 
527348 63 
527622 57 
527649 794 
527724 27 
527732 290 
527832 4 
527847 36 
528150 64 
528190 7 
528418 11 
529014 66 
529042 140 
529051 373 
529105 40 
529240 59 
529269 123 
529321 109 
529496 87 
529820 78 
529852 163 
529878 872 
529889 238 
529907 189 
530231 40 
531617 82 
531651 4550 
531714 74 
532970 3 
534131 14 
534391 76 
537532 22 
540147 56 
542010 48 
544869 2 
557880 1476 
569481 46 
569516 218 
569624 149 
569749 10 
571182 260 
571255 28 
572105 156 
577541 337 
578105 71 
578318 102 
578534 95 
578665 150 
579691 119 
579741 52 
581103 143 
581200 74 
581741 45 
582828 12 
583898 718 
584941 14 
586849 64 
586891 154 
587480 19 
587695 43 
588155 1081 
589459 42 
589801 276 
591828 748 
591899 16456 
595173 315 
596886 13 
596923 70 
597086 60 
597451 33 
599891 149 
601164 59 
602381 220 
602696 33 
604649 87 
