5233 5.82990740741
0 10815 
13 1142 
20 148 
33 1846 
33 141 
68 95 
78 1 
81 23 
81 176 
82 23 
85 94 
93 504 
94 213 
106 79 
118 519 
118 108 
119 179 
121 66 
129 278 
132 323 
135 167 
141 1600 
142 15 
156 324 
162 25 
163 16 
165 2 
172 97 
173 37 
177 1583 
182 85 
182 103 
194 55 
199 27 
201 64 
201 231 
206 30 
213 96 
215 1424 
222 28 
228 958 
234 26 
237 46 
238 958 
238 2909 
239 1477 
239 73 
239 291 
241 76 
242 5394 
244 110 
248 40 
259 478 
264 1569 
265 57 
268 66 
271 1362 
272 25 
273 77 
275 130 
275 72 
277 72 
278 383 
294 50 
296 389 
296 57 
299 137 
302 87 
305 839 
307 41 
309 90 
311 282 
314 53 
326 174 
328 79 
331 83 
333 316 
337 33 
337 569 
340 44 
345 88 
345 38 
346 124 
347 53 
348 549 
348 394 
349 117 
351 216 
358 216 
359 164 
377 72 
380 260 
383 117 
385 381 
390 65 
393 106 
398 210 
398 75 
403 865 
407 297 
418 239 
420 103 
422 48 
422 17 
428 372 
431 363 
434 282 
435 26 
436 62 
437 54 
439 45 
440 19 
442 22 
445 901 
452 308 
453 28 
457 74 
458 135 
468 47 
475 95 
480 127 
484 280 
487 349 
488 154 
488 145 
489 1932 
489 34 
492 207 
500 4214 
504 16 
505 31 
505 5 
513 2 
513 345 
529 48 
540 75 
544 839 
550 449 
554 318 
554 94 
556 121 
557 495 
563 89 
564 15 
564 79 
565 13 
574 115 
575 14 
585 897 
586 163 
587 149 
594 16 
597 40 
600 1263 
600 62 
609 118 
614 133 
632 3900 
642 1782 
649 1056 
661 36 
665 124 
667 12 
669 611 
670 54 
676 619 
683 178 
692 65 
697 92 
698 222 
709 144 
712 171 
712 388 
715 3121 
718 112 
724 57 
733 1131 
734 958 
760 30 
763 1408 
764 287 
766 58 
768 339 
773 140 
781 55 
783 269 
784 44 
785 659 
786 118 
786 221 
789 1609 
789 313 
793 213 
799 105 
817 319 
818 5861 
822 77 
825 14 
826 17 
828 5404 
833 49 
833 20 
833 573 
840 4 
843 60 
846 268 
847 3796 
848 33 
849 184 
850 84 
852 118 
854 517 
858 32 
862 34 
862 130 
867 351 
867 105 
868 147 
870 41 
871 274 
875 761 
882 91 
884 11282 
887 65 
889 85 
894 1159 
894 54 
897 203 
906 54 
907 63 
907 460 
907 19 
908 366 
911 87 
911 14345 
911 518 
915 275 
925 150 
928 58 
928 862 
928 191 
930 77 
933 1769 
935 69 
935 131 
939 26 
943 908 
945 100 
947 152 
950 171 
956 492 
958 1406 
959 137 
962 59 
962 27 
963 8 
963 395 
964 51 
969 382 
970 62 
971 11 
976 403 
979 57 
982 4074 
987 316 
991 17 
994 28 
998 459 
1001 112 
1002 95 
1005 786 
1007 72 
1009 117 
1013 80 
1015 1263 
1019 52 
1026 42 
1027 139 
1028 214 
1030 269 
1043 42 
1046 214 
1047 24 
1049 28 
1057 38 
1057 87 
1057 12 
1058 173 
1063 187 
1065 157 
1067 1196 
1068 299 
1069 238 
1069 98 
1071 442 
1075 77 
1079 453 
1079 9 
1083 88 
1085 787 
1087 131 
1088 137 
1090 1925 
1091 74 
1091 90 
1091 411 
1092 427 
1097 415 
1098 597 
1101 584 
1102 371 
1106 65 
1112 371 
1118 13 
1119 123 
1121 45 
1124 24 
1129 76 
1133 191 
1138 107 
1141 72 
1145 886 
1145 239 
1145 12 
1147 48 
1149 15 
1149 63 
1153 131 
1158 328 
1160 412 
1169 88 
1171 192 
1172 527 
1173 452 
1177 59 
1179 30 
1180 133 
1182 299 
1182 71 
1183 678 
1184 96 
1184 42 
1190 27 
1191 751 
1195 30 
1196 289 
1198 405 
1201 91 
1210 36 
1213 271 
1213 231 
1217 32 
1217 14 
1218 140 
1221 7 
1225 45 
1237 176 
1237 62 
1240 1483 
1246 262 
1247 15 
1249 2127 
1250 109 
1250 1490 
1251 720 
1253 41 
1257 117 
1260 19 
1261 619 
1262 4 
1263 1565 
1267 114 
1276 1728 
1279 175 
1283 175 
1284 1045 
1285 1989 
1288 125 
1292 19 
1295 85 
1296 605 
1299 851 
1311 210 
1312 262 
1318 74 
1319 645 
1320 74 
1321 5 
1324 6 
1326 158 
1331 1456 
1334 1339 
1348 113 
1349 387 
1350 11 
1353 44 
1358 222 
1361 240 
1365 47 
1369 178 
1371 774 
1374 76 
1377 182 
1385 1368 
1385 54 
1388 373 
1388 216 
1391 383 
1397 188 
1397 69 
1400 138 
1408 46 
1408 512 
1409 1839 
1410 1170 
1410 827 
1411 39 
1420 21 
1420 11 
1424 85 
1427 226 
1428 42 
1430 806 
1432 613 
1433 74 
1434 36 
1440 12 
1441 315 
1442 115 
1446 7 
1446 52 
1450 2505 
1452 143 
1453 22 
1454 54 
1454 1376 
1458 81 
1458 9817 
1461 156 
1462 454 
1468 134 
1468 177 
1470 138 
1472 837 
1474 601 
1476 839 
1478 1285 
1482 11 
1483 61 
1485 3 
1498 96 
1498 31 
1502 137 
1502 44 
1508 22 
1508 107 
1509 543 
1509 64 
1511 106 
1513 182 
1514 57 
1515 183 
1515 277 
1518 97 
1522 147 
1528 261 
1529 30 
1535 24 
1536 117 
1541 213 
1542 611 
1543 118 
1545 27 
1545 766 
1548 115 
1548 945 
1553 52 
1554 6 
1562 656 
1563 63 
1565 103 
1565 511 
1566 89 
1567 16 
1570 49 
1573 492 
1574 394 
1577 248 
1584 3136 
1585 120 
1590 133 
1601 29 
1601 386 
1602 63 
1604 57 
1607 91 
1615 239 
1616 86 
1617 20 
1623 1 
1627 40 
1629 107 
1631 17 
1632 47 
1639 93 
1641 5 
1642 23 
1643 110 
1646 232 
1649 225 
1650 292 
1655 44 
1658 25 
1658 1385 
1660 69 
1661 163 
1662 88 
1663 392 
1664 104 
1668 10 
1672 198 
1677 411 
1678 47 
1684 248 
1688 31 
1694 19 
1699 357 
1706 144 
1708 2497 
1710 101 
1712 30 
1713 438 
1713 178 
1717 155 
1720 1501 
1724 306 
1727 231 
1728 7 
1729 12 
1731 571 
1732 17 
1733 14 
1738 1092 
1740 50 
1740 16 
1740 468 
1740 32 
1744 700 
1744 77 
1744 161 
1747 453 
1754 13 
1755 117 
1758 182 
1766 1204 
1773 11 
1773 130 
1773 26 
1778 89 
1780 58 
1784 5 
1784 135 
1784 81 
1784 71 
1785 86 
1786 50 
1796 176 
1802 8 
1806 151 
1806 45 
1807 76 
1807 12 
1809 331 
1814 250 
1819 29 
1821 27 
1826 554 
1826 34 
1831 59 
1831 109 
1832 84 
1847 113 
1849 281 
1857 84 
1860 578 
1864 91 
1866 390 
1867 323 
1868 215 
1868 290 
1869 22 
1873 58 
1878 181 
1881 24 
1883 137 
1883 57 
1884 1262 
1888 6 
1890 88 
1891 110 
1891 1358 
1893 29 
1906 197 
1909 238 
1912 242 
1913 185 
1919 156 
1923 75 
1923 211 
1923 448 
1927 17 
1933 367 
1935 18 
1938 1546 
1938 278 
1939 65 
1939 62 
1940 106 
1944 762 
1948 922 
1959 16 
1960 29 
1963 538 
1963 751 
1965 13 
1970 333 
1972 31 
1974 190 
1975 54 
1979 147 
1982 690 
1984 229 
1986 1073 
1987 16 
1991 22 
1992 126 
1993 750 
1999 73 
2005 57 
2011 843 
2012 63 
2013 69 
2016 289 
2017 1070 
2018 285 
2025 303 
2026 636 
2028 77 
2032 383 
2033 121 
2038 1138 
2044 42 
2045 1488 
2045 69 
2045 61 
2050 88 
2052 239 
2052 37 
2053 113 
2057 798 
2058 123 
2059 42 
2061 53 
2063 24 
2066 334 
2068 141 
2069 431 
2071 800 
2072 88 
2074 2032 
2078 15 
2079 190 
2079 116 
2080 22 
2080 57 
2083 626 
2085 71 
2086 237 
2088 71 
2097 1069 
2105 100 
2106 54 
2107 90 
2108 154 
2110 28 
2113 15 
2116 1509 
2119 63 
2124 39 
2125 85 
2139 20 
2139 735 
2145 316 
2146 15 
2148 72 
2148 791 
2150 129 
2150 41 
2153 105 
2157 460 
2158 462 
2159 68 
2159 77 
2159 183 
2162 12 
2163 101 
2164 3 
2164 14 
2165 122 
2166 16 
2168 7 
2170 199 
2171 53 
2172 721 
2174 125 
2175 158 
2178 1474 
2183 29 
2183 154 
2189 49 
2194 22 
2194 133 
2195 2364 
2196 65 
2198 132 
2203 77 
2205 764 
2206 53 
2212 67 
2219 873 
2219 234 
2220 105 
2226 188 
2230 25 
2232 602 
2233 20 
2239 35 
2239 97 
2241 611 
2246 915 
2248 907 
2248 688 
2249 600 
2251 58 
2262 2873 
2267 37 
2272 35 
2273 125 
2275 187 
2281 15 
2285 149 
2285 56 
2291 203 
2292 75 
2294 17725 
2295 72 
2296 236 
2299 282 
2305 255 
2306 1869 
2309 1910 
2310 26 
2316 112 
2319 74 
2320 8 
2323 270 
2325 605 
2326 146 
2331 14 
2333 141 
2335 101 
2337 1843 
2346 470 
2347 402 
2347 79 
2349 19 
2350 97 
2358 139 
2361 1467 
2361 55 
2362 104 
2378 195 
2381 99 
2383 85 
2384 156 
2386 4 
2390 157 
2393 20 
2395 1358 
2395 152 
2400 158 
2401 659 
2409 122 
2412 92 
2414 98 
2417 50 
2418 316 
2419 142 
2422 41 
2425 1042 
2425 951 
2426 53 
2430 37 
2431 12 
2431 63 
2431 32 
2436 18 
2436 36 
2446 59 
2446 329 
2460 157 
2461 1034 
2462 890 
2462 51 
2463 100 
2464 253 
2465 99 
2466 25 
2466 459 
2467 9 
2468 35 
2475 902 
2477 666 
2491 103 
2494 66 
2496 410 
2498 41 
2504 118 
2505 311 
2509 207 
2511 1574 
2512 684 
2515 575 
2521 586 
2523 59 
2524 2720 
2524 164 
2525 256 
2527 1962 
2529 3 
2531 12 
2531 80 
2533 60 
2536 17 
2541 113 
2541 28 
2548 291 
2550 137 
2553 7 
2555 228 
2557 12 
2558 280 
2560 53 
2560 53 
2562 178 
2562 115 
2563 8 
2563 10 
2564 60 
2566 312 
2567 299 
2569 161 
2571 1547 
2571 93 
2575 949 
2578 65 
2581 115 
2584 1254 
2586 41 
2586 6 
2590 182 
2591 51 
2593 56 
2595 513 
2598 50 
2600 122 
2607 42 
2609 481 
2610 697 
2614 40 
2616 1607 
2616 20 
2632 139 
2633 1005 
2634 13 
2635 59 
2642 63 
2643 52 
2646 133 
2655 895 
2655 27 
2657 297 
2660 438 
2661 333 
2662 28 
2665 1556 
2668 69 
2675 46 
2680 110 
2680 24 
2684 35 
2687 60 
2691 793 
2692 1054 
2692 504 
2693 45 
2694 648 
2697 19 
2709 118 
2711 22 
2711 651 
2715 46 
2716 582 
2728 46 
2729 196 
2736 275 
2738 179 
2739 39 
2749 431 
2756 18 
2757 267 
2757 30 
2759 139 
2759 118 
2763 8 
2765 605 
2766 3 
2768 36 
2771 995 
2773 1103 
2776 414 
2777 613 
2778 101 
2781 110 
2782 131 
2785 284 
2791 11 
2791 70 
2793 79 
2797 35 
2799 395 
2801 1447 
2802 9 
2802 644 
2808 223 
2809 145 
2810 583 
2816 38 
2822 167 
2830 295 
2833 107 
2838 30 
2838 200 
2838 279 
2841 69 
2842 156 
2848 145 
2852 80 
2852 951 
2855 40 
2856 297 
2859 87 
2866 439 
2867 307 
2869 101 
2874 42 
2877 26 
2879 157 
2883 16 
2897 189 
2898 127 
2903 152 
2907 1171 
2911 240 
2915 35 
2916 85 
2917 155 
2926 140 
2933 68 
2933 277 
2935 87 
2936 104 
2943 121 
2945 11 
2949 243 
2952 120 
2953 73 
2962 118 
2963 220 
2971 348 
2975 827 
2977 42 
2982 23 
2985 188 
2987 291 
2989 34 
2994 812 
2995 28 
2996 21 
2997 19 
2997 335 
2998 8 
2998 78 
3002 606 
3004 73 
3005 351 
3010 1943 
3012 71 
3013 106 
3013 1156 
3013 1979 
3020 157 
3021 12 
3024 199 
3025 198 
3028 2841 
3031 201 
3035 67 
3036 693 
3038 31 
3038 30 
3041 684 
3045 100 
3047 69 
3050 68 
3052 1128 
3058 96 
3059 25 
3062 366 
3063 1284 
3069 92 
3078 24 
3082 18 
3084 1299 
3084 132 
3091 89 
3091 90 
3092 118 
3096 65 
3099 135 
3101 711 
3107 143 
3110 154 
3113 15 
3116 177 
3118 496 
3122 24 
3122 14 
3125 127 
3125 77 
3125 3711 
3128 69 
3132 675 
3132 91 
3134 162 
3137 904 
3138 64 
3142 43 
3163 365 
3164 49 
3169 89 
3171 130 
3174 36 
3174 52 
3176 103 
3179 46 
3180 1016 
3184 64 
3185 9225 
3190 69 
3198 178 
3202 70 
3208 42 
3209 217 
3212 140 
3215 18 
3217 42 
3217 6 
3221 57 
3221 52 
3225 478 
3225 2883 
3230 123 
3231 233 
3231 0 
3236 190 
3240 80 
3242 178 
3245 5 
3246 163 
3248 116 
3252 64 
3256 69 
3261 439 
3261 292 
3264 140 
3265 556 
3266 77 
3267 31 
3267 38 
3271 129 
3271 56 
3273 142 
3274 96 
3280 24 
3281 49 
3290 655 
3298 123 
3301 137 
3301 382 
3302 109 
3307 146 
3309 75 
3315 199 
3317 165 
3324 273 
3326 139 
3328 16498 
3329 9 
3329 22 
3335 143 
3341 228 
3344 94 
3345 89 
3351 875 
3359 169 
3363 242 
3373 29 
3378 157 
3379 166 
3380 48 
3382 32 
3387 1878 
3394 99 
3396 424 
3397 138 
3404 86 
3408 300 
3416 508 
3420 508 
3428 68 
3428 68 
3429 134 
3430 40 
3430 71 
3432 78 
3433 108 
3434 55 
3437 331 
3453 32 
3455 481 
3465 101 
3470 41 
3470 68 
3470 51 
3473 476 
3481 72 
3484 169 
3485 91 
3486 43 
3490 1 
3491 442 
3493 896 
3494 156 
3496 225 
3499 75 
3500 1431 
3505 132 
3513 70 
3515 39 
3519 119 
3519 63 
3526 366 
3530 341 
3534 1027 
3551 14 
3563 471 
3563 308 
3566 77 
3573 11 
3579 1330 
3579 37 
3584 28 
3584 42 
3590 19 
3592 20 
3594 2230 
3595 8275 
3596 47 
3602 832 
3605 1163 
3607 1118 
3610 123 
3612 225 
3614 1662 
3624 57 
3628 107 
3630 13 
3632 267 
3634 39 
3635 1541 
3636 33 
3643 281 
3647 518 
3652 325 
3652 221 
3656 23 
3660 34 
3665 106 
3677 231 
3685 14 
3690 40 
3691 24 
3692 26 
3693 27 
3703 233 
3708 6 
3710 50 
3716 328 
3718 101 
3722 104 
3723 2316 
3725 9 
3726 154 
3734 78 
3741 181 
3744 67 
3745 64 
3747 2 
3747 25 
3750 21 
3757 221 
3757 9 
3764 360 
3775 383 
3778 1191 
3782 399 
3803 156 
3809 145 
3810 3 
3813 12 
3818 180 
3823 360 
3831 513 
3835 132 
3841 24 
3845 2256 
3848 1428 
3848 203 
3848 58 
3850 4 
3854 31 
3857 223 
3857 9 
3857 146 
3858 17 
3859 53 
3862 25 
3867 253 
3871 121 
3876 382 
3877 414 
3878 629 
3881 120 
3882 312 
3886 3 
3891 18 
3892 230 
3895 13 
3896 39 
3897 31 
3904 457 
3904 53 
3911 224 
3912 155 
3913 107 
3915 34 
3917 1199 
3923 43 
3941 249 
3943 457 
3944 25 
3945 20 
3953 126 
3954 2230 
3956 171 
3957 68 
3962 41 
3967 17 
3969 290 
3971 48 
3984 3664 
3986 1105 
3988 547 
3988 1339 
4002 113 
4007 34 
4010 426 
4020 105 
4020 67 
4022 164 
4040 653 
4040 45 
4048 676 
4048 84 
4049 153 
4049 62 
4051 149 
4052 56 
4058 93 
4062 16 
4070 20 
4074 75 
4085 86 
4087 102 
4092 1357 
4096 21 
4101 18 
4101 125 
4102 310 
4106 21 
4110 1248 
4111 128 
4114 114 
4144 816 
4148 62 
4157 421 
4165 49 
4165 60 
4168 934 
4170 14 
4171 325 
4173 3290 
4174 20 
4179 220 
4186 93 
4192 81 
4194 68 
4197 1459 
4203 49 
4204 74 
4210 157 
4215 129 
4223 15 
4223 6 
4233 238 
4238 167 
4239 429 
4240 176 
4244 192 
4247 214 
4249 1588 
4253 6203 
4254 343 
4255 42 
4258 383 
4264 233 
4270 1380 
4271 51 
4274 33 
4284 99 
4288 3 
4295 1410 
4301 456 
4307 88 
4314 264 
4319 645 
4329 382 
4340 77 
4340 33 
4340 52 
4345 110 
4354 6 
4359 67 
4365 1331 
4372 43 
4373 232 
4374 236 
4375 239 
4381 96 
4390 25 
4395 118 
4402 79 
4405 2 
4408 43 
4411 85 
4417 98 
4441 29 
4444 1 
4445 29 
4446 36 
4447 266 
4455 277 
4456 235 
4466 333 
4469 45 
4479 150 
4488 236 
4490 132 
4490 298 
4498 147 
4503 46 
4506 131 
4512 51 
4517 51 
4524 334 
4526 160 
4528 279 
4540 6161 
4540 33 
4542 51 
4543 66 
4548 1840 
4550 200 
4555 244 
4558 271 
4571 133 
4571 16 
4577 161 
4601 39 
4608 16 
4609 302 
4626 149 
4636 375 
4638 1045 
4638 98 
4638 68 
4638 11 
4641 45 
4644 39 
4644 663 
4645 117 
4648 7 
4648 97 
4649 7 
4650 259 
4656 465 
4678 205 
4692 1739 
4693 11 
4694 21 
4697 18 
4697 42 
4699 107 
4700 246 
4704 233 
4706 95 
4708 162 
4714 40 
4715 126 
4726 124 
4728 32 
4732 75 
4734 13 
4738 221 
4740 87 
4741 113 
4748 40 
4749 21 
4754 70 
4757 13 
4758 19 
4760 61 
4770 529 
4770 7 
4776 58 
4780 7 
4781 424 
4783 436 
4783 85 
4784 28 
4793 191 
4800 87 
4818 142 
4826 2356 
4832 296 
4837 11 
4838 36 
4841 47 
4846 390 
4847 201 
4851 58 
4853 25 
4857 786 
4858 84 
4860 88 
4860 89 
4865 183 
4872 5966 
4885 162 
4888 17 
4893 41 
4905 402 
4909 201 
4913 18 
4914 611 
4914 28 
4917 161 
4919 31 
4921 736 
4924 24 
4929 49 
4938 43 
4946 143 
4951 119 
4965 155 
4974 212 
4986 55 
4987 44 
4987 17 
4989 1848 
4990 149 
4998 20 
5000 134 
5000 16 
5002 74 
5006 1323 
5009 101 
5012 41 
5013 274 
5019 856 
5020 114 
5021 115 
5027 402 
5034 287 
5037 39 
5043 78 
5045 441 
5049 528 
5050 35 
5057 114 
5057 38 
5057 70 
5068 209 
5069 152 
5076 42 
5077 120 
5085 7 
5093 229 
5095 128 
5096 111 
5098 384 
5121 732 
5121 1 
5125 573 
5128 103 
5131 2864 
5137 84 
5144 140 
5147 14 
5148 49 
5153 12 
5159 197 
5164 62 
5167 28 
5169 175 
5176 87 
5177 9 
5178 938 
5184 151 
5187 223 
5196 36 
5198 233 
5203 44 
5205 1471 
5212 106 
5217 558 
5218 121 
5220 874 
5228 150 
5230 140 
5232 152 
5236 179 
5241 61 
5245 301 
5252 136 
5263 491 
5266 24 
5269 5 
5270 30 
5282 116 
5287 51 
5294 60 
5298 1940 
5299 40 
5299 14 
5304 16 
5309 35 
5316 185 
5317 233 
5321 155 
5325 366 
5334 89 
5346 94 
5348 7287 
5350 64 
5351 891 
5354 1044 
5359 8 
5361 47 
5369 35 
5377 24 
5378 6027 
5379 51 
5380 5 
5389 58 
5394 1221 
5398 63 
5399 283 
5399 76 
5410 915 
5412 1157 
5412 44 
5426 4466 
5427 5431 
5427 138 
5432 34 
5443 11 
5444 282 
5445 74 
5446 51 
5468 149 
5470 2705 
5481 472 
5489 1650 
5490 86 
5491 82 
5491 210 
5495 93 
5503 335 
5510 112 
5513 769 
5520 136 
5521 281 
5522 362 
5531 79 
5536 90 
5543 124 
5545 45 
5545 241 
5547 45 
5548 218 
5558 1 
5563 69 
5568 96 
5576 827 
5580 47 
5580 86 
5586 83 
5588 251 
5588 713 
5591 109 
5593 35 
5606 554 
5612 45 
5619 61 
5625 293 
5626 1 
5638 552 
5642 26 
5643 170 
5646 20 
5648 23 
5658 431 
5662 16 
5665 135 
5669 52 
5669 565 
5677 2077 
5678 21 
5682 67 
5689 15 
5693 26 
5701 17 
5717 28 
5719 397 
5721 119 
5721 46 
5727 35 
5730 918 
5746 854 
5747 372 
5748 19 
5749 1137 
5750 551 
5751 391 
5756 84 
5758 479 
5765 29 
5771 2076 
5771 106 
5772 81 
5779 159 
5781 26 
5781 30 
5782 235 
5787 15 
5792 35 
5792 109 
5792 25 
5794 371 
5808 226 
5814 52 
5815 602 
5817 104 
5819 94 
5821 101 
5826 96 
5828 21 
5829 190 
5847 3 
5849 136 
5850 561 
5852 64 
5865 35 
5865 524 
5871 58 
5886 379 
5892 32 
5892 340 
5893 30 
5894 192 
5903 57 
5908 55 
5908 154 
5913 144 
5914 75 
5924 214 
5928 97 
5931 497 
5936 282 
5939 104 
5978 33 
5978 992 
5980 15 
5981 1350 
5982 22 
5983 67 
5987 7 
5988 20 
6004 161 
6012 426 
6014 1605 
6016 456 
6016 136 
6023 124 
6024 165 
6030 7 
6032 563 
6033 205 
6033 499 
6035 46 
6038 634 
6041 68 
6042 41 
6045 359 
6046 26 
6052 20 
6057 71 
6058 61 
6072 9 
6073 80 
6078 18 
6080 42 
6085 111 
6085 149 
6089 1928 
6092 163 
6099 78 
6100 503 
6101 6 
6111 26 
6121 786 
6129 63 
6131 205 
6131 29 
6134 36 
6135 40 
6146 32 
6151 11 
6156 8 
6166 158 
6169 92 
6172 46 
6173 171 
6175 321 
6194 5 
6194 879 
6195 108 
6196 95 
6201 57 
6207 455 
6207 132 
6207 222 
6207 42 
6222 99 
6223 75 
6229 8160 
6229 394 
6233 1322 
6234 2 
6255 492 
6274 17 
6274 109 
6277 1090 
6278 103 
6281 165 
6282 510 
6283 15070 
6284 227 
6289 222 
6302 320 
6312 66 
6312 34 
6315 41980 
6315 68 
6318 504 
6322 189 
6330 45 
6334 53 
6337 729 
6346 133 
6347 47 
6348 212 
6351 315 
6352 5 
6356 192 
6357 42 
6357 79 
6360 42 
6366 419 
6370 1345 
6372 52 
6374 578 
6374 2212 
6375 318 
6377 564 
6377 104 
6379 8 
6379 86 
6387 22 
6401 408 
6405 129 
6406 128 
6406 71 
6410 54 
6416 135 
6417 636 
6420 204 
6432 57 
6434 62 
6442 1564 
6444 298 
6446 54 
6447 20 
6447 61 
6450 1488 
6453 778 
6462 2752 
6465 69 
6473 46 
6485 12 
6488 1078 
6495 175 
6505 189 
6510 44 
6511 635 
6532 420 
6539 17 
6541 273 
6543 92 
6543 132 
6545 230 
6545 83 
6551 7 
6554 167 
6565 820 
6568 143 
6570 459 
6571 3215 
6574 56 
6581 262 
6586 42 
6588 861 
6593 38 
6598 81 
6598 1755 
6599 37 
6602 31 
6602 90 
6625 20 
6625 16 
6628 215 
6629 17 
6637 419 
6639 52 
6643 961 
6648 1058 
6652 28 
6659 193 
6659 399 
6659 88 
6667 69 
6670 106 
6673 85 
6682 59 
6683 150 
6711 152 
6712 251 
6725 277 
6727 534 
6731 74 
6735 52 
6739 52 
6748 285 
6762 132 
6779 78 
6781 2382 
6785 673 
6787 29 
6787 418 
6793 376 
6796 84 
6804 9 
6805 128 
6811 233 
6812 74 
6817 263 
6821 110 
6827 70 
6836 269 
6843 4020 
6845 107 
6851 26 
6864 126 
6867 170 
6869 273 
6872 158 
6874 139 
6876 364 
6881 2304 
6885 541 
6887 581 
6900 101 
6908 42 
6920 1724 
6924 4 
6924 139 
6927 107 
6931 32 
6936 200 
6940 54 
6945 72 
6946 415 
6952 158 
6953 2021 
6965 62 
6971 96 
6973 46 
6973 236 
6983 475 
6986 54 
6989 7 
6990 375 
6992 93 
6996 175 
6996 181 
6997 43 
6998 147 
7001 95 
7004 2398 
7009 381 
7019 350 
7025 54 
7025 52 
7030 81 
7030 174 
7037 31 
7041 22 
7045 30 
7047 155 
7054 221 
7068 38 
7068 1278 
7073 66 
7075 608 
7076 66 
7078 107 
7081 91 
7086 130 
7086 31 
7090 78 
7107 374 
7107 22 
7110 470 
7111 346 
7113 138 
7120 148 
7125 428 
7133 121 
7137 563 
7137 142 
7139 42 
7142 237 
7147 83 
7147 83 
7149 17 
7149 17 
7150 94 
7150 94 
7174 422 
7174 422 
7175 230 
7175 230 
7176 9 
7176 9 
7180 41 
7180 41 
7180 43 
7180 43 
7181 222 
7181 44 
7181 222 
7181 44 
7187 58 
7187 58 
7192 1434 
7192 1593 
7192 1593 
7192 1434 
7198 81 
7198 81 
7201 303 
7201 303 
7207 49 
7207 49 
7209 36 
7209 36 
7221 271 
7221 157 
7223 70 
7228 239 
7229 1584 
7232 910 
7234 3 
7234 5948 
7248 149 
7249 704 
7256 43 
7260 715 
7261 673 
7272 376 
7282 61 
7284 35 
7292 70 
7295 106 
7295 22 
7295 171 
7299 60 
7300 49 
7306 152 
7316 86 
7319 43 
7335 144 
7336 166 
7340 440 
7343 69 
7349 966 
7349 34 
7352 90 
7356 139 
7357 760 
7362 57 
7367 175 
7368 290 
7377 30 
7380 131 
7381 275 
7383 47 
7385 60 
7388 93 
7393 915 
7398 171 
7400 460 
7403 26 
7408 42 
7415 782 
7419 21 
7421 94 
7426 112 
7428 229 
7434 55 
7441 5 
7445 8 
7447 144 
7454 238 
7454 43 
7456 113 
7457 68 
7458 80 
7460 352 
7478 555 
7482 3632 
7490 269 
7493 186 
7494 115 
7496 64 
7499 42 
7499 345 
7505 82 
7505 140 
7513 89 
7514 112 
7519 155 
7519 313 
7523 31 
7532 693 
7538 73 
7544 517 
7550 35 
7550 26 
7551 95 
7558 165 
7563 136 
7574 51 
7577 1142 
7578 1 
7579 291 
7583 2004 
7592 27 
7595 6 
7598 117 
7602 10 
7605 5 
7607 22 
7608 728 
7620 8 
7625 489 
7648 28 
7653 342 
7654 110 
7655 377 
7661 70 
7663 94 
7663 65 
7666 388 
7667 128 
7667 92 
7669 359 
7696 74 
7697 42 
7697 188 
7700 581 
7700 249 
7709 49 
7711 888 
7715 109 
7722 7 
7723 130 
7727 65 
7732 2222 
7732 29 
7733 335 
7745 112 
7747 26 
7750 60 
7758 62 
7762 761 
7766 214 
7768 189 
7770 43 
7782 73 
7784 939 
7793 15 
7794 28 
7795 361 
7801 76 
7807 95 
7820 351 
7824 525 
7827 74 
7831 94 
7831 33 
7836 1496 
7840 52 
7852 242 
7865 210 
7880 17 
7880 151 
7891 78 
7911 72 
7916 9 
7918 45 
7918 235 
7918 2852 
7925 771 
7932 35 
7934 270 
7946 695 
7946 138 
7952 338 
7956 93 
7961 21 
7964 112 
7974 582 
7979 240 
7981 271 
7990 257 
7991 17 
7996 18 
7997 441 
7998 220 
8002 127 
8012 54 
8019 51 
8022 147 
8028 18 
8028 563 
8034 16 
8041 31 
8043 474 
8047 470 
8050 84 
8053 55 
8058 124 
8060 12 
8061 3 
8070 16 
8077 56 
8088 13 
8093 7 
8094 422 
8094 349 
8103 149 
8104 89 
8106 385 
8109 4 
8111 32 
8111 115 
8114 81 
8115 89 
8126 80 
8127 334 
8131 96 
8137 7 
8139 54 
8150 275 
8166 358 
8166 315 
8179 29 
8179 37 
8184 152 
8194 146 
8194 416 
8203 275 
8203 681 
8210 906 
8211 394 
8212 71 
8213 30 
8216 91 
8224 262 
8228 16 
8234 223 
8236 493 
8238 116 
8242 484 
8249 316 
8251 66 
8257 193 
8257 86 
8261 202 
8264 96 
8281 166 
8286 412 
8288 191 
8305 456 
8305 49 
8307 52 
8311 583 
8311 75 
8331 62 
8335 942 
8336 114 
8337 135 
8338 271 
8341 68 
8344 49 
8345 68 
8354 757 
8354 258 
8365 7 
8377 59 
8379 125 
8382 26 
8392 28 
8395 82 
8403 930 
8409 79 
8411 80 
8416 1299 
8424 1 
8428 1759 
8430 778 
8438 58 
8443 46 
8451 15 
8453 50 
8468 157 
8470 41 
8471 110 
8474 28 
8480 1073 
8490 861 
8498 3 
8504 71 
8514 507 
8517 178 
8523 58 
8532 362 
8559 407 
8571 78 
8589 1347 
8611 50 
8614 14 
8619 287 
8623 1011 
8628 65 
8635 628 
8638 48 
8641 34 
8644 174 
8645 139 
8646 48 
8650 55 
8653 12 
8659 98 
8662 91 
8662 35 
8662 112 
8664 85 
8667 276 
8674 335 
8679 281 
8683 44 
8690 10 
8699 345 
8702 56 
8704 63 
8708 56 
8713 180 
8713 1195 
8717 866 
8718 271 
8719 103 
8722 406 
8724 802 
8726 61 
8731 44 
8734 177 
8741 699 
8752 93 
8763 9 
8766 10 
8777 823 
8780 127 
8786 232 
8786 53 
8794 157 
8805 152 
8807 188 
8827 85 
8829 1007 
8839 567 
8842 441 
8847 86 
8852 329 
8859 66 
8868 415 
8874 87 
8891 182 
8897 7 
8899 137 
8902 68 
8905 182 
8906 232 
8909 340 
8913 65 
8919 64 
8927 41 
8929 46 
8935 184 
8936 211 
8939 150 
8940 36 
8945 172 
8956 243 
8961 118 
8964 397 
8965 611 
8968 483 
8973 67 
8974 153 
8974 140 
8984 336 
8992 171 
8995 63 
9002 196 
9008 394 
9009 769 
9011 33 
9020 157 
9025 2468 
9028 271 
9029 65 
9034 3 
9039 1 
9044 670 
9045 37 
9047 566 
9049 72 
9050 25 
9054 55 
9058 65 
9060 44 
9066 28 
9070 389 
9082 163 
9089 158 
9092 152 
9096 216 
9098 306 
9103 168 
9104 142 
9115 170 
9119 193 
9125 151 
9140 54 
9145 84 
9153 198 
9157 195 
9159 707 
9164 40 
9170 130 
9171 63 
9173 11 
9181 24 
9181 2 
9182 115 
9188 66 
9191 1065 
9193 1301 
9200 333 
9201 205 
9202 447 
9205 167 
9208 25 
9210 28 
9214 204 
9215 28 
9221 86 
9221 34 
9224 2001 
9224 35 
9238 159 
9238 5 
9254 566 
9258 933 
9258 73 
9262 659 
9262 366 
9270 105 
9293 130 
9298 360 
9298 50 
9300 25 
9303 67 
9314 72 
9319 10 
9319 73 
9326 133 
9326 598 
9347 60 
9359 180 
9363 72 
9366 178 
9366 110 
9372 68 
9372 70 
9373 44 
9374 348 
9383 892 
9394 23 
9402 1732 
9408 67 
9425 36 
9425 164 
9430 12 
9433 502 
9446 374 
9450 53 
9457 66 
9458 18 
9461 80 
9463 33 
9468 3 
9470 50 
9478 10 
9479 15 
9483 12 
9509 207 
9510 506 
9512 311 
9514 254 
9521 213 
9527 641 
9533 67 
9540 188 
9542 142 
9545 88 
9545 411 
9548 23 
9553 14 
9556 46 
9557 395 
9569 1662 
9574 42 
9580 369 
9582 56 
9594 1 
9595 178 
9597 122 
9599 17 
9605 91 
9605 265 
9613 34 
9614 97 
9615 202 
9625 1 
9625 31 
9627 95 
9629 24 
9630 35 
9632 98 
9640 1157 
9643 27 
9643 140 
9644 106 
9646 17 
9646 81 
9646 15 
9652 210 
9654 835 
9658 337 
9664 2 
9676 98 
9680 39 
9694 37 
9695 72 
9696 63 
9707 101 
9722 52 
9724 59 
9732 10 
9732 205 
9747 28 
9747 8 
9749 232 
9758 26 
9766 8 
9767 36 
9768 169 
9771 163 
9779 22 
9809 41 
9810 922 
9810 54 
9844 53 
9852 57 
9853 9 
9854 1200 
9857 59 
9860 36 
9870 1729 
9873 158 
9888 232 
9889 199 
9899 312 
9902 124 
9903 134 
9904 289 
9905 615 
9927 3318 
9930 75 
9933 0 
9941 177 
9951 92 
9957 57 
9959 29 
9972 442 
9985 634 
10003 102 
10006 258 
10014 36 
10020 96 
10022 358 
10030 625 
10047 202 
10058 129 
10062 1312 
10066 39 
10075 19 
10082 156 
10087 140 
10088 40 
10090 79 
10095 10 
10101 135 
10108 227 
10109 78 
10110 60 
10124 120 
10130 298 
10135 120 
10139 102 
10150 15 
10167 274 
10174 251 
10175 84 
10175 222 
10182 2698 
10190 27 
10200 209 
10204 246 
10207 300 
10208 60 
10221 56 
10221 36 
10227 305 
10227 165 
10232 85 
10241 1022 
10243 129 
10244 163 
10249 43 
10252 109 
10254 99 
10254 284 
10256 62 
10267 32 
10269 12 
10270 105 
10273 47 
10278 11 
10283 1094 
10286 89 
10293 140 
10308 80 
10315 40 
10317 752 
10325 291 
10349 82 
10349 147 
10350 162 
10376 398 
10381 23 
10391 4 
10397 303 
10397 303 
10397 75 
10400 200 
10406 54 
10408 326 
10412 57 
10426 53 
10431 61 
10438 70 
10439 291 
10448 283 
10453 41 
10459 68 
10464 564 
10478 382 
10516 42 
10517 4031 
10526 169 
10548 1568 
10551 411 
10554 18 
10555 629 
10556 2 
10566 37 
10590 634 
10596 44 
10601 37 
10606 239 
10611 192 
10622 42 
10625 101 
10626 149 
10628 1381 
10632 133 
10638 168 
10651 99 
10657 1388 
10676 210 
10682 74 
10702 132 
10703 664 
10710 14449 
10714 0 
10720 37 
10732 336 
10759 557 
10767 141 
10772 68 
10781 60 
10798 246 
10799 303 
10807 53 
10808 71 
10818 124 
10825 104 
10835 350 
10835 1511 
10846 4 
10869 142 
10874 29 
10898 241 
10898 214 
10900 338 
10901 11 
10907 26 
10909 58 
10916 50 
10923 92 
10924 93 
10926 162 
10941 73 
10953 35 
10960 44 
10960 10567 
10961 283 
10961 46 
10982 354 
10989 345 
10993 12 
11010 624 
11012 316 
11017 47 
11017 19 
11022 25 
11029 1313 
11033 66 
11034 530 
11037 52 
11045 493 
11046 131 
11062 183 
11065 10 
11071 17 
11076 55 
11077 2297 
11089 738 
11096 3 
11111 36 
11116 133 
11119 78 
11120 62 
11122 338 
11125 503 
11129 35 
11131 169 
11142 49 
11148 25 
11151 278 
11159 43 
11166 42 
11170 48 
11179 44 
11186 0 
11190 1327 
11201 970 
11206 195 
11207 196 
11209 996 
11211 315 
11216 2018 
11235 70 
11241 111 
11251 17 
11255 30 
11257 399 
11269 50 
11273 125 
11274 173 
11277 100 
11291 368 
11308 27 
11312 424 
11312 1715 
11321 1481 
11342 49 
11347 67 
11349 26 
11355 67 
11373 288 
11376 154 
11381 435 
11391 32 
11396 957 
11402 44 
11419 10 
11420 34 
11424 41 
11439 20 
11441 527 
11444 50 
11463 198 
11480 37 
11492 36 
11494 22 
11502 10 
11514 123 
11528 32 
11539 173 
11556 32 
11561 330 
11566 53 
11567 21 
11570 239 
11576 53 
11582 43 
11585 63 
11600 142 
11615 13 
11623 541 
11640 1639 
11647 6 
11651 12 
11658 65 
11669 69 
11680 12 
11715 362 
11746 47 
11770 385 
11787 33 
11797 7 
11803 1489 
11818 297 
11819 2205 
11820 49 
11829 83 
11833 43 
11841 69 
11841 159 
11851 32 
11855 14 
11871 36 
11879 242 
11884 85 
11887 0 
11896 5 
11902 8 
11905 617 
11929 380 
11934 8 
11935 181 
11948 42 
11969 88 
11976 71 
11987 192 
12014 1559 
12016 14 
12053 97 
12071 461 
12078 617 
12080 74 
12083 46 
12114 1211 
12125 280 
12127 202 
12133 109 
12136 125 
12138 212 
12145 166 
12186 119 
12216 352 
12218 100 
12224 213 
12271 158 
12288 73 
12292 21 
12294 510 
12302 492 
12325 1378 
12345 37 
12356 7 
12360 209 
12376 637 
12378 370 
12391 135 
12395 48 
12402 352 
12411 12 
12419 49 
12428 87 
12435 902 
12438 205 
12449 184 
12453 129 
12463 24 
12467 568 
12468 58 
12484 122 
12508 94 
12523 23 
12528 163 
12531 18 
12542 8 
12542 23 
12557 41 
12598 1043 
12613 49 
12631 347 
12649 235 
12664 54 
12671 54 
12677 124 
12686 87 
12692 179 
12703 27 
12706 9 
12713 80 
12715 148 
12722 218 
12725 155 
12730 374 
12739 75 
12743 37 
12763 9 
12769 73 
12778 293 
12778 178 
12779 1206 
12784 59 
12786 32 
12804 63 
12812 94 
12829 83 
12846 280 
12850 108 
12852 155 
12858 261 
12868 234 
12871 77 
12873 211 
12875 44 
12877 20 
12881 61 
12881 51 
12892 25 
12902 82 
12904 102 
12918 772 
12926 288 
12930 40 
12934 65 
12940 928 
12949 51 
12952 286 
12961 280 
12961 460 
12982 1098 
12983 102 
12998 232 
13007 208 
13007 98 
13010 29 
13016 68 
13048 174 
13078 42 
13080 677 
13095 255 
13120 139 
13121 130 
13126 53 
13141 8 
13147 225 
13154 424 
13166 428 
13181 14 
13181 84 
13192 83 
13197 4646 
13256 190 
13257 42 
13268 266 
13270 49 
13291 65 
13311 25 
13319 220 
13328 31 
13333 79 
13343 30 
13346 13 
13351 73 
13368 317 
13386 19 
13388 28 
13395 2728 
13406 15 
13407 76 
13419 84 
13431 94 
13438 78 
13464 2964 
13472 35 
13473 50 
13482 3660 
13492 88 
13493 263 
13494 111 
13495 171 
13505 155 
13509 56 
13510 278 
13537 555 
13539 37 
13552 15 
13566 78 
13566 541 
13566 1155 
13593 2637 
13598 237 
13599 229 
13604 373 
13607 418 
13623 313 
13625 137 
13625 6 
13639 519 
13652 202 
13661 22 
13667 48 
13669 59 
13670 64 
13672 209 
13676 87 
13677 142 
13694 88 
13697 200 
13704 14 
13706 62 
13708 26 
13714 92 
13714 152 
13728 284 
13730 38 
13738 59 
13779 1550 
13781 57 
13783 29 
13793 100 
13808 323 
13815 73 
13817 37 
13826 58 
13849 14 
13852 26 
13858 125 
13869 200 
13875 39 
13894 781 
13896 50 
13898 430 
13906 440 
13937 901 
13938 121 
13944 128 
13947 35 
13975 75 
13978 321 
13991 2098 
13996 474 
13999 77 
14000 15 
14001 50 
14011 29 
14013 192 
14016 20136 
14019 723 
14029 180 
14035 79 
14036 218 
14040 277 
14042 308 
14046 2 
14059 34 
14059 174 
14062 16 
14071 569 
14079 16 
14083 90 
14097 175 
14110 260 
14122 32 
14123 35 
14140 105 
14150 89 
14160 273 
14160 393 
14161 587 
14166 20 
14171 458 
14178 455 
14181 85 
14210 435 
14216 64 
14224 268 
14225 287 
14227 80 
14236 413 
14270 152 
14283 155 
14291 58 
14292 39 
14297 578 
14301 145 
14301 68 
14301 1170 
14316 42 
14323 151 
14333 73 
14335 6 
14336 394 
14341 101 
14343 61 
14343 129 
14358 559 
14361 159 
14368 33 
14369 105 
14371 85 
14374 60 
14377 2613 
14385 69 
14396 16 
14401 149 
14403 81 
14408 2665 
14409 1281 
14431 30 
14454 163 
14466 401 
14473 28 
14496 185 
14518 31 
14519 129 
14521 107 
14524 1338 
14536 445 
14552 101 
14595 16 
14601 174 
14625 174 
14642 78 
14674 0 
14689 32 
14710 118 
14713 65 
14713 335 
14720 246 
14720 904 
14721 44 
14743 18 
14751 147 
14753 15 
14803 104 
14808 16 
14815 99 
14823 2220 
14828 10 
14835 124 
14837 78 
14857 60 
14859 34 
14884 150 
14885 16 
14889 0 
14890 35 
14901 134 
14903 73 
14922 74 
14929 73 
14966 64 
14999 83 
15006 114 
15013 333 
15020 60 
15030 1258 
15035 3 
15037 1039 
15056 142 
15084 158 
15089 125 
15092 246 
15117 40 
15131 48 
15154 100 
15155 5 
15173 91 
15178 80 
15181 282 
15182 304 
15199 1088 
15201 51 
15201 173 
15206 167 
15211 121 
15216 328 
15216 35 
15218 11 
15225 325 
15228 204 
15236 412 
15258 164 
15271 439 
15272 930 
15274 2 
15292 6 
15303 218 
15323 49 
15338 83 
15344 14 
15352 19 
15353 79 
15356 574 
15361 313 
15379 3506 
15382 38 
15386 172 
15391 61 
15394 258 
15394 125 
15437 278 
15443 197 
15444 37980 
15447 228 
15448 178 
15460 91 
15462 49 
15475 164 
15489 65 
15495 1095 
15502 305 
15511 50 
15519 64 
15529 231 
15534 46 
15553 670 
15562 212 
15574 531 
15581 194 
15590 191 
15597 519 
15598 538 
15615 205 
15628 279 
15628 9 
15636 92 
15649 126 
15652 112 
15678 161 
15690 134 
15701 617 
15708 91 
15715 41 
15732 63 
15743 198 
15747 58 
15761 352 
15787 45 
15791 36 
15814 10 
15831 1102 
15832 199 
15836 123 
15844 114 
15849 8 
15855 42 
15857 246 
15860 239 
15865 379 
15882 257 
15884 6 
15887 433 
15888 81 
15894 647 
15904 203 
15934 83 
15939 1683 
15944 82 
15955 115 
15959 379 
15971 98 
15977 379 
15990 123 
16002 53 
16050 74 
16052 3 
16061 615 
16091 29 
16139 229 
16154 32 
16169 39 
16173 66 
16202 63 
16216 102 
16221 121 
16224 3357 
16227 63 
16244 93 
16270 533 
16272 72 
16296 53 
16318 7 
16338 135 
16347 300 
16348 657 
16360 562 
16374 6 
16384 316 
16385 42 
16435 161 
16441 25 
16443 363 
16463 125 
16465 90 
16467 344 
16467 11 
16483 117 
16496 27 
16502 51 
16535 11 
16535 1203 
16545 103 
16547 39 
16562 46 
16563 1405 
16580 59 
16583 27 
16591 448 
16593 690 
16604 167 
16605 195 
16624 18 
16633 155 
16644 105 
16648 210 
16663 133 
16674 106 
16690 321 
16700 85 
16701 48 
16708 142 
16711 6 
16719 210 
16742 6 
16746 962 
16750 12 
16780 250 
16814 28 
16872 411 
16893 19 
16910 18 
16911 77 
16913 46 
16929 96 
16963 280 
16976 61 
16978 96 
16979 45 
16992 43 
17013 0 
17022 0 
17025 68 
17043 49 
17055 59 
17070 299 
17073 17 
17076 39 
17097 39 
17106 124 
17126 269 
17128 1022 
17139 36 
17141 562 
17157 235 
17172 1812 
17195 167 
17210 130 
17213 6 
17219 91 
17222 28 
17238 376 
17246 59 
17290 160 
17297 1528 
17305 187 
17310 64 
17320 62 
17329 72 
17339 95 
17342 184 
17343 43 
17348 381 
17358 57 
17374 167 
17390 1542 
17402 5 
17411 182 
17412 240 
17418 46 
17452 23 
17460 1016 
17484 103 
17542 29 
17549 1031 
17569 48 
17570 98 
17581 29 
17592 13 
17648 492 
17661 94 
17672 309 
17681 1072 
17684 313 
17684 74 
17687 100 
17689 0 
17694 156 
17722 43 
17740 64 
17756 681 
17759 230 
17783 179 
17793 40 
17794 9 
17805 42 
17830 35 
17859 23 
17868 28 
17884 2 
17893 268 
17896 313 
17898 72 
17906 86 
17908 147 
17951 25 
17956 419 
17971 1587 
17981 44 
17993 38 
18002 12509 
18010 147 
18018 347 
18041 312 
18050 40 
18067 239 
18084 1418 
18109 66 
18116 363 
18118 372 
18123 1229 
18133 449 
18136 128 
18143 162 
18171 270 
18177 523 
18208 33 
18213 1840 
18227 97 
18234 652 
18255 307 
18257 185 
18259 217 
18261 183 
18269 126 
18279 2 
18288 363 
18331 2255 
18332 551 
18340 407 
18348 59 
18359 51 
18398 98 
18458 74 
18462 153 
18486 22 
18487 85 
18510 1565 
18518 38 
18520 7 
18552 64 
18570 103 
18571 123 
18590 57 
18591 36 
18609 224 
18621 109 
18654 452 
18674 801 
18705 34 
18719 603 
18783 27 
18794 56 
18811 435 
18829 15 
18880 738 
18903 1144 
18930 234 
18958 1728 
18968 11 
18987 484 
19002 115 
19033 1 
19079 164 
19102 69 
19138 13 
19146 12 
19206 176 
19208 47 
19374 42 
19424 68 
19501 79 
19565 130 
19622 87 
19650 242 
19678 77 
19836 71 
19926 43 
20024 70 
20045 26 
20045 388 
20046 1334 
20066 71 
20261 316 
20279 23 
20322 6 
20334 32 
20352 21 
20358 380 
20365 78 
20384 150 
20437 215 
20451 10657 
20468 58 
20524 17 
20551 119 
20607 77 
20610 64 
20648 565 
20702 406 
20715 310 
20773 55 
20917 116 
20939 60 
20989 17 
20990 334 
21140 21 
21152 88 
21176 145 
21226 26 
21288 383 
21304 17 
21341 12 
21385 33 
21465 246 
21469 49 
21482 18 
21488 81 
21515 79 
21528 14 
21573 16 
21591 108 
21596 32 
21742 368 
21773 32 
21817 708 
21917 6 
21957 756 
21989 34 
21993 57 
22009 50 
22019 163 
22049 29 
22061 870 
22086 22 
22118 56 
22143 25 
22165 505 
22180 109 
22180 109 
22181 100 
22181 100 
22190 243 
22190 243 
22204 1048 
22204 1048 
22228 105 
22228 105 
22235 149 
22239 251 
22284 295 
22295 572 
22302 19 
22319 163 
22325 8 
22332 407 
22334 204 
22397 110 
22400 1856 
22407 950 
22412 108 
22439 400 
22447 64 
22460 29 
22510 64 
22540 600 
22563 71 
22604 366 
22605 20 
22611 184 
22612 398 
22612 1276 
22619 38 
22692 71 
22747 29 
22749 802 
22751 22 
22759 85 
22761 23 
22765 122 
22765 186 
22767 52 
22777 464 
22783 5 
22815 185 
22819 70 
22847 104 
22859 33 
22868 148 
22891 55 
22893 31 
22901 238 
22906 83 
22921 33 
22927 575 
22929 884 
22951 24 
22972 127 
23021 70 
23024 131 
23032 48 
23042 637 
23057 177 
23078 185 
23082 209 
23102 125 
23144 362 
23168 282 
23202 183 
23264 1111 
23265 297 
23280 115 
23344 175 
23492 2307 
23492 44 
23606 51 
23721 151 
23752 85 
23754 159 
23764 63 
23782 67 
23797 131 
23797 38 
23915 88 
23954 136 
24032 17084 
24073 226 
24116 635 
24137 1043 
24174 52 
24182 24 
24183 480 
24213 80 
24230 93 
24237 212 
24265 290 
24274 7 
24276 112 
24305 585 
24333 46 
24355 274 
24380 220 
24380 112 
24413 571 
24451 316 
24467 29 
24495 19 
24509 67 
24546 541 
24582 64 
24589 1263 
24616 37 
24632 198 
24704 89 
24706 175 
24706 83 
24709 121 
24713 131 
24780 2059 
24787 189 
24794 35 
24801 224 
24834 1741 
24839 51 
24846 572 
24847 125 
24871 48 
24913 15 
24975 449 
24983 231 
24990 118 
25114 77 
25145 42 
25150 51 
25215 173 
25269 219 
25290 47 
25311 20 
25351 70 
25368 18 
25405 85 
25438 314 
25451 30 
25458 125 
25469 292 
25482 156 
25522 48 
25522 64 
25548 163 
25589 57 
25599 51 
25618 51 
25622 335 
25692 42 
25724 50 
25800 95 
25824 201 
25869 152 
25887 207 
25907 1281 
25944 17 
25951 55 
25956 88 
25962 51 
25985 0 
25987 62 
26009 78 
26011 87 
26019 17 
26020 529 
26036 123 
26036 90 
26039 93 
26042 209 
26098 59 
26098 1691 
26100 209 
26103 138 
26104 513 
26107 895 
26147 448 
26175 301 
26177 71 
26206 5 
26230 691 
26273 172 
26285 207 
26332 94 
26334 110 
26345 3260 
26349 3 
26365 764 
26385 438 
26436 48 
26549 17 
26595 149 
26609 157 
26614 188 
26625 484 
26683 562 
26685 308 
26686 216 
26710 1428 
26711 281 
26750 175 
26758 151 
26818 71 
26821 1288 
26841 83 
26854 34 
26859 17 
26871 806 
26874 62 
26897 4 
26924 2 
26953 240 
27026 49 
27052 52 
27078 263 
27086 28 
27123 79 
27141 54 
27146 255 
27202 1401 
27269 160 
27277 190 
27339 136 
27355 84 
27376 959 
27451 97 
27462 26 
27494 118 
27495 1753 
27508 80 
27519 336 
27520 23 
27560 134 
27591 248 
27599 290 
27608 53 
27622 511 
27627 88 
27661 57 
27706 1979 
27708 338 
27717 107 
27730 187 
27740 133 
27826 125 
27869 84 
27875 323 
27885 37 
27904 64 
27941 237 
27954 6 
28038 3 
28042 796 
28065 471 
28075 71 
28121 192 
28146 166 
28165 564 
28345 155 
28374 9 
28383 341 
28387 113 
28452 58 
28486 59 
28577 439 
28589 232 
28672 319 
28694 209 
28707 63 
28739 226 
28745 145 
28791 197 
28862 168 
28933 250 
29053 67 
29137 78 
29215 25 
29226 72 
29278 1855 
29307 73 
29373 218 
29432 1290 
29512 1527 
29545 211 
29569 187 
29644 17 
29654 422 
29699 777 
29707 9 
29794 82 
29835 19 
29941 75 
29976 2924 
30026 174 
30147 248 
30201 354 
30205 121 
30257 358 
30345 1123 
30379 81 
30496 122 
30497 106 
30613 226 
30639 10 
30710 134 
30712 9 
30757 78 
30789 39 
30820 186 
30877 21 
30891 117 
30955 73 
30983 266 
31014 31 
31016 626 
31067 45 
31141 652 
31293 306 
31310 131 
31313 634 
31346 95 
31365 71 
31423 477 
31450 38 
31483 201 
31501 50 
31541 80 
31549 265 
31593 231 
31614 316 
31644 167 
31664 13 
31709 46 
31713 83 
31717 270 
31773 49 
31786 34 
31875 99 
31876 19 
31885 109 
31944 13 
31959 0 
32011 148 
32118 72 
32123 219 
32222 10 
32233 51 
32316 749 
32363 228 
32389 12 
32473 159 
32513 220 
32605 170 
32620 229 
32625 133 
32631 290 
32687 345 
32713 2309 
32714 186 
32723 119 
32732 108 
32732 22 
32748 20 
32767 408 
32800 109 
32823 23 
32839 32 
32850 126 
32891 244 
32892 98 
32985 90 
32997 128 
33008 727 
33028 212 
33090 40 
33105 1034 
33170 575 
33180 39 
33190 36 
33242 98 
33264 16 
33300 274 
33322 589 
33366 5 
33385 16 
33388 57 
33395 234 
33406 17 
33485 1278 
33505 1443 
33519 73 
33519 140 
33527 115 
33530 599 
33550 123 
33588 116 
33591 345 
33610 385 
33733 200 
33734 2 
33751 34 
33755 33 
33784 285 
33825 1678 
33890 41 
33912 2389 
33961 30 
33964 167 
33972 1152 
34038 403 
34044 262 
34062 36 
34078 3527 
34105 49 
34117 71 
34137 305 
34188 83 
34200 239 
34227 85 
34248 107 
34256 92 
34262 234 
34262 248 
34270 42 
34299 64 
34340 414 
34371 77 
34376 413 
34427 128 
34441 176 
34450 28 
34492 63 
34517 129 
34534 365 
34659 65 
34667 670 
34767 36 
34777 32 
34792 322 
34998 133968 
35020 105 
35026 400 
35031 72 
35038 154 
35054 7 
35057 357 
35073 252 
35081 596 
35102 56 
35107 251 
35117 1345 
35152 62 
35162 58 
35187 541 
35200 17 
35208 363 
35212 700 
35224 10 
35226 190 
35251 243 
35298 437 
35306 74 
35316 281 
35318 9 
35333 113 
35335 18 
35350 29 
35354 797 
35375 4187 
35389 9 
35396 784 
35417 30 
35425 519 
35453 95 
35476 152 
35508 250 
35540 158 
35549 101 
35562 621 
35588 17 
35653 18 
35678 61 
35679 49 
35680 469 
35688 22 
35716 956 
35734 14 
35739 38 
35754 80 
35767 116 
35768 455 
35774 76 
35780 256 
35781 79 
35806 10 
35836 236 
35848 80 
35888 10 
35903 29 
35922 30 
36033 3 
36034 105 
36036 131 
36111 452 
36156 395 
36158 66 
36206 46 
36234 107 
36238 189 
36239 17 
36242 250 
36243 421 
36264 636 
36274 79 
36289 369 
36379 38 
36434 22 
36436 54 
36439 1628 
36448 96 
36463 55 
36471 54 
36500 363 
36503 45 
36510 590 
36512 664 
36529 368 
36567 244 
36583 915 
36620 174 
36673 93 
36677 77 
36716 926 
36735 463 
36744 105 
36776 36 
36795 489 
36874 103 
36888 52 
36894 1784 
36920 85 
36929 164 
36931 68 
36940 110 
36998 13 
37115 10 
37116 60 
37118 380 
37124 48 
37253 142 
37288 88 
37390 80 
37401 59 
37415 235 
37429 89 
37461 199 
37494 769 
37541 20 
37542 193 
37544 3 
37546 22 
37575 26 
37591 69 
37607 65 
37608 13 
37614 103 
37645 62 
37664 107 
37685 159 
37701 9 
37724 257 
37733 69 
37747 29 
37774 27 
37791 961 
37796 44 
37827 257 
37830 24 
37833 126 
37843 89 
37868 127 
37880 2 
37922 3 
37931 373 
37943 127 
37965 438 
37978 51 
37980 13 
37984 246 
38018 84 
38035 82 
38038 9 
38040 1116 
38042 32 
38056 14 
38063 77 
38068 143 
38075 57 
38151 38 
38191 293 
38193 238 
38205 26 
38270 64 
38272 65 
38282 38 
38290 38 
38311 53 
38319 125 
38339 109 
38348 180 
38460 9 
38482 1725 
38507 1118 
38513 176 
38577 20 
38581 113 
38598 167 
38616 102 
38622 449 
38654 24 
38664 13 
38695 261 
38696 171 
38704 10 
38725 496 
38727 37 
38770 79 
38770 95 
38820 52 
38822 61 
38836 28 
38862 313 
38874 58 
38874 293 
38958 55 
38992 224 
39006 159 
39011 15 
39041 19 
39054 68 
39083 2013 
39117 982 
39120 30 
39125 288 
39131 34 
39153 96 
39165 63 
39177 40 
39181 358 
39182 76 
39195 3 
39219 47 
39221 19 
39224 181 
39257 206 
39265 57 
39313 10 
39326 45 
39350 93 
39351 661 
39356 219 
39360 419 
39374 344 
39424 138 
39435 1069 
39444 298 
39482 85 
39485 1139 
39510 42 
39517 122 
39535 33 
39551 86 
39579 101 
39661 109 
39715 1300 
39745 9 
39763 289 
39771 12 
39785 21 
39800 975 
39804 76 
39859 108 
39865 17221 
39865 242 
39883 291 
39922 239 
39927 16 
39941 1726 
39995 18 
40004 183 
40008 214 
40010 2418 
40015 3132 
40039 395 
40047 26 
40089 256 
40118 1227 
40146 163 
40149 378 
40150 22 
40173 419 
40221 1112 
40223 89 
40237 94 
40259 1338 
40342 49 
40354 188 
40357 118 
40358 53 
40405 57 
40430 160 
40446 154 
40506 21 
40521 899 
40521 124 
40584 41 
40624 54 
40625 70 
40637 178 
40652 123 
40655 116 
40875 219 
40888 3 
40890 1528 
40893 92 
40896 51 
40900 361 
40905 560 
40972 243 
40999 46 
41003 71 
41010 1009 
41075 54 
41119 106 
41141 3 
41142 34 
41155 236 
41174 293 
41179 236 
41185 13 
41190 673 
41198 22 
41224 274 
41233 81 
41250 15 
41264 7 
41296 41 
41307 143 
41353 1 
41377 41 
41394 27 
41413 75 
41417 96 
41418 110 
41455 23 
41461 529 
41499 62 
41531 79 
41532 41 
41538 374 
41562 51 
41595 129 
41602 15 
41609 163 
41613 536 
41614 131 
41620 91 
41621 31 
41660 192 
41685 21 
41686 59 
41710 44 
41712 20 
41811 36 
41853 61 
41872 49 
41899 2637 
41955 7568 
41959 48 
41962 496 
41994 7 
41995 126 
41997 10 
42017 84 
42040 363 
42046 32 
42054 260 
42057 87 
42085 2125 
42101 110 
42107 42 
42136 63 
42149 152 
42153 35 
42227 456 
42253 1 
42310 790 
42330 89 
42336 17 
42344 155 
42362 708 
42371 684 
42397 3 
42422 98 
42423 26 
42432 7 
42456 251 
42505 75 
42523 618 
42590 53 
42597 245 
42706 435 
42706 22 
42764 66 
42782 108 
42790 74 
42837 427 
42851 44 
42869 67 
42878 107 
42887 14 
42917 53 
42923 706 
42935 31 
43001 91 
43133 125 
43138 26 
43164 158 
43166 31 
43179 967 
43199 195 
43211 60 
43218 17 
43267 105 
43270 81 
43338 4 
43345 753 
43358 81 
43358 131 
43362 90 
43379 1957 
43394 8 
43397 178 
43401 1166 
43466 66 
43504 227 
43536 72 
43548 459 
43587 551 
43591 68 
43595 192 
43672 158 
43674 151 
43675 65 
43680 33 
43708 230 
43710 73 
43744 41 
43760 136 
43771 11 
43783 276 
43801 155 
43814 65 
43818 22 
43825 130 
43837 120 
43859 28 
43868 835 
43901 5 
43917 1396 
43925 84 
43944 47 
43978 247 
43988 58 
44006 374 
44009 84 
44063 188 
44079 396 
44126 61 
44167 118 
44231 15 
44239 209 
44241 355 
44241 47 
44243 102 
44246 980 
44257 10616 
44291 16 
44331 9 
44350 273 
44402 38 
44416 72 
44422 18 
44427 1612 
44429 283 
44441 190 
44488 272 
44501 295 
44538 23 
44548 37 
44552 47 
44577 598 
44595 13 
44606 161 
44621 28 
44667 611 
44750 47 
44753 72 
44754 117 
44767 21 
44802 153 
44809 145 
44816 1524 
44871 71 
44882 149 
44945 339 
45032 89 
45072 205 
45120 212 
45173 12 
45200 200 
45206 44 
45262 920 
45286 21 
45316 59 
45374 0 
45416 779 
45479 10 
45484 239 
45511 770 
45535 111 
45537 31 
45545 88 
45588 90 
45608 88 
45611 95 
45677 300 
45704 26 
45706 72 
45711 938 
45715 21 
45717 34 
45728 19 
45740 8 
45766 748 
45772 263 
45801 13 
45852 116 
45893 19 
45927 95 
45960 266 
45979 15 
46051 572 
46057 38 
46073 34 
46076 94 
46081 280 
46091 85 
46123 5 
46162 333 
46250 104 
46254 45 
46280 34 
46361 78 
46363 718 
46402 337 
46412 26 
46464 38 
46468 100 
46538 111 
46551 529 
46620 153 
46759 179 
46766 17 
46824 415 
46853 3683 
46904 47 
46919 250 
46938 193 
46957 84 
47057 127 
47085 803 
47098 165 
47116 228 
47123 734 
47133 360 
47150 135 
47154 29 
47162 47 
47171 29 
47175 50 
47187 1327 
47188 163 
47265 495 
47272 281 
47276 74 
47286 149 
47301 104 
47394 5 
47422 78 
47471 51 
47485 61 
47522 24 
47531 6 
47539 107 
47546 70 
47564 59 
47586 54 
47606 27 
47619 100 
47659 68 
47691 795 
47698 68 
47719 117 
47733 336 
47741 235 
47747 202 
47777 86 
47796 5453 
47810 154 
47834 650 
47899 115 
47909 53 
47927 369 
47944 21 
47947 152 
47966 339 
47968 12 
48052 65 
48053 77 
48076 9 
48087 204 
48116 48 
48174 37 
48231 1656 
48266 520 
48294 42 
48304 1465 
48325 2975 
48330 129 
48352 1223 
48363 178 
48400 35 
48412 156 
48413 63 
48437 112 
48438 59 
48455 162 
48525 646 
48546 45 
48576 44 
48600 14 
48609 98 
48621 26 
48626 31 
48647 73 
48671 134 
48700 520 
48702 3 
48712 410 
48743 144 
48768 607 
48794 56 
48800 71 
48873 79 
48923 315 
48970 167 
49022 1071 
49028 206 
49072 139 
49082 74 
49106 16 
49114 215 
49124 150 
49131 39 
49162 37 
49176 551 
49179 13 
49272 74 
49280 91 
49290 169 
49351 153 
49370 3 
49403 130 
49407 28 
49462 268 
49465 56 
49512 43 
49554 7 
49608 93 
49615 98 
49623 445 
49659 376 
49660 1305 
49666 259 
49777 84 
49949 17 
49954 35 
49985 129 
50092 19 
50105 208 
50106 175 
50117 514 
50123 38 
50136 1365 
50159 56 
50176 9060 
50195 88 
50201 39 
50221 157 
50287 54 
50311 649 
50320 668 
50327 213 
50349 168 
50361 208 
50377 130 
50377 528 
50391 285 
50409 303 
50413 280 
50413 5 
50414 144 
50421 26 
50438 26 
50452 192 
50486 128 
50490 424 
50526 311 
50529 882 
50597 88 
50688 247 
50703 1005 
50714 422 
50739 211 
50746 89 
50756 173 
50786 457 
50795 136 
50811 113 
50820 103 
50833 128 
50857 93 
50881 61 
50888 2940 
50898 24 
50900 71 
50928 14 
50954 9 
50954 17 
50955 43 
50958 16 
51010 88 
51021 53 
51058 176 
51077 508 
51106 1266 
51110 70 
51116 138 
51124 58 
51151 216 
51176 40 
51189 148 
51220 10 
51334 46 
51343 52 
51366 235 
51412 546 
51429 56 
51454 1078 
51454 175 
51502 130 
51527 640 
51535 51 
51565 77 
51572 125 
51576 35 
51642 59 
51648 286 
51671 45 
51684 26 
51791 4146 
51813 227 
51855 92 
51867 64 
51870 153 
51921 74 
51962 378 
51979 6 
51988 28 
52011 3 
52078 78 
52084 59 
52213 196 
52226 16 
52292 36 
52299 995 
52348 26 
52363 44 
52457 187 
52462 82 
52487 273 
52496 173 
52590 85 
52619 264 
52633 14 
52659 25 
52676 22 
52761 203 
52761 203 
52869 369 
52877 28 
52886 285 
52935 108 
52945 45 
53003 58 
53039 42 
53042 487 
53126 171 
53131 273 
53141 66 
53151 307 
53335 86 
53381 9 
53519 170 
53600 12 
53631 8 
53641 22 
53682 53 
53742 245 
53768 39 
53892 83 
53930 1051 
53954 74 
54001 82 
54071 19 
54099 343 
54138 71 
54155 137 
54254 23 
54317 77 
54372 134 
54406 23 
54428 117 
54456 590 
54482 173 
54494 565 
54593 36 
54614 22 
54691 74 
54814 144 
54825 24 
54830 66 
54870 149 
54880 53 
54942 148 
54960 46 
54970 10 
55046 80 
55074 188 
55112 37 
55129 44 
55163 184 
55217 206 
55255 91 
55333 103 
55355 45 
55360 138 
55376 275 
55416 340 
55452 34 
55454 1045 
55468 87 
55482 28 
55501 47 
55545 43 
55553 379 
55554 285 
55605 7 
55617 334 
55657 428 
55674 83 
55674 105 
55790 98 
55867 5 
55872 53 
55913 60 
55919 4 
55956 19 
55978 79 
56010 63 
56047 400 
56064 690 
56077 22 
56311 281 
56551 0 
56603 607 
56647 321 
56712 371 
56748 19 
56798 64 
56814 99 
56839 141 
56855 70 
56866 30 
56881 83 
56931 15 
56978 50 
57098 62 
57168 243 
57203 47 
57243 560 
57348 301 
57400 19 
57481 80 
57491 7 
57500 183 
57514 52 
57575 186 
57788 34 
57813 137 
57830 36 
57849 41 
57849 180 
57904 195 
57995 230 
58077 2230 
58089 56 
58105 192 
58209 105 
58269 55 
58350 23 
58455 16 
58702 98 
58777 4 
58808 56 
58836 1276 
58866 99 
59095 26 
59154 124 
59186 73 
59196 85 
59541 271 
59585 20 
59855 45 
59856 7 
60016 32 
60112 386 
60137 286 
60281 66 
60430 43 
60537 8 
60973 2 
61319 172 
61807 129 
62122 9 
62350 202 
62352 15 
62410 287 
62733 54 
62809 281 
62850 45 
63063 64 
63128 30 
63289 17 
63390 78 
63465 45 
63633 83 
63807 173 
63986 70 
64182 96 
64470 113 
64605 281 
64709 140 
64867 17 
64976 58 
65026 99 
65932 4826 
66228 59 
66444 18 
66885 30 
66908 63 
67046 44 
67147 79 
67427 11 
67439 264 
67546 7 
67548 54 
67580 152 
67881 5 
68199 33 
68416 522 
68477 12 
68612 9 
69351 166 
69587 228 
69822 32 
70156 315 
70212 103 
70343 106 
70460 181 
70472 6 
70546 181 
70702 34 
70724 30 
70826 18 
70827 8 
71158 355 
71191 13 
72028 101 
72946 89 
73493 564 
73714 193 
73793 131 
73807 470 
74203 176 
74377 82 
74411 928 
74620 18 
74737 54 
74811 10 
74812 10 
74997 25 
75149 27 
75215 251 
75448 0 
75767 19 
76188 19 
76307 120 
76613 30 
76733 21 
76746 48 
76822 26 
76876 5 
76949 18 
76964 33 
77012 145 
77630 220 
77909 202 
78132 83 
78200 88 
78268 36 
78607 16 
78727 4 
79235 65 
79437 174 
79548 8 
80077 14 
80187 332 
80450 24 
80489 141 
80627 1427 
80651 341 
80836 3059 
81187 46 
81639 277 
81640 938 
81651 793 
81664 434 
81814 235 
81875 145 
83268 245 
83289 112 
83293 604 
83397 154 
83397 154 
83433 95 
84407 4937 
84472 157 
84488 957 
84855 827 
84908 378 
84934 1012 
85157 74 
85211 18 
85342 654 
85353 20 
85416 1159 
85640 37 
85748 76 
85962 58 
86126 20 
86141 38 
86210 44 
86720 15 
86765 534 
86793 79 
87573 87 
87643 28 
87665 8589 
87844 53 
88200 220 
88673 72 
89526 682 
90058 29 
90425 128 
90593 26 
90786 590 
90864 35 
90980 73 
91073 138 
91173 50 
91290 61 
92443 75 
92600 67 
93075 40 
93268 44 
93380 102 
93700 10 
93810 19 
94268 40 
94973 275 
95615 152 
95953 134 
96226 1530 
107444 3 
108769 72 
110019 776 
110318 144 
110412 7 
110508 61 
110830 1327 
111124 163 
111870 111 
112088 127 
112218 438 
112505 46 
112590 105 
112608 486 
112650 238 
113551 390 
113791 802 
113896 180 
114336 37 
114401 248 
114684 59 
116646 41 
117212 150 
117559 199 
119223 213 
119641 80 
119826 236 
120057 145 
120096 133 
120202 37 
120569 133 
121393 95 
122844 149 
124797 21 
124845 41 
125998 286 
127878 20 
128482 141 
129586 40 
136403 61 
144399 8 
150567 287 
150998 6 
151824 46 
152136 20 
153140 41 
154846 51 
155032 118 
155074 181 
155614 1 
156283 99 
156360 24 
156730 234 
157376 58 
158781 42 
165125 230 
165302 8 
165810 628 
166951 21 
167069 127 
167833 124 
168453 368 
168709 22 
173338 1008 
176674 27 
182773 4 
186663 230 
188489 72 
189471 217 
190071 190 
190370 27 
193587 370 
199995 5 
203363 72 
206775 1 
212244 11 
215965 7 
224271 3 
236600 43 
244002 47 
244087 54 
247404 115 
253542 355 
255428 1247 
256945 276 
264500 709 
270392 506 
270597 0 
279340 471 
283373 20 
285988 32 
287393 37 
293296 83 
304894 141 
316087 350 
316986 382 
317188 267 
349354 8 
354882 566 
366774 10 
378860 106 
387794 1245 
424635 34 
462311 31 
465530 230 
494870 138 
500175 150 
508447 178 
520596 281 
590441 382 
597457 39 
