2266 6.55674768519
0 1779430 
6 131 
9 800 
10 39 
14 106 
14 109 
16 454 
19 13 
22 91 
22 101 
25 64 
26 152 
26 18 
27 391 
27 121 
28 941 
28 248 
28 808 
29 333 
32 40 
33 49 
33 61 
34 174 
34 143 
37 30 
38 62 
38 16 
38 160 
39 200 
41 300 
42 93 
42 606 
44 482 
45 351 
45 64 
45 105 
46 53 
46 136 
47 884 
48 37 
48 36 
49 160 
49 60 
49 81 
49 626 
50 447 
50 241 
51 23 
51 1182 
52 173 
52 216 
53 55 
53 618 
54 708 
55 67 
55 593 
55 117 
55 19 
56 203 
56 16 
56 10 
57 16 
57 140 
57 102 
58 1127 
58 16 
58 846 
59 75 
59 8 
59 51 
59 93 
60 680 
60 758 
60 159 
60 258 
61 368 
61 199 
61 686 
62 24 
62 134 
63 143 
64 409 
65 482 
65 226 
65 94 
65 47 
67 69 
68 529 
68 241 
69 589 
70 170 
70 348 
70 63 
70 334 
71 158 
72 255 
72 174 
73 394 
73 88 
74 45 
74 84 
75 248 
75 98 
75 257 
75 155 
76 82 
76 109 
76 441 
76 18 
76 47 
77 18 
79 127 
80 52 
80 85 
81 32 
81 605 
81 349 
81 119 
82 153 
83 159 
83 101 
84 84 
84 251 
84 993 
84 117 
86 164 
86 156 
86 195 
87 106 
88 1134 
88 141 
89 31 
89 83 
89 303 
90 95 
90 131 
91 58 
91 44 
91 34 
92 71 
92 169 
92 25 
92 137 
93 96 
93 37 
95 238 
95 133 
96 9 
96 110 
96 52 
97 90 
97 376 
97 336 
98 975 
98 617 
98 84 
98 50 
99 86 
99 280 
100 168 
100 327 
100 350 
101 506 
102 49 
102 147 
102 160 
102 492 
102 700 
103 242 
103 25 
103 113 
103 83 
104 303 
104 89 
105 83 
105 108 
105 89 
105 249 
106 85 
109 136 
109 54 
109 53 
109 26 
110 738 
110 391 
110 267 
110 383 
110 89 
110 34 
111 743 
111 110 
112 60 
113 224 
113 82 
113 38 
115 93 
115 44 
116 81 
116 702 
117 468 
117 65 
117 212 
118 34 
119 63 
119 424 
119 243 
120 28 
120 1259 
121 216 
122 299 
122 326 
122 104 
123 39 
124 57 
124 67 
124 106 
125 799 
126 829 
126 153 
126 299 
126 2 
126 119 
126 19 
127 107 
127 98 
128 46 
128 263 
128 33 
129 8 
130 64 
130 22 
130 38 
131 224 
131 84 
131 228 
132 53 
132 43 
132 119 
133 116 
133 135 
133 368 
133 186 
134 453 
135 36 
136 117 
136 38 
137 182 
137 234 
138 61 
139 16 
139 160 
140 146 
140 156 
141 973 
141 146 
141 331 
142 21 
142 136 
143 112 
143 105 
143 98 
143 160 
143 239 
144 117 
144 337 
144 102 
144 188 
145 73 
146 40 
146 189 
146 222 
147 215 
147 38 
147 188 
147 203 
148 45 
148 265 
148 214 
149 53 
149 268 
149 284 
149 917 
150 52 
151 184 
151 49 
152 22 
152 50 
153 70 
153 46 
154 186 
155 185 
155 414 
156 486 
158 32 
158 73 
158 197 
161 45 
161 52 
161 86 
163 457 
163 129 
163 76 
163 74 
164 205 
166 53 
166 171 
167 190 
167 135 
167 193 
168 208 
169 171 
170 97 
170 31 
171 167 
171 413 
171 66 
171 104 
172 96 
173 77 
173 128 
173 40 
173 212 
175 164 
176 92 
177 2 
177 156 
178 127 
178 452 
180 191 
180 345 
181 62 
181 82 
181 117 
181 35 
182 93 
183 160 
184 114 
184 151 
185 59 
185 72 
187 224 
188 45 
190 249 
190 103 
190 26 
190 435 
190 123 
192 15 
193 68 
193 1106 
193 35 
193 331 
194 262 
194 111 
195 21 
196 251 
196 445 
196 39 
196 98 
197 50 
197 15 
198 158 
201 154 
201 20 
202 90 
202 1031 
203 138 
204 134 
204 470 
205 1960 
205 89 
207 327 
207 45 
207 172 
207 52 
209 803 
209 921 
209 191 
209 1488 
211 183 
213 91 
213 54 
214 98 
215 95 
215 15 
216 159 
216 383 
216 57 
217 169 
217 137 
218 9 
218 122 
219 40 
220 151 
221 140 
221 137 
222 347 
222 97 
223 178 
224 20 
224 96 
225 84 
225 108 
225 367 
226 305 
227 223 
227 35 
228 57 
229 517 
230 47 
235 157 
235 108 
236 36 
236 8 
237 573 
238 398 
239 160 
241 151 
241 1337 
241 47 
242 543 
243 51 
243 58 
244 53 
244 99 
247 49 
248 208 
248 343 
248 40 
251 62 
252 293 
253 27 
253 46 
255 122 
255 6 
255 314 
255 32 
256 305 
256 417 
257 72 
257 128 
258 746 
259 215 
260 53 
260 58 
260 133 
261 160 
261 286 
262 42 
265 271 
266 168 
266 150 
267 31 
268 133 
269 144 
269 41 
270 88 
273 427 
273 37 
276 14 
277 155 
280 25 
281 229 
282 83 
283 108 
283 153 
284 77 
284 296 
284 70 
285 58 
285 60 
285 23 
285 47 
287 76 
287 27 
288 105 
290 33 
290 38 
294 422 
296 26 
296 284 
297 24 
298 48 
298 59 
300 95 
300 34 
301 11 
302 392 
304 37 
304 61 
304 120 
305 262 
307 146 
308 140 
309 151 
309 60 
311 110 
314 80 
315 83 
318 159 
319 128 
319 44 
319 929 
319 96 
321 70 
321 168 
325 146 
326 516 
326 317 
329 60 
329 187 
330 107 
333 462 
333 155 
333 109 
336 43 
340 257 
340 144 
342 209 
343 39 
345 67 
346 113 
346 194 
347 41 
348 124 
349 118 
349 170 
350 175 
352 11 
353 93 
353 234 
354 134 
357 188 
357 60 
358 59 
361 56 
361 49 
363 167 
365 126 
368 667 
368 12 
368 229 
369 69 
370 159 
371 84 
372 77 
374 107 
374 572 
374 40 
375 73 
376 208 
377 124 
379 481 
379 100 
380 51 
381 111 
383 112 
384 284 
384 100 
385 68 
385 64 
387 169 
390 63 
390 151 
391 169 
394 28 
396 1136 
397 33 
398 418 
399 344 
402 202 
403 44 
404 1309 
404 8 
405 13 
410 120 
413 63 
416 20 
418 411 
421 476 
421 61 
427 277 
428 132 
429 155 
430 212 
431 1836 
432 62 
433 51 
433 6716 
436 133 
437 129 
438 263 
440 36 
444 28 
445 34 
446 171 
448 168 
448 64 
449 412 
451 139 
451 192 
453 54 
455 250 
456 0 
457 31 
457 30 
457 41 
457 45 
458 37 
462 28 
463 60 
464 569 
465 51 
468 430 
468 46 
469 50 
470 73 
472 98 
474 74 
476 155 
476 42 
478 81 
483 171 
485 52 
485 30 
489 22 
492 175 
494 129 
495 305 
495 42 
497 268 
497 34 
502 37 
503 106 
505 24 
508 300 
509 63 
509 20 
513 414 
513 135 
518 171 
519 42 
520 145 
523 342 
526 402 
531 90 
538 92 
539 153 
541 192 
545 17 
547 216 
549 28 
550 213 
554 119 
555 108 
555 55 
557 1163 
561 44 
563 24 
564 124 
564 32 
566 178 
568 60 
569 214 
569 32 
570 26 
571 162 
572 389 
574 573 
574 188 
577 268 
579 203 
580 17 
581 26 
581 108 
583 102 
584 53 
584 11 
585 23 
588 45 
588 63 
591 102 
592 7 
594 82 
598 107 
599 166 
601 98 
604 5 
605 243 
605 80 
606 47 
608 727 
608 37 
610 133 
613 31 
615 34 
617 50 
618 20 
620 38 
622 109 
622 32 
624 78 
626 82 
627 125 
631 71 
631 22 
632 25 
635 202 
636 71 
637 176 
637 21 
638 57 
638 80 
639 186 
641 85 
642 106 
644 89 
645 25 
648 105 
648 136 
648 67 
650 299 
651 108 
652 153 
654 65 
655 46 
657 10 
660 92 
662 43 
663 265 
670 109 
670 47 
672 172 
676 30 
677 516 
681 39 
683 20 
685 56 
689 42 
690 126 
690 646 
692 1623 
695 659 
695 91 
697 30 
699 57 
700 141 
702 137 
702 9 
707 199 
714 31 
716 125 
716 47 
721 121 
723 38 
726 211 
726 83 
728 620 
731 296 
732 914 
741 297 
743 195 
744 2 
744 237 
745 60 
745 41 
749 255 
756 79 
758 133 
759 62 
761 416 
762 146 
764 243 
765 461 
766 2422 
766 53 
766 11 
766 126 
769 130 
771 22 
773 506 
776 42 
777 229 
778 1701 
788 14 
792 101 
792 63 
795 21 
799 39 
800 1387 
800 174 
800 242 
801 25 
802 34 
804 102 
805 151 
806 170 
807 173 
808 18 
810 52 
810 334 
813 162 
815 224 
815 242 
817 195 
818 80 
821 21 
824 22 
829 36 
837 115 
838 323 
839 91 
841 41 
843 33 
845 27 
849 101 
854 50 
855 423 
857 66 
857 221 
860 77 
871 56 
877 96 
879 41 
882 22 
884 33 
884 81 
884 86 
885 129 
885 18 
888 24 
892 156 
894 24 
895 168 
895 480 
895 15 
898 14 
899 65 
900 147 
900 129 
902 146 
903 1 
908 47 
911 252 
917 200 
918 98 
921 348 
923 15 
923 1394 
924 115 
930 214 
963 111 
965 676 
967 64 
974 126 
974 41 
981 755 
987 20 
996 58 
1001 12 
1001 1917 
1007 438 
1007 87 
1011 427 
1017 43 
1020 120 
1025 40 
1032 369 
1032 1306 
1033 13 
1039 15 
1042 32 
1046 1490 
1049 136 
1051 64 
1058 50 
1062 60 
1071 80 
1072 67 
1073 117 
1080 18 
1080 145 
1084 90 
1087 208 
1087 77 
1088 28 
1091 42 
1096 46 
1102 46 
1104 208 
1106 1435 
1111 39 
1113 148 
1124 86 
1133 188 
1135 77 
1135 164 
1136 116 
1139 394 
1143 81 
1146 335 
1147 192 
1148 43 
1150 296 
1153 230 
1155 22 
1156 93 
1165 88 
1166 116 
1169 164 
1170 31 
1176 115 
1180 494 
1183 67 
1195 357 
1197 46 
1211 0 
1215 17699 
1225 391 
1226 48 
1230 153 
1232 82 
1232 73 
1237 165 
1238 122 
1240 125 
1243 92 
1243 106 
1243 79 
1243 56 
1245 431 
1248 18 
1250 35 
1256 9 
1258 363 
1259 508 
1259 140 
1259 364 
1261 65 
1263 531 
1264 30 
1270 50 
1277 99 
1289 93 
1290 47 
1290 38 
1299 46 
1304 88 
1304 51 
1306 122 
1309 156 
1318 13 
1318 10 
1321 114 
1322 487 
1325 29 
1325 291 
1328 35 
1329 329 
1341 118 
1341 565 
1341 44 
1348 37 
1350 14 
1352 72 
1359 251 
1366 841 
1368 12 
1372 85 
1378 480 
1379 40 
1384 141 
1387 203 
1389 352 
1389 25 
1392 68 
1392 63 
1395 44 
1396 172 
1398 178 
1400 79 
1400 106 
1411 72 
1419 129 
1422 60 
1428 2770 
1429 14 
1437 342 
1446 92 
1460 23 
1463 537 
1465 8 
1468 64 
1470 24 
1470 129 
1471 350 
1472 24 
1472 75 
1476 159 
1478 142 
1479 30 
1480 22 
1486 5218 
1487 57 
1489 145 
1494 38 
1501 138 
1511 123 
1511 20 
1513 17 
1513 49 
1515 5 
1518 199 
1518 1745 
1518 4996 
1529 302 
1538 45 
1540 293 
1541 303 
1544 11 
1547 202 
1549 71 
1553 293 
1556 89 
1556 58 
1562 56 
1570 90 
1583 28 
1586 294 
1586 593 
1587 98 
1592 644 
1593 74 
1596 11 
1609 96 
1609 143 
1610 318 
1611 116 
1616 122 
1618 18 
1622 199 
1624 17 
1632 345 
1632 24 
1635 11 
1640 565 
1643 143 
1646 29 
1656 78 
1658 149 
1668 14 
1669 99 
1671 80 
1675 3 
1678 167 
1680 186 
1688 218 
1695 23 
1712 36 
1713 10 
1713 71 
1713 63 
1721 7268 
1724 347 
1728 10 
1732 40 
1732 8 
1734 52 
1734 197 
1736 232 
1739 160 
1739 140 
1740 99 
1740 13 
1741 46 
1742 59 
1753 96 
1753 85 
1754 175 
1761 248 
1763 322 
1770 158 
1773 74 
1778 203 
1779 34 
1784 150 
1785 100 
1785 67 
1787 134 
1797 47 
1798 46 
1800 70 
1802 349 
1823 162 
1827 70 
1829 63 
1830 52 
1830 127 
1831 36 
1843 17 
1850 66 
1860 24 
1860 68 
1861 109 
1863 22 
1872 188 
1875 9 
1876 61 
1879 76 
1880 35 
1881 8 
1884 81 
1886 72 
1887 66 
1887 71 
1897 122 
1903 124 
1904 72 
1907 147 
1912 199 
1917 101 
1921 204 
1921 323 
1926 77 
1929 61 
1934 30 
1948 166 
1948 455 
1949 85 
1954 39 
1955 82 
1960 169 
1962 164 
1963 39 
1963 14 
1968 38 
1973 117 
1974 103 
1975 29 
1992 40 
1993 84 
1996 49 
1999 46 
2013 58 
2014 27 
2024 91 
2024 187 
2031 62 
2034 102 
2037 44 
2038 51 
2038 29 
2038 64 
2040 35 
2050 152 
2052 14 
2052 131 
2062 27 
2064 48 
2065 44 
2066 86 
2069 416 
2073 75 
2076 77 
2087 56 
2099 344 
2099 136 
2107 91 
2109 66 
2118 52 
2123 9 
2133 181 
2140 44 
2143 231 
2149 133 
2154 224 
2162 172 
2164 213 
2166 89 
2172 61 
2180 9 
2186 77 
2188 185 
2189 94 
2191 77 
2194 39 
2197 94 
2222 107 
2231 72 
2234 32 
2237 68 
2238 37 
2244 29 
2246 256 
2248 79 
2263 115 
2272 14 
2273 118 
2274 369 
2277 750 
2277 154 
2281 13 
2281 18 
2287 101 
2287 178 
2294 137 
2300 127 
2315 124 
2320 51 
2330 34 
2336 9 
2345 139 
2345 31 
2347 54 
2351 62 
2353 11 
2353 101 
2353 50 
2357 130 
2362 100 
2369 108 
2370 33 
2373 1453 
2399 64 
2413 215 
2413 155 
2423 113 
2424 28 
2429 87 
2437 34 
2440 135 
2452 290 
2454 34 
2457 14 
2465 124 
2467 36 
2467 38 
2484 25 
2489 129 
2490 58 
2500 64 
2502 13 
2514 158 
2514 22 
2519 87 
2533 16 
2534 31 
2545 45 
2548 44 
2553 234 
2556 14 
2567 94 
2571 16 
2573 15 
2600 58 
2603 28 
2608 16 
2616 169 
2644 263 
2654 53 
2656 55 
2657 11 
2665 25 
2668 86 
2674 92 
2682 145 
2683 35 
2697 12 
2702 78 
2710 167 
2712 90 
2723 248 
2724 46 
2734 108 
2743 79 
2748 24 
2757 9 
2761 182 
2787 20 
2791 85 
2794 62 
2799 101 
2803 69 
2817 59 
2818 66 
2819 43 
2821 146 
2824 134 
2840 255 
2842 91 
2844 115 
2859 107 
2861 209 
2861 410 
2870 455 
2870 25 
2875 409 
2883 87 
2883 95 
2890 29 
2898 687 
2902 25 
2911 85 
2912 58 
2914 98 
2927 8 
2927 9 
2942 241 
2943 189 
2950 20 
2968 114 
2984 27 
2984 37 
2984 50 
2996 96 
3000 310 
3005 180 
3010 124 
3013 79 
3022 111 
3031 110 
3045 140 
3054 67 
3056 37 
3056 591 
3060 77 
3066 122 
3069 51 
3072 44 
3076 153 
3091 271 
3098 204 
3112 18 
3114 72 
3131 27 
3138 1203 
3139 140 
3145 262 
3150 77 
3155 264 
3164 29 
3170 69 
3175 334 
3176 45 
3185 37 
3186 158 
3192 112 
3199 73 
3203 371 
3205 96 
3209 44 
3213 48 
3216 56 
3225 61 
3230 34 
3232 128 
3244 15 
3261 38 
3285 41 
3306 114 
3307 95 
3308 28 
3325 22 
3336 51 
3336 356 
3338 64 
3368 106 
3388 208 
3391 228 
3395 40 
3415 123 
3448 241 
3465 10 
3470 121 
3472 5 
3481 254 
3491 15 
3498 72 
3502 394 
3515 49 
3525 80 
3528 272 
3535 121 
3542 50 
3556 12 
3558 95 
3564 18 
3568 34 
3591 75 
3613 101 
3614 234 
3619 95 
3631 62 
3642 72 
3648 48 
3658 64 
3666 61 
3691 130 
3698 310 
3702 38 
3708 100 
3712 132 
3719 208 
3735 50 
3735 17 
3740 77 
3746 94 
3760 43 
3780 50 
3797 19 
3806 243 
3820 51 
3824 25 
3825 81 
3825 29 
3830 35 
3831 5 
3842 142 
3852 63 
3876 17 
3878 68 
3896 149 
3896 61 
3905 328 
3917 48 
3941 1537 
3944 3 
3956 85 
3961 17 
3978 30 
3991 76 
3993 82 
4003 43 
4004 48 
4015 87 
4020 23 
4025 44 
4045 82 
4051 60 
4058 56 
4075 70 
4086 44 
4102 316 
4108 65 
4143 19 
4162 151 
4170 81 
4183 90 
4194 222 
4202 3 
4203 80 
4241 95 
4242 30 
4243 4 
4249 41 
4270 370 
4271 2807 
4272 47 
4278 39 
4282 9 
4287 65 
4308 423 
4314 20 
4325 14 
4325 140 
4341 42 
4362 11 
4393 216 
4406 47 
4423 46 
4430 2442 
4462 41 
4463 11 
4464 25 
4468 60 
4468 49 
4483 613 
4488 12 
4492 11 
4505 72 
4509 19 
4524 115 
4542 127 
4549 111 
4591 77 
4625 91 
4629 37 
4631 53 
4633 15 
4634 47 
4667 9 
4668 133 
4671 14 
4685 62 
4688 911 
4700 69 
4701 127 
4727 37 
4733 86 
4756 129 
4759 30 
4763 39 
4795 21 
4797 153 
4816 51 
4825 161 
4827 51 
4834 175 
4837 59 
4859 36 
4872 35 
4874 21 
4897 68 
4910 21 
4928 42 
4938 35 
4974 179 
4980 28 
5016 14 
5031 67 
5037 83 
5055 142 
5062 75 
5075 21 
5086 127 
5093 254 
5107 50 
5114 78 
5117 14 
5144 41 
5167 66 
5168 43 
5198 104 
5201 76 
5201 125 
5208 271 
5214 17 
5260 42 
5302 359 
5302 359 
5326 60 
5334 146 
5366 220 
5369 41 
5379 23 
5381 234 
5388 79 
5403 90 
5431 63 
5452 56 
5460 165 
5469 98 
5474 6 
5480 306 
5492 11 
5497 143 
5539 24 
5539 102 
5540 94 
5556 15 
5575 95 
5578 145 
5578 54 
5594 21 
5601 33 
5604 504 
5607 27 
5613 29 
5646 132 
5664 85 
5668 61 
5703 86 
5797 53 
5809 117 
5859 186 
5902 244 
5910 241 
5977 22 
5977 103 
5991 31 
6003 68 
6008 22 
6012 51 
6021 3499 
6023 378 
6023 99 
6050 103 
6065 43 
6081 18 
6082 866 
6087 46 
6098 60 
6119 20 
6134 55 
6171 216 
6191 34 
6191 34 
6210 177 
6224 24 
6235 35 
6241 141 
6245 906 
6249 129 
6250 9 
6251 27 
6253 17 
6262 94 
6300 58 
6301 140 
6306 72 
6310 62 
6313 14 
6328 29 
6328 145 
6330 27 
6350 13 
6388 100 
6466 143 
6480 227 
6487 43 
6496 9 
6500 5 
6544 13 
6590 4 
6631 54 
6659 34 
6669 42 
6670 130 
6673 71 
6676 26 
6677 50 
6684 10 
6719 26 
6729 890 
6730 48 
6746 30 
6758 37 
6769 12 
6790 18 
6813 126 
6827 43 
6898 72 
6903 151 
6919 97 
6933 62 
6936 27 
6945 207 
6976 13 
7025 38 
7072 414 
7139 19 
7157 81 
7160 35 
7162 30 
7166 112 
7186 85 
7190 124 
7207 44 
7208 79 
7208 31 
7237 137 
7238 111 
7275 59 
7280 13 
7285 42 
7300 47 
7309 280 
7325 359 
7331 139 
7341 46 
7362 185 
7372 29 
7406 161 
7417 119 
7462 12 
7462 431 
7478 23 
7487 29 
7560 48 
7587 11 
7621 9 
7645 38 
7700 80 
7764 167 
7783 119 
7789 1047 
7865 111 
7879 74 
7911 462 
7950 50 
7970 243 
7977 34 
7988 62 
7999 36 
8040 73 
8067 76 
8122 2381 
8123 479 
8128 584 
8147 82 
8163 158 
8164 88 
8185 815 
8186 141 
8201 79 
8213 39 
8252 393 
8252 70 
8295 30 
8338 203 
8375 109 
8390 4 
8396 652 
8423 12 
8423 970 
8469 284 
8492 71 
8495 2 
8501 98 
8507 63 
8522 74 
8555 43 
8575 237 
8608 69 
8618 177 
8621 83 
8643 8 
8700 24 
8809 11 
8932 120 
8960 36 
9021 31 
9025 114 
9078 30 
9135 136 
9137 72 
9171 105 
9171 36 
9207 62 
9213 229 
9239 624 
9248 48 
9300 0 
9309 73 
9314 15 
9324 50 
9330 117 
9330 7 
9349 70 
9412 120 
9435 28 
9460 107 
9468 31 
9474 27 
9505 265 
9509 59 
9513 64 
9555 32 
9582 9 
9588 146 
9602 90 
9658 23 
9677 18 
9759 723 
9760 63 
9761 726 
9847 101 
9857 16 
9913 109 
10061 33 
10068 106 
10142 51 
10219 21 
10244 17 
10247 65 
10281 102 
10315 42 
10316 303 
10346 651 
10371 7 
10390 19 
10412 19 
10430 70 
10468 4 
10491 67 
10496 29 
10505 14 
10530 17 
10531 18 
10548 102 
10571 67 
10595 61 
10598 46 
10599 36 
10681 75 
10702 62 
10755 31 
10762 102 
10782 62 
10907 215 
10945 1464 
10962 3423 
11039 71 
11048 1186 
11075 57 
11078 51 
11098 16 
11116 81 
11179 761 
11197 0 
11209 18 
11245 110 
11257 38 
11325 103 
11372 433 
11414 96 
11504 51 
11528 55 
11606 145 
11623 140 
11712 292 
11721 166 
11726 218 
11771 31 
11831 8 
11839 16 
12068 84 
12131 706 
12207 125 
12223 82 
12321 34 
12349 10 
12362 237 
12381 61 
12391 144 
12395 29 
12401 31 
12472 40 
12574 36 
12578 50 
12652 39 
12666 176 
12750 29 
12759 150 
12886 20 
12949 119 
12972 65 
12992 156 
12997 449 
13006 365 
13051 590 
13060 63 
13127 291 
13191 800 
13194 133 
13207 277 
13254 99 
13299 20 
13333 205 
13385 46 
13399 168 
13400 113 
13414 186 
13443 474 
13461 175 
13464 81 
13543 85 
13618 234 
13635 55 
13641 195 
13643 54 
13716 15 
13748 584 
13749 396 
13772 23 
13776 26 
13816 53 
13849 14 
13877 9 
13952 48 
14005 245 
14007 88 
14008 127 
14016 9 
14044 28 
14063 16 
14090 719 
14119 39 
14126 180 
14136 87 
14183 108 
14220 103 
14233 213 
14300 32 
14379 1040 
14411 31 
14424 74 
14438 20 
14479 974 
14482 847 
14502 66 
14511 769 
14521 74 
14530 90 
14564 46 
14567 29 
14588 15 
14591 30 
14654 52 
14713 43 
14751 54 
14763 165 
14807 92 
14911 12 
14929 75 
14954 6 
14982 99 
15108 5 
15139 66 
15143 24 
15159 15 
15169 69 
15206 84 
15250 9139 
15263 45 
15331 9 
15344 273 
15405 25 
15421 167 
15496 40 
15497 99 
15505 546 
15577 195 
15713 85 
15723 5 
15769 1 
15877 194 
15930 129 
15930 75 
16010 63 
16013 50 
16023 2 
16039 73 
16172 10 
16321 15 
16339 36 
16385 70 
16529 67 
16620 275 
16634 54 
16684 93 
16688 41 
16716 6 
16761 71 
16821 37 
17118 32 
17258 15 
17299 42 
17329 7 
17334 20 
17365 9 
17623 43 
17821 13 
17831 84 
17956 23 
17984 31 
18049 633 
18165 64 
18261 27 
18429 101 
18457 51 
18512 35 
18513 33 
18517 152 
18638 13 
18791 55 
18812 17 
18816 250 
18871 34 
18989 37 
19298 490 
19302 27 
19409 7 
19446 36 
19607 101 
19643 51 
19670 34 
19696 52 
19789 4 
19864 34 
19967 274 
20130 192 
20250 85 
20277 146 
20307 116 
20378 68 
20448 64 
20472 17 
20575 24 
20575 24 
20597 404 
20597 404 
20623 39 
20746 19 
20778 36 
21011 14 
21585 14 
21601 59 
21648 9 
21748 36 
21836 139 
21968 826 
22028 46 
22131 90 
22141 58 
22276 135 
22280 52 
22332 49 
22376 620 
22432 534 
22740 106 
22824 53 
22925 48 
22947 38 
23285 7 
23342 109 
23369 307 
23701 68 
23846 46 
23958 2 
24036 12 
24060 17 
24082 53 
24136 35 
24329 140 
24342 15 
24746 58 
24760 14 
24767 65 
24890 204 
24929 155 
24971 9 
25004 16 
25114 14 
25128 34 
25268 91 
25308 17 
25371 111 
25411 5 
25458 34 
25470 17 
25674 17 
25795 402 
25816 10 
25941 33 
26061 0 
26178 81 
26339 69 
26370 431 
26677 55 
27062 629 
27106 28 
27128 1564 
27172 16 
27208 13 
27232 20 
27238 845 
27342 99 
27449 58 
27733 299 
27744 50 
28081 7 
28086 70 
28311 516 
28326 4644 
28333 4488 
28358 29 
28499 101 
28506 186 
28803 111 
29062 56 
29357 43 
29386 176 
29545 6 
29576 133 
29764 3405 
30497 1279 
31091 34 
31447 323 
31693 218 
31698 1532 
31932 161 
32195 305 
32248 10 
32378 35 
32725 352 
32765 12 
33526 13 
33540 4 
33882 20 
33996 183 
44428 37 
45730 28 
46489 33 
47344 12 
48442 870 
48449 38 
48882 8 
49910 116 
50304 33 
50564 169 
50639 32 
50788 9 
51059 74 
51207 171 
51208 179 
51229 93 
51244 164 
51508 167 
53832 20 
54841 30 
55211 254 
55242 297 
60004 24 
60098 239 
60180 55 
62996 43 
63425 51 
65297 51 
70460 326 
74965 75 
75903 4 
76144 18 
76487 119 
77137 4 
77270 437 
77336 26 
77562 50 
77611 234 
77879 1254 
78627 28 
80259 3552 
81926 38 
82127 1149 
84346 89 
84894 138 
87629 1663 
87665 512 
87716 154 
87790 16 
88840 133 
89090 282 
89227 28 
90519 107 
91487 629 
91556 121 
93367 33 
97582 18 
99592 40 
99947 162 
100462 21 
100710 2 
101489 476 
103293 63 
103528 143 
104217 68 
104643 19 
105778 62 
105887 123 
106471 95 
106780 210 
109392 76 
110414 4 
110510 21 
110726 34 
110948 168 
111793 60 
112917 30 
116858 262 
119031 752 
120976 865 
121249 106 
122651 179 
123120 25 
124291 1429 
128160 2 
128492 22 
132845 1119 
133589 37 
143158 101 
158168 33 
162961 1076 
164377 38 
164415 531 
165108 23 
167948 130 
175254 1795 
178666 4672 
182668 204 
191252 45 
191719 34 
202716 28 
204295 1598 
204426 900 
205611 76 
206129 144 
207455 259 
207529 55 
209992 34 
217349 50 
222453 268 
222673 91 
223059 111 
226829 150 
227651 256 
230144 134 
235081 17 
237352 72 
239140 148 
242136 33 
242494 265 
244931 98 
245300 79 
245458 1124 
251741 65 
252135 111 
264430 110 
269049 314 
270653 97 
275900 926 
278175 54 
278190 86 
289599 116 
290177 69 
297549 0 
304783 758 
307979 34 
313632 56 
314547 97 
315759 283 
316845 38 
328669 451 
334126 8 
350689 35 
351139 11 
352121 88 
381397 54 
387573 6462 
399667 28 
413450 579 
429272 22 
449094 20 
468600 10 
478917 212 
491511 27 
514759 188 
519101 239 
520007 94 
531556 282 
531645 316 
533367 55 
549514 173 
565255 39 
575125 2296 
581258 6614 
588009 347 
589258 6 
