2305 4.14524305556
0 118471 
19 276 
19 1040 
22 439 
24 746 
24 263 
28 111 
33 421 
33 1122 
34 380 
34 129 
35 236 
37 166 
38 480 
38 273 
38 214 
40 461 
42 49 
42 100 
43 82 
43 252 
43 473 
43 360 
44 326 
46 174 
47 58 
47 334 
47 1133 
48 983 
48 234 
48 50 
49 107 
49 515 
49 92 
50 110 
52 128 
52 28 
53 304 
53 567 
54 242 
55 278 
55 161 
58 440 
58 175 
60 282 
60 694 
60 150 
61 65 
61 118 
61 378 
61 438 
62 461 
64 183 
64 364 
64 490 
64 205 
70 7 
70 473 
71 182 
71 427 
72 360 
72 494 
74 198 
77 261 
78 284 
78 238 
78 130 
79 209 
79 406 
80 350 
81 85 
81 249 
82 46 
83 421 
83 157 
85 474 
86 197 
86 245 
86 125 
87 255 
87 208 
87 211 
88 105 
89 244 
89 699 
92 205 
92 207 
93 666 
94 315 
95 298 
96 52 
96 19 
96 673 
97 172 
97 533 
98 78 
98 70 
100 299 
101 17 
101 167 
102 243 
102 165 
104 125 
104 987 
104 589 
105 263 
105 253 
106 127 
107 180 
107 298 
107 37 
108 544 
109 153 
109 31 
110 78 
111 765 
112 596 
113 227 
113 75 
113 572 
114 345 
115 85 
116 205 
116 154 
118 227 
118 91 
120 147 
121 266 
121 605 
123 60 
128 780 
128 291 
129 131 
129 188 
130 754 
131 452 
133 397 
134 286 
134 320 
135 575 
136 268 
138 665 
138 137 
142 488 
143 780 
144 328 
145 372 
146 641 
146 100 
147 102 
147 227 
147 141 
148 95 
148 399 
149 213 
149 180 
150 343 
150 197 
151 420 
152 554 
152 207 
152 525 
153 693 
153 131 
153 1364 
155 305 
155 55 
156 114 
156 115 
156 123 
157 362 
158 116 
159 2263 
159 122 
160 523 
162 191 
163 423 
165 355 
165 603 
165 348 
166 713 
167 179 
168 193 
168 645 
169 56 
170 167 
171 270 
171 287 
173 637 
173 174 
175 364 
175 162 
176 285 
178 307 
181 194 
182 133 
185 403 
185 62 
186 185 
187 50 
188 185 
189 672 
190 924 
192 419 
193 102 
194 312 
195 4493 
198 318 
200 155 
200 313 
200 736 
201 321 
202 114 
204 68 
205 358 
208 184 
208 45 
209 505 
209 634 
212 507 
212 205 
213 1777 
214 428 
214 34 
215 112 
215 31 
215 1306 
216 280 
217 516 
217 172 
217 82 
219 328 
219 250 
221 383 
221 116 
221 139 
221 497 
222 1965 
224 250 
224 359 
227 191 
228 210 
228 87 
229 403 
231 177 
232 196 
233 115 
233 147 
233 734 
236 73 
237 748 
242 214 
242 557 
242 104 
242 38 
244 212 
245 588 
246 765 
249 309 
253 146 
254 1047 
259 22 
259 273 
260 183 
260 672 
261 148 
262 666 
263 76 
263 160 
264 188 
264 533 
266 68 
266 532 
267 878 
267 71 
267 360 
267 154 
267 23 
268 170 
269 1084 
270 47 
276 93 
279 117 
282 158 
284 37 
286 282 
287 631 
289 42 
290 373 
291 257 
293 371 
296 193 
297 173 
299 340 
304 74 
304 158 
305 202 
306 340 
308 101 
308 889 
312 432 
317 46 
318 14 
318 93 
319 68 
321 185 
321 247 
324 363 
324 866 
324 463 
324 105 
324 56 
325 248 
325 71 
326 49 
328 145 
329 530 
330 329 
332 90 
332 124 
333 123 
333 1091 
334 257 
334 1658 
334 44 
335 113 
337 90 
339 100 
341 183 
343 33 
344 57 
346 178 
351 103 
351 552 
352 670 
353 205 
358 57 
358 621 
358 46 
362 262 
364 827 
364 691 
367 223 
368 14 
369 1500 
370 359 
371 364 
375 979 
375 589 
378 125 
379 363 
379 111 
382 360 
383 373 
383 268 
383 202 
386 180 
386 1391 
386 145 
386 109 
388 978 
388 288 
395 47 
398 39 
399 253 
404 137 
413 163 
417 102 
417 147 
419 259 
424 77 
425 249 
428 16 
431 158 
431 152 
436 162 
436 129 
438 241 
442 1141 
443 462 
444 297 
445 54 
447 584 
448 102 
452 152 
453 258 
453 28 
456 268 
457 515 
457 81 
466 696 
467 289 
468 77 
471 14 
475 468 
476 73 
476 253 
481 459 
481 197 
483 367 
484 197 
486 241 
486 1289 
489 373 
491 136 
491 74 
492 144 
493 351 
495 780 
495 204 
497 177 
499 305 
500 227 
502 208 
503 571 
512 43 
514 96 
517 102 
520 190 
521 742 
527 112 
528 105 
529 598 
531 335 
532 82 
532 124 
534 129 
536 114 
536 418 
538 82 
540 673 
540 429 
540 1416 
541 775 
544 156 
546 282 
555 547 
556 115 
557 1610 
560 452 
560 102 
560 317 
562 231 
563 107 
565 217 
567 89 
568 177 
569 136 
569 70 
573 557 
574 522 
575 328 
576 601 
580 434 
581 199 
584 107 
595 122 
596 202 
598 107 
598 221 
599 726 
601 190 
603 127 
607 324 
608 345 
616 190 
620 646 
622 20 
625 301 
627 340 
629 83 
631 360 
632 24 
634 214 
635 151 
636 299 
637 264 
639 207 
640 447 
642 45 
645 210 
648 136 
649 917 
650 234 
650 438 
652 527 
653 827 
653 192 
655 635 
656 500 
659 29 
661 358 
662 544 
666 268 
668 98 
675 963 
680 107 
681 164 
683 821 
684 253 
685 829 
685 264 
690 398 
690 274 
696 591 
696 591 
697 177 
697 85 
697 85 
697 177 
698 317 
698 317 
699 237 
699 460 
699 460 
699 237 
701 147 
701 89 
701 147 
701 89 
703 152 
703 661 
703 661 
703 152 
705 144 
705 144 
706 249 
706 426 
706 249 
706 426 
709 101 
709 101 
711 106 
711 106 
712 851 
712 851 
715 1 
715 1 
718 30 
718 30 
720 62 
720 62 
722 24 
722 24 
728 241 
728 241 
729 158 
729 158 
731 96 
731 96 
734 501 
734 119 
734 119 
734 501 
735 172 
735 134 
735 172 
735 134 
736 454 
736 454 
741 146 
741 146 
743 194 
743 194 
747 275 
747 275 
748 160 
748 159 
748 160 
748 159 
750 191 
750 191 
751 234 
751 230 
751 230 
751 234 
756 267 
757 270 
762 531 
762 2734 
762 98 
767 60 
774 225 
777 94 
781 1019 
782 699 
782 26 
786 152 
786 86 
786 304 
788 471 
789 126 
790 168 
790 218 
791 349 
792 14 
793 110 
794 404 
796 16 
796 165 
796 218 
797 100 
800 199 
802 208 
802 130 
808 19 
812 366 
814 307 
814 84 
815 65 
817 96 
819 1082 
822 1683 
824 117 
826 366 
826 139 
831 684 
831 232 
836 205 
838 32 
839 320 
844 608 
849 160 
850 1129 
851 102 
852 26 
853 84 
856 610 
857 4284 
858 234 
861 151 
863 66 
867 28 
871 171 
872 31 
880 781 
885 116 
890 105 
891 78 
893 189 
896 98 
897 112 
898 96 
904 1657 
904 156 
904 339 
906 212 
910 96 
910 157 
910 1089 
911 4053 
914 617 
915 2018 
916 490 
918 181 
918 239 
918 236 
920 102 
920 167 
921 542 
921 246 
925 135 
926 119 
926 105 
928 643 
933 305 
933 52 
938 124 
940 277 
940 123 
940 1105 
943 251 
946 355 
949 151 
952 515 
954 2363 
955 34 
955 323 
961 262 
961 1097 
963 223 
964 1977 
967 510 
970 332 
971 291 
972 183 
974 73 
974 913 
978 1140 
979 124 
981 245 
984 145 
984 153 
984 241 
985 131 
985 357 
986 144 
986 106 
986 257 
987 222 
996 353 
999 127 
1000 1092 
1001 710 
1001 816 
1003 429 
1003 248 
1004 237 
1004 120 
1005 263 
1005 82 
1007 53 
1009 40 
1009 129 
1016 287 
1019 60 
1020 134 
1022 26 
1024 207 
1026 384 
1027 132 
1029 124 
1031 208 
1031 171 
1034 106 
1034 126 
1036 245 
1038 362 
1039 112 
1040 97 
1043 576 
1043 192 
1046 1128 
1050 792 
1050 168 
1052 154 
1052 161 
1052 59 
1057 102 
1057 281 
1058 119 
1062 53 
1062 41 
1066 1138 
1068 4094 
1071 27 
1075 388 
1077 186 
1079 65 
1090 283 
1091 338 
1094 706 
1095 25 
1098 411 
1098 769 
1099 63 
1100 468 
1105 119 
1105 42 
1105 113 
1106 86 
1110 357 
1112 49 
1116 110 
1119 70 
1120 282 
1121 985 
1122 109 
1123 536 
1124 1045 
1126 1121 
1129 52 
1135 889 
1135 26 
1136 225 
1138 124 
1139 1048 
1139 446 
1141 77 
1144 34 
1145 350 
1146 153 
1146 1059 
1148 261 
1148 162 
1155 562 
1157 329 
1158 703 
1159 267 
1161 3489 
1162 77 
1167 196 
1167 120 
1169 195 
1169 133 
1170 102 
1170 145 
1173 299 
1176 57 
1178 367 
1179 259 
1180 525 
1180 100 
1183 36 
1185 233 
1189 190 
1192 102 
1194 522 
1196 492 
1196 448 
1197 121 
1197 965 
1198 231 
1199 81 
1200 1063 
1201 279 
1201 117 
1204 116 
1205 574 
1207 360 
1212 81 
1213 127 
1215 94 
1216 147 
1216 5044 
1217 262 
1221 9 
1221 938 
1222 11 
1223 265 
1225 566 
1228 124 
1231 43 
1233 291 
1236 103 
1237 129 
1243 143 
1244 124 
1244 110 
1246 32 
1251 1137 
1251 85 
1253 242 
1255 1133 
1257 315 
1258 202 
1262 88 
1266 178 
1267 983 
1269 320 
1272 434 
1272 273 
1274 734 
1275 670 
1275 313 
1277 515 
1278 86 
1278 182 
1280 870 
1282 148 
1284 316 
1287 124 
1289 321 
1291 261 
1292 112 
1292 4607 
1293 1158 
1296 1110 
1298 15 
1304 127 
1307 93 
1308 50 
1313 240 
1317 269 
1318 449 
1319 170 
1320 2386 
1321 41 
1321 468 
1325 194 
1325 68 
1325 99 
1326 10 
1328 150 
1333 491 
1333 239 
1334 436 
1338 127 
1341 334 
1344 134 
1357 72 
1361 933 
1364 499 
1366 128 
1369 96 
1369 209 
1370 1148 
1370 240 
1373 41 
1376 153 
1378 107 
1379 365 
1380 1108 
1383 61 
1385 86 
1386 52 
1386 166 
1386 244 
1388 230 
1392 17 
1395 265 
1400 56 
1402 128 
1402 534 
1404 113 
1404 895 
1406 380 
1407 1103 
1412 33 
1412 204 
1417 114 
1420 47 
1423 55 
1427 85 
1433 96 
1434 453 
1436 157 
1436 401 
1445 698 
1450 491 
1450 455 
1457 1627 
1458 318 
1460 284 
1461 142 
1461 32 
1472 29 
1472 153 
1490 321 
1491 301 
1500 268 
1500 179 
1501 35 
1502 41 
1511 1100 
1512 422 
1516 2068 
1516 107 
1519 260 
1520 1306 
1523 162 
1525 316 
1526 42 
1528 324 
1528 108 
1529 54 
1532 23 
1535 10 
1539 642 
1539 1064 
1540 206 
1545 174 
1545 300 
1555 420 
1556 179 
1562 357 
1563 451 
1567 413 
1570 28 
1573 317 
1574 321 
1574 59 
1577 22 
1577 749 
1592 111 
1594 297 
1599 120 
1604 68 
1604 383 
1604 232 
1606 50 
1619 44 
1633 253 
1638 160 
1641 410 
1642 95 
1644 2817 
1648 215 
1653 132 
1653 136 
1655 206 
1659 393 
1660 580 
1661 107 
1662 23 
1673 618 
1675 116 
1678 96 
1683 48 
1685 261 
1686 117 
1686 917 
1687 128 
1693 226 
1694 150 
1697 81 
1697 87 
1707 133 
1712 1069 
1713 86 
1715 52 
1716 181 
1719 590 
1722 30 
1725 248 
1727 454 
1728 14 
1728 67 
1730 573 
1734 115 
1736 99 
1736 82 
1737 460 
1740 713 
1745 341 
1745 258 
1746 128 
1746 220 
1747 98 
1752 87 
1762 37 
1768 34 
1768 256 
1770 603 
1777 56 
1778 39 
1783 168 
1785 297 
1787 175 
1792 748 
1796 77 
1805 216 
1806 217 
1807 2515 
1807 53 
1810 674 
1816 114 
1817 42 
1828 714 
1829 272 
1829 100 
1830 174 
1830 1081 
1831 138 
1835 71 
1842 511 
1843 552 
1850 58 
1859 3393 
1860 111 
1861 302 
1875 154 
1884 203 
1884 83 
1884 237 
1885 48 
1895 80 
1901 168 
1903 3529 
1903 201 
1905 262 
1911 129 
1924 31 
1932 143 
1940 148 
1944 121 
1959 280 
1962 127 
1968 50 
1971 212 
1973 581 
1975 133 
1999 185 
2004 197 
2012 41 
2041 93 
2046 431 
2051 214 
2055 50 
2060 159 
2062 54 
2067 139 
2068 117 
2070 81 
2075 288 
2082 1112 
2082 106 
2090 61 
2092 1035 
2104 216 
2116 281 
2117 358 
2118 35 
2120 316 
2126 71 
2141 52 
2149 395 
2163 100 
2171 221 
2172 22 
2172 79 
2174 29 
2175 127 
2186 5 
2187 692 
2188 107 
2192 36 
2194 128 
2195 124 
2201 107 
2213 47 
2221 486 
2227 118 
2229 117 
2232 335 
2241 215 
2243 132 
2258 821 
2267 922 
2267 773 
2271 83 
2271 84 
2274 242 
2274 60 
2279 140 
2281 22314 
2284 232 
2291 57 
2292 181 
2300 24 
2310 435 
2310 110 
2324 161 
2330 211 
2331 30 
2337 924 
2346 132 
2348 61 
2349 443 
2354 131 
2356 423 
2360 27 
2365 1396 
2367 203 
2369 113 
2379 682 
2383 173 
2386 87 
2391 104 
2395 42 
2395 24 
2400 70 
2405 217 
2428 348 
2429 43 
2432 920 
2432 528 
2444 288 
2448 25 
2450 231 
2454 233 
2455 689 
2458 218 
2472 5 
2484 45 
2490 192 
2495 142 
2505 165 
2509 174 
2510 278 
2513 121 
2516 9634 
2538 465 
2540 361 
2540 375 
2544 411 
2545 354 
2548 65 
2550 27 
2553 37 
2557 53 
2557 174 
2558 268 
2564 143 
2576 108 
2585 60 
2595 492 
2613 90 
2614 775 
2617 78 
2618 45 
2619 121 
2646 351 
2659 27 
2672 92 
2672 20 
2689 148 
2692 165 
2703 606 
2703 791 
2705 38 
2706 79 
2711 583 
2716 745 
2716 104 
2729 55 
2730 126 
2730 342 
2731 225 
2733 133 
2733 42 
2735 177 
2756 34 
2774 457 
2777 71 
2778 81 
2784 262 
2791 146 
2799 197 
2808 118 
2813 501 
2820 702 
2825 625 
2828 181 
2833 38 
2849 42 
2852 123 
2865 173 
2876 299 
2882 22 
2893 139 
2899 99 
2899 218 
2901 204 
2915 429 
2917 799 
2931 61 
2954 203 
2968 26 
2969 27 
2976 98 
3005 57 
3009 227 
3029 113 
3052 114 
3052 243 
3054 476 
3057 1286 
3057 177 
3060 113 
3063 171 
3068 63 
3076 599 
3078 139 
3103 572 
3106 102 
3109 20 
3122 98 
3123 114 
3133 97 
3136 142 
3140 184 
3141 128 
3155 94 
3176 13 
3176 15 
3184 353 
3192 217 
3193 1483 
3200 301 
3219 139 
3233 59 
3234 19 
3236 646 
3264 82 
3267 26 
3273 371 
3294 32 
3299 11 
3303 11 
3304 302 
3334 59 
3345 134 
3356 15 
3364 435 
3365 142 
3373 85 
3382 742 
3401 139 
3402 45 
3407 77 
3414 100 
3418 908 
3424 366 
3436 3121 
3443 513 
3444 1018 
3462 1336 
3489 413 
3498 233 
3546 180 
3573 179 
3587 121 
3617 92 
3619 639 
3620 815 
3623 169 
3623 37 
3630 185 
3636 361 
3660 221 
3675 189 
3685 180 
3693 439 
3698 101 
3702 32 
3705 99 
3711 26 
3716 58 
3721 344 
3726 48 
3728 42 
3731 154 
3734 106 
3735 186 
3740 322 
3745 311 
3755 69 
3761 823 
3778 30 
3781 815 
3793 299 
3793 831 
3795 36 
3804 33 
3828 263 
3856 268 
3874 212 
3878 239 
3887 275 
3888 35 
3911 9 
3913 147 
3938 250 
3954 253 
3980 291 
3987 296 
3989 59 
3990 50 
3997 279 
4019 312 
4019 166 
4024 171 
4027 76 
4039 132 
4047 7 
4061 69 
4069 0 
4074 56 
4099 159 
4103 143 
4104 213 
4118 50 
4125 177 
4136 3 
4142 137 
4149 1122 
4154 208 
4169 137 
4171 2045 
4181 128 
4192 183 
4195 286 
4226 46 
4241 29 
4253 710 
4254 79 
4271 260 
4285 1033 
4287 92 
4288 66 
4306 40 
4319 299 
4334 61 
4340 627 
4344 163 
4367 368 
4379 865 
4379 298 
4381 152 
4381 55 
4381 323 
4389 215 
4390 54 
4402 694 
4402 458 
4427 95 
4432 40 
4463 2255 
4475 970 
4477 823 
4483 108 
4497 172 
4498 54 
4540 17 
4546 159 
4554 307 
4562 263 
4565 196 
4641 134 
4654 54 
4659 123 
4669 99 
4696 186 
4697 37 
4709 760 
4728 62 
4795 158 
4801 246 
4808 84 
4818 148 
4822 109 
4846 73 
4853 1167 
4866 55 
4878 311 
4907 140 
4911 44 
4934 239 
4940 19 
4945 99 
4956 72 
4958 83 
4960 490 
4968 101 
4971 170 
5004 70 
5021 433 
5030 118 
5035 302 
5045 105 
5058 264 
5064 44 
5076 44 
5080 257 
5085 166 
5085 3068 
5086 171 
5094 159 
5117 126 
5137 107 
5144 51 
5148 396 
5161 320 
5165 258 
5174 338 
5186 32 
5193 72 
5200 607 
5217 1059 
5241 249 
5246 379 
5275 41 
5279 64 
5293 122 
5296 172 
5301 160 
5326 131 
5343 107 
5355 77 
5357 34 
5392 282 
5402 319 
5443 289 
5451 54 
5464 72 
5469 8 
5495 78 
5540 40 
5546 453 
5550 206 
5565 41 
5569 29 
5590 48 
5596 26 
5604 17 
5625 139 
5655 293 
5667 197 
5686 81 
5710 453 
5758 759 
5787 182 
5788 423 
5788 27 
5815 75 
5835 181 
5856 6 
5879 151 
5889 98 
5911 141 
5917 280 
5947 902 
5953 315 
5956 329 
6000 582 
6030 37 
6046 67 
6087 289 
6100 87 
6110 47 
6127 93 
6177 396 
6190 264 
6208 271 
6208 93 
6209 203 
6211 246 
6227 215 
6240 562 
6245 119 
6254 120 
6257 106 
6268 183 
6302 83 
6306 59 
6316 94 
6317 83 
6325 488 
6325 120 
6326 222 
6330 96 
6347 54 
6356 40 
6365 58 
6383 1133 
6426 155 
6504 149 
6577 154 
6590 190 
6590 19 
6623 912 
6645 84 
6658 107 
6668 19 
6694 653 
6695 146 
6699 43 
6743 199 
6755 158 
6780 213 
6830 173 
6832 70 
6836 336 
6845 22 
6898 587 
6911 117 
6937 165 
6964 2138 
6969 189 
6991 131 
7033 140 
7049 170 
7228 128 
7233 135 
7255 479 
7278 8 
7353 32 
7372 39 
7395 34 
7407 233 
7471 19 
7492 3 
7531 161 
7550 136 
7578 92 
7613 1668721 
7614 214 
7643 9 
7653 230 
7661 36 
7662 86 
7679 80 
7680 328 
7690 68 
7691 772 
7695 183 
7698 173 
7701 221 
7706 124 
7708 308 
7710 143 
7718 84 
7720 277 
7724 19 
7729 92 
7737 85 
7738 390 
7739 92 
7742 201 
7747 122 
7751 96 
7757 342 
7758 74 
7765 80 
7773 41 
7779 65 
7803 921 
7803 249 
7809 230 
7811 70 
7815 145 
7820 463 
7822 462 
7836 430 
7846 79 
7849 36 
7855 199 
7863 167 
7863 325 
7874 153 
7886 19 
7893 190 
7895 1524 
7901 156 
7902 1770 
7905 30 
7905 281 
7906 52 
7911 328 
7914 70 
7924 18 
7932 86 
7933 611 
7935 67 
7943 127 
7944 77 
7950 50 
7952 338 
7966 105 
7970 341 
7982 85 
7985 32 
7989 645 
7989 22 
7991 55 
8000 149 
8001 1457 
8041 86 
8053 80 
8066 48 
8082 63 
8085 99 
8092 163 
8105 153 
8108 2 
8117 52 
8128 52 
8133 233 
8136 50 
8143 229 
8146 88 
8146 283 
8156 82 
8167 42 
8170 147 
8176 318 
8198 401 
8208 38 
8219 268 
8236 838 
8246 93 
8253 87 
8254 10 
8254 79 
8269 295 
8273 179 
8278 465 
8278 120 
8281 250 
8284 43 
8291 97 
8293 219 
8306 12 
8328 78 
8331 38 
8334 61 
8340 106 
8350 185 
8352 64 
8363 112 
8387 159 
8394 157 
8396 181 
8398 169 
8407 152 
8413 751 
8416 33 
8436 19 
8441 94 
8446 110 
8456 98 
8456 218 
8460 143 
8475 104 
8482 412 
8485 214 
8488 244 
8491 129 
8502 71 
8505 211 
8526 142 
8574 115 
8578 31 
8591 88 
8609 657 
8621 116 
8640 816 
8647 50 
8648 37 
8649 50 
8658 43 
8662 83 
8663 835 
8668 110 
8681 84 
8704 188 
8725 20 
8736 148 
8741 232 
8747 31 
8754 520 
8778 71 
8793 104 
8796 103 
8837 38 
8869 380 
8872 69 
8879 114 
8906 103 
8918 30 
8920 512 
8929 375 
8937 7 
8943 675 
8952 185 
8980 26 
9006 88 
9012 493 
9017 365 
9058 262 
9062 467 
9065 31 
9075 437 
9076 411 
9091 118 
9107 259 
9111 115 
9116 187 
9134 131 
9134 143 
9155 49 
9201 79 
9205 191 
9264 712 
9295 328 
9298 88 
9323 190 
9335 50 
9346 0 
9349 156 
9371 115 
9382 135 
9392 98 
9393 145 
9396 96 
9398 102 
9407 209 
9412 196 
9417 13 
9425 56 
9490 479 
9534 177 
9539 334 
9541 45 
9576 71 
9609 132 
9637 23 
9638 193 
9642 121 
9661 44 
9689 44 
9699 85 
9769 287 
9777 216 
9792 24 
9799 318 
9812 390 
9869 63 
9884 110 
9947 63 
9960 91 
9964 133 
9970 155 
9979 140 
10014 13 
10015 98 
10042 11 
10052 65 
10074 221 
10080 71 
10087 90 
10136 36 
10173 24 
10191 137 
10191 188 
10215 141 
10233 42 
10254 50 
10268 83 
10268 83 
10291 130 
10307 69 
10328 48 
10329 211 
10366 195 
10380 66 
10383 86 
10389 4461 
10394 510 
10424 104 
10429 53 
10454 151 
10466 5 
10489 50 
10502 244 
10556 262 
10569 78 
10571 6 
10679 2080 
10710 1 
10730 35 
10733 71 
10741 183 
10756 81 
10824 37 
10847 226 
10864 66 
10868 97 
10869 38 
10905 76 
10907 171 
10917 109 
10917 1031 
10959 604 
10994 141 
11031 127 
11033 75 
11040 147 
11042 133 
11058 104 
11100 235 
11144 136 
11182 45 
11250 46 
11260 34 
11280 170 
11333 116 
11333 116 
11336 104 
11381 22 
11409 1766 
11416 347 
11465 14 
11511 233 
11537 197 
11618 102 
11636 210 
11698 124 
11720 90 
11750 48 
11796 101 
11845 456 
11880 27 
11910 193 
11959 51 
12048 83 
12057 224 
12096 137 
12228 318 
12255 66 
12377 33 
12394 605 
12476 18 
12501 333 
12502 6 
12538 95 
12626 58 
12697 2089 
12820 98 
12902 41 
12915 98 
12987 139 
12996 449 
13051 36 
13091 70 
13111 655 
13158 101 
13193 79 
13295 131 
13301 474 
13314 201 
13322 1007 
13331 23 
13349 113 
13361 400 
13376 17 
13453 79 
13522 1500 
13555 98 
13612 213 
13663 18 
13680 136 
13697 86 
13721 119 
13926 45 
13996 295 
14065 98 
14291 292 
14299 26 
14325 61 
14988 23 
15018 48 
15125 16 
15143 324 
15250 321 
15263 202 
15460 80 
15465 127 
15529 394 
15576 41 
15600 205 
15899 18 
15923 15 
16171 22 
16171 22 
16383 87 
16524 78 
16651 50 
16774 246 
17103 10 
17192 64 
17326 63 
17737 76 
17855 167 
18544 15 
18619 131 
19090 105 
19396 278 
19468 489 
20448 502 
21222 641 
21228 261 
21230 55 
21547 1172 
23193 242 
24515 14 
25013 253 
25349 157 
25400 195 
25471 353 
25607 73 
25635 2077 
25738 336 
25792 14795 
25806 312 
25980 38 
26063 2462 
26078 157 
26341 982 
26379 252 
27067 257 
28355 391 
28611 116 
29012 325 
29052 32 
29308 314 
29436 28 
29624 87 
29647 44 
31013 50 
31215 64 
31652 101 
32369 45 
32372 128 
32617 46 
32647 792 
32659 93 
32675 32 
32768 137 
32962 344 
33115 148 
34666 163 
34836 97 
35033 12 
35390 290 
35392 110 
35446 53 
35827 66 
35882 28 
35915 854 
36429 19 
36802 793 
36860 62 
37121 1778 
37242 172 
37368 135 
38420 97 
38983 85 
39043 78 
39140 31 
39318 32 
39511 46 
40320 1031 
40578 30 
40809 70 
41095 128 
41983 496 
42042 1396 
42122 882 
42127 179 
43328 38 
43336 457 
43385 125 
43467 423 
43506 99 
43530 478 
43574 1116 
43613 352 
43701 120 
43712 7836 
43829 376 
43909 132 
43988 179 
44053 126 
44056 219 
44183 161 
44296 72 
44396 147 
44603 127 
45112 741 
45138 182 
45732 68 
46056 266 
46098 285 
46159 352 
46390 321 
46391 929 
46644 135 
47187 56 
47636 183 
47717 26 
47887 187 
47952 340 
48354 118 
48502 107 
48516 151 
50072 53 
50260 33 
50642 25 
50838 1076 
52473 13 
52977 184 
53288 71 
53806 141 
54381 44 
54563 30 
54634 2838 
55020 174 
56637 1 
56655 269 
57397 9 
58092 125 
58636 41 
59551 93 
59875 110 
59887 132 
59968 244 
60299 38 
60774 818 
60849 385 
60908 613 
60932 228 
60932 228 
61067 399 
61130 1334 
61156 804 
61924 1192 
61978 229 
61979 649 
62209 288 
62281 55 
62643 301 
62661 61 
62679 78 
63082 1561 
63236 83 
63252 181 
63319 325 
63322 331 
63363 357 
63502 292 
63530 848 
63928 41 
64356 402 
64604 813 
64751 626 
64774 232 
64802 418 
65113 29 
65355 206 
65496 195 
66012 187 
66657 20 
66922 254 
67515 15 
68161 372 
68239 178 
68271 147 
68282 482 
68427 316 
68574 736 
68713 304 
68931 234 
68963 234 
69058 11 
69329 27 
70295 14 
72293 229 
72524 263 
72687 536 
72998 649 
73174 221 
73582 3018 
73595 89 
74105 289 
74226 346 
74254 798 
74367 443 
74991 135 
75335 165 
76596 115 
77124 408 
77727 25 
78562 115 
78792 289 
81981 327 
83095 562 
83505 120 
83638 1220 
84895 103 
85800 610 
86200 247 
87518 121 
88122 48 
88785 415 
89722 187 
89782 114 
90326 129 
90653 371 
90741 112 
95418 122 
95551 620 
122540 131 
134994 710 
135243 1617 
135321 848 
135324 208 
135469 263 
135660 59 
135714 5 
136486 285 
154753 217 
156223 589 
156255 486 
156330 311 
156371 139 
156401 184 
156677 145 
157808 203 
158430 146 
160657 287 
160769 254 
161804 25 
161891 26 
162559 61 
163689 71 
164546 814 
164849 1318 
164979 23 
165092 484 
165681 100 
165957 368 
166111 23 
166408 56 
166655 83 
169575 236 
169810 140 
173739 44 
174748 9526 
175093 303 
175163 78 
178044 14760 
178066 391 
178096 393 
178140 113 
178152 826 
178253 1552 
178344 951 
178412 174 
178442 1269 
178648 179 
178653 89 
178888 909 
179340 147 
179381 29 
179460 87 
180246 138 
180562 115 
180723 123 
180756 107 
180889 340 
180926 111 
180973 838 
181233 707 
181255 144 
181449 690 
181560 67 
181580 473 
181621 178 
181738 193 
182571 809 
183758 1007 
184817 247 
185301 452 
187912 210 
190923 125 
191048 157 
194223 11 
200678 92 
202991 40 
209872 218 
209915 1019 
210097 145 
214175 278 
220050 226 
228660 113 
229776 8 
234245 373 
237407 359 
237698 7 
254923 577 
257665 124 
257751 95 
257971 170 
257971 170 
258110 31 
261735 155 
262109 106 
262666 45 
272413 38 
272899 139 
274863 44 
278386 28 
322719 108 
323075 174 
329013 301 
336409 102 
343006 110 
343774 429 
347647 19 
357231 44 
363170 190 
398855 1787 
432900 411 
437952 33 
449838 72 
462570 97 
478542 137 
478571 438 
483781 28 
514020 63 
533882 121 
574597 19 
578397 337 
579119 33 
