2040 3.06063657407
0 499427 
8 449 
10 1314 
11 425 
11 57 
12 174 
12 1473 
13 4692 
14 2256 
14 437 
14 705 
15 436 
16 1223 
16 146 
16 769 
16 161 
17 5639 
17 1198 
17 106 
17 5620 
18 400 
19 69 
19 177 
20 2 
21 53 
21 1140 
21 343 
21 267 
21 617 
21 269 
22 98 
23 55 
23 186 
23 711 
23 140 
23 955 
23 445 
23 136 
23 184 
23 790 
23 188 
24 144 
24 39 
24 3406 
24 519 
24 259 
24 232 
25 164 
25 213 
26 267 
26 117 
26 162 
26 208 
26 302 
26 42 
28 834 
28 566 
28 5112 
28 2965 
28 161 
29 159 
29 1461 
29 82 
30 547 
30 2096 
30 506 
30 123 
30 759 
31 324 
31 2959 
31 62 
32 152 
32 356 
32 94 
32 134 
33 295 
33 369 
33 268 
33 476 
33 36 
33 29 
34 744 
34 262 
34 50 
35 544 
35 280 
35 363 
35 101 
35 93 
35 209 
35 226 
36 448 
36 744 
36 967 
37 156 
37 82 
37 70 
38 766 
38 621 
38 131 
38 515 
39 530 
39 455 
39 25 
39 249 
39 23 
39 327 
40 58 
40 836 
40 121 
40 106 
40 16 
40 142 
40 426 
40 1758 
40 207 
40 256 
40 45 
41 62 
41 2100 
41 799 
42 151 
42 41 
42 694 
42 106 
42 364 
43 117 
43 597 
43 121 
43 464 
43 2271 
43 3982 
44 251 
45 26 
45 189 
46 54 
46 38 
46 1255 
46 731 
46 534 
46 58 
46 248 
47 57 
47 199 
47 241 
47 1105 
48 170 
48 2428 
48 940 
48 306 
49 133 
49 278 
49 784 
50 16 
50 2038 
50 230 
50 168 
50 3494 
50 157 
50 919 
51 323 
51 74 
51 106 
51 82 
51 473 
52 212 
52 169 
52 410 
52 63 
53 223 
53 1026 
53 2710 
53 2354 
53 168 
54 87 
54 135 
54 210 
54 1199 
54 86 
55 272 
55 175 
55 96 
55 1082 
55 121 
55 1301 
56 47 
56 374 
56 163 
57 236 
57 109 
57 903 
57 259 
58 120 
58 2319 
59 343 
59 96 
59 672 
59 637 
59 210 
59 233 
60 87 
60 115 
60 1658 
60 202 
60 255 
60 111 
61 1937 
61 291 
61 214 
61 419 
61 381 
61 41 
61 2938 
62 1114 
62 842 
62 234 
62 186 
62 249 
63 298 
63 111 
63 7453 
64 169 
64 228 
64 305 
64 329 
64 351 
65 703 
65 147 
65 196 
65 119 
65 3765 
65 652 
65 135 
66 459 
66 503 
66 313 
66 1509 
67 1106 
67 49 
67 443 
68 75 
68 898 
69 35 
69 123 
69 145 
69 248 
69 35 
71 1141 
71 333 
71 473 
71 79 
71 259 
72 286 
72 114 
72 244 
73 123 
74 385 
74 48 
74 164 
74 240 
74 83 
76 142 
76 823 
76 423 
76 100 
77 264 
77 755 
77 190 
77 7 
77 2441 
78 1751 
78 1283 
79 94 
79 245 
79 4346 
79 26 
80 29 
80 1677 
80 993 
81 21 
81 684 
82 484 
82 727 
83 182 
83 134 
84 174 
84 234 
84 736 
84 123 
85 499 
85 196 
85 292 
86 801 
86 355 
87 257 
87 177 
87 116 
87 350 
87 174 
88 1865 
88 210 
89 210 
89 236 
89 133 
90 164 
90 97 
90 246 
90 625 
91 91 
91 822 
91 1783 
91 236 
92 47 
92 41 
92 1369 
92 2413 
92 167 
92 111 
93 326 
94 205 
94 174 
94 289 
94 63 
94 342 
94 1328 
95 54 
95 92 
95 190 
95 803 
95 225 
96 71 
96 37 
97 304 
97 40 
97 128 
97 295 
98 551 
98 6917 
98 235 
98 227 
98 137 
99 2978 
99 8672 
99 607 
99 206 
99 132 
100 459 
100 58 
101 877 
101 1272 
101 935 
101 621 
102 310 
103 804 
103 234 
103 133 
104 1162 
104 260 
105 117 
105 537 
106 253 
107 100 
107 137 
107 603 
108 115 
108 285 
108 2804 
108 49 
109 42 
109 301 
109 267 
109 2555 
109 197 
109 121 
110 469 
110 565 
110 91 
111 1399 
112 2687 
112 142 
112 212 
116 395 
116 437 
117 135 
118 517 
118 229 
118 226 
119 347 
119 512 
121 20 
122 85 
122 3107 
122 8 
122 305 
122 94 
122 488 
124 292 
124 542 
124 104 
124 403 
124 31 
125 233 
125 144 
125 202 
126 142 
126 140 
127 183 
127 958 
128 81 
129 816 
130 4933 
131 50 
131 90 
131 121 
131 132 
133 97 
133 293 
134 1467 
136 41 
136 78 
136 19 
137 341 
137 354 
137 36 
139 346 
139 158 
140 199 
142 117 
142 530 
143 334 
143 196 
143 1980 
143 49 
143 507 
144 77 
144 71 
145 198 
145 81 
145 313 
146 69 
146 626 
146 81 
147 297 
147 3483 
148 171 
148 181 
148 156 
150 162 
150 78 
151 691 
152 390 
152 560 
153 109 
154 429 
155 131 
157 33 
158 37 
159 845 
159 482 
159 292 
160 284 
162 218 
163 1294 
163 47 
163 63 
163 163 
164 316 
164 2067 
164 14985 
165 39 
166 246 
166 403 
167 415 
167 1030 
169 217 
169 191 
169 512 
169 24716 
169 502 
170 16 
172 147 
173 1115 
173 36 
173 336 
173 76 
174 582 
175 341 
175 438 
175 237 
176 119 
177 2527 
177 2840 
178 105 
178 2065 
182 353 
183 5524 
183 140 
185 217 
186 493 
187 558 
189 267 
189 89 
189 192 
190 108 
190 15 
191 616 
193 6773 
196 229 
196 2204 
199 91 
199 909 
200 1258 
202 191 
202 2674 
202 203 
202 51 
206 374 
206 103 
207 2066 
208 99 
208 154 
211 3300 
214 2041 
214 292 
214 111 
215 5214 
215 507 
217 437 
218 343 
220 194 
221 1992 
222 291 
223 894 
223 274 
224 149 
225 112 
225 403 
225 13 
225 2892 
228 436 
228 7 
229 256 
229 254 
231 1546 
233 337 
233 859 
234 212 
238 177 
239 175 
239 24 
240 477 
240 10 
240 218 
240 174 
243 220 
248 58 
249 104 
249 110 
249 777 
250 12 
251 817 
251 13 
252 2009 
252 412 
258 159 
258 5163 
258 153 
259 1272 
260 189 
260 453 
261 7818 
261 262 
261 348 
262 98 
262 419 
264 97 
265 355 
266 225 
266 164 
270 235 
270 6493 
270 190 
270 649 
270 231 
272 17 
273 459 
273 221 
276 1207 
279 107 
279 620 
282 397 
287 229 
288 922 
289 390 
293 163 
293 69 
295 68 
296 59 
299 542 
300 334 
300 394 
300 9272 
300 236 
300 21 
301 1435 
303 155 
305 396 
306 830 
308 196 
309 93 
309 399 
310 643 
311 25 
311 438 
312 1115 
313 462 
315 690 
315 282 
316 328 
316 32 
317 192 
317 197 
318 184 
318 3330 
318 1122 
321 4089 
321 267 
322 529 
323 68 
323 598 
325 207 
330 1729 
330 4058 
332 208 
334 3779 
336 983 
340 88 
343 94 
345 78 
346 1440 
349 128 
349 340 
351 108 
352 315 
354 36 
357 85 
361 2267 
362 2126 
364 167 
364 781 
365 763 
365 160 
369 327 
375 101 
375 292 
385 72 
392 229 
392 465 
393 824 
397 2684 
399 1087 
401 518 
401 250 
405 191 
407 316 
407 338 
470 622 
473 706 
475 2079 
475 320 
475 390 
475 142 
476 103 
482 259 
482 530 
483 5 
487 1673 
487 2558 
488 194 
490 36 
492 173 
496 111 
498 118 
502 1800 
507 263 
509 540 
512 8279 
512 194 
519 308 
536 266 
538 2074 
548 67 
557 3298 
557 715 
560 473 
564 274 
565 91 
567 248 
588 831 
589 965 
591 59 
593 661 
603 1204 
604 13325 
613 202 
613 426 
616 2355 
623 109 
626 210 
630 1360 
632 935 
633 714 
635 1536 
637 221 
638 176 
640 140 
650 1274 
653 133 
654 1840 
657 347 
658 226 
660 475 
662 4179 
668 183 
670 776 
671 210 
673 101 
674 404 
680 569 
699 148 
700 1482 
702 25 
709 323 
719 145 
722 60 
732 220 
735 8 
741 535 
741 146 
754 360 
776 458 
784 109 
787 899 
821 164 
825 502 
829 3268 
843 786 
853 124 
853 277 
863 213 
870 7547 
877 99 
881 108 
884 225 
893 305 
894 488 
904 5110 
925 2691 
926 239 
926 347 
928 1617 
958 1608 
960 563 
965 191 
974 263 
977 51 
982 1739 
987 195 
991 163 
1013 29 
1029 1451 
1047 113 
1051 16 
1062 385 
1066 106 
1083 1027 
1086 3762 
1113 36 
1114 48 
1116 467 
1136 418 
1146 436 
1161 242 
1206 56 
1224 26 
1226 5236 
1247 239 
1303 390 
1306 2947 
1329 1247 
1350 1073 
1359 1715 
1363 259 
1370 691 
1373 3848 
1373 524 
1395 116 
1425 17 
1439 2882 
1440 96 
1456 1730 
1472 3490 
1490 203 
1525 66 
1539 842 
1540 235 
1551 730 
1554 258 
1566 174 
1582 625 
1593 248 
1626 172 
1635 308 
1647 1061 
1649 395 
1656 453 
1680 3340 
1688 243 
1707 312 
1723 1394 
1727 485 
1735 85 
1737 381 
1757 377 
1768 74 
1845 1400 
1853 847 
1853 583 
1859 2885 
1878 181 
1885 564 
1931 437 
1932 53 
1935 3814 
1936 588 
1956 426 
1961 328 
1965 69 
1974 399 
1981 548 
2025 1044 
2039 206 
2069 2562 
2075 513 
2115 1283 
2123 267 
2134 279 
2139 503 
2161 1648 
2169 266 
2175 1016 
2182 145 
2190 2724 
2190 2575 
2191 475 
2202 487 
2258 902 
2268 7844 
2275 1116 
2285 462 
2385 275 
2398 269 
2416 177 
2463 2336 
2535 1575 
2542 992 
2560 1297 
2579 13052 
2620 689 
2630 878 
2646 3199 
2650 5090 
2657 45 
2680 319 
2697 2436 
2719 128 
2727 156 
2732 89 
2772 83 
2776 1125 
2777 943 
2801 10381 
2869 221 
2892 51 
3010 1675 
3100 2249 
3122 525 
3200 173 
3368 1918 
3373 504 
3470 7956 
3478 29 
3510 10219 
3542 443 
3555 950 
3557 114 
3649 429 
3710 80 
3717 1036 
3783 888 
3792 883 
3834 212 
3840 328 
3882 154 
3999 2294 
4042 365 
4131 512 
4137 939 
4165 186 
4184 689 
4189 725 
4189 10110 
4192 3479 
4207 742 
4228 180 
4230 1037 
4249 400 
4257 517 
4297 78 
4307 294 
4310 222 
4341 1439 
4379 69 
4399 723 
4405 136 
4437 2099 
4480 1821 
4485 298 
4517 40 
4526 510 
4539 368 
4540 326 
4556 1559 
4591 3641 
4621 201 
4641 101 
4670 191 
4701 499 
4769 878 
4772 2339 
4803 551 
4834 2127 
4841 665 
4868 470 
4920 401 
4951 598 
5062 218 
5141 91 
5187 545 
5204 749 
5212 1776 
5250 2912 
5309 558 
5311 643 
5337 94 
5337 227 
5370 293 
5411 937 
5446 207 
5457 1932 
5498 249 
5511 595 
5677 567 
5695 157 
5725 2648 
5801 1068 
5829 3840 
5889 325 
5993 513 
6031 107 
6039 460 
6094 66 
6159 824 
6186 182 
6207 1097 
6259 246 
6325 88 
6500 41 
6504 131 
6629 65 
6763 1 
6780 98 
6791 26 
6893 972 
6895 1132 
6927 757 
7007 1951 
7025 332 
7040 128 
7081 31 
7171 456 
7171 663 
7212 459 
7218 84 
7221 89 
7236 60 
7312 450 
7420 95 
7470 626 
7557 3239 
7571 0 
7587 234 
7656 556 
7696 192 
7906 727 
7953 724 
8081 2969 
8108 136 
8171 213 
8191 14 
8232 150 
8296 2447 
8321 6818 
8323 87 
8478 986 
8743 5612 
8799 679 
8830 295 
8898 288 
9032 1353 
9273 285 
9488 949 
9608 616 
10140 2043 
10193 461 
10237 308 
10240 66 
10346 1989 
10459 863 
10562 1080 
10585 310 
10710 2234 
10758 420 
10778 1437 
10780 1412 
10914 838 
10960 408 
11002 1709 
11034 1050 
11039 26 
11251 33847 
11355 3054 
11862 673 
12013 347 
12027 12262 
12084 2259 
12085 3661 
12092 408 
12168 1099 
12221 837 
12656 159 
12717 552 
12800 184 
12821 949 
12845 666 
12942 91 
13327 2238 
13410 664 
14060 279 
15072 157 
15207 1042 
15210 121 
15387 93 
15400 1158 
15541 528 
16039 303 
16103 569 
16119 434 
16362 463 
16473 177 
16673 326 
17041 352 
17595 231 
18038 282 
18289 51 
18462 175 
19229 801 
19229 801 
19613 2 
19704 23 
19722 1280 
19877 15677 
19896 131 
20143 58 
20257 880 
20275 213 
20374 144 
23350 194 
24545 238 
24833 419 
26026 141 
27369 94 
27588 523 
27826 1552 
27965 2453 
28313 221 
28356 252 
28670 116 
28938 2434 
28941 206 
29352 1150 
29688 4163 
30462 149 
30784 944 
30861 453 
31236 96 
31536 135 
31551 241 
31774 4961 
31963 582 
32790 50 
33370 321 
33995 609 
34130 1861 
34431 939 
34464 175 
34632 3390 
35281 82 
35571 564 
35660 1664 
35690 425 
35701 599 
35982 143 
36217 819 
36344 543 
37370 668 
37445 3807 
38065 2095 
38140 147 
38373 213 
38386 3681 
38422 267 
38664 806 
38863 3288 
39105 969 
40112 46 
40153 579 
40332 1260 
40453 255 
40884 750 
40932 1682 
40936 593 
40991 942 
41054 2149 
41056 4298 
41100 1710 
41121 5194 
41142 1179 
41231 1206 
41293 1257 
41440 58 
41524 6823 
41796 54 
41818 151 
42235 384 
42268 999 
42331 115 
42362 82 
42508 3177 
42795 38 
42938 340 
43021 7 
43035 164 
43043 182 
43061 734 
43120 517 
43330 1197 
43349 1216 
43368 711 
43368 279 
43425 165 
43668 45 
43714 416 
43838 445 
43843 36 
43846 612 
44072 188 
44099 128 
44149 1149 
44270 962 
44328 537 
44480 38 
44811 1253 
44828 1180 
44848 864 
44868 324 
45027 80 
45111 2109 
45230 2794 
45279 429 
45294 3255 
45335 256 
45602 949 
45653 87 
45749 32 
46055 738 
46066 88 
46241 2024 
46390 1172 
46453 105 
46615 636 
46728 466 
46769 373 
46969 441 
47243 236 
47281 326 
47445 287 
47664 88 
47690 249 
48103 987 
48149 141 
48202 677 
48210 59 
48273 1767 
48301 143 
48377 2748 
48412 86 
48418 62 
48513 151 
48536 381 
48577 768 
48730 340 
48782 382 
48889 1177 
49001 188 
49004 976 
49017 368 
49059 422 
49065 33 
49095 370 
49145 179 
49150 130 
49181 1295 
49497 337 
49558 185 
49579 208 
49645 2846 
49673 411 
49687 132 
49825 314 
49843 73 
49844 103 
49856 1458 
49856 422 
49867 131 
49871 592 
49922 113 
49925 30 
49938 188 
50055 118 
50100 298 
50112 514 
50113 287 
50193 197 
50211 496 
50225 711 
50507 8845 
50526 587 
50528 1770 
50533 1099 
50620 163 
50672 10982 
50686 1433 
50695 466 
50711 140 
50718 99 
50721 253 
50733 458 
50746 78 
50761 133 
50765 736 
50787 236 
50805 198 
50869 165 
50926 569 
50997 116 
51019 198 
51084 354 
51115 236 
51328 6553 
51615 637 
51640 132 
51738 222 
51795 5382 
51812 2766 
51917 248 
52094 660 
52140 477 
52221 143 
52258 126 
52379 327 
52390 548 
52396 1347 
52674 648 
52681 846 
52768 516 
52769 739 
52792 480 
52938 975 
52997 1083 
53254 818 
53352 7024 
53397 5698 
53415 255 
53418 378 
53418 378 
53418 3031 
53429 3241 
53431 242 
53447 1118 
53456 31 
53468 365 
53468 291 
53602 1534 
53669 188 
53752 3570 
53769 1804 
53782 1604 
53871 225 
53872 2927 
53901 563 
53910 334 
53913 95 
54125 126 
54169 2458 
54170 4604 
54245 189 
54255 2644 
54286 276 
54303 807 
54361 26 
54380 154 
54458 91 
54606 833 
54940 350 
55178 300 
55210 238 
55303 403 
55311 1327 
55315 147 
55401 805 
55401 1302 
55492 517 
55501 293 
55549 2277 
55561 95 
55597 348 
55600 1144 
55615 266 
55618 1974 
55679 380 
55722 810 
55870 1605 
55936 9317 
55943 3129 
55959 607 
55997 222 
56036 3603 
56054 85 
56349 180 
56375 1191 
56515 181 
56520 536 
56541 234 
56644 254 
56645 145 
56708 571 
56723 340 
56889 741 
56916 627 
56968 944 
57074 29 
57227 107 
57264 317 
57309 86 
57321 109 
57345 43 
57354 111 
57355 75 
57397 4418 
57403 10052 
57409 252 
57467 123 
57470 698 
57481 257 
57513 566 
57598 593 
57602 2667 
57615 1884 
57658 97 
57744 451 
57768 561 
57842 587 
57850 487 
57914 248 
57920 122 
57989 657 
58060 121 
58175 112 
58410 179 
58426 120 
58477 126 
58512 178 
58555 77 
58803 336 
58934 777 
58998 370 
59109 1138 
59143 641 
59162 254 
59183 816 
59200 1624 
59209 126 
59299 48 
59385 148 
59398 124 
59471 1224 
59514 96 
59521 225 
59583 382 
59593 403 
59594 48 
59654 419 
59719 332 
59752 228 
59783 221 
59798 395 
59875 156 
59950 521 
60269 198 
60650 294 
60923 661 
61054 560 
61127 493 
61174 846 
61200 542 
61208 2387 
61320 817 
61396 230 
61442 467 
61479 1895 
61488 1190 
61515 1086 
61570 426 
61667 238 
62128 162 
62439 185 
62516 1747 
62617 214 
62659 87 
62842 6659 
62871 6737 
62904 761 
62987 2044 
63025 334 
63102 143 
63213 2073 
63225 753 
63240 124 
63247 71 
63257 1692 
63310 128 
63310 128 
63311 629 
63311 629 
63346 2036 
63346 2036 
63389 843 
63433 221 
63747 1370 
64213 2375 
64219 3 
64225 227 
64241 526 
64284 335 
64315 578 
64317 923 
64355 120 
64454 201 
64543 245 
64614 530 
64620 489 
64660 76 
64720 482 
65068 813 
65099 162 
65140 1079 
65167 847 
65170 1594 
65183 2810 
65201 801 
65216 218 
65247 198 
65260 27 
65286 1208 
65309 106 
65341 487 
65691 153 
65704 203 
65771 282 
66155 73 
66271 325 
66432 68 
66811 246 
66977 813 
67022 558 
67163 229 
67234 131 
67280 834 
67429 415 
67566 5731 
67604 272 
67708 411 
67796 478 
67891 175 
68031 475 
68095 206 
68153 1485 
68454 73 
68527 209 
68746 12080 
68762 15777 
68778 142 
68781 364 
68781 859 
68791 1092 
68827 132 
68838 5605 
68869 71 
68871 69 
68894 292 
68902 1682 
68917 3234 
68928 843 
68952 833 
68959 710 
68964 133 
68967 940 
68994 379 
69009 251 
69082 35 
69135 241 
69146 5623 
69164 1533 
69201 1132 
69242 78 
69277 42 
69294 895 
69343 830 
69448 433 
69483 725 
69637 5928 
69975 200 
69997 235 
70062 686 
70063 380 
70121 463 
70121 165 
70155 238 
70178 308 
70195 368 
70215 1274 
70475 173 
70583 1103 
70630 143 
70845 2714 
70862 159 
70870 234 
70894 3122 
70922 350 
71063 85 
71093 395 
71229 2401 
71235 41 
71307 156 
71431 2135 
71515 919 
71539 593 
71632 234 
71671 199 
71685 198 
71725 608 
71743 336 
71764 2414 
71789 118 
71799 297 
71811 560 
71824 109 
71926 15 
71943 477 
71951 388 
71995 112 
72079 407 
72121 367 
72138 460 
72177 281 
72209 717 
72237 321 
72270 492 
72285 2233 
72296 516 
72302 43 
72329 931 
72335 5601 
72370 1308 
72374 253 
72405 828 
72440 63 
72458 280 
72488 697 
72535 206 
72684 31260 
72697 3801 
72707 561 
72709 433 
72748 328 
72768 120 
72787 480 
72899 53 
72952 359 
73053 309 
73064 361 
73099 85 
73531 239 
73790 2882 
73824 891 
73824 885 
73840 78 
73864 260 
73901 246 
73933 337 
74050 2392 
74121 530 
74220 225 
74605 514 
74915 433 
75034 197 
75118 1671 
75288 918 
75566 548 
75617 372 
75719 262 
75924 420 
75951 156 
76152 76 
76373 4273 
76408 251 
76409 2770 
76437 133 
76440 435 
76459 51426 
76464 270 
76478 334 
76483 466 
76486 130 
76496 1151 
76506 371 
76535 294 
76537 291 
76539 596 
76541 659 
76545 286 
76550 739 
76589 359 
76633 105 
76634 32 
76681 86 
76699 154 
76706 468 
76787 131 
76818 485 
76846 1168 
76861 606 
77010 2709 
77054 522 
77074 649 
77646 648 
77711 411 
77731 328 
78391 3518 
78407 1078 
78418 1222 
78427 506 
78440 456 
78443 80 
78450 80 
78453 153 
78472 262 
78725 208 
78793 2703 
78893 655 
78972 1491 
78984 942 
79070 330 
79111 176 
79201 59 
79755 110 
79979 1372 
79997 881 
80007 418 
80009 1573 
80029 302 
80037 141 
80040 427 
80072 868 
80077 220 
80106 81 
80113 56 
80116 827 
80126 147 
80140 616 
80145 686 
80167 231 
80417 171 
80613 1124 
80623 289 
80692 1018 
80746 214 
80903 1757 
80968 74 
81002 85 
81350 164 
81449 1122 
81503 101 
81520 121 
81567 1257 
81592 1203 
81605 339 
81641 48 
81648 537 
81702 250 
81754 53 
81755 79 
81784 1038 
81812 610 
81986 4433 
82004 4059 
82047 164 
82172 1145 
82204 7 
82290 255 
82442 711 
82492 1213 
82503 405 
82549 461 
82688 2890 
82755 73 
82771 209 
82788 244 
83327 329 
83374 558 
83375 2544 
83479 678 
83734 17 
83737 717 
83754 303 
84601 1361 
85192 302 
85294 388 
85334 1333 
86733 1154 
86751 263 
86787 795 
87160 1232 
87178 339 
87455 255 
88442 81 
88447 1354 
88776 410 
89218 640 
90933 200 
92461 85 
92677 705 
93286 1023 
93546 75 
93621 87 
94892 227 
96284 2057 
96562 318 
96866 375 
97123 197 
98860 438 
122694 751 
124691 259 
127956 3297 
133942 1375 
133975 106 
134105 9213 
134946 38 
136171 670 
136601 2915 
136648 118 
136659 472 
136726 1369 
136815 182 
137111 65 
137564 1148 
137710 159 
137741 80 
138220 262 
138268 75 
138456 35 
138717 1332 
139357 351 
139756 343 
139816 171 
139856 2402 
139898 229 
139908 920 
139986 244 
140019 99 
140081 591 
140169 68 
140308 235 
140930 437 
141452 290 
141678 242 
141751 3175 
141769 187 
141784 728 
141802 2348 
141967 1308 
141981 364 
142475 953 
142507 3795 
142630 288 
142688 3212 
142701 1505 
143007 236 
144565 885 
145028 1961 
145076 1339 
145899 486 
146638 274 
146953 6512 
146964 3442 
146981 1881 
146993 636 
147001 300 
147030 808 
147047 1907 
147107 91 
147179 202 
147229 65 
147278 1346 
147718 2008 
147732 719 
147742 612 
148966 199 
149746 253 
149775 759 
149974 3395 
150051 1562 
150096 1215 
150127 453 
150166 1375 
150166 556 
150215 172 
150386 273 
150549 474 
151635 33959 
151657 219 
151659 504 
151705 330 
151736 225 
152928 606 
153044 137 
153053 72 
153364 421 
155100 1173 
155309 1173 
155733 203 
155943 507 
157074 268 
157115 108 
157775 360 
158531 1105 
158550 565 
158555 246 
158587 117 
158682 2400 
158704 304 
158900 84 
159681 488 
159691 40667 
159721 501 
159760 413 
159826 175 
159895 76 
159934 256 
159978 385 
159990 522 
160406 236 
161811 545 
161864 125 
162711 652 
162854 902 
162936 3 
164408 194 
166352 528 
166500 82 
166813 287 
167587 131 
168377 821 
169316 225 
169470 560 
169512 73 
170105 4133 
170115 722 
170118 2703 
170129 4142 
170145 449 
170150 1581 
170151 753 
170170 7052 
170175 105 
170183 96 
170184 616 
170192 258 
170195 161 
170227 401 
170230 465 
170319 109 
170679 795 
170853 139 
172633 21 
174934 159 
175594 222 
175626 124 
176418 239 
176822 5349 
176838 6471 
176841 4931 
176859 244 
176904 476 
176911 490 
176966 5313 
176971 168 
176975 78 
176977 113 
177152 55 
177177 223 
177191 420 
177271 470 
180453 1358 
188314 1916 
211364 1677 
212855 674 
214380 384 
215445 55 
216961 1352 
217016 1355 
217028 175 
217304 2581 
217454 130 
219409 1030 
219681 4998 
219964 1629 
220132 1041 
221082 185 
221475 304 
222442 264 
227030 1226 
227111 740 
227126 752 
227131 265 
227151 322 
227234 642 
227285 1686 
227295 762 
227732 1 
228753 3372 
228759 1515 
228776 152 
228830 257 
228877 143 
230340 852 
230441 216 
230503 342 
230593 117 
232973 921 
232987 2268 
232997 1699 
233011 176 
233013 4372 
233057 986 
233072 2966 
233076 55 
233077 1195 
233155 194 
233388 2398 
233396 6195 
233412 176 
233593 192 
234311 513 
243692 2482 
243701 790 
243814 2624 
246141 841 
248768 15 
253074 3487 
257280 1118 
258339 4710 
258450 174 
263510 179 
268227 814 
296833 747 
304751 350 
304862 2114 
307049 3233 
311338 302 
313727 48 
315513 268 
315730 2354 
317144 2080 
317178 12079 
317206 811 
317207 72 
317223 5420 
317225 156 
317272 142 
317289 216 
317324 80 
317363 602 
317494 502 
318093 224 
320732 30 
325899 370 
328900 10 
334287 2856 
334307 2150 
334331 204 
334827 529 
352708 641 
402858 29 
478569 63 
564158 4021 
564279 189 
564372 77 
564715 2042 
592512 16 
