3427 2.99805555556
0 4584293 
5 205 
9 1563 
9 485 
10 1 
12 607 
14 679 
16 585 
17 896 
18 193 
18 72 
19 304 
19 63 
21 933 
22 425 
22 1278 
23 253 
24 132 
24 139 
24 411 
25 463 
25 252 
25 172 
25 227 
26 1419 
26 1165 
27 42 
27 2160 
28 32 
28 462 
29 351 
29 9115 
30 22 
30 151 
30 299 
30 1186 
31 704 
32 295 
33 29 
33 298 
33 817 
34 151 
34 7 
35 18 
35 104 
35 15202 
36 386 
36 848 
36 389 
37 734 
37 486 
38 75 
38 266 
38 139 
39 136 
39 393 
40 291 
40 345 
41 85 
42 948 
42 291 
42 409 
43 306 
43 182 
44 39 
44 235 
44 140 
44 459 
45 56 
45 651 
45 165 
46 102 
46 1669 
47 1478 
47 92 
48 271 
48 317 
48 514 
48 125 
49 65 
50 521 
50 477 
50 162 
50 395 
51 1560 
51 538 
52 1325 
52 157 
53 2894 
54 572 
54 436 
54 145 
54 431 
56 352 
56 95 
57 771 
57 569 
57 34 
57 65 
58 211 
59 61 
60 33 
60 219 
60 211 
61 115 
61 4 
61 7 
61 66 
61 375 
62 2453 
63 176 
64 57 
64 274 
65 20 
65 366 
65 28 
66 97 
66 145 
66 273 
67 325 
67 103 
68 178 
68 389 
68 373 
69 12 
69 362 
70 64 
70 212 
71 11 
71 2179 
71 223 
71 1666 
72 140 
73 166 
73 580 
74 113 
75 3037 
75 13 
75 95 
76 197 
76 154 
76 3150 
76 30 
76 149 
77 305 
77 512 
77 180 
78 41 
78 286 
78 233 
79 39 
80 221 
80 23 
80 246 
80 109 
80 71 
80 32 
81 267 
81 2089 
81 81 
81 112 
82 25 
82 350 
83 226 
83 142 
83 64 
83 1337 
84 44 
84 90 
84 66 
84 179 
84 2278 
85 1603 
85 515 
86 140 
87 598 
88 31 
88 349 
89 67 
89 237 
89 1252 
89 618 
90 76 
90 368 
90 32 
91 507 
91 41 
91 413 
92 24 
92 59 
92 202 
93 1266 
93 795 
93 234 
93 164 
94 134 
94 50 
95 109 
96 283 
97 264 
97 47 
97 370 
98 4 
98 40 
98 125 
98 161 
99 921 
99 51 
99 25 
99 247 
100 107 
100 214 
100 31 
100 70 
100 13 
101 439 
101 406 
102 1450 
102 48 
102 20 
102 275 
102 185 
102 296 
102 125 
102 1103 
103 1118 
103 70 
103 51 
103 301 
103 78 
104 347 
104 337 
105 120 
105 151 
107 144 
107 255 
107 288 
107 55 
108 123 
108 847 
108 216 
109 2518 
109 41 
110 755 
110 99 
110 27 
112 271 
112 81 
113 94 
113 216 
114 36 
115 82 
115 169 
115 37 
116 68 
117 178 
117 1 
117 242 
117 115 
118 22 
119 269 
119 216 
119 3265 
119 84 
119 126 
120 203 
120 16 
120 43 
121 180 
121 67 
122 41 
122 1042 
122 6180 
122 3612 
123 101 
123 61 
123 192 
124 475 
124 1221 
124 716 
125 3184 
126 250 
126 191 
126 85 
127 703 
127 161 
129 3315 
129 115 
129 1133 
130 2 
130 218 
131 227 
131 348 
131 871 
131 360 
131 1360 
131 515 
132 194 
132 186 
133 1323 
133 102 
133 172 
133 1743 
134 698 
134 209 
136 104 
136 66 
137 208 
138 41 
139 105 
139 139 
140 156 
140 732 
141 528 
141 297 
141 559 
142 44 
142 229 
142 121 
142 88 
142 75 
143 36 
143 106 
143 10 
145 270 
147 1628 
148 2385 
149 1026 
149 31 
149 243 
151 1067 
152 486 
152 4577 
152 20 
152 3 
152 282 
153 151 
155 214 
155 59 
156 353 
156 117 
156 181 
157 93 
157 519 
157 196 
157 152 
158 508 
158 2327 
159 541 
161 36 
162 117 
162 1362 
163 233 
164 187 
164 317 
164 106 
165 2463 
165 520 
165 1408 
165 121 
165 113 
165 539 
165 29722 
166 178 
166 165 
166 391 
166 819 
166 1165 
167 234 
167 83 
167 435 
168 43 
168 208 
168 187 
169 46 
169 612 
170 15 
170 50 
170 341 
170 51 
170 407 
171 540 
171 251 
171 335 
171 508 
171 52 
172 548 
172 142 
172 210 
172 10 
173 482 
173 291 
173 119 
174 1282 
175 456 
175 117 
176 1091 
177 2843 
177 2181 
178 186 
178 130 
178 343 
179 181 
180 87 
181 162 
181 207 
183 690 
183 641 
183 684 
183 69 
184 44 
184 348 
185 10 
185 0 
185 109 
186 573 
187 308 
187 197 
189 7321 
189 38 
190 1414 
191 1413 
191 181 
191 196 
192 49 
192 608 
192 306 
193 161 
196 498 
196 709 
197 352 
198 1 
199 763 
200 3168 
201 805 
201 1805 
202 1 
202 106 
203 160 
204 103 
204 95 
205 1266 
205 163 
205 1091 
208 100 
208 214 
209 71 
209 215 
209 138 
210 29 
210 884 
211 939 
212 196 
212 52 
214 268 
214 191 
215 49 
216 44 
217 541 
217 161 
217 4218 
218 395 
220 104 
220 1619 
220 92 
222 82 
223 93 
223 482 
224 55 
224 76 
224 78 
224 23 
225 71 
226 264 
226 46 
227 195 
228 76 
229 6 
229 124 
229 19 
230 213 
230 31 
231 28 
231 496 
232 190 
233 54 
235 182 
236 632 
237 146 
237 137 
237 23 
238 585 
238 151 
239 91 
239 586 
240 351 
241 288 
242 402 
242 76 
243 1581 
243 631 
244 198 
245 661 
246 1857 
246 515 
247 45 
247 27 
247 1607 
249 198 
249 1765 
250 39 
251 5100 
254 418045 
255 124 
255 1509 
257 11 
257 426 
257 432 
258 165 
259 251 
259 160 
261 121 
262 176 
263 115 
263 709 
263 303 
263 17 
264 193 
266 932 
267 1685 
267 1329 
268 342 
270 524 
272 83 
274 160 
275 1293 
277 191 
277 1284 
278 109 
278 1646 
281 434 
281 705 
281 8 
283 4382 
284 711 
284 369 
286 718 
290 938 
290 347 
291 267 
292 389 
294 986 
294 54 
295 221 
296 105 
298 16 
301 104 
302 12 
303 14 
303 1406 
305 125 
307 6111 
308 229 
308 22 
309 1046 
311 245 
311 106 
312 15 
312 2312 
313 192 
314 24 
315 184 
316 26 
321 45 
323 402 
328 322 
329 216 
333 2 
339 32 
340 208 
342 293 
343 37 
344 149 
344 114 
347 73 
347 133 
351 97 
354 349 
358 228 
360 93 
361 13539 
362 427 
362 1983 
363 168 
366 1359 
368 108 
369 214 
369 661 
369 123 
374 1306 
376 9 
376 69 
376 252 
376 1775 
378 87 
385 1731 
388 162 
391 631 
392 214 
392 227 
392 778 
396 898 
397 121 
398 21 
400 629 
401 471 
402 564 
403 3 
403 1686 
405 59 
406 3979 
408 765 
408 2710 
411 48 
413 1187 
413 7783 
415 73 
415 218 
416 364 
416 176 
416 92 
421 275 
421 606 
422 228 
428 324 
429 296 
429 155 
429 675 
430 98 
432 5 
433 445 
434 122 
437 819 
437 1463 
438 28 
438 218 
444 72 
446 17 
447 3635 
450 43 
451 127 
451 345 
455 68 
456 1433 
457 173 
460 234 
465 69 
466 288 
467 882 
468 365 
470 764 
472 1774 
472 127 
473 165 
473 1365 
480 266 
481 1019 
482 231 
483 158 
484 76 
486 77 
486 108 
487 1422 
488 87 
492 217 
498 57 
499 1045 
500 115 
500 154 
505 21 
506 656 
509 466 
512 268 
516 113 
520 7932 
522 74 
522 207 
522 167 
523 271 
525 124 
526 324 
526 91 
532 258 
533 837 
533 873 
535 3059 
535 250 
540 110 
541 3879 
545 214 
548 35 
554 80 
559 20 
559 996 
560 9 
560 135 
562 90 
563 49 
565 89 
566 157 
568 2310 
569 1477 
572 2005 
572 444 
573 193 
581 1222 
583 257 
583 189 
583 71 
585 476 
585 2090 
592 1276 
592 249 
594 601 
597 1549 
599 2838 
600 38 
601 50 
602 233 
602 1676 
603 28 
604 405 
604 53 
605 17 
606 332 
618 178 
622 1070 
631 59 
635 1893 
635 70 
638 1178 
643 1212 
644 36 
644 1469 
645 643 
647 1036 
650 2564 
654 37 
654 1571 
656 747 
657 2036 
659 103 
662 43 
662 800 
663 220 
665 69 
666 599 
669 1758 
681 18 
682 1057 
682 16 
683 54 
684 38 
686 28 
691 433 
695 4169 
695 2038 
700 28 
707 524 
708 152 
709 2801 
712 12 
713 379 
714 1406 
721 199 
726 103 
731 74 
733 286 
734 220 
739 30 
740 149 
743 881 
750 2413 
758 1428 
759 783 
759 184 
762 187 
764 23 
777 1354 
789 54 
793 276 
807 132 
813 2906 
814 209 
815 144 
817 162 
822 1383 
825 1636 
828 103 
836 833 
847 56 
850 157 
855 29 
858 75 
859 117 
861 1 
871 95 
875 450 
875 77 
881 734 
884 136 
885 1860 
890 556 
891 1031 
895 202 
898 970 
902 57 
903 321 
904 213 
908 239 
910 106 
916 305 
918 54 
929 961 
930 43 
932 129 
943 167 
944 29 
953 484 
961 299 
973 6297 
985 1216 
988 122 
990 1074 
993 1312 
1001 1749 
1009 156 
1015 13 
1024 88 
1024 141 
1025 101 
1028 17 
1030 431 
1031 291 
1034 1280 
1034 809 
1060 2052 
1063 37 
1067 69 
1075 801 
1089 124 
1094 294 
1098 166 
1098 1273 
1099 3 
1103 14 
1104 476 
1110 204 
1119 192 
1121 12 
1129 129 
1135 317 
1144 159 
1144 146 
1145 277 
1147 43 
1149 125 
1151 1875 
1170 87 
1181 674 
1185 70 
1186 42 
1193 683 
1197 31 
1204 327 
1208 127 
1208 73 
1211 4059 
1221 532 
1223 570 
1225 441 
1225 2133 
1225 880 
1226 47 
1229 75 
1237 495 
1238 885 
1239 1471 
1241 427 
1248 301 
1249 1963 
1257 116 
1271 878 
1279 1750 
1282 341 
1299 162 
1301 25 
1305 5952 
1309 48 
1310 1752 
1318 828 
1323 2132 
1369 5 
1376 1059 
1389 9 
1389 858 
1403 1824 
1406 205 
1415 564 
1427 65 
1439 405 
1440 333 
1441 1259 
1444 248 
1461 1224 
1467 214 
1469 132 
1484 180 
1492 319 
1496 89 
1496 4865 
1513 618 
1518 310 
1524 50 
1525 317 
1537 144 
1538 308 
1543 105 
1563 207 
1584 2059 
1596 582 
1602 2029 
1606 81 
1634 10 
1638 82 
1644 16 
1661 282 
1666 497 
1674 152 
1676 22 
1683 47 
1688 783 
1691 286 
1710 300 
1724 91 
1734 31 
1739 243 
1755 135 
1755 279 
1782 6446 
1791 463 
1799 556 
1802 1532 
1816 1112 
1817 790 
1818 26 
1819 1750 
1824 68 
1842 1836 
1850 27 
1861 72 
1862 1706 
1878 1956 
1878 251 
1882 23 
1898 1932 
1908 419 
1912 164 
1917 56 
1931 277 
1934 21185 
1940 885 
1966 840 
1969 27 
1970 1600 
1990 420 
1991 2661 
1997 136 
2006 735 
2028 27 
2032 6145 
2049 3 
2050 4370 
2053 7 
2059 508 
2062 17 
2066 44 
2066 942 
2073 890 
2074 114 
2075 7056 
2106 645 
2110 320 
2141 390 
2145 442 
2148 12 
2176 530 
2192 2034 
2201 355 
2213 226 
2216 953 
2229 37 
2238 75 
2245 729 
2257 3 
2275 232 
2280 527 
2333 388 
2345 1778 
2350 95 
2352 278 
2356 191 
2356 346 
2410 6 
2431 2485 
2436 641 
2439 280 
2446 655 
2491 95 
2492 1979 
2496 149 
2499 194 
2515 1213 
2534 46 
2543 593 
2545 3819 
2550 43 
2560 1504 
2565 492 
2566 287 
2583 432 
2621 253 
2627 17 
2637 518 
2647 131 
2695 153 
2709 343 
2724 900 
2725 134 
2741 351 
2768 2284 
2800 58 
2800 392 
2809 1066 
2818 2069 
2818 20 
2824 44 
2839 377 
2839 5176 
2842 455 
2865 43 
2885 99 
2889 244 
2892 226 
2895 2744 
2898 1252 
2924 1782 
2929 26 
2933 1590 
2934 1157 
2937 3127 
2939 334 
2969 1897 
2971 149 
2980 786 
2989 848 
3030 203 
3035 95 
3057 555 
3103 50 
3130 99 
3196 1184 
3213 70 
3215 723 
3224 66 
3228 98 
3238 2100 
3245 906 
3254 34 
3268 155 
3308 340 
3321 226 
3356 16 
3364 406 
3372 1141 
3379 1499 
3382 1310 
3383 322 
3398 323 
3436 1096 
3451 60 
3460 554 
3466 468 
3470 9964 
3483 54 
3511 217 
3516 521 
3535 1691 
3539 626 
3540 968 
3551 481 
3573 666 
3587 3814 
3617 847 
3619 404 
3620 428 
3637 3962 
3649 265 
3655 7866 
3678 595 
3684 1319 
3712 643 
3717 109 
3739 83 
3741 849 
3750 2728 
3752 165 
3762 129 
3860 987 
3870 365 
3871 422 
3881 382 
3886 352 
3898 794 
3903 772 
3906 23 
3908 1514 
3916 74 
3939 4099 
3961 61 
3962 9 
3976 514 
3982 1036 
3984 154 
3986 835 
3990 4497 
4005 69 
4006 170 
4008 875 
4015 927 
4018 1421 
4047 152 
4064 697 
4095 68 
4112 2556 
4124 416 
4133 143 
4143 1147 
4168 172 
4169 22 
4279 2921 
4298 1871 
4347 146 
4359 2300 
4365 218 
4366 8 
4378 8 
4382 76 
4383 198 
4384 28 
4393 280 
4401 394 
4407 264 
4414 211 
4418 199 
4432 344 
4444 5324 
4476 361 
4478 1480 
4478 296 
4490 928 
4510 215 
4519 1720 
4523 526 
4528 287 
4536 190 
4544 3956 
4550 479 
4562 319 
4564 45 
4575 10 
4576 6 
4594 27 
4602 559 
4605 1524 
4652 49 
4655 640 
4670 37 
4674 92 
4683 241 
4683 609 
4683 53 
4688 70 
4693 3018 
4698 88 
4708 1546 
4709 1472 
4716 83 
4740 489 
4744 211 
4746 1487 
4778 176 
4792 442 
4800 313 
4803 449 
4839 4842 
4840 1066 
4843 1741 
4850 76 
4866 1036 
4878 285 
4882 375 
4893 1201 
4896 116 
4901 143 
4922 294 
4924 2104 
4936 286 
4949 667 
4952 375 
4995 355 
5001 407 
5005 5613 
5011 1197 
5017 751 
5035 201 
5037 34 
5095 5182 
5108 1279 
5108 766 
5118 52 
5123 364 
5126 146 
5178 107 
5200 897 
5201 4125 
5205 30 
5234 297 
5273 101 
5273 463 
5275 123 
5277 147 
5310 1242 
5315 1444 
5334 166 
5386 1951 
5445 137 
5472 830 
5493 5195 
5550 311 
5555 2561 
5556 1790 
5557 25 
5568 80 
5600 75353 
5612 22 
5618 4047 
5618 4 
5624 269 
5624 657 
5639 1712 
5647 1372 
5651 1301 
5672 896 
5677 422 
5693 3380 
5701 453 
5711 271 
5714 787 
5722 912 
5726 113 
5747 2317 
5752 3255 
5766 1459 
5808 301 
5884 177 
5888 145 
5902 2 
5915 36 
5932 1429 
5953 21 
6030 2019 
6030 266 
6037 387 
6071 1227 
6073 477 
6075 0 
6096 2124 
6114 644 
6117 493 
6132 202 
6149 242 
6164 321 
6175 2509 
6178 240 
6189 2074 
6200 1661 
6214 1965 
6243 158 
6260 324 
6262 130 
6269 226 
6305 104 
6350 291 
6367 1572 
6463 118 
6518 241 
6533 386 
6553 1433 
6588 544 
6618 4394 
6625 596 
6639 3906 
6663 104 
6669 9054 
6683 1450 
6721 1318 
6739 5 
6749 421 
6758 141 
6760 226 
6773 306 
6778 974 
6793 215 
6800 207 
6806 1087 
6853 399 
6921 130 
6948 2459 
7010 240 
7019 4003 
7041 448 
7053 453 
7057 1362 
7071 3 
7088 4 
7101 189 
7120 914 
7121 200 
7133 105 
7138 0 
7160 479 
7161 58 
7173 1497 
7210 24 
7221 704 
7268 239 
7269 410 
7273 102 
7276 2670 
7321 545 
7327 603 
7328 1833 
7328 870 
7344 1243 
7345 689 
7346 3298 
7346 2776 
7359 942 
7362 358 
7371 233 
7399 1130 
7421 496 
7429 57 
7454 644 
7514 2885 
7527 1405 
7527 2858 
7543 1962 
7555 455 
7572 156 
7600 92 
7627 3234 
7633 926 
7634 1342 
7640 154 
7653 208 
7658 743 
7665 1877 
7674 836 
7682 141 
7711 191 
7717 1549 
7724 8069 
7808 434 
7819 189 
7830 569 
7831 753 
7836 477 
7885 593 
7891 19 
7896 41 
7910 7728 
7916 2123 
7917 1374 
7955 36 
7961 296 
7984 35 
7994 125 
8014 1445 
8018 463 
8051 658 
8056 1245 
8081 465 
8111 203 
8158 763 
8166 3572 
8188 3784 
8193 1290 
8202 46 
8264 20 
8287 37 
8301 437 
8391 943 
8398 650 
8402 206 
8413 1805 
8492 509 
8500 377 
8501 107 
8530 1750 
8556 43 
8593 400 
8635 5040 
8657 10 
8659 445 
8701 3 
8722 1331 
8725 250 
8727 916 
8742 196 
8752 17 
8763 277 
8811 1168 
8816 18 
8839 113 
8839 190 
8863 288 
8869 2009 
8898 1598 
8917 807 
8918 115 
8954 8951 
8965 369 
8981 1663 
8999 139 
9015 121 
9065 978 
9070 671 
9086 104 
9141 25 
9187 912 
9203 10378 
9218 442 
9225 346 
9227 1968 
9247 895 
9261 557 
9263 65 
9285 1209 
9292 457 
9297 247 
9311 51 
9330 1818 
9353 181 
9358 99 
9376 311 
9391 892 
9423 538 
9445 799 
9568 1405 
9568 1405 
9602 49 
9611 12 
9700 37 
9763 745 
9785 960 
9794 390 
9824 1140 
9846 209 
9848 853 
9869 1931 
9873 958 
9969 9 
9999 290 
10005 153 
10016 858 
10049 1073 
10059 67 
10089 686 
10156 32 
10166 56 
10169 334 
10192 620 
10311 804 
10359 129 
10454 274 
10517 121 
10568 221 
10609 111 
10671 1018 
10764 785 
10786 14 
10811 534 
10815 41 
10843 328 
10869 1833 
10884 53 
10927 3835 
10938 4 
10968 786 
11196 110 
11207 67 
11239 1341 
11258 22 
11266 535 
11268 281 
11291 899 
11301 3593 
11310 569 
11331 924 
11401 1105 
11461 39 
11463 2574 
11515 491 
11527 621 
11562 466 
11620 2283 
11634 7 
11638 1479 
11691 172 
11712 1427 
11776 1228 
11825 1739 
11900 11 
11907 1676 
11913 797 
11914 933 
11932 1033 
11944 1325 
11950 1585 
11966 301 
11974 4509 
11983 7 
11990 743 
12022 1661 
12054 37 
12068 331 
12115 2542 
12165 22 
12167 19 
12182 26 
12193 1759 
12194 4810 
12306 853 
12364 1395 
12420 305 
12453 98 
12528 215 
12536 1272 
12550 1396 
12595 266 
12605 1022 
12635 19 
12667 255 
12785 2003 
12786 615 
12812 45 
12825 70 
12848 395 
12965 813 
13071 1161 
13099 243 
13113 790 
13148 2924 
13212 456 
13314 202 
13323 8 
13354 580 
13427 486 
13464 9228 
13483 1281 
13488 769 
13496 2029 
13529 300 
13539 735 
13555 544 
13661 290 
13730 2621 
13765 1583 
13781 1734 
13803 1126 
13805 356 
13832 412 
13874 291 
13976 17 
14016 22564 
14019 32 
14028 107 
14054 462 
14055 103 
14056 1045 
14064 417 
14077 88 
14102 37 
14110 2255 
14110 1531 
14119 860 
14120 1247 
14136 371 
14170 516 
14208 1429 
14246 253 
14258 84 
14277 460 
14351 410 
14434 858 
14481 524 
14489 1508 
14628 989 
14628 550 
14641 3662 
14656 767 
14711 1954 
14739 4 
14750 1127 
14757 136 
14835 270 
14838 501 
14865 25 
14878 856 
14895 221 
14939 160 
14943 260 
14966 747 
15003 2488 
15011 2291 
15013 585 
15019 54 
15045 1618 
15071 2700 
15114 965 
15152 155 
15239 1967 
15248 1387 
15253 1470 
15286 178 
15325 1360 
15348 1075 
15403 180 
15617 531 
15633 205 
15666 1119 
15684 17460 
15721 58 
15776 4 
15777 8571 
15790 55 
15856 203 
15861 80 
15919 388 
16041 1362 
16097 156 
16179 361 
16221 1195 
16252 1040 
16261 917 
16281 727 
16312 7 
16348 419 
16415 760 
16419 561 
16449 951 
16468 165 
16492 3537 
16495 6220 
16506 1155 
16525 1132 
16541 1402 
16568 14 
16583 370 
16632 150 
16660 58 
16667 25 
16667 79 
16736 4143 
16770 1727 
16866 288 
16881 26 
16903 362 
16910 1162 
16966 37 
17036 356 
17048 1386 
17061 645 
17095 1345 
17164 564 
17478 3738 
17503 1440 
17513 1186 
17536 1311 
17648 375 
17699 927 
17755 645 
17848 1921 
17882 14 
18032 1349 
18045 384 
18082 537 
18123 837 
18169 900 
18184 237 
18186 1047 
18219 1055 
18251 273 
18277 38 
18310 1616 
18546 246 
18684 2047 
18808 178 
18825 2268 
18871 1715 
18902 175 
19021 470 
19033 1106 
19114 118 
19119 761 
19150 5708 
19182 63 
19249 32 
19259 715 
19307 531 
19370 987 
19370 1437 
19428 240 
19439 2719 
19518 10941 
19634 1431 
19702 5449 
19812 222 
19820 2077 
19860 29 
19866 647 
19970 37 
19995 101 
20079 5186 
20135 1235 
20141 647 
20157 643 
20169 2925 
20319 18 
20344 1322 
20370 101 
20454 17 
20559 290 
20658 1838 
20704 1130 
20719 14 
20782 242 
20990 366 
21038 3042 
21088 404 
21101 1290 
21113 51 
21172 275 
21269 13 
21281 9 
21368 1666 
21398 914 
21425 883 
21439 242 
21453 650 
21497 1738 
21532 1112 
21558 290 
21564 682 
21588 327 
21651 25 
21775 177 
21781 113 
21787 1500 
21814 209 
21814 1113 
21973 187 
22050 1661 
22164 26411 
22170 1625 
22282 137 
22363 993 
22387 873 
22410 2172 
22598 63 
22702 1582 
22747 2072 
22790 339 
22835 229 
22873 3692 
22884 196 
22926 22 
22982 225 
22983 1140 
23010 287 
23097 943 
23102 124 
23220 1374 
23269 6451 
23274 1588 
23317 2292 
23382 125 
23576 2877 
23627 735 
23691 253 
23753 2378 
23805 3119 
23841 307 
23859 106 
23862 1510 
23886 1679 
23953 811 
24041 20501 
24081 675 
24089 7 
24095 1456 
24118 186 
24180 8044 
24200 463 
24236 535 
24247 198 
24269 329 
24309 1666 
24362 56 
24364 1650 
24534 351 
24759 958 
24874 436 
25157 190 
25184 226 
25278 781 
25279 1272 
25401 272 
25515 1965 
25662 408 
25732 118 
26284 4330 
26619 124 
26875 367 
26903 668 
27033 208 
27304 123 
27318 1448 
27539 516 
27839 310 
27965 1019 
28157 240 
28207 70 
28268 344 
28505 288 
28568 95 
28669 1169 
28719 2487 
28852 2054 
28956 381 
29030 1300 
29065 352 
29166 1391 
29365 742 
29388 2153 
29399 123 
29484 16520 
29582 1498 
29623 1008 
29627 2054 
29648 174 
29703 1271 
30111 160 
30242 757 
30303 382 
30572 530 
30649 612 
30688 343 
30830 87 
30937 155 
30958 14 
31026 12 
31100 0 
31187 608 
31240 1149 
31258 1007 
31262 299 
31405 2816 
31408 1022 
31461 691 
31463 1231 
31751 7 
31955 97 
32062 234 
32491 44 
32611 268 
32662 37 
32813 30 
33044 1479 
33058 662 
33358 21 
33599 937 
33609 485 
33648 207 
33688 841 
33727 11360 
33815 1051 
33855 480 
33855 3438 
33871 746 
33879 1313 
34290 495 
34298 1649 
34316 489 
34348 314 
34373 51 
34435 36 
34550 1410 
34592 888 
34806 3506 
34831 4268 
34861 105 
34942 12 
35027 152 
35596 1120 
35637 1656 
35865 223 
35992 395 
36048 869 
36070 130 
36133 683 
36158 3126 
36263 168 
36309 1198 
36420 122 
36430 84 
36771 332 
36814 304 
36820 175 
36932 1751 
37123 540 
37253 410 
37285 4142 
37308 51694 
37352 709 
37362 708 
37439 596 
37530 586 
37694 1098 
37721 2737 
37860 115 
38172 120 
38339 479 
38453 18 
38487 441 
38595 591 
38745 85 
38770 725 
38887 155 
38902 1374 
39066 88 
39564 8830 
39583 4188 
39625 1771 
39625 1771 
39721 1208 
39721 1208 
39732 38 
39739 487 
39785 303 
39923 902 
39996 449 
40011 1642 
40061 2068 
40075 1247 
40103 42 
40113 706 
40114 407 
40125 167 
40157 242 
40206 687 
40234 75 
40340 811 
40348 472 
40351 23 
40464 6 
40476 170 
40513 1305 
40624 192 
40805 169 
40879 9745 
40891 682 
40921 1897 
40935 15391 
40939 1027 
40982 396 
41005 776 
41061 296 
41125 947 
41133 546 
41153 1165 
41169 256 
41198 18 
41205 608 
41354 606 
41568 891 
41574 2500 
41603 153 
41604 187 
41609 35 
41645 552 
41651 125 
41783 1211 
41865 110 
41926 0 
41954 62 
41956 395 
42122 2482 
42132 921 
42154 8 
42254 664 
42289 2222 
42295 87 
42310 1670 
42387 665 
42543 215 
42625 488 
42638 774 
42657 247 
42711 439 
42748 382 
42927 817 
42937 860 
42966 1064 
42982 171 
43102 3243 
43159 208 
43173 106 
43236 426 
43245 23844 
43312 550 
43353 863 
43398 9388 
43415 501 
43442 67 
43456 275 
43500 270 
43542 124 
43985 1588 
44023 1638 
44122 1322 
44159 1178 
44225 678 
44375 256 
44380 4068 
44412 712 
44716 1755 
44718 1729 
44750 275 
44774 6924 
44780 733 
44795 1438 
44825 1418 
44926 18 
44999 1417 
45027 422 
45033 47 
45038 118 
45044 19 
45147 386 
45251 109 
45269 1020 
45310 152 
45473 2011 
45507 125 
45556 1376 
45642 457 
45660 667 
45747 916 
45774 108 
45877 77 
45882 403 
45883 230 
45936 9 
45994 57 
46018 1753 
46059 1032 
46063 1228 
46128 782 
46129 4534 
46148 103 
46160 127 
46187 715 
46206 969 
46238 315 
46262 330 
46275 485 
46322 40 
46322 759 
46333 875 
46368 1625 
46388 738 
46410 809 
46420 214 
46466 1078 
46481 8 
46483 165 
46518 443 
46575 1100 
46618 68 
46620 1577 
46667 83 
46692 14 
46707 423 
46738 1634 
46820 9 
46887 2706 
46899 870 
47055 1845 
47082 396 
47089 2664 
47116 42 
47123 2351 
47199 325 
47334 2327 
47463 1274 
47688 7 
47857 4815 
47858 121 
47913 244 
47939 3087 
48051 1010 
48145 620 
48232 373 
48245 838 
48320 605 
48324 55 
48377 546 
48411 31 
48518 289 
48603 1942 
48753 1286 
48774 203 
48775 732 
48804 765 
48822 894 
48908 14238 
48930 562 
49028 45 
49152 416 
49205 3500 
49230 120 
49279 930 
49304 1553 
49418 2168 
49442 326 
49463 741 
49470 135 
49486 341 
49528 354 
49554 566 
49730 1048 
49763 79 
49766 475 
49796 268 
49873 1375 
49886 718 
49896 212 
49904 1298 
49912 31 
50149 1633 
50252 48 
50302 349 
50326 3399 
50330 150 
50362 135 
50379 1769 
50409 4160 
50510 509 
50522 1017 
50619 395 
50631 1602 
50651 1450 
50706 293 
50771 637 
50975 2 
50988 378 
51000 317 
51026 317 
51032 237 
51054 3 
51080 475 
51101 445 
51130 457 
51281 1340 
51287 384 
51867 11 
51870 4613 
51944 642 
52085 6374 
52103 3683 
52289 1520 
52295 2389 
52373 1404 
52405 62 
52427 8 
52484 6520 
52505 4104 
52578 43 
52644 1282 
52662 6882 
52679 555 
52788 259 
52851 6269 
52905 458 
52941 510 
52993 557 
53113 765 
53223 360 
53236 317 
53503 225 
53594 493 
53654 697 
53671 229 
53688 1418 
53692 497 
53794 104 
53885 3999 
53916 73 
53920 537 
53924 131 
54058 466 
54125 111 
54168 6103 
54397 211 
54407 847 
54483 1170 
54564 802 
54606 16997 
54731 633 
54737 317 
54756 39 
54770 863 
54791 1546 
54794 766 
54804 2925 
54808 282 
54976 1077 
54987 35 
55017 1309 
55209 241 
55216 331 
55451 2293 
55514 590 
55567 689 
55569 787 
55749 416 
55759 730 
55763 357 
55765 6850 
55783 595 
55889 282 
55932 270 
56034 3689 
56058 417 
56083 526 
56094 409 
56124 114 
56130 808 
56160 295 
56206 18 
56230 684 
56341 331 
56344 591 
56389 2388 
56396 1077 
56422 1763 
56439 140 
56444 361 
56454 1110 
56458 1475 
56479 144 
56514 2043 
56527 1125 
56593 1486 
56711 735 
56740 10330 
56753 1213 
56784 766 
56798 1142 
56811 820 
56827 344 
56848 1359 
56927 805 
57075 152 
57096 609 
57128 115 
57139 881 
57168 2167 
57182 415 
57207 288 
57333 756 
57369 2430 
57476 456 
57524 356 
57527 1445 
57547 2807 
57554 5657 
57661 1429 
57769 264 
57797 271 
57968 246 
57980 1865 
58093 3 
58116 557 
58141 382 
58144 3592 
58176 638 
58185 64 
58200 353 
58236 218 
58239 470 
58239 355 
58362 1175 
58368 1597 
58392 556 
58393 126 
58435 1163 
58476 352 
58482 278 
58494 924 
58508 1399 
58530 977 
58592 745 
58651 110 
58674 177 
58690 1774 
58709 3767 
58712 1065 
58722 151 
58724 214 
58743 4 
58746 97 
58765 496 
58785 163 
58839 103 
58857 35 
58988 1625 
59082 383 
59162 187 
59215 3720 
59293 852 
59295 1186 
59395 603 
59489 1452 
59498 516 
59503 69 
59516 167 
59578 393 
59607 183 
59617 214 
59699 43 
59724 2034 
59750 377 
59795 1303 
59839 543 
59857 2357 
59861 90 
59876 139 
60015 467 
60196 383 
60230 412 
60290 1540 
60310 574 
60349 5207 
60350 149 
60384 260 
60536 1586 
60545 700 
60573 1071 
60574 1438 
60574 391 
60592 245 
60593 14 
60612 41 
60673 309 
60679 764 
60687 879 
60734 80 
60763 477 
60787 471 
60792 379 
60820 611 
60836 3515 
60856 263 
60975 251 
61032 1075 
61034 132 
61043 3230 
61222 114 
61229 119 
61281 4923 
61281 2356 
61287 394 
61289 699 
61333 352 
61404 293 
61427 3632 
61449 721 
61489 677 
61501 22 
61504 125 
61511 183 
61558 227 
61587 258 
61590 212 
61678 1532 
61742 1146 
61781 1080 
62029 785 
62071 1663 
62074 898 
62182 3998 
62198 1341 
62341 2007 
62352 316 
62386 1 
62501 5391 
62527 4948 
62540 80 
62582 851 
62694 612 
62759 917 
62783 474 
62796 777 
62863 63 
62923 238 
62980 716 
62998 4070 
63002 274 
63025 212 
63057 780 
63114 216 
63136 692 
63171 117 
63240 3827 
63250 22 
63259 1738 
63304 460 
63360 42 
63367 61 
63774 71 
63786 160 
63824 666 
63828 787 
63851 1809 
63889 429 
63943 7 
63974 1320 
64009 352 
64048 1099 
64179 1370 
64266 809 
64285 199 
64409 1234 
64455 7187 
64488 38 
64528 228 
64535 515 
64537 3115 
64543 1738 
64557 42 
64588 1340 
64637 214 
64650 661 
64671 1758 
64705 1297 
64746 784 
64766 31 
64810 1245 
64825 335 
64828 2332 
64927 92 
64933 541 
64953 1501 
65020 183 
65049 82 
65059 2454 
65076 502 
65120 1263 
65135 180 
65338 211 
65346 1475 
65440 336 
65499 115 
65510 2028 
65551 2665 
65562 744 
65589 806 
65623 766 
65673 89 
65734 236 
65832 848 
65917 1490 
66071 264 
66123 112 
66228 141 
66281 63 
66318 510 
66337 12 
66424 325 
66563 1110 
66636 2380 
66698 1299 
66717 9861 
66722 2767 
66728 7357 
66758 553 
66763 1748 
66781 1067 
66805 5941 
66827 529 
66839 694 
66890 288 
67005 255 
67066 2307 
67104 86 
67109 640 
67142 909 
67192 1551 
67199 950 
67252 823 
67273 503 
67284 110 
67321 2309 
67352 3536 
67405 737 
67415 1480 
67436 137 
67473 2689 
67487 189 
67532 955 
67536 181 
67538 4247 
67705 1185 
67799 12154 
67804 215 
67836 208 
67929 48 
67949 2523 
68018 74 
68022 201 
68039 2563 
68040 6216 
68043 1454 
68079 1672 
68128 364 
68143 72 
68159 722 
68208 705 
68228 383 
68270 573 
68314 739 
68314 189 
68336 177 
68348 287 
68409 6 
68413 1513 
68456 417 
68463 75 
68463 148 
68476 3381 
68481 111 
68537 241 
68549 316 
68599 505 
68613 1151 
68644 137 
68697 275 
68768 1903 
68802 1524 
68821 1421 
68825 1231 
68853 385 
69066 393 
69069 441 
69103 454 
69111 462 
69155 40 
69159 147 
69160 2279 
69221 588 
69245 46 
69254 291 
69259 254 
69273 582 
69283 500 
69304 168 
69308 126 
69384 372 
69393 192 
69394 925 
69530 305 
69530 448 
69579 892 
69600 1380 
69626 221 
69638 44 
69715 280 
69718 266 
69764 482 
69836 524 
69848 360 
69860 106 
69870 119 
69931 1071 
69975 277 
70001 1405 
70069 679 
70086 1111 
70087 15050 
70118 653 
70120 132 
70142 1252 
70158 878 
70181 668 
70188 1720 
70203 1951 
70211 426 
70245 466 
70295 1213 
70324 652 
70438 14374 
70451 1344 
70470 494 
70503 450 
70520 551 
70526 190 
70569 1504 
70587 1506 
70654 3577 
70721 331 
70772 1323 
70789 1116 
70843 265 
70849 119 
70857 3816 
70885 3289 
70896 152 
70917 235 
70975 765 
70991 921 
71000 64 
71034 3709 
71045 260 
71059 285 
71159 522 
71294 177 
71295 20 
71312 568 
71327 350 
71347 897 
71351 1737 
71393 1047 
71398 1045 
71417 562 
71438 2018 
71543 108 
71559 13857 
71562 3857 
71596 74 
71610 331 
71677 1168 
71720 4554 
71824 242 
71852 943 
71908 372 
71987 1030 
72013 910 
72063 1219 
72075 911 
72272 31 
72272 357 
72321 713 
72333 121 
72404 1208 
72422 178 
72544 1163 
72557 897 
72641 108 
72657 4826 
72681 203 
72705 277 
72744 4934 
72763 181 
72767 1427 
72912 265 
72936 173 
72938 527 
73002 608 
73080 1234 
73159 1099 
73215 184 
73249 195 
73281 954 
73286 1084 
73466 1349 
73482 210 
73485 168 
73545 1307 
73555 2174 
73577 462 
73695 209 
73710 700 
73732 370 
73745 2015 
73783 256 
73807 826 
73821 81 
73916 498 
73931 7 
73956 1645 
74114 2169 
74141 198 
74173 2699 
74192 382 
74256 953 
74553 892 
74665 60 
74677 993 
74738 256 
74802 1686 
74835 887 
74838 62 
74870 199 
74880 1123 
74892 319 
74949 4043 
74972 159 
74982 788 
74983 686 
74992 267 
75145 365 
75162 939 
75235 5 
75268 410 
75275 3203 
75406 901 
75468 2778 
75498 1356 
75663 175 
75709 2325 
75892 3691 
75930 429 
76042 547 
76186 1099 
76245 345 
76283 707 
76387 40 
76404 3140 
76484 226 
76486 131 
76597 277 
76627 3291 
76661 249 
76690 1695 
76704 208 
76722 164 
76767 1820 
76928 1077 
76948 1171 
77092 157 
77126 110 
77138 731 
77170 1329 
77247 1056 
77258 1624 
77399 1390 
77568 715 
77606 545 
77678 274 
77856 512 
77966 183 
77985 879 
78106 251 
78153 82 
78325 189 
78355 282 
78470 360 
78531 2735 
78568 67 
78583 225 
78675 9 
78742 184 
78743 2948 
78747 6835 
78866 1083 
78987 1595 
79003 214 
79006 326 
79032 1703 
79058 2904 
79076 1736 
79082 902 
79122 309 
79132 1130 
79238 88 
79304 871 
79335 622 
79434 581 
79456 353 
79458 97 
79484 1051 
79501 185 
79697 26 
79707 2446 
79709 132 
79723 728 
79733 888 
79858 227 
79892 2605 
80094 956 
80139 1923 
80143 843 
80340 770 
80357 263 
80361 441 
80403 193 
80403 129 
80412 1192 
80538 578 
80602 1524 
80663 535 
80718 128 
80776 50 
80786 379 
80786 379 
80917 623 
80962 680 
81051 1520 
81073 126 
81358 422 
81423 322 
81556 1025 
81718 1518 
81838 823 
81948 236 
82003 1475 
82061 134 
82109 2191 
82171 972 
82204 158 
82207 557 
82241 612 
82246 67 
82256 1263 
82316 742 
82399 288 
82460 97 
82480 674 
82522 599 
82578 286 
82662 114 
82837 539 
82863 1640 
82897 1372 
82920 19 
83362 1237 
83420 61 
83592 35 
83815 346 
83862 383 
83909 988 
83917 1004 
83938 54 
84036 11 
84148 160 
84158 254 
84333 3037 
84345 373 
84380 360 
84386 129 
84402 877 
84441 248 
84665 1081 
84720 3662 
84728 998 
85146 32 
85283 618 
85594 331 
85608 1591 
85637 1386 
85648 165 
85815 150 
85866 836 
85873 659 
85898 3953 
85924 888 
86142 111 
86317 1132 
86322 123 
86328 1914 
86692 951 
86792 2054 
86832 363 
86885 1223 
86938 382 
86978 1044 
87244 2153 
87253 1648 
87260 383 
87300 488 
87316 319 
87406 321 
87415 350 
87623 47 
87861 1583 
87939 1463 
88041 1394 
88066 411 
88160 1450 
88168 971 
88282 645 
88355 773 
88454 199 
88477 231 
88478 286 
88570 360 
88622 69 
88629 634 
88653 55 
88784 182 
88815 242 
88890 191 
88892 1086 
88972 718 
89134 279 
89142 809 
89153 356 
89439 482 
89526 642 
89533 272 
89662 2241 
89778 72 
89869 350 
89962 413 
90195 651 
90371 370 
90510 166 
90584 662 
91012 653 
91179 69 
91514 1004 
91534 1188 
91741 441 
91788 1315 
91846 538 
91938 45 
92193 103 
92377 204 
92967 690 
93159 130 
93255 3416 
93433 232 
93441 266 
93614 208 
93636 139 
93867 592 
94004 1906 
94078 277 
94108 569 
94132 63 
94410 568 
94805 664 
94842 185 
94855 639 
94957 397 
94972 137 
95176 939 
95307 522 
95625 2145 
95665 5555 
96051 199 
96374 37 
96499 1355 
96515 19189 
96582 1586 
96606 508 
97005 106 
97576 949 
97743 327 
98014 895 
98014 1005 
98247 238 
98412 1225 
98819 229 
98876 137 
99144 597 
100219 156 
100555 121 
100658 440 
100981 736 
101019 256 
101032 79 
101237 203 
101262 1568 
101952 332 
102049 650 
102077 740 
102713 425 
103120 234 
103159 5 
103178 129 
104135 183 
105274 53 
107494 1653 
107592 719 
107889 116 
109228 172 
109283 629 
110455 355 
112098 7245 
113511 279 
114214 95 
114225 503 
114395 1656 
115979 579 
118208 138 
120823 315 
122766 1339 
123200 626 
123407 370 
125473 312 
126110 79 
127532 1089 
127739 1414 
128246 48 
130012 723 
130012 723 
130443 2919 
130492 653 
130518 55 
131015 6091 
131309 821 
132259 116 
132700 190 
133048 470 
133072 1150 
133554 3523 
133593 768 
134799 342 
135294 386 
136434 113 
137428 57 
138408 2544 
138923 238 
139265 251 
139533 2062 
140056 213 
142916 237 
143687 885 
143711 239 
143738 437 
143780 1818 
143948 1331 
145444 6118 
145544 404 
145556 448 
145621 342 
145650 8770 
145684 227 
145691 173 
145896 415 
146179 418 
146403 262 
147047 304 
147190 429 
147238 187 
147574 591 
147660 190 
147896 35 
148629 148 
149294 544 
149611 60 
149631 2429 
149748 101 
149817 446 
149871 482 
150122 1100 
150770 882 
150815 468 
150846 632 
150876 798 
150924 488 
151246 2711 
151804 85 
152468 308 
152513 1595 
152525 785 
153306 28 
153532 640 
153814 1 
153852 1559 
154165 91 
154179 3347 
154303 96 
154789 720 
155312 217 
155370 221 
155707 762 
155982 443 
156137 0 
156157 439 
156292 540 
156389 211 
156544 1056 
156663 1356 
156753 1643 
156804 1246 
156839 260 
156903 991 
156916 138 
157067 181 
157204 413 
157353 589 
157535 336 
157589 49 
157593 308 
157873 1399 
158750 2458 
158855 90 
158876 200 
159026 134 
159144 539 
159315 1404 
159388 10 
159719 2216 
160335 51 
160455 494 
160678 249 
160756 82 
161535 814 
161895 30 
163046 891 
163219 122 
163627 562 
163968 3072 
164211 564 
164275 335 
164406 425 
165668 141 
166212 646 
166312 3230 
166351 112 
166457 77 
166504 416 
166697 256 
166934 441 
167406 10405 
167435 1272 
167490 1147 
167551 377 
167739 836 
167837 2569 
168154 1629 
168824 1541 
169738 1156 
170602 17 
170622 9 
170642 235 
171069 37 
171210 139 
171301 501 
172049 1095 
172504 1185 
173003 1364 
173647 502 
174089 1300 
175214 275 
175342 1516 
175558 1903 
175626 111 
175703 746 
175758 139 
175761 235 
175791 2600 
176097 206 
176413 329 
177371 1332 
177531 8 
177888 426 
177912 1439 
178122 22 
178639 1721 
178742 106 
180853 592 
181016 309 
182584 459 
183082 182 
183192 160 
183273 998 
186168 103 
186760 705 
187987 1073 
188847 403 
188953 505 
189268 1211 
189369 96 
189372 937 
190120 2 
192343 474 
192603 219 
193791 30 
195647 303 
195906 627 
200021 43 
200161 481 
202003 27 
207318 466 
208444 1886 
209023 1065 
209450 903 
209633 965 
210203 1267 
210948 222 
211461 1131 
212344 2739 
213540 685 
213835 372 
215848 1105 
216536 594 
216551 296 
216669 513 
217537 843 
219145 525 
220020 1129 
220388 107 
220859 627 
222047 254 
222814 482 
224350 1090 
224821 2414 
224838 219 
224846 334 
225078 75 
225246 230 
225961 211 
226653 248 
227649 382 
228653 194 
229572 632 
230541 301 
230678 109 
230856 245 
232443 246 
234128 22 
235039 554 
235322 1301 
235373 2044 
235505 153 
236204 147 
236411 387 
236411 387 
236646 329 
237819 32 
237870 1911 
239611 1954 
241221 1400 
241228 55 
241738 412 
243467 1968 
243767 1268 
243790 185 
243874 3753 
244681 687 
245296 771 
245342 169 
245553 448 
249002 728 
249143 1201 
249231 1301 
249574 303 
250040 1063 
251018 638 
251163 22 
251258 16 
252530 466 
252778 373 
253750 827 
253937 773 
255596 630 
257108 1613 
257334 240 
259212 97 
259667 348 
260165 83 
262482 0 
263464 175 
263689 220 
264374 179 
265170 1572 
265315 609 
266343 207 
268877 453 
269583 34 
270670 90 
271975 411 
275314 383 
275850 401 
278363 435 
281122 310 
289365 1358 
290886 116 
293444 77 
296814 152 
296838 448 
300554 407 
301832 87 
302443 906 
303291 65 
308283 58 
308514 5186 
310578 984 
313023 232 
319037 271 
319178 512 
321868 711 
321954 25473 
321980 325 
322764 533 
324163 177 
324520 1471 
326483 678 
327294 1295 
328536 1548 
328689 2499 
330345 2664 
332225 635 
332540 2935 
334562 122 
337723 172 
340435 2367 
340632 590 
355491 433 
355582 477 
366222 1517 
370705 316 
372488 163 
382582 462 
382667 684 
383872 26 
394028 84 
394075 222 
394821 1424 
396508 270 
402168 2561 
405433 3603 
405505 2306 
405525 2729 
406034 1370 
406426 699 
407571 1633 
411184 450 
413957 1032 
414085 613 
414297 210 
415298 1177 
415390 1934 
417727 780 
418147 1539 
418160 146 
418265 47 
421345 813 
423402 1065 
424589 129 
424662 148 
425545 185 
426322 335 
426451 65 
432296 233 
433977 179 
436419 2139 
438586 292 
439555 618 
439855 1153 
440047 160 
440299 648 
442508 277 
444217 708 
448034 244 
454577 260 
457068 73 
461361 815 
476030 79 
479268 645 
480449 751 
480880 152 
488074 269 
489832 43 
490993 538 
490993 538 
492089 1092 
495170 786 
506144 304 
509985 610 
519387 3106 
521024 25108 
521040 529 
521089 988 
521089 988 
524665 192 
525073 292 
530140 278 
531131 267 
535363 396 
535397 184 
540217 909 
548119 2435 
562476 503 
571569 41 
572641 153 
573172 375 
577002 435 
596434 577 
602434 324 
602456 1203 
