3164 2.88091435185
0 7613913 
7 89 
8 109 
11 52 
12 118 
16 144 
18 41 
18 221 
19 63 
19 110 
21 207 
22 1012 
22 1579 
24 131 
25 169 
27 5257 
28 34 
29 66 
30 130 
31 462 
32 107 
33 45 
33 59 
33 434 
34 128 
34 77 
34 303 
35 1213 
35 66 
36 129 
36 508 
37 353 
38 54 
38 341 
39 74 
39 144 
40 446 
41 2780 
42 37 
44 8 
44 11 
45 31 
45 283 
45 253 
45 3210 
46 1666 
46 97 
47 104 
47 390 
47 589 
48 175 
50 428 
50 21 
50 2445 
51 44 
51 54 
52 29 
52 38 
53 1484 
53 519 
53 178 
54 319 
54 562 
55 319 
55 59 
55 833 
56 55 
56 287 
57 258 
57 44 
59 110 
59 82 
59 116 
60 321 
62 287 
63 185 
64 159 
64 120 
64 3598 
65 186 
66 44 
66 318 
66 149 
66 78 
67 603 
68 242 
68 907 
68 35302 
69 1632 
70 123 
70 317 
71 1300 
72 48 
72 207 
72 5953 
74 203 
74 639 
75 61 
76 1494 
76 66 
77 29 
77 748 
77 134 
78 24 
78 527 
78 90 
79 2019 
79 102 
79 247 
79 144 
80 8 
80 106 
80 514 
80 62 
81 112 
83 84 
85 392 
86 340 
86 307 
87 39 
88 534 
88 333 
88 105 
90 8 
90 893 
90 17 
90 790 
91 55 
91 3965 
92 6491 
92 2379 
92 13 
92 127 
93 601 
93 31 
93 576 
93 32 
94 155 
94 35 
95 286 
95 7 
95 14 
96 22 
97 151 
97 64 
98 1440 
98 1475 
99 277 
99 26 
99 4466 
100 132 
100 208 
100 117 
100 123 
101 179 
101 132 
102 34 
103 210 
103 345 
104 353 
105 82 
105 110 
106 183 
106 44 
107 750 
107 531 
108 170 
108 143 
108 141 
109 143 
110 318 
110 14 
110 35 
111 69 
111 2 
112 12 
112 165 
112 2077 
112 1168 
113 109 
115 60 
116 180 
117 18 
118 33 
118 1375 
118 705 
119 38 
120 16 
120 188 
121 26 
122 133 
122 74 
123 82 
125 148 
126 21 
126 5 
127 699 
128 189 
128 1211 
129 111 
132 2874 
132 94 
133 181 
133 2526 
134 64 
135 31 
135 602 
136 123 
137 68 
137 194 
140 396 
140 1285 
141 1 
141 434 
141 1246 
142 473 
143 137 
143 543 
143 460 
143 119 
144 10 
145 184 
145 3386 
146 51 
146 176 
147 437 
147 7276 
148 35 
148 736 
148 163 
149 1121 
149 4059 
150 286 
151 211 
151 1749 
152 356 
152 2200 
152 160 
153 2151 
154 150 
155 15 
156 1544 
156 2 
158 47 
159 8643 
162 121 
164 141 
164 69 
164 38 
164 1012 
164 1295 
165 388 
165 266 
166 16 
167 4 
168 771 
168 112 
168 131 
169 141 
169 187 
169 341 
170 112 
170 1591 
173 7486 
173 308 
176 11327 
176 1106 
176 2492 
177 67 
178 25 
179 104 
179 0 
180 140 
180 2 
182 38435 
186 753 
186 24 
186 985 
186 29 
187 19 
187 53 
188 2 
188 117 
189 1523 
189 9 
189 93 
189 266 
192 1320 
192 64 
194 70 
196 70 
196 208 
197 29750 
200 44 
201 177 
202 1235 
202 21 
202 49 
202 686 
204 512 
204 67 
207 154 
208 51 
208 789 
209 25 
211 1055 
211 13 
212 3 
212 4 
214 561 
215 10 
217 9 
218 24 
219 710 
220 145 
220 147 
220 191 
221 884 
221 53 
223 29 
224 292 
224 1905 
226 2708 
227 180 
227 76 
229 881 
231 339 
231 293 
231 2062 
233 8 
234 31 
235 139 
235 1245 
236 2 
236 274 
237 320 
238 440 
238 1336 
239 176 
239 152 
240 113 
242 2933 
245 0 
246 198 
247 439 
249 297 
250 163 
251 112 
251 586 
253 100 
254 37517 
254 58 
254 1099 
256 23 
257 3329 
258 1429 
258 781 
259 11 
259 69 
260 141 
260 1328 
261 2012 
262 938 
263 899 
264 2 
265 1024 
265 100 
267 1281 
268 2675 
268 48 
270 293 
273 3196 
274 425 
274 127 
275 671 
277 237 
278 344 
278 4 
278 1482 
279 44 
280 68 
280 970 
280 164 
281 27 
281 318 
282 2412 
282 479 
283 515 
286 25 
289 64 
289 415 
289 7 
290 69 
293 975 
294 25 
298 11 
298 122 
299 9192 
301 108 
301 75 
302 1233 
303 28 
304 1151 
305 437 
305 64 
306 450 
307 545 
309 1176 
311 2896 
312 644 
314 942 
318 367 
319 1065 
319 308 
320 66 
322 90 
324 317 
325 921 
325 9 
326 111 
327 1556 
329 251 
329 63 
329 66 
330 1 
334 67 
335 55 
336 50 
336 146 
337 355 
338 163 
342 3620 
342 2176 
343 9 
343 1127 
343 2425 
343 735 
347 68 
347 338 
349 1030 
349 2156 
350 324 
351 730 
353 62 
354 146 
355 2015 
356 31 
359 31 
360 202 
361 156 
361 496 
362 956 
364 25 
366 99 
369 420 
370 6 
371 1479 
371 134 
371 145 
375 152 
376 3064 
377 225 
378 216 
379 14 
381 1952 
381 8214 
382 1 
382 599 
384 1504 
389 119 
389 2963 
390 100 
391 1088 
391 0 
391 436 
393 66 
394 3 
394 1204 
394 555 
397 101 
400 23 
400 12 
402 10349 
402 1021 
405 3903 
405 392 
407 98 
408 105 
408 338 
410 11 
410 187 
411 124 
412 515 
413 303 
414 531 
415 1528 
415 636 
420 623 
420 1572 
423 1666 
425 39 
426 61 
426 18 
427 58 
430 46 
432 1700 
437 453 
440 907 
440 4 
441 1112 
443 1654 
445 3 
448 1 
452 2924 
454 270 
455 887 
461 22 
461 367 
463 5016 
465 20 
467 2 
474 18 
476 66 
477 486 
477 98 
479 58 
481 248 
482 86 
485 35 
488 178 
492 447 
494 194 
499 1202 
509 464 
510 13 
510 579 
517 21 
517 127 
519 1778 
519 46 
525 45 
525 95 
526 548 
526 414 
527 29 
531 80 
531 932 
535 4154 
537 74 
537 1935 
537 472 
544 978 
547 16 
548 789 
549 893 
550 21 
556 111 
561 628 
561 301 
564 255 
565 32 
566 258 
567 852 
567 290 
578 2269 
579 212 
587 7 
590 9024 
593 2333 
595 932 
595 342 
596 73 
596 28 
601 14 
604 57 
607 10 
608 82 
611 589 
615 410 
630 608 
632 117 
633 229 
635 885 
638 174 
641 483 
642 487 
645 1004 
648 1544 
648 16 
648 112 
653 1859 
657 0 
658 1407 
661 1867 
664 53 
665 49 
666 113 
666 632 
667 99 
668 192 
668 482 
671 12 
674 15 
679 77 
683 78 
684 8 
696 26 
696 331 
707 29 
713 1073 
716 27 
716 16 
719 55 
726 107 
729 316 
730 460 
734 475 
738 3 
744 536 
745 37 
756 1231 
757 273 
761 33 
765 883 
767 1243 
773 923 
773 647 
774 11 
785 18488 
787 727 
789 103 
796 245 
796 4 
803 617 
806 150 
808 432 
809 507 
811 85 
812 1112 
814 85 
817 1275 
825 552 
835 374 
836 642 
838 978 
843 28 
847 111 
854 1361 
855 513 
856 745 
862 24 
868 1022 
870 3678 
878 4445 
880 30 
885 107 
887 1015 
895 1214 
902 524 
905 4 
907 4357 
907 1 
908 14030 
921 91 
921 0 
929 72 
932 166 
936 499 
944 145 
945 1181 
949 5455 
953 157 
956 1388 
963 308 
968 42 
970 161 
973 70 
977 1 
997 109 
1000 11 
1002 119 
1007 219 
1017 0 
1018 84 
1020 1671 
1021 84 
1024 5646 
1035 210 
1038 612 
1051 147 
1057 511 
1061 788 
1061 2443 
1062 1841 
1063 41 
1064 2263 
1069 51 
1087 859 
1109 3979 
1112 744 
1112 1199 
1117 748 
1120 154 
1121 932 
1123 1833 
1124 61 
1126 545 
1131 47 
1144 236 
1146 0 
1151 1 
1151 15 
1152 858 
1154 190 
1155 955 
1156 440 
1157 2 
1163 72 
1169 4 
1169 307 
1172 199 
1188 144 
1211 2050 
1228 498 
1228 158 
1233 10362 
1239 140 
1247 8 
1258 575 
1283 6042 
1284 1352 
1289 730 
1292 2246 
1292 10 
1292 3 
1302 518 
1316 117 
1323 1275 
1327 2 
1329 600 
1333 88 
1334 298 
1340 1574 
1349 500 
1360 2217 
1362 523 
1366 279 
1380 0 
1397 400 
1400 8127 
1404 51 
1408 654 
1419 297 
1429 557 
1431 977 
1436 31 
1454 344 
1463 924 
1477 373 
1479 320 
1481 0 
1481 223 
1482 23 
1485 39 
1490 1117 
1491 89 
1493 6 
1495 7326 
1496 73 
1504 1030 
1512 531 
1513 338 
1515 901 
1526 2649 
1526 18 
1532 9 
1534 907 
1559 4052 
1560 5 
1560 10 
1572 700 
1583 2778 
1587 2 
1590 130 
1592 10229 
1597 82 
1607 2952 
1618 295 
1644 419 
1652 150 
1654 625 
1661 60 
1663 11403 
1679 255 
1681 513 
1684 26 
1686 691 
1699 425 
1699 405 
1703 559 
1709 410 
1712 4183 
1750 377 
1757 2 
1763 98 
1764 2183 
1775 71 
1787 17080 
1798 10367 
1815 1174 
1816 66 
1817 779 
1818 1454 
1820 1230 
1822 6412 
1833 341 
1833 938 
1840 1083 
1842 10191 
1851 1323 
1871 1276 
1874 1876 
1879 437 
1883 2271 
1889 332 
1890 615 
1923 10 
1940 1420 
1949 1180 
1952 135 
1960 326 
1960 33859 
1972 1143 
1977 84 
1980 3317 
1995 43 
2008 73 
2009 712 
2012 63 
2020 2 
2027 351 
2039 82 
2066 665 
2075 43 
2078 544 
2097 0 
2107 1488 
2113 2 
2115 198 
2124 15 
2148 1480 
2149 465 
2172 16 
2176 123 
2189 851 
2229 182 
2232 70 
2252 267 
2264 525 
2266 274 
2275 51 
2278 8 
2301 21 
2303 212 
2304 382 
2313 842 
2332 1160 
2336 96 
2358 1077 
2361 118 
2371 1542 
2381 9 
2388 740 
2398 1025 
2402 8 
2481 17 
2488 43 
2493 986 
2504 602 
2511 1553 
2528 7926 
2530 192 
2538 9 
2544 133 
2578 108 
2579 152 
2586 1306 
2598 200 
2606 1916 
2606 1 
2631 0 
2632 34 
2632 322 
2656 265 
2678 367 
2693 7 
2714 61 
2718 1651 
2741 1066 
2754 155 
2768 212 
2780 741 
2821 1036 
2824 3 
2827 119 
2860 402 
2875 135 
2884 1282 
2913 1595 
2926 85 
2944 368 
2945 4303 
2952 53 
2956 1637 
2957 39 
2977 765 
2984 1869 
3001 57 
3014 187 
3017 416 
3042 61 
3058 12 
3059 6 
3063 1676 
3067 58 
3098 18 
3117 66 
3123 7 
3138 60 
3139 2711 
3163 2712 
3188 263 
3192 5054 
3192 345 
3193 63 
3237 351 
3238 1077 
3242 135 
3272 218 
3300 4 
3307 15 
3314 911 
3340 2270 
3340 1660 
3344 341 
3360 63 
3397 1152 
3436 175 
3443 5 
3451 1744 
3464 69 
3466 570 
3468 5614 
3476 250 
3484 1 
3500 122 
3514 26 
3523 1694 
3527 2507 
3560 3339 
3601 39 
3603 651 
3621 153 
3622 56 
3632 8 
3644 72 
3689 9 
3719 301 
3734 729 
3753 1756 
3760 994 
3789 658 
3810 397 
3838 11 
3852 809 
3865 931 
3879 95 
3889 40 
3897 1017 
3897 584 
3902 148 
3932 193 
3946 162 
3948 436 
3950 138 
3957 882 
3973 204 
3976 870 
4021 1399 
4029 6 
4039 20 
4048 127 
4058 2901 
4065 191 
4145 1820 
4150 6 
4172 286 
4177 443 
4211 356 
4238 2800 
4250 734 
4253 1 
4268 821 
4268 7 
4293 2 
4308 0 
4343 746 
4345 1274 
4355 5956 
4357 892 
4363 2 
4372 155 
4377 157 
4385 89 
4398 800 
4414 3752 
4434 22 
4444 116 
4465 191 
4482 33 
4482 33 
4498 7 
4498 7 
4527 537 
4527 537 
4536 2577 
4536 2577 
4538 139 
4538 139 
4551 226 
4585 1768 
4603 271 
4651 726 
4654 170 
4668 3103 
4668 726 
4668 107 
4676 1 
4710 336 
4726 4 
4730 0 
4744 258 
4750 1 
4755 1043 
4774 873 
4785 1430 
4793 2190 
4842 1876 
4863 8760 
4872 705 
4885 5 
4894 1513 
4897 3015 
4905 1208 
4905 102 
4932 114 
4947 45 
4954 323 
4970 133 
4990 117 
4997 370 
5032 1740 
5054 1215 
5079 5236 
5104 25 
5141 2176 
5147 6741 
5147 203 
5161 501 
5171 631 
5199 64 
5238 908 
5257 182 
5263 4449 
5314 20 
5330 444 
5365 61 
5373 1127 
5397 745 
5401 72 
5432 1454 
5442 176 
5465 1606 
5576 30 
5580 2133 
5582 2145 
5613 1181 
5626 91 
5629 492 
5654 39 
5658 1437 
5661 166 
5663 35 
5667 2 
5671 109 
5697 526 
5700 48 
5701 579 
5707 1009 
5766 7407 
5773 1146 
5792 230 
5796 26 
5806 105 
5815 296 
5871 196264 
5891 124 
5896 189 
5912 10 
5925 407 
5947 1042 
5957 7 
5964 5 
5967 8649 
5976 7 
5976 51 
5979 1653 
5983 27 
5985 1237 
6004 3584 
6006 1132 
6014 173 
6020 216 
6039 371 
6071 4 
6105 162 
6113 1270 
6192 194 
6201 1269 
6203 7 
6220 20 
6255 16727 
6270 75 
6277 570 
6294 26 
6321 42 
6326 0 
6335 1216 
6340 80 
6347 2 
6358 61 
6363 469 
6413 523 
6413 417 
6417 316 
6424 305 
6444 49 
6449 3047 
6459 416 
6462 2833 
6472 264 
6544 2016 
6549 686 
6551 8 
6554 126 
6575 1045 
6589 562 
6599 287 
6613 33 
6647 127 
6650 643 
6704 39 
6712 695 
6738 473 
6744 267 
6793 7841 
6799 390 
6801 1581 
6802 3803 
6811 378 
6835 0 
6835 2643 
6850 1100 
6916 12 
6934 623 
6977 14 
6977 28 
6985 19523 
7008 1437 
7017 2141 
7020 11 
7113 145 
7122 31 
7140 83 
7161 475 
7164 395 
7173 1680 
7175 246 
7179 77 
7238 168 
7255 725 
7263 194 
7297 2242 
7316 393 
7333 175 
7371 1 
7384 35 
7440 5 
7524 464 
7529 629 
7532 185 
7560 2441 
7566 4091 
7581 1603 
7600 547 
7616 1250 
7624 632 
7688 204 
7701 351 
7715 746 
7718 27 
7790 3535 
7798 163 
7857 23 
7859 317 
7867 97 
7867 26 
7867 246 
7875 19 
7894 580 
7901 601 
7929 36 
7932 1348 
8032 641 
8034 496 
8060 3 
8073 491 
8135 178 
8145 711 
8159 4056 
8242 982 
8243 7776 
8251 4 
8252 13 
8257 2305 
8262 289 
8277 30 
8279 3 
8293 2 
8322 35 
8330 1046 
8344 140 
8347 83 
8388 7 
8407 567 
8413 137 
8438 757 
8480 30 
8492 2244 
8494 53 
8501 1142 
8546 661 
8553 207 
8597 187 
8616 445 
8621 823 
8630 1354 
8650 36 
8726 15 
8730 104 
8735 681 
8803 53 
8872 643 
8878 484 
8958 85 
8963 210 
8973 3479 
8998 764 
9021 1309 
9054 860 
9085 372 
9091 56 
9093 8 
9105 19170 
9106 2032 
9106 1325 
9145 1660 
9171 1137 
9256 10059 
9270 88 
9272 17 
9274 1 
9293 199 
9360 1685 
9364 588 
9369 569 
9370 3 
9416 561 
9465 14 
9468 211 
9472 339 
9495 585 
9532 34 
9553 306 
9555 499 
9582 3347 
9586 14 
9592 15 
9637 2068 
9675 60 
9678 145 
9710 1243 
9775 7400 
9783 241 
9808 1036 
9825 3483 
9835 1770 
9845 439 
9855 666 
9859 134 
9861 2231 
9867 62 
9878 75 
9884 0 
9914 335 
9955 1066 
9959 65 
9974 1401 
9974 516 
10015 1610 
10026 890 
10056 133 
10066 3867 
10073 34 
10087 199 
10104 8041 
10140 1502 
10159 137 
10160 3238 
10170 336 
10172 631 
10252 10813 
10260 6406 
10329 31 
10377 1165 
10408 27 
10413 3657 
10464 49 
10466 5 
10498 4639 
10509 850 
10509 1 
10532 107 
10535 475 
10554 309 
10565 324 
10575 406 
10606 1514 
10615 2266 
10645 502 
10690 1016 
10716 492 
10805 1038 
10869 671 
10969 5949 
11009 468 
11194 504 
11195 2052 
11195 8 
11245 4 
11310 4 
11561 1580 
11620 1465 
11671 16 
11671 929 
11704 562 
11802 315 
11867 24 
11899 739 
11937 0 
11951 2 
12191 70 
12202 2 
12268 37 
12275 328 
12289 18 
12374 8 
12377 303 
12476 845 
12480 11 
12515 595 
12549 30 
12579 72 
12684 134 
12695 234 
12703 2213 
12870 4351 
12896 299 
12912 62 
12926 862 
12957 620 
12976 836 
12979 580 
13051 891 
13090 788 
13090 2224 
13120 108 
13183 129 
13200 2280 
13243 12739 
13244 630 
13260 1524 
13263 2485 
13277 446 
13292 2100 
13299 1099 
13301 123 
13316 326 
13469 1782 
13475 499 
13538 272 
13585 1663 
13639 630 
13671 651 
13681 756 
13718 167 
13778 364 
13811 64 
13819 30 
13951 36 
14053 198 
14166 514 
14198 16 
14394 283 
14419 6 
14460 1284 
14492 2246 
14612 1297 
14649 877 
14664 580 
14683 1166 
14721 278 
14725 2435 
14754 1279 
14768 730 
14777 107 
14971 23 
14973 739 
14976 2073 
14984 47 
14999 1201 
14999 3362 
15044 1413 
15046 667 
15066 1128 
15067 509 
15067 12 
15072 3166 
15125 1126 
15135 541 
15159 147 
15212 15 
15338 28541 
15358 1628 
15365 3936 
15367 1230 
15371 2345 
15372 1687 
15414 933 
15490 24 
15522 220 
15539 142 
15544 42 
15581 599 
15597 768 
15614 579 
15710 5537 
15720 42 
15768 9505 
15772 181 
15805 72 
15861 7218 
15910 609 
15914 0 
16073 62 
16292 666 
16304 52 
16348 1145 
16357 314 
16381 158 
16392 843 
16412 1111 
16474 2484 
16480 130 
16489 2140 
16516 1318 
16532 8246 
16552 386 
16592 1058 
16634 216 
16708 330 
16723 121 
16794 565 
16820 41 
16833 7 
16863 812 
16873 106 
16962 250 
17069 1472 
17116 1105 
17122 809 
17330 63 
17454 45 
17469 636 
17471 593 
17530 52 
17579 497 
17595 1348 
18019 828 
18021 92 
18034 5 
18081 1893 
18136 76 
18155 1865 
18160 78 
18193 233 
18205 69 
18252 962 
18315 437 
18368 943 
18379 6 
18502 116 
18537 201 
18547 145 
18558 107 
18579 162 
18599 1750 
18721 11 
18777 419 
18947 2171 
18965 72 
19013 155 
19096 695 
19161 148 
19196 95 
19274 129 
19357 2494 
19401 693 
19462 928 
19517 179 
19585 7 
19775 150 
19808 1471 
19904 288 
19928 1639 
19933 1772 
19954 927 
19964 1361 
20269 684 
20276 3 
20338 165 
20420 83 
20436 804 
20468 0 
20469 3081 
20579 394 
20645 2765 
20691 2248 
20824 35 
20836 407 
20892 82 
20900 179 
20953 123 
21126 170 
21240 564 
21319 7 
21356 233 
21358 647 
21420 569 
21498 1 
21511 3013 
21529 1535 
21564 56 
21608 435 
21621 1056 
21664 157 
21812 909 
21816 132 
21887 1427 
21953 1785 
22071 218 
22233 1928 
22257 621 
22370 2030 
22416 522 
22444 428 
22517 92 
22517 268 
22517 65 
22551 98 
22561 1131 
22591 1739 
22614 583 
22647 45 
22724 395 
22873 380 
22984 135 
22997 1500 
23030 7986 
23061 190 
23084 141 
23090 289 
23105 1977 
23131 28 
23143 98 
23285 526 
23294 31 
23386 50 
23429 6860 
23434 185 
23492 829 
23498 355 
23500 0 
23574 1972 
23575 88 
23743 709 
23869 816 
23897 1959 
23924 1298 
23931 21 
23952 509 
23978 151 
24009 4224 
24014 587 
24103 312 
24161 1015 
24231 1 
24249 370 
24271 2255 
24305 474 
24366 13 
24466 1029 
24469 3247 
24569 261 
24597 764 
24613 195 
24739 191 
24766 235 
24792 237 
24883 3402 
24937 0 
25037 6155 
25042 134 
25112 1303 
25127 416 
25132 2700 
25187 1334 
25300 225 
25325 1223 
25386 154 
25394 4 
25463 148 
25493 4375 
25502 1433 
25527 1160 
25557 1176 
25561 724 
25572 716 
25577 0 
25636 232 
25668 103 
25682 8570 
25725 11317 
25726 551 
25744 988 
25751 6588 
25763 84 
25894 1119 
25910 2320 
25985 2254 
25995 252 
26117 347 
26264 8 
26398 75 
26417 127 
26509 333 
26596 2 
26608 15 
26742 2002 
26754 129 
26768 985 
26769 26 
26834 1248 
26999 324 
27017 718 
27025 1150 
27028 2891 
27062 212 
27111 138 
27113 274 
27175 278 
27198 259 
27210 137 
27286 11361 
27381 298 
27392 7 
27393 45777 
27401 0 
27533 1050 
27551 1526 
27565 1458 
27572 316 
27585 291 
27709 18 
27781 233 
27856 1433 
27894 1064 
27985 93 
28133 1727 
28301 440 
28303 273 
28400 11 
28520 1117 
28525 625 
28593 605 
28620 4520 
28636 927 
28701 1026 
28728 1947 
28755 3507 
28770 211319 
28779 1365 
28836 1311 
28843 310 
28856 11 
28863 972 
28880 2047 
28883 35 
28911 141 
29053 175 
29076 11992 
29079 0 
29277 3221 
29314 609 
29317 2 
29383 81 
29395 22 
29435 622 
29599 1337 
29615 1230 
29666 29 
29706 614 
29772 1620 
29791 9 
29812 1346 
29841 1248 
29919 561 
30058 197 
30424 1539 
30434 123 
30498 311 
30698 7929 
30737 23 
30908 3687 
31110 335 
31177 371 
31309 834 
31332 9 
31338 3319 
31347 15 
31383 5525 
31495 0 
31602 5877 
31763 1661 
31888 655 
32042 12 
32202 3163 
32278 1547 
32458 92 
32480 1582 
32598 667 
32661 15 
32827 1356 
32960 1374 
32985 339 
33139 259 
33306 2476 
33319 3198 
33454 2281 
33456 439 
33492 261 
33506 619 
33517 38 
33544 307 
33579 907 
33631 236 
33771 163 
33856 725 
33887 1114 
34040 905 
34192 287 
34298 84 
34339 0 
34444 369 
34455 7360 
34480 2954 
34483 10 
34576 984 
34601 17834 
34606 817 
34665 5 
34704 1180 
34721 726 
34896 75 
34949 1 
35067 60 
35069 3 
35233 162 
35434 1403 
35695 5 
35708 6463 
35749 2200 
35891 368 
35996 413 
36123 631 
36196 12 
36329 2352 
36391 9 
36486 3531 
36491 220 
36575 331 
36602 124 
37150 240 
37451 782 
37557 354 
37737 446 
37847 1982 
37976 11 
38032 1 
38441 682 
38577 2705 
39114 424 
39180 381 
39437 665 
40074 1288 
40097 968 
40125 768 
40281 138 
40390 1738 
40480 1102 
40552 243 
40560 531 
40885 10904 
40962 1025 
41050 248 
41519 913 
41881 7 
41957 901 
41979 1173 
42204 900 
42233 1631 
42671 930 
42688 5 
42775 2733 
42834 402 
42850 1477 
42877 286 
43124 4 
43435 513 
43445 32 
43741 937 
43770 485 
43817 841 
43896 1260 
44238 2479 
44446 234 
44469 528 
44480 365 
44721 185 
45217 481 
45263 664 
45336 1102 
45351 264 
45368 833 
45848 1471 
45943 0 
46183 683 
46273 0 
46328 3126 
47096 433 
47373 2109 
47781 503 
47934 159 
48048 2137 
48061 647 
48093 22 
48260 4857 
48400 1062 
48411 1020 
48537 917 
48550 12283 
48812 77 
48859 2548 
48936 29 
48944 475 
48966 418 
48987 796 
49049 762 
49051 863 
49082 0 
49244 28 
49668 414 
49708 1771 
49854 1013 
49856 4188 
49923 625 
50012 1176 
50031 37 
50280 1627 
50350 669 
50436 9075 
50437 4156 
50460 308 
50659 931 
50718 10 
50750 569 
50868 266 
50914 90 
51013 947 
51078 1027 
51084 302 
51129 1002 
51132 1935 
51366 74 
51384 2618 
51526 863 
51547 47 
51586 1554 
51603 1533 
51674 28 
52035 5415 
52072 2710 
52102 5669 
52153 39 
52159 212 
52200 2553 
52261 413 
52499 1997 
52600 2431 
52638 949 
52638 835 
52688 1279 
52732 295 
52795 247 
52998 1674 
53385 23844 
53568 177 
53672 153 
53674 1588 
53677 1618 
53738 904 
53972 532 
53974 338 
54069 0 
54095 2826 
54273 228 
54311 731 
54347 3088 
54414 1069 
54430 388 
54660 13467 
54688 170 
54711 3967 
54729 7 
54751 824 
54791 7622 
54931 112 
54970 295 
54982 237 
55083 123 
55201 562 
55224 6 
55257 1085 
55321 2 
55525 1490 
55660 155 
55704 1 
55733 457 
55748 0 
55773 823 
55909 450 
56020 1433 
56032 9 
56043 536 
56056 3 
56070 101 
56147 565 
56244 2017 
56474 3 
56611 225 
56615 26 
56616 165 
56627 54 
56657 66 
56761 199 
56775 14 
56802 216 
56808 57 
56884 9 
56896 2351 
56990 394 
57144 78 
57231 1845 
57251 9892 
57324 1218 
57366 72 
57404 806 
57755 456 
57776 35 
57844 1953 
57847 1148 
57914 490 
57919 242 
58013 0 
58015 52 
58054 4815 
58096 75 
58159 382 
58216 676 
58426 252 
58487 31 
58503 51 
58547 6405 
58553 13575 
58588 1802 
58596 767 
58607 652 
58667 195 
58772 920 
59020 92 
59042 290 
59105 11 
59174 397 
59209 9298 
59235 513 
59255 1507 
59260 601 
59678 547 
59694 442 
59712 7 
59713 1389 
59757 812 
59925 512 
59960 457 
59976 712 
60076 71 
60078 657 
60140 193 
60157 1290 
60242 3 
60270 164 
60314 88 
60350 160 
60352 586 
60355 550 
60457 1 
60609 483 
60610 42 
60625 253 
60636 143 
60758 1399 
60840 248 
60875 1125 
60892 212 
60931 1021 
60977 295 
61000 38 
61084 261 
61106 2908 
61161 610 
61292 460 
61293 208 
61404 2273 
61457 342 
61460 1288 
61539 203 
61557 340 
61571 1884 
61586 3703 
61641 60 
61776 18 
62026 85 
62287 50 
62308 775 
62372 788 
62374 214 
62510 1558 
62556 2389 
62651 1232 
62750 2026 
62753 0 
62814 524 
62919 322 
62938 406 
63034 4558 
63056 57 
63103 0 
63318 313 
63388 558 
63632 803 
63701 109 
63747 1294 
63749 509 
63801 695 
64043 497 
64094 3770 
64161 387 
64258 457 
64316 403 
64324 24 
64326 735 
64342 436 
64423 4085 
64532 1120 
64584 979 
64654 2650 
64723 3131 
64806 58 
64928 56 
64930 238 
64999 76 
65100 481 
65125 364 
65295 11 
65301 1309 
65327 1035 
65338 746 
65403 445 
65434 382 
65436 1968 
65600 280 
65846 130 
65863 717 
65946 387 
65956 3311 
65983 3068 
65986 3696 
65995 750 
66037 0 
66045 922 
66051 739 
66136 20503 
66145 1558 
66174 337 
66239 270 
66354 3122 
66364 72 
66373 951 
66390 453 
66393 469 
66483 42 
66543 1098 
66584 151 
66586 353 
66609 944 
66639 2324 
66661 780 
66670 149 
66857 401 
67023 381 
67107 341 
67146 57 
67161 211 
67248 357 
67316 944 
67489 1913 
67518 1184 
67525 1497 
67621 187 
67820 164 
67842 645 
67851 218 
67867 988 
67939 465 
67973 4558 
67993 93 
68102 435 
68106 179 
68111 2954 
68133 16 
68135 157 
68233 0 
68268 364 
68472 5827 
68522 15 
68536 3519 
68574 3349 
68612 640 
68656 24326 
68658 1354 
68709 908 
68806 112 
68844 512 
68851 87 
68852 496 
68989 1978 
69199 1164 
69205 264 
69260 658 
69282 30 
69290 1625 
69296 608 
69437 11 
69439 2329 
69482 686 
69501 25 
69600 356 
69612 2851 
69720 191 
69722 3231 
69735 378 
69819 128 
69971 2231 
69996 278 
70061 144 
70107 2196 
70262 1792 
70284 692 
70337 379 
70372 689 
70406 155 
70412 522 
70476 370 
70502 2589 
70616 1001 
70668 732 
70808 205 
70818 83 
70859 20947 
70889 446 
70924 3515 
70958 1437 
70971 820 
71046 522 
71061 1297 
71092 40 
71180 1764 
71192 1075 
71225 224 
71354 581 
71441 837 
71464 1426 
71469 6 
71470 272 
71474 169 
71546 284 
71576 240 
71588 138 
71596 4583 
71625 1160 
71634 1080 
71677 1566 
71681 1545 
71724 3569 
71732 50 
71735 721 
71760 621 
71777 42 
71803 355 
71821 171 
71835 4 
71835 2751 
71857 7 
71893 1208 
71907 391 
71978 448 
72060 4086 
72071 1559 
72089 23 
72118 172 
72132 121 
72159 20 
72188 996 
72224 236 
72423 322 
72453 1299 
72486 56 
72525 216 
72735 35 
72779 83 
72824 1185 
72916 0 
72994 67 
73011 343 
73195 1131 
73226 180 
73227 854 
73233 947 
73338 63 
73346 3 
73359 0 
73406 240 
73506 99 
73575 0 
73661 134 
73701 1021 
73825 186 
73850 142 
73987 1873 
74085 391 
74177 1758 
74214 787 
74592 1223 
75006 791 
75053 1064 
75069 523 
75104 476 
75118 162 
75172 820 
75295 72 
75386 652 
75404 29 
75508 10546 
75588 747 
75594 117 
75606 2119 
75662 2028 
75689 2851 
75804 319 
75812 382 
75837 158 
75949 299 
76098 14820 
76216 846 
76376 124 
76445 2413 
76453 113 
76472 575 
76537 69 
76577 1073 
76699 976 
76726 73 
76864 271 
77119 125 
77131 353 
77159 819 
77252 1405 
77577 986 
77624 152 
77703 2203 
77781 750 
77844 111 
77868 1866 
78053 1 
78230 566 
78260 7 
78363 928 
78503 854 
78684 1185 
78694 27314 
78721 318 
78746 1064 
78754 830 
78776 1119 
78845 1256 
78845 1256 
78896 1339 
78963 355 
79204 26 
79226 934 
79261 214 
79307 174 
79381 120 
79523 377 
79696 1071 
79699 1005 
79717 119 
79720 9963 
79746 1187 
80012 273 
80078 104 
80178 659 
80262 773 
80264 1737 
80276 16273 
80306 1005 
80315 1732 
80373 321 
80521 0 
80529 306 
80617 1047 
80669 2175 
80959 568 
81230 620 
81333 613 
81698 810 
81700 133 
81703 124 
82081 10283 
82174 3828 
82206 458 
82260 2639 
82281 222 
82339 134 
82340 135 
82371 288 
82395 1774 
82406 1381 
82564 749 
82731 178 
82755 279 
82775 227 
82943 513 
83284 572 
83314 53835 
83333 763 
83351 559 
83421 368 
83454 1559 
83584 4 
83821 404 
83915 1807 
83921 365 
83933 138 
83940 260 
84175 498 
84223 1671 
84317 3 
84535 7 
84567 1660 
84670 1903 
84703 63 
84850 483 
85099 357 
85127 3510 
85149 861 
85232 5928 
85325 12 
85398 331 
85455 15 
85535 622 
85588 1 
86013 1114 
86280 567 
86296 256 
86346 151 
86417 25224 
86482 1170 
86784 330 
86795 302 
86850 164 
87014 1134 
87177 80 
87330 194 
87352 434 
87630 4044 
87645 1056 
87760 2470 
87781 125 
87912 1102 
87950 326 
88104 183 
88120 3547 
88139 1030 
88146 4422 
88149 727 
88172 4151 
88174 291 
88353 2539 
88390 259 
88521 28 
88679 46 
88828 744 
89128 11 
89220 513 
89317 49 
89387 446 
89532 721 
89549 9749 
89636 262 
89881 132 
89893 6507 
90211 162 
90230 535 
90472 282 
90508 229 
90768 690 
90971 66 
90989 89 
91207 1179 
91372 275 
91496 158 
91631 0 
92029 1083 
92046 1469 
92513 7 
92678 323 
93053 297 
93215 542 
93224 181 
93666 358 
93919 77 
94095 215 
94116 688 
94161 11793 
94174 225 
94198 1467 
94233 1714 
94265 842 
94312 3193 
94420 1634 
94517 443 
94623 45 
94632 583 
94991 710 
94996 729 
95059 561 
95085 591 
95108 1360 
95172 58 
95213 97 
95257 1768 
95355 1353 
95427 510 
95458 51 
95582 1374 
95684 1216 
95761 16 
96485 4 
96786 2054 
96810 969 
97045 2592 
97073 19 
97143 231 
97604 1173 
97711 1292 
97727 290 
98377 511 
98412 360 
98655 188 
98789 315 
98794 1370 
98932 524 
99229 838 
99306 1432 
99706 27 
99737 40 
99768 1381 
100005 111 
100133 89 
100335 3828 
100349 1311 
100360 235 
101167 458 
101536 402 
101657 15 
101684 1504 
101724 553 
101785 433 
102277 14133 
102307 98 
102310 204 
102473 140 
102603 59 
102621 1723 
102636 286 
103128 55 
103374 1885 
103430 45 
103554 8583 
103606 2374 
103672 58 
103714 106 
103719 980 
103739 360 
103747 333 
103939 194 
104230 352 
104392 85 
104555 1922 
104607 645 
104719 303 
105392 1 
105481 1380 
105887 80 
106116 392 
106644 0 
106685 36 
106889 650 
106917 258 
107218 1674 
107788 665 
107855 1602 
108737 2463 
109231 597 
109987 298 
109987 298 
110708 9 
111507 5731 
111552 250 
112098 279 
112794 1247 
112997 1366 
113598 228 
114024 349 
114261 19 
114922 1511 
115178 1467 
116201 50 
117269 1434 
117694 1501 
118066 214 
118316 9 
118969 1175 
119020 2269 
119147 0 
119822 172 
121042 1486 
122410 1485 
122913 2415 
122933 1194 
123980 793 
124463 2381 
124979 138 
126622 348 
127244 1004 
127427 190 
127486 458 
128481 5138 
128689 2 
128839 1 
128902 594 
128931 905 
129162 2166 
129384 346 
129916 3155 
130231 1100 
130617 288 
130891 4211 
131206 840 
131277 1193 
131278 1685 
131410 405 
131431 577 
131991 0 
132130 23 
132832 568 
133301 0 
133716 714 
134915 628 
135529 726 
136690 105 
137474 154 
137779 1713 
137857 677 
137859 555 
138105 856 
138512 592 
138798 41044 
138986 1132 
139000 397 
139053 477 
139134 8291 
139193 548 
139379 6742 
139420 363 
140270 921 
140480 65 
141013 821 
141088 903 
141526 1855 
141588 872 
141632 1075 
141691 61 
142354 289 
143095 1529 
143425 752 
143493 7674 
143660 364 
143679 804 
143763 654 
143879 757 
143910 12086 
144067 2813 
144254 2669 
144327 196 
144509 156 
144699 108 
145294 898 
145664 1130 
145765 987 
145906 395 
145926 511 
146554 3585 
146630 3870 
146704 487 
146934 379 
147089 88 
147355 443 
147523 1152 
147565 2482 
148051 1805 
148142 381 
149482 8 
149846 1299 
149959 2062 
150794 63 
151338 702 
151487 563 
151692 206 
151695 1487 
152236 296 
152982 1015 
153025 38 
153110 248 
153519 467 
153600 1507 
154017 501 
154257 508 
154463 793 
154588 5462 
154848 178 
154954 415 
155034 135 
155063 93 
155176 294 
155207 2786 
155395 1473 
155741 674 
155768 338 
156044 38 
156057 152 
156115 90 
156492 857 
156534 1861 
156588 2028 
156589 3207 
156601 59 
156853 81 
157614 1487 
157653 632 
157995 1525 
158008 30 
158813 332 
158865 1643 
158906 909 
158929 249 
159024 2512 
159028 95 
159071 374 
159348 2983 
159710 885 
159787 225 
161673 379 
161685 992 
161746 262 
162280 530 
162538 32957 
162600 1475 
162604 146 
162633 1008 
162676 777 
162828 3003 
162901 1822 
162925 451 
162972 202 
162988 181 
162991 2087 
163419 496 
163441 1850 
163482 1185 
163509 1055 
163532 39 
163601 753 
163741 27 
163888 153 
164392 845 
164473 474 
164540 217 
164580 3332 
165018 812 
165177 385 
165251 1956 
165287 836 
165445 871 
165445 173 
165482 14 
165548 908 
165594 539 
165608 1163 
165626 179 
165651 738 
165941 569 
165952 111 
165953 1367 
166009 664 
166152 452 
166173 0 
166180 439 
166211 125 
166249 834 
166419 1484 
166439 170 
166440 456 
166703 5356 
166977 18 
167028 433 
167196 3579 
167205 53 
167302 1042 
167334 589 
167355 51 
167404 63 
167418 748 
167456 421 
167529 1281 
167548 705 
167549 1801 
167672 176 
167877 533 
167906 1655 
167987 17 
168080 1229 
168121 8911 
168146 1292 
168332 196 
168426 927 
168473 267 
168627 189 
168882 189 
169073 539 
169083 196 
169349 109 
169417 699 
169571 36 
169702 1375 
169886 171 
169922 456 
170466 1464 
170866 413 
171075 29 
171081 442 
171083 10 
171146 4 
171358 923 
171360 1155 
171396 96 
171455 1492 
171539 227 
171770 696 
171838 531 
171886 16213 
171921 828 
172062 296 
172148 1859 
172151 1811 
172234 486 
172427 1101 
172728 612 
173131 704 
173326 213 
173872 335 
173938 1877 
174390 806 
174472 3987 
175218 180 
175419 66 
175738 1135 
175851 99 
177820 488 
178612 300 
178643 279 
179225 379 
179304 12258 
179403 318 
179841 186 
180729 0 
180782 3273 
181159 27 
181268 1159 
181419 66 
181700 1216 
182179 157 
182348 1714 
182405 1318 
182927 359 
183420 7 
183615 0 
183873 118 
184400 32 
184583 227 
184829 1066 
185599 1516 
185715 5854 
186028 206 
186073 4936 
186334 795 
186391 500 
186693 6966 
187331 1903 
187461 10 
187562 2282 
188100 759 
188507 1036 
188556 370 
190295 130 
190628 3729 
191230 2704 
191333 521 
191432 90 
192336 543 
194196 51 
194209 177 
196365 43 
196925 85 
196926 226 
198220 39 
198384 336 
198933 1074 
199032 403 
199674 10844 
200852 114 
202713 149 
202767 999 
205700 303 
207460 436 
209383 48 
210179 397 
210498 1576 
212953 858 
217574 1239 
218101 104 
220478 353 
220777 735 
220791 225 
221520 2122 
221994 549 
222955 2841 
223279 2580 
223691 62 
223761 1130 
223887 1325 
227039 3367 
227777 4 
229543 231 
229997 724 
231993 163 
233249 926 
235112 461 
235194 155 
236559 212 
240037 1016 
240050 750 
240225 2317 
242741 1981 
245149 86 
245236 1355 
245372 117 
246201 1234 
246969 102 
247056 33 
247206 4111 
248499 1631 
248833 811 
249126 161 
249476 2835 
249766 77 
249949 720 
249965 218 
250194 87 
250436 1093 
250493 0 
251236 75 
251409 479 
251428 785 
252520 189 
254199 932 
256264 946 
257053 617 
257224 1004 
257234 753 
257252 667 
257325 466 
257336 141 
257345 802 
257375 292 
257511 293 
257941 839 
258839 1117 
259698 195 
260232 738 
260973 48 
261059 211 
261469 467 
262127 721 
262138 89 
263595 3303 
263628 521 
263876 1002 
264156 148 
264538 557 
266692 394 
266701 406 
267445 180 
268625 611 
268695 3690 
268792 74 
269525 20 
269951 25 
270728 242 
271067 701 
271312 1169 
271506 89 
272512 1027 
272998 993 
274163 1388 
274185 1320 
274194 1062 
274553 238 
275271 3525 
275859 1572 
276133 10 
276253 1153 
276379 209 
277162 632 
277443 320 
277651 1546 
277941 142 
278277 692 
278547 801 
278793 560 
281542 2023 
282416 77 
283748 243 
285072 821 
285288 174 
286020 29 
286784 766 
287491 589 
288148 881 
290094 219 
292261 523 
292431 4357 
292625 1114 
295695 10767 
295936 125 
298806 485 
299798 3496 
299917 1127 
299994 211 
301080 565 
304571 155 
304587 2274 
304606 626 
308268 1397 
310305 1188 
310547 2012 
312360 906 
312812 1323 
312839 3342 
312871 2428 
314479 39 
314955 974 
315653 748 
317302 413 
319984 888 
320900 678 
321472 2 
322187 220 
322893 741 
322893 741 
323381 607 
323893 10 
325359 7347 
325994 3496 
326648 74 
327767 570 
327952 667 
328646 194 
329837 184 
330937 277 
331717 2681 
333729 417 
334251 9246 
334301 88 
335710 4 
336074 596 
336107 225 
336904 552 
337713 664 
338053 468 
340250 628 
341722 355 
341951 0 
346099 9262 
346789 489 
347143 170 
348387 703 
349589 1554 
351083 39 
351577 0 
361991 55 
362083 2643 
363312 337 
363581 784 
363788 189 
364085 5689 
367582 976 
369888 19 
372370 1239 
372639 939 
373540 1373 
374920 9 
375958 142 
376817 592 
378002 1381 
378131 250 
378794 2788 
379672 176 
386741 1535 
395310 55 
396461 0 
400097 39 
405604 5407 
409407 934 
412882 467 
416878 126 
417522 1905 
419828 74 
420992 84 
423516 547 
425347 181 
426428 653 
427526 226 
429008 830 
433813 125 
434016 200 
435016 1044 
435095 63 
435837 2268 
436639 1850 
438000 1077 
438709 1012 
440444 301 
441721 834 
443951 1098 
447620 198 
451370 3 
454501 130 
456198 101 
457729 1010 
462065 3162 
464928 14669 
466151 12165 
478200 181 
482311 56 
487939 3210 
488121 1997 
490679 305 
502328 0 
503005 853 
505903 1500 
506769 88 
506985 13 
518621 623 
523131 265 
533008 129 
534000 550 
539690 317 
547983 164 
550283 1562 
553743 4 
562443 296 
577832 268 
589866 271 
