2135 2.52114583333
0 580610 
13 1183 
17 26 
18 51 
20 24 
20 86 
21 406 
21 69 
26 842 
26 153 
28 829 
28 824 
29 83 
30 344 
31 260 
31 103 
33 643 
34 127 
34 112 
35 130 
38 18 
39 103 
40 52 
41 84 
43 894 
43 25 
44 54 
45 1894 
46 151 
49 569 
51 111 
52 32 
53 105 
53 428 
53 529 
54 109 
54 674 
56 79 
57 166 
59 126 
60 544 
61 52 
61 133 
61 299 
61 113 
63 41 
63 101 
63 126 
64 103 
64 388 
64 134 
67 165 
67 76 
67 275 
68 94 
68 16 
71 122 
71 139 
72 80 
72 110 
73 118 
73 21 
73 131 
74 62 
74 916 
78 459 
78 86 
78 47 
78 179 
79 142 
79 89 
81 1 
81 119 
81 405 
81 691 
82 106 
86 154 
86 1083 
87 246 
87 35 
87 137 
88 222 
94 435 
95 814 
95 142 
95 82 
96 57 
103 418 
103 77 
104 151 
105 208 
107 62 
108 134 
108 133 
109 66 
109 148 
109 21 
111 83 
112 33 
113 33 
114 9 
114 63 
114 112 
118 71 
120 221 
123 443 
124 16 
131 50 
131 62 
132 132 
133 84 
133 200 
133 18 
134 66 
135 394 
136 31 
137 252 
140 14 
140 594 
141 111 
142 9 
142 179 
143 76 
143 270 
144 68 
145 468 
147 81 
148 66 
149 533 
150 116 
152 30 
152 191 
155 61 
155 139 
156 356 
157 40 
157 98 
159 172 
159 12 
159 48 
161 28 
161 317 
161 29 
162 238 
163 83 
166 20 
167 114 
167 21 
169 159 
170 113 
170 98 
171 28 
172 158 
174 88 
176 174 
177 391 
177 63 
179 123 
180 152 
181 64 
185 19 
185 95 
185 100 
188 143 
190 211 
191 135 
192 55 
192 717 
193 304 
194 177 
198 81 
198 162 
201 401 
203 71 
205 90 
208 237 
208 257 
208 563 
209 103 
209 89 
214 134 
216 140 
217 230 
219 273 
221 47 
222 296 
225 8 
226 63 
226 65 
230 132 
231 429 
232 408 
232 9 
233 3 
235 28 
236 118 
243 227 
243 120 
251 57 
252 53 
252 118 
255 160 
258 115 
263 96 
266 68 
266 342 
267 136 
268 537 
270 105 
274 79 
275 91 
276 89 
277 371 
284 32 
285 136 
293 183 
294 65 
295 206 
297 74 
305 340 
307 98 
313 71 
314 281 
316 78 
316 127 
318 34 
318 85 
320 42 
322 2 
324 188 
324 101 
326 82 
330 241 
342 611 
343 104 
344 229 
352 4 
353 125 
353 73 
356 4 
360 187 
362 44 
364 29 
364 7 
371 168 
388 47 
390 141 
394 74 
396 297 
402 52 
402 321 
407 25 
414 120 
417 144 
423 62 
426 107 
427 507 
428 88 
433 35 
435 82 
437 70 
439 452 
440 106 
449 185 
452 557 
457 131 
473 84 
474 83 
475 547 
478 26 
479 99 
486 196 
491 77 
494 439 
494 1690 
499 180 
501 279 
501 85 
503 118 
506 158 
506 49 
509 485 
514 46 
528 2291 
532 112 
538 176 
544 39 
547 12 
551 7 
552 33 
564 112 
567 13 
570 163 
575 155 
585 374 
588 176 
606 168 
607 18 
624 595 
624 85 
625 29 
629 104 
635 295 
636 59 
643 171 
644 88 
651 126 
655 96 
655 152 
659 34 
662 32 
672 35 
681 56 
684 130 
691 21 
692 85 
700 45 
703 941 
704 30 
706 323 
709 113 
723 65 
730 37 
746 11 
750 331 
753 22 
756 195 
772 99 
787 320 
811 88 
821 34 
823 419 
824 1 
843 8 
845 255 
848 615 
861 33 
864 78 
867 63 
874 159 
875 17 
882 284 
885 86 
888 104 
892 49 
903 37 
907 98 
913 50 
918 54 
922 50 
922 65 
938 45 
942 60 
953 38 
960 150 
965 107 
972 501 
977 136 
997 52 
1013 308 
1015 111 
1019 36 
1020 53 
1038 271 
1044 146 
1062 130 
1066 47 
1072 21 
1088 150 
1098 44 
1099 140 
1113 17 
1127 77 
1133 63 
1151 127 
1153 65 
1164 19 
1178 57 
1182 99 
1186 38 
1192 47 
1206 282 
1209 29 
1230 62 
1237 1659 
1245 153 
1248 105 
1250 395 
1263 21 
1264 125 
1276 56 
1284 60 
1301 26 
1307 175 
1315 28 
1318 72 
1329 111 
1329 6 
1347 28 
1356 85 
1361 4 
1377 25 
1379 2 
1382 55 
1403 75 
1404 35 
1416 134 
1426 272 
1430 82 
1436 96 
1446 263 
1463 50 
1465 94 
1488 54 
1491 47 
1502 29 
1503 62 
1528 27 
1529 1074 
1540 24 
1542 84 
1570 129 
1572 97 
1585 32 
1585 287 
1595 56 
1596 31 
1598 50 
1603 113 
1618 36 
1631 131 
1634 91 
1635 63 
1638 94 
1638 11 
1638 23 
1640 108 
1644 32 
1667 75 
1676 104 
1682 32 
1694 57 
1695 23 
1697 144 
1699 17 
1702 62 
1704 24 
1704 270 
1709 70 
1736 51 
1737 23 
1750 138 
1753 182 
1753 53 
1769 38 
1773 78 
1778 53 
1788 2 
1793 53 
1794 165 
1795 346 
1819 75 
1826 74 
1828 100 
1838 39 
1846 13 
1852 1025 
1864 58 
1878 57 
1889 67 
1891 113 
1892 35 
1896 6 
1908 25 
1916 92 
1933 169 
1940 81 
1951 14 
1959 32 
1970 41 
1981 936 
1992 49 
1994 28 
2012 40 
2039 71 
2056 73 
2073 46 
2075 232 
2091 24 
2096 17 
2112 139 
2124 111 
2129 49 
2149 68 
2157 49 
2177 234 
2192 24 
2195 192 
2204 39 
2215 79 
2280 24 
2287 84 
2291 29 
2297 54 
2298 10 
2299 62 
2305 82 
2318 36 
2337 173 
2341 111 
2357 646 
2368 50 
2429 87 
2429 171 
2440 51 
2457 6 
2477 166 
2497 75 
2551 30 
2558 126 
2581 18 
2611 449 
2639 22 
2645 22 
2668 105 
2671 49 
2681 109 
2708 122 
2714 34 
2714 231 
2739 76 
2739 52 
2752 52 
2774 70 
2774 6 
2779 286 
2785 52 
2797 33 
2799 218 
2799 379 
2800 77 
2809 68 
2817 73 
2831 222 
2835 196 
2841 38 
2845 159 
2864 952 
2878 5 
2890 23 
2903 159 
2946 334 
2981 90 
3004 342 
3014 64 
3028 38 
3042 166 
3047 161 
3084 238 
3091 58 
3109 198 
3119 52 
3122 78 
3133 40 
3135 59 
3144 219 
3152 264 
3162 85 
3177 22 
3178 110 
3179 354 
3184 56 
3185 7 
3187 57 
3196 158 
3203 16 
3224 87 
3246 19841 
3261 80 
3269 75 
3280 22 
3289 30 
3290 53 
3295 41 
3311 1670 
3329 16 
3336 45 
3341 529 
3359 84 
3383 97 
3390 81 
3392 133 
3397 28 
3397 113 
3398 119 
3412 173 
3414 119 
3416 44 
3425 307 
3426 141 
3431 188 
3449 252 
3459 14 
3484 16 
3485 37 
3490 319 
3496 101 
3503 47 
3516 684 
3516 136 
3541 6 
3542 22 
3542 41 
3600 111 
3610 37 
3636 19 
3641 140 
3648 250 
3664 114 
3674 139 
3695 114 
3709 88 
3713 17 
3735 21 
3753 58 
3768 16 
3794 38 
3798 7 
3802 32 
3802 16 
3811 1084 
3823 40 
3843 95 
3860 100 
3867 86 
3880 32 
3902 80 
3923 43 
3935 41 
3952 43 
3968 133 
3987 115 
4005 39 
4005 104 
4021 268 
4040 377 
4113 68 
4125 58 
4126 11 
4162 14 
4206 75 
4220 97 
4252 58 
4302 212 
4311 127 
4314 205 
4338 60 
4370 60 
4379 75 
4391 18 
4409 54 
4410 30 
4412 80 
4452 80 
4453 73 
4453 99 
4483 40 
4492 154 
4529 115 
4547 62 
4591 264 
4603 72 
4609 56 
4619 452 
4631 23 
4635 241 
4638 208 
4646 19 
4675 119 
4705 43 
4732 288 
4733 114 
4736 66 
4761 54 
4792 77 
4793 13 
4796 71 
4796 105 
4907 171 
4922 45 
4980 32 
4989 37 
5004 43 
5026 51 
5147 56 
5159 306 
5180 111 
5193 8 
5242 112 
5253 58 
5261 18 
5288 31 
5297 216 
5304 101 
5317 0 
5335 64 
5396 55 
5418 306 
5422 39 
5429 1 
5487 46 
5533 39 
5535 79 
5538 23 
5541 114 
5542 288 
5545 95 
5550 34 
5557 94 
5562 57 
5562 57 
5578 49 
5578 49 
5586 302 
5586 302 
5604 140 
5604 140 
5644 119 
5737 147 
5747 48 
5748 59 
5760 90 
5784 26 
5785 379 
5786 126 
5792 57 
5792 251 
5824 606 
5830 127 
5831 29 
5861 123 
5872 2 
5926 433 
5960 267 
5992 36 
6018 204 
6033 59 
6081 28 
6106 16 
6128 85 
6162 62 
6188 62 
6190 99 
6212 42 
6238 55 
6349 30 
6354 24 
6372 77 
6416 117 
6472 162 
6514 25 
6545 75 
6555 65 
6555 167 
6577 88 
6634 40 
6664 9 
6687 14 
6710 73 
6723 48 
6735 62 
6741 97 
6754 22 
6779 48 
6781 65 
6814 289 
6827 67 
6842 311 
6904 37 
6975 8 
6981 106 
6983 31 
6998 73 
7010 174 
7113 33 
7127 68 
7175 147 
7208 28 
7221 19 
7243 63 
7359 43 
7394 46 
7409 216 
7412 50 
7428 37 
7430 19 
7446 27 
7468 287 
7468 52 
7498 11 
7527 19 
7546 17 
7561 27 
7639 99 
7678 89 
7735 19 
7798 35 
7864 373 
7866 6 
8006 29 
8063 129 
8066 250 
8068 16 
8094 86 
8098 30 
8119 32 
8135 463 
8135 137 
8164 91 
8208 47 
8383 45 
8395 23 
8402 37 
8415 40 
8419 25 
8428 30 
8450 13 
8489 96 
8521 148 
8544 35 
8550 11 
8579 43 
8595 68 
8596 72 
8601 27 
8605 140 
8631 163 
8645 75 
8658 48 
8712 280 
8788 40 
8835 57 
8839 74 
8849 41 
8850 140 
8858 39 
8860 134 
8890 251 
8930 80 
8943 73 
9038 14 
9048 77 
9179 32 
9271 174 
9311 17 
9318 6 
9360 208 
9362 27 
9387 44 
9415 68 
9445 8 
9469 9 
9493 126 
9510 399 
9565 81 
9648 51 
9746 47 
9747 50 
9816 28 
9841 8 
9843 29 
9853 51 
9914 33 
9917 1990 
9933 8 
9964 47 
9976 957 
10001 59 
10007 103 
10030 11 
10049 31 
10063 79 
10116 341 
10161 48 
10172 27 
10244 41 
10303 39 
10331 5 
10343 35 
10359 174 
10393 16 
10512 156 
10517 256 
10521 906 
10525 44 
10542 611 
10542 9 
10568 111 
10610 323 
10711 71 
10760 44 
10803 89 
10810 74 
10830 55 
10934 39 
10947 33 
10948 93 
11040 68 
11097 93 
11102 148 
11148 13 
11165 71 
11296 36 
11375 103 
11405 55 
11405 56 
11456 37 
11484 196 
11502 112 
11533 28 
11537 18 
11616 7 
11682 13 
11691 45 
11771 91 
11781 32 
11898 37 
11921 46 
11993 30 
12069 45 
12111 22 
12209 17 
12216 26 
12225 47 
12231 13 
12244 3 
12269 13 
12342 30 
12361 20 
12447 217 
12674 86 
12712 40 
12730 260 
12795 58 
12860 3 
12899 37 
12905 85 
12943 118 
12997 33 
13124 92 
13277 43 
13316 130 
13324 125 
13418 54 
13434 27 
13463 135 
13490 27 
13537 226 
13610 155 
13684 33 
13713 54 
13733 141 
13878 229 
13896 24 
13919 62 
13939 44 
14092 124 
14097 1 
14104 111 
14124 48 
14220 40 
14282 4 
14302 28 
14316 10 
14346 7 
14356 137 
14369 346 
14384 191 
14619 27 
14693 152 
14700 76 
14788 23 
14800 62 
14855 148 
14916 35 
15164 279 
15210 76 
15349 23 
15360 207 
15577 78 
15629 57 
15667 156 
15681 72 
15698 130 
15708 255 
15729 8 
15746 481 
15754 460 
15777 116 
15897 25 
16186 58 
16249 3 
16342 3 
16356 102 
16693 132 
16946 40 
17032 5 
17103 65 
17156 18 
17220 8 
17325 124 
17402 620 
17451 521 
17451 41 
17467 30 
17486 59 
17568 157 
17595 40 
17771 54 
17863 252 
17892 54 
17955 19 
18040 7 
18207 144 
18516 58 
18597 80 
18631 499957 
18650 286 
18654 125 
18656 553 
18658 786 
18660 79 
18663 108 
18665 521 
18668 15 
18670 123 
18671 188 
18674 171 
18675 89 
18678 44 
18679 114 
18682 34 
18683 195 
18686 46 
18687 50 
18688 353 
18688 60 
18688 180 
18689 101 
18690 64 
18690 64 
18690 166 
18693 129 
18695 66 
18696 82 
18698 150 
18710 112 
18720 235 
18720 116 
18724 115 
18726 7 
18728 15 
18729 655 
18732 46 
18735 22 
18737 152 
18738 112 
18738 249 
18740 257 
18741 159 
18745 281 
18745 78 
18747 81 
18755 159 
18758 180 
18759 92 
18761 213 
18767 87 
18770 79 
18772 112 
18776 349 
18777 208 
18779 746 
18783 187 
18783 81 
18786 203 
18802 7 
18802 107 
18803 76 
18809 521 
18810 296 
18812 33 
18813 196 
18816 91 
18816 204 
18823 33 
18824 242 
18829 257 
18829 82 
18833 42 
18846 44 
18846 140 
18852 249 
18863 24 
18864 421 
18864 585 
18867 348 
18872 256 
18876 107 
18878 73 
18880 32 
18886 23 
18889 227 
18892 521 
18900 18 
18900 2364 
18911 266 
18925 32 
18953 24 
18955 1300 
18958 41 
18958 393 
18965 190 
18966 516 
18967 44 
18981 841 
18982 34 
18987 298 
18987 68 
18991 39 
18994 143 
19001 139 
19003 128 
19007 35 
19021 104 
19023 128 
19029 73 
19045 29 
19050 97 
19057 122 
19060 242 
19070 102 
19091 516 
19099 68 
19099 64 
19102 191 
19102 52 
19103 93 
19110 76 
19121 38 
19123 13 
19137 412 
19139 81 
19147 53 
19148 28 
19150 6 
19159 178 
19168 167 
19179 65 
19199 246 
19212 82 
19212 82 
19226 247 
19250 9 
19256 86 
19270 173 
19278 63 
19321 166 
19336 166 
19343 38 
19360 91 
19367 51 
19372 82 
19390 175 
19402 37 
19410 64 
19413 133 
19419 347 
19447 160 
19452 93 
19459 203 
19467 39 
19477 113 
19480 25 
19487 65 
19498 127 
19507 116 
19511 66 
19518 71 
19541 113 
19606 99 
19616 10 
19629 25 
19640 135 
19644 60 
19684 25 
19699 91 
19704 85 
19721 65 
19776 12 
19795 339 
19859 58 
19870 33 
19871 51 
19873 19 
19877 48 
19891 33 
19903 818 
19917 29 
19942 22 
19953 33 
19954 1173 
19961 16 
19972 10 
19978 15 
20005 144 
20012 85 
20015 295 
20048 48 
20078 55 
20106 66 
20123 9 
20135 63 
20165 12 
20233 1 
20235 100 
20250 45 
20281 60 
20284 23 
20296 63 
20304 267 
20316 20 
20328 100 
20355 10 
20419 188 
20475 224 
20486 79 
20535 42 
20630 69 
20681 92 
20681 92 
20841 54 
20897 82 
20971 41 
21039 174 
21052 315 
21055 66 
21090 164 
21180 53 
21261 137 
21304 157 
21342 197 
21413 63 
21453 0 
21609 177 
21618 12 
21688 65 
21708 5 
21798 101 
21876 131 
21897 115 
21917 49 
21934 20 
22179 94 
22229 43 
22301 800 
22455 80 
22802 26 
22811 40 
22833 117 
22880 212 
23151 88 
23482 28 
23556 193 
23615 508 
23620 6 
23663 1222 
23763 32 
23778 136 
23782 120 
23967 100 
24061 55 
24220 126 
24290 16 
24417 112 
24480 318 
24485 128 
24521 33 
24625 519 
24665 70 
24819 387 
24852 64 
24935 38 
25087 66 
25340 47 
25384 69 
25478 17 
25676 93 
25686 20 
25873 1360 
25895 345 
25981 257 
26000 69 
26094 68 
26145 16 
26435 86 
26611 98 
26695 320 
27411 176 
27502 624 
27667 197 
27696 291 
27736 154 
27801 66 
27844 923 
27897 36 
27960 215 
28020 78 
28068 327 
28229 67 
28263 49 
28638 61 
28706 519675 
28716 140 
28723 29 
28726 161 
28728 225 
28729 373 
28730 122 
28737 31 
28737 265 
28739 193 
28740 147 
28742 169 
28744 186 
28744 22 
28746 58 
28749 24 
28751 85 
28752 105 
28753 204 
28755 283 
28757 93 
28758 140 
28769 612 
28772 72 
28774 49 
28777 690 
28780 254 
28781 124 
28783 66 
28784 75 
28785 81 
28785 1093 
28791 125 
28793 23 
28794 152 
28794 38 
28794 155 
28796 809 
28801 103 
28801 223 
28803 88 
28804 470 
28808 329 
28810 114 
28812 78 
28813 344 
28818 583 
28822 15 
28824 123 
28826 60 
28826 94 
28827 55 
28828 80 
28837 316 
28840 160 
28840 108 
28843 64 
28845 293 
28846 94 
28848 15 
28848 215 
28848 5 
28854 132 
28856 137 
28856 175 
28861 1207 
28863 101 
28866 317 
28866 89 
28872 75 
28873 113 
28884 36 
28886 162 
28889 664 
28890 57 
28891 114 
28902 17 
28902 742 
28907 151 
28908 235 
28909 1151 
28917 184 
28930 383 
28931 29 
28934 274 
28940 229 
28942 139 
28944 33 
28946 63 
28950 231 
28952 104 
28963 96 
28971 161 
28973 264 
28980 31 
28987 589 
28988 107 
28992 53 
28993 38 
28996 218 
29005 137 
29007 42 
29009 381 
29009 71 
29015 24 
29017 163 
29022 35 
29025 44 
29031 51 
29031 88 
29052 26 
29065 174 
29073 100 
29084 141 
29085 148 
29101 79 
29103 40 
29107 263 
29107 31 
29108 414 
29122 416 
29126 234 
29132 33 
29132 59 
29133 745 
29143 77 
29150 18 
29152 106 
29159 44 
29160 722 
29166 427 
29175 1818 
29176 76 
29188 95 
29199 105 
29200 26 
29204 68 
29214 30 
29223 251 
29224 225 
29226 75 
29231 83 
29233 477 
29234 80 
29239 318 
29239 1601 
29243 10 
29250 119 
29268 114 
29273 28 
29274 143 
29297 392 
29325 154 
29329 56 
29334 169 
29339 914 
29354 25 
29358 685 
29359 87 
29382 94 
29399 96 
29400 24 
29401 136 
29408 143 
29444 23 
29444 46 
29445 287 
29451 44 
29458 130 
29462 49 
29471 365 
29473 36 
29497 36 
29501 38 
29542 195 
29549 138 
29557 79 
29568 342 
29578 69 
29583 145 
29596 28 
29602 61 
29607 71 
29625 60 
29634 246 
29640 34 
29640 256 
29649 51 
29654 70 
29658 395 
29659 154 
29661 163 
29677 8 
29685 416 
29694 300 
29702 183 
29725 2403 
29744 130 
29753 68 
29755 210 
29783 1621 
29798 113 
29813 1835 
29834 71 
29835 54 
29837 11 
29842 64 
29852 76 
29855 662 
29864 32 
29875 7 
29905 1137 
29942 6 
30018 120 
30028 789 
30075 237 
30111 165 
30158 28 
30168 34 
30220 85 
30283 334 
30374 45 
30458 714 
30540 47 
30615 8 
30628 29 
30647 886 
30820 11 
30917 378 
30939 194 
30959 1053 
30996 47 
31091 17 
31303 52 
31414 207 
31418 25 
31484 63 
31547 234 
31575 259 
31697 271 
31839 43 
31919 56 
31960 62 
32007 300 
32039 90 
32082 66 
32196 65 
32204 36 
32228 612 
32296 551 
32302 425 
32347 142 
32551 98 
32592 57 
32656 380 
32675 40 
32681 80 
32828 63 
32987 76 
33222 210 
33254 1443 
33364 29 
33594 63 
33652 685 
33681 446 
33830 24 
33990 141 
34047 182 
34180 424 
34181 74 
34277 142 
34803 12 
35047 15 
35077 134 
35463 91 
35520 193 
35675 99 
35848 49 
36102 72 
36107 664 
36111 190 
36133 294 
36139 1560 
36156 85 
36161 126 
36162 1029 
36194 713 
36219 27 
36276 172 
36365 13 
36551 35 
36742 258 
37047 22 
37059 72 
37110 55 
37148 83 
37158 425 
37631 64 
37813 91 
37832 115 
38650 39 
38801 150 
38958 50 
39311 185 
39325 52 
39568 304 
39785 36 
39832 316 
39841 31 
39859 77 
40221 77 
40243 8 
40258 52 
40550 20 
40805 37 
40814 44 
41373 32 
41498 11 
41756 88 
42624 93 
44845 124 
44858 56 
46383 19 
46574 4046 
47544 432 
47561 116 
47630 261 
47790 1192 
48062 96 
48630 42 
48664 182 
48847 93 
49800 36 
49808 110 
49906 81 
50107 55 
50435 118 
50809 66 
51508 103 
52174 113 
52358 132 
52847 52 
53602 40 
53969 283 
54124 56 
54192 90 
54490 81 
55534 33 
55969 216 
55974 39 
56078 116 
56574 26 
57454 28 
57679 30 
57715 41 
58617 12 
59062 46 
59384 31 
60340 47 
60757 69 
61009 202 
61412 25 
63715 15 
63926 152 
64319 145 
64790 16 
64982 216 
66528 491075 
66556 152 
66557 55 
66557 97 
66560 139 
66564 322 
66564 595 
66565 89 
66566 258 
66569 589 
66569 59 
66570 38 
66572 1138 
66573 29 
66573 18 
66574 57 
66576 657 
66580 91 
66581 404 
66583 339 
66584 1276 
66584 61 
66585 60 
66587 55 
66587 293 
66587 278 
66590 48 
66591 148 
66594 353 
66595 1289 
66596 322 
66598 136 
66599 390 
66600 74 
66602 328 
66606 354 
66614 594 
66616 120 
66616 153 
66617 106 
66618 133 
66624 820 
66626 361 
66630 13 
66630 1348 
66633 66 
66635 153 
66639 49 
66646 42 
66647 317 
66647 859 
66652 42 
66653 55 
66655 3 
66657 243 
66657 267 
66661 322 
66662 48 
66667 110 
66671 77 
66671 279 
66683 246 
66684 62 
66687 177 
66689 182 
66694 52 
66699 73 
66699 384 
66702 274 
66705 300 
66721 96 
66724 140 
66725 39 
66728 323 
66738 243 
66739 69 
66741 307 
66742 234 
66751 2021 
66757 86 
66760 377 
66767 41 
66768 284 
66776 253 
66778 130 
66788 372 
66793 995 
66795 9 
66798 57 
66799 126 
66801 274 
66809 61 
66815 885 
66816 15 
66817 29 
66822 557 
66824 40 
66824 70 
66827 762 
66828 17 
66833 681 
66834 333 
66839 14 
66839 135 
66840 972 
66849 145 
66853 603 
66863 134 
66885 122 
66889 323 
66916 74 
66922 218 
66924 112 
66948 211 
66949 17 
66961 409 
66961 55 
66970 339 
66999 207 
67005 216 
67010 50 
67014 356 
67040 169 
67059 58 
67060 119 
67098 33 
67104 85 
67120 97 
67140 1211 
67146 132 
67151 32 
67152 289 
67160 99 
67171 329 
67176 49 
67206 243 
67224 163 
67240 168 
67304 32 
67353 18 
67372 119 
67418 205 
67425 78 
67459 72 
67479 23 
67512 23 
67528 230 
67532 431 
67619 54 
67657 123 
67673 158 
67674 81 
67704 127 
67824 78 
67839 93 
67868 350 
67880 47 
67974 142 
68156 114 
68167 138 
68194 326 
68270 69 
68399 38 
68575 16 
68601 42 
68624 83 
68889 95 
69317 148 
69637 36 
70035 258 
70097 252 
70358 232 
70494 64 
70729 263 
71013 313 
71837 125 
72543 1149 
73299 311 
73643 24 
74133 38 
74232 44 
74777 119 
74808 63 
75096 43 
79514 612 
80567 812 
81147 31 
81477 395 
81614 297 
81685 255 
82866 33 
83049 383 
84001 12 
84518 31 
85381 41 
85445 30 
85599 25 
87407 122 
87421 56 
88181 107 
88300 71 
88306 98 
89368 87 
90291 33 
90291 54 
90901 2030 
92861 216 
94033 213 
94306 11 
94685 1 
94825 49 
95137 65 
96378 38 
97563 77 
99286 35 
99857 40 
100578 61 
102431 30 
106422 20 
108118 6 
110326 84 
111511 354 
114311 107 
115812 238 
117889 25 
118942 54 
119346 11 
119998 189 
120875 56 
123682 26 
124377 35 
124860 37 
124878 129 
126505 10 
130099 321574 
130114 731 
130115 204 
130118 201 
130119 81 
130120 161 
130121 100 
130127 278 
130130 79 
130131 297 
130132 66 
130135 52 
130139 110 
130139 241 
130140 324 
130141 80 
130141 80 
130152 33 
130155 26 
130157 114 
130160 93 
130161 216 
130162 92 
130166 166 
130168 270 
130171 245 
130176 1026 
130177 115 
130177 39 
130178 127 
130180 95 
130185 543 
130188 51 
130189 45 
130193 33 
130193 33 
130196 154 
130197 75 
130199 115 
130208 117 
130209 130 
130211 208 
130213 104 
130215 89 
130217 38 
130222 62 
130225 294 
130230 42 
130231 125 
130235 32 
130236 166 
130238 32 
130238 134 
130246 107 
130255 131 
130256 240 
130271 8 
130279 105 
130281 41 
130300 15 
130302 29 
130303 72 
130306 770 
130314 104 
130320 29 
130336 1352 
130337 111 
130352 86 
130359 132 
130359 136 
130362 89 
130372 101 
130377 169 
130390 64 
130392 189 
130396 122 
130408 27 
130409 145 
130410 539 
130415 147 
130418 28 
130420 172 
130422 65 
130428 237 
130434 29 
130436 384 
130457 96 
130462 249 
130463 5 
130466 11 
130468 117 
130469 65 
130478 155 
130496 182 
130502 80 
130518 62 
130524 128 
130532 469 
130533 27 
130533 120 
130601 586 
130604 21 
130609 466 
130617 105 
130623 86 
130628 207 
130637 17 
130654 53 
130682 83 
130693 104 
130693 106 
130699 17 
130731 232 
130755 1169 
130757 84 
130758 191 
130761 140 
130771 508 
130780 16 
130794 362 
130807 4 
130827 74 
130854 251 
130860 51 
130865 25 
130870 354 
130877 95 
130882 93 
130942 105 
130948 276 
130960 26 
130967 249 
130981 172 
130988 60 
130991 29 
130993 61 
130994 76 
130995 35 
131030 116 
131039 39 
131071 651 
131077 22 
131087 13 
131091 93 
131099 38 
131116 10 
131116 165 
131131 109 
131154 655 
131175 169 
131181 83 
131237 43 
131389 46 
131464 208 
131612 18 
131761 245 
132063 127 
132141 22 
132202 127 
132513 109 
133927 20 
134243 103 
134370 245 
134460 1063 
134632 192 
134671 247 
134964 48 
136033 1 
136625 43 
137571 20 
138224 107 
138569 88 
138739 94 
140728 82 
140984 49 
141893 45 
143820 224 
147028 83 
155988 165 
168179 238 
168502 107 
170643 37 
180878 118 
180880 47 
188743 198 
189070 143 
189136 21 
190271 188 
190905 167 
191682 13 
197735 78 
205187 83 
206758 58 
209942 159 
210045 44 
219597 45 
220963 37 
222596 49 
236628 1103 
236645 611 
300286 61 
300334 120 
300372 344 
300383 485 
300886 11 
327129 4 
341264 27 
353224 180 
354829 25 
378353 61 
378700 296 
444841 441 
523553 13 
