2164 1.62135416667
0 318 
18 383 
20 1811 
53 55 
61 407 
73 576 
84 151 
90 635 
92 1200 
100 111 
100 2388 
100 629 
103 200 
104 866 
112 1129 
114 92 
119 1031 
159 346 
165 86 
168 76 
176 108 
190 216 
191 99 
203 82 
205 415 
217 1093 
233 449 
249 26 
249 1311 
258 97 
259 562 
265 1444 
288 591 
294 295 
301 277 
307 28 
322 918 
330 82 
341 249 
348 220 
354 1198 
363 61 
371 443 
374 348 
385 128 
403 243 
409 230 
422 587 
423 61 
427 31 
438 350 
447 391 
452 124 
452 61 
454 44 
459 99 
480 742 
484 170 
485 416 
487 42 
490 271 
492 70 
503 71 
520 55 
521 895 
523 186 
525 483 
527 209 
535 90 
548 299 
560 164 
577 219 
583 184 
585 221 
585 146 
586 87 
592 284 
593 148 
595 96 
596 135 
600 150 
603 273 
611 144 
612 117 
615 163 
635 174 
640 390 
647 297 
649 514 
652 127 
653 181 
661 435 
667 628 
677 211 
680 125 
685 221 
701 281 
708 52 
711 180 
716 55 
720 239 
724 227 
735 290 
740 1299 
742 227 
743 57 
744 117 
748 164 
753 370 
754 36 
758 152 
763 211 
765 167 
771 206 
781 46 
783 262 
784 114 
784 147 
788 39 
791 236 
794 610 
804 430 
806 593 
810 125 
812 87 
815 410 
819 197 
824 200 
831 826 
838 148 
845 480 
848 129 
865 284 
866 243 
869 557 
878 521 
883 206 
894 79 
897 58 
899 426 
900 320 
906 220 
915 91 
923 338 
930 186 
931 561 
933 58 
935 163 
936 259 
946 144 
947 324 
949 306 
962 977 
966 125 
973 340 
1002 546 
1006 197 
1011 298 
1015 131 
1043 241 
1054 102 
1059 131 
1059 358 
1063 35 
1063 70 
1069 371 
1073 389 
1079 411 
1082 180 
1083 90 
1089 88 
1096 124 
1097 443 
1099 89 
1107 83 
1113 156 
1114 78 
1116 361 
1121 107 
1121 266 
1125 728 
1129 280 
1129 135 
1133 133 
1134 387 
1135 67 
1139 1663 
1145 246 
1149 168 
1150 262 
1150 244 
1151 108 
1153 677 
1154 396 
1156 896 
1164 122 
1166 28 
1171 203 
1171 181 
1173 77 
1176 917 
1178 52 
1186 59 
1186 79 
1188 106 
1198 889 
1199 692 
1200 310 
1205 357 
1206 555 
1207 335 
1207 193 
1210 111 
1210 634 
1212 452 
1212 782 
1217 960 
1218 97 
1219 331 
1221 98 
1223 245 
1223 571 
1224 739 
1225 18 
1227 258 
1229 289 
1230 188 
1231 544 
1233 268 
1234 123 
1239 74 
1241 240 
1243 384 
1244 282 
1246 41 
1248 70 
1249 87 
1253 460 
1255 209 
1257 242 
1264 148 
1267 4938 
1269 112 
1271 80 
1274 70 
1277 612 
1280 107 
1287 147 
1289 81 
1293 509 
1295 450 
1295 112 
1296 152 
1300 573 
1302 213 
1304 217 
1306 300 
1307 849 
1311 226 
1312 454 
1312 344 
1317 92 
1319 252 
1319 382 
1327 304 
1330 788 
1332 255 
1338 184 
1338 105 
1338 96 
1341 53 
1342 1186 
1356 102 
1357 343 
1364 65 
1365 195 
1365 441 
1370 122 
1374 124 
1377 162 
1378 347 
1381 388 
1381 199 
1383 336 
1386 382 
1388 448 
1396 133 
1398 260 
1398 230 
1404 223 
1404 214 
1408 180 
1412 144 
1414 74 
1416 350 
1421 505 
1428 248 
1432 267 
1432 67 
1438 62 
1447 2068 
1453 44 
1459 78 
1460 69 
1470 263 
1479 85 
1480 56 
1480 153 
1482 528 
1487 2635 
1490 492 
1494 96 
1503 370 
1509 972 
1515 88 
1517 328 
1517 188 
1522 141 
1523 155 
1526 70 
1530 125 
1534 101 
1537 95 
1538 494 
1538 37 
1539 586 
1547 125 
1547 127 
1547 178 
1547 363 
1549 163 
1550 235 
1558 76 
1562 301 
1562 673 
1566 141 
1572 316 
1582 353 
1585 78 
1587 64 
1589 91 
1589 182 
1593 205 
1593 107 
1594 388 
1597 84 
1601 80 
1605 186 
1608 238 
1613 129 
1616 215 
1617 204 
1618 146 
1622 62 
1633 209 
1645 182 
1646 588 
1648 10116 
1649 53 
1657 714 
1659 197 
1659 798 
1664 274 
1666 526 
1668 214 
1670 696 
1671 180 
1673 433 
1673 150 
1677 108 
1677 156 
1681 76 
1681 252 
1682 106 
1682 199 
1682 75 
1683 165 
1684 644 
1684 65 
1687 221 
1688 104 
1688 101 
1692 48 
1693 306 
1695 319 
1697 283 
1698 92 
1699 250 
1699 20 
1700 126 
1702 278 
1704 1278 
1704 133 
1707 169 
1708 279 
1710 787 
1711 2383 
1712 299 
1714 29 
1715 83 
1718 124 
1718 143 
1719 830 
1723 220 
1723 55 
1729 279 
1731 1075 
1732 171 
1733 83 
1735 74 
1735 162 
1737 56 
1737 204 
1741 98 
1744 302 
1745 73 
1745 151 
1747 36 
1749 103 
1750 294 
1750 155 
1750 46 
1751 392 
1755 139 
1756 107 
1757 91 
1760 95 
1760 641 
1760 582 
1760 158 
1763 982 
1764 28 
1765 107 
1767 390 
1769 92 
1770 174 
1771 433 
1773 126 
1775 70 
1778 136 
1781 361 
1784 359 
1785 39 
1787 141 
1787 173 
1790 112 
1790 160 
1794 512 
1794 208 
1799 85 
1799 91 
1800 117 
1800 25 
1800 210 
1802 69 
1804 168 
1807 146 
1808 154 
1811 163 
1815 964 
1816 121 
1818 286 
1819 109 
1819 130 
1822 220 
1824 213 
1824 205 
1826 142 
1827 115 
1828 65 
1829 231 
1830 298 
1832 118 
1834 150 
1834 68 
1838 61 
1843 33 
1843 172 
1843 116 
1843 161 
1860 231 
1860 45 
1861 889 
1864 69 
1868 252 
1869 28 
1872 153 
1877 206 
1881 230 
1888 32 
1894 86 
1899 248 
1910 220 
1910 108 
1910 170 
1914 57 
1914 1102 
1933 133 
1934 68 
1935 252 
1936 97 
1937 204 
1942 249 
1944 136 
1946 69 
1953 172 
1953 518 
1957 78 
1957 147 
1961 174 
1962 97 
1965 138 
1965 138 
1966 85 
1971 60 
1974 250 
1992 143 
1994 83 
1995 567 
2001 64 
2010 9702 
2011 77 
2014 309 
2014 37 
2022 117 
2026 38 
2035 139 
2042 68 
2046 71 
2055 67 
2058 85 
2061 142 
2063 169 
2067 410 
2074 252 
2085 53 
2093 265 
2096 162 
2099 302 
2104 255 
2129 135 
2131 391 
2146 80 
2146 308 
2147 211 
2150 53 
2150 444 
2152 306 
2153 36 
2157 113 
2159 155 
2165 245 
2166 376 
2168 187 
2201 195 
2203 52 
2204 367 
2213 52 
2214 194 
2239 80 
2247 140 
2259 197 
2264 414 
2270 392 
2271 105 
2274 26 
2275 105 
2278 112 
2283 82 
2286 9 
2287 14 
2288 157 
2291 139 
2292 145 
2308 90 
2309 76 
2312 305 
2323 176 
2332 322 
2337 56 
2348 83 
2352 150 
2369 225 
2373 30 
2376 41 
2381 58 
2382 143 
2415 106 
2420 393 
2435 45 
2450 256 
2458 43 
2464 1465 
2483 350 
2491 26 
2533 32 
2535 77 
2547 1038 
2567 127 
2575 30 
2585 164 
2585 223 
2585 42 
2590 64 
2609 104 
2611 96 
2629 84 
2635 15 
2637 165 
2637 148 
2640 80 
2649 285 
2649 65 
2652 98 
2669 668 
2673 57 
2678 91 
2682 577 
2684 439 
2688 156 
2697 142 
2708 164 
2749 245 
2756 629 
2768 47 
2768 59 
2777 86 
2815 145 
2819 52 
2824 90 
2845 93 
2849 61 
2899 303 
2926 63 
2948 50 
2969 210 
2972 80 
2983 50 
2992 169 
3021 936 
3056 87 
3117 161 
3152 164 
3159 127 
3174 80 
3175 120 
3184 108 
3201 126 
3218 190 
3279 814 
3295 115 
3298 294 
3302 66 
3330 123 
3381 150 
3436 127 
3454 21 
3454 139 
3484 12 
3525 630 
3621 177 
3630 975 
3635 251 
3639 254 
3658 102 
3670 22 
3690 61 
3720 240 
3724 255 
3728 133 
3753 78 
3941 123 
4032 183 
4145 35 
4180 119 
4223 119 
4262 482 
4310 213 
4350 299 
4424 31 
4547 90 
4572 65 
4595 74 
4631 389 
4646 142 
4659 79 
4675 388 
4710 39 
4723 150 
4728 351 
4741 461 
4752 349 
4754 112 
4766 38 
4794 1298 
4796 187 
4800 120 
4802 105 
4806 267 
4816 376 
4828 81 
4828 44 
4855 128 
4882 176 
4883 629 
4884 115 
4894 297 
4897 254 
4917 118 
4967 115 
4997 135 
5013 90 
5028 192 
5056 93 
5079 204 
5123 84 
5125 912 
5188 240 
5330 71 
5359 282 
5431 8 
5508 64 
5584 35 
5599 49 
5800 114 
6029 86 
6044 164 
6077 906 
6100 321 
6173 1657 
6222 432 
6278 102 
6302 28 
6366 132 
6393 300 
6582 110 
6601 1958 
6638 160 
6673 187 
6806 41 
6836 105 
6853 92 
6994 3082 
7043 281 
7057 180 
7076 134 
7109 145 
7177 61 
7184 255 
7191 12 
7210 2743 
7232 240 
7236 311 
7242 496 
7244 399 
7326 451 
7341 1519 
7353 844 
7373 162 
7406 213 
7499 184 
7524 50 
7610 143 
7680 171 
7701 416 
7727 67 
7728 297 
8036 70 
8396 593 
8659 126 
8712 6 
9430 77 
10154 210 
10174 79 
10581 18 
10789 111 
11248 14 
11596 43 
11665 27 
11928 150 
13218 26 
13392 32 
15600 500 
16368 228 
18018 35 
18191 2854 
19285 576 
19644 1457 
19671 96 
21193 44 
21400 615 
23350 32 
23661 152 
23799 12 
24139 12 
26096 9 
26233 116 
26265 55 
26937 35 
27136 83 
28040 51 
28042 48 
30308 6 
30676 158 
30851 60 
31382 97 
32647 47 
32863 30 
33077 44 
33261 71 
33652 37 
34528 202 
34554 83 
34724 56 
35192 52 
35468 158 
35776 116 
36099 96 
36107 188 
36248 516 
36317 127 
36336 194 
36345 304 
36358 775 
36393 163 
36398 79 
36420 262 
36459 2237 
36498 333 
36552 30 
36703 431 
36711 251 
36718 31 
36720 67 
36855 254 
36923 14 
37245 56 
37540 22 
37640 99 
37728 166 
38202 122 
38202 122 
38218 548 
38218 548 
38272 889 
38283 2153 
38314 57 
38343 550 
38465 73 
38555 105 
38591 57 
38649 594 
38651 150 
38689 279 
38693 19 
38745 99 
38769 128 
38807 179 
38861 363 
38988 47 
38993 63 
39001 132 
39019 105 
39262 189 
39453 126 
39553 118 
39956 53 
40151 435 
40263 112 
40263 285 
40312 754 
40326 256 
40356 187 
40369 22 
40373 249 
40376 137 
40391 168 
40411 252 
40412 53 
40457 220 
40460 145 
40467 379 
40480 886 
40510 164 
40529 120 
40545 192 
40545 168 
40713 217 
40874 813 
40895 225 
40931 199 
40960 259 
40987 547 
40998 681 
41002 109 
41020 76 
41033 135 
41058 360 
41066 168 
41072 513 
41073 100 
41082 129 
41089 245 
41101 145 
41127 110 
41163 110 
41199 346 
41202 172 
41223 281 
41248 353 
41398 39 
41431 259 
41511 96 
41820 74 
41846 1235 
42088 37 
42376 41 
42715 280 
42801 103 
42875 76 
43520 906 
43529 392 
43558 371 
43570 261 
43593 419 
43722 183 
43724 864 
43735 198 
43742 103 
43937 10 
44016 299 
44049 340 
44182 217 
44275 45 
44300 44 
44384 111 
44411 106 
44684 79 
44874 234 
45421 52 
45564 37 
45705 42 
46500 30 
46551 143 
47118 372 
47201 312 
47269 118 
47291 254 
47303 47 
47484 258 
47509 108 
47605 182 
47639 88 
47714 35 
47991 70 
48042 174 
48050 443 
48076 114 
48244 38 
48268 33 
48469 303 
48475 82 
48562 71 
48620 283 
48835 88 
49164 159 
49639 741 
49652 86 
49970 139 
50005 90 
50117 132 
50402 305 
51427 828 
51442 79 
51456 77 
51469 358 
51484 109 
51532 161 
51621 187 
51655 94 
51684 131 
51719 2216 
51833 108 
51867 471 
51883 388 
51938 107 
52091 281 
52168 352 
52208 10 
52256 552 
52343 140 
52362 151 
52468 366 
52496 60 
52512 472 
52537 204 
52555 221 
52694 90 
52718 529 
52901 181 
52954 119 
52954 119 
52980 191 
52980 191 
53288 63 
53294 433 
53372 65 
53757 33 
54457 89 
54637 1357 
54680 716 
54688 1527 
54695 321 
54698 401 
54698 393 
54699 410 
54700 514 
54706 643 
54713 237 
54713 971 
54726 213 
54747 347 
54753 457 
54781 513 
54786 754 
54796 53 
54807 75 
54826 302 
54828 87 
54840 82 
54848 59 
54857 5207 
54871 297 
54873 153 
54978 51 
54998 180 
55013 352 
55049 171 
55056 565 
55113 481 
55120 164 
55130 207 
55144 48 
55165 387 
55172 228 
55177 384 
55184 217 
55211 196 
55228 117 
55276 312 
55358 74 
55371 106 
55374 411 
55490 212 
55509 244 
55566 157 
55574 187 
55593 150 
55617 51 
55630 239 
55688 81 
55729 253 
55830 271 
55858 305 
55866 77 
55937 47 
55966 1231 
56017 87 
56093 254 
56281 235 
56389 22 
56493 96 
56655 40 
56876 300 
56886 207 
56920 88 
57084 93 
57425 478 
57488 51 
57666 109 
57715 90 
57858 80 
58162 113 
58356 92 
59008 76 
59145 470 
59302 536 
59384 90 
59772 169 
59787 30 
59885 228 
60028 77 
60126 299 
60158 86 
60174 149 
60193 36 
60239 229 
60293 299 
60415 27 
60432 333 
60559 302 
60575 70 
60587 93 
60725 257 
60731 97 
60735 76 
60821 69 
60967 99 
61003 41 
61041 158 
61222 27 
61312 101 
61381 47 
61392 81 
61533 59 
61545 174 
62088 225 
62169 44 
62697 71 
62886 193 
62945 29 
62958 23 
63031 126 
63070 8 
63079 17 
63319 1060 
63328 2669 
63340 433 
63343 1628 
63351 177 
63355 427 
63357 1055 
63357 689 
63357 911 
63359 164 
63360 1022 
63365 358 
63378 135 
63380 889 
63382 680 
63387 627 
63389 357 
63394 62 
63396 431 
63397 243 
63400 375 
63413 567 
63416 361 
63421 2814 
63433 354 
63434 80 
63434 96 
63440 1835 
63440 604 
63441 152 
63451 1269 
63454 150 
63456 1562 
63464 478 
63471 272 
63473 209 
63477 262 
63482 2123 
63484 157 
63489 402 
63492 1587 
63497 171 
63503 107 
63508 665 
63509 4111 
63509 246 
63509 165 
63513 337 
63514 15 
63518 254 
63534 157 
63535 160 
63565 52 
63570 274 
63575 21 
63592 206 
63601 80 
63611 146 
63621 222 
63628 47 
63636 73 
63648 173 
63668 141 
63700 212 
63803 196 
63876 93 
63887 115 
63907 93 
64084 170 
64107 105 
64118 45 
64155 466 
64161 255 
64180 203 
64181 453 
64182 323 
64188 259 
64225 541 
64244 76 
64263 177 
64265 277 
64277 188 
64310 60 
64310 70 
64317 163 
64319 102 
64320 125 
64323 237 
64329 54 
64362 224 
64376 31 
64380 149 
64415 83 
64416 1576 
64445 817 
64472 111 
64477 770 
64485 197 
64506 81 
64512 159 
64514 131 
64521 161 
64524 278 
64527 411 
64543 93 
64566 133 
64597 102 
64607 31 
64631 100 
64664 396 
64672 149 
64677 250 
64678 233 
64682 361 
64701 235 
64712 255 
64735 46 
64812 82 
64863 123 
64912 361 
64957 392 
64998 170 
65041 50 
65119 100 
65173 85 
65220 311 
65238 130 
65249 35 
65250 236 
65253 162 
65265 252 
65279 170 
65293 357 
65293 102 
65313 50 
65315 447 
65363 102 
65366 28 
65371 96 
65375 257 
65383 67 
65393 66 
65400 137 
65402 263 
65420 81 
65467 60 
65484 20 
65500 183 
65504 193 
65532 77 
65534 137 
65543 85 
65551 473 
65570 901 
65586 41 
65604 163 
65606 198 
65621 61 
65623 337 
65633 53 
65646 147 
65646 161 
65653 216 
65667 157 
65674 26 
65676 34 
65682 62 
65696 457 
65728 244 
65737 60 
65769 95 
65780 78 
65784 37 
65801 108 
65808 96 
65814 104 
65829 43 
65835 93 
65840 177 
65856 141 
66007 214 
66009 143 
66012 96 
66031 74 
66034 84 
66063 441 
66106 175 
66111 387 
66168 92 
66230 116 
66236 74 
66261 82 
66275 82 
66294 56 
66297 61 
66321 63 
66326 32 
66508 91 
66515 104 
66533 105 
66546 82 
66594 99 
66681 58 
66688 39 
66745 41 
66795 57 
66818 137 
66850 24 
66912 146 
66959 395 
67034 69 
67039 95 
67067 71 
67070 95 
67097 118 
67098 120 
67125 135 
67128 93 
67130 48 
67132 281 
67159 361 
67191 54 
67218 364 
67222 299 
67246 298 
67247 216 
67253 136 
67255 85 
67270 476 
67279 326 
67302 312 
67305 43 
67310 401 
67312 811 
67351 52 
67402 160 
67415 100 
67418 68 
67421 315 
67431 133 
67455 126 
67488 38 
67540 79 
67673 411 
67691 72 
67732 73 
67754 203 
67756 28 
67880 261 
67880 261 
67882 308 
67882 308 
67888 79 
67942 368 
67945 121 
67969 489 
68056 59 
68101 344 
68130 155 
68191 168 
68226 26 
68340 155 
68405 96 
68438 23 
68510 39 
68539 172 
68569 114 
68576 343 
68669 57 
68791 94 
68836 20 
68865 230 
69270 128 
69374 66 
69389 12 
69691 14 
69962 58 
69991 14 
70029 31 
70382 53 
70775 191 
70872 51 
71177 65 
71287 97 
71301 30 
71321 318 
71328 513 
71349 137 
71350 104 
71376 45 
71397 188 
71761 99 
72494 122 
72564 100 
72613 35 
72718 21 
72755 52 
73013 110 
73528 167 
74803 215 
75158 35 
75450 8 
77384 71 
77656 1132 
77847 307 
79354 102 
79623 407 
79684 96 
79987 573 
80307 32 
80343 14 
80880 140 
81721 64 
81753 97 
82178 185 
82279 42 
82436 153 
82478 46 
82628 63 
82638 176 
82756 59 
82905 220 
82986 422 
83037 97 
83045 83 
83050 85 
83060 141 
83096 247 
83162 75 
83165 127 
83634 164 
83667 367 
83696 1183 
83700 183 
83707 170 
83731 179 
83751 162 
83758 182 
83761 66 
83781 323 
83787 101 
83790 2527 
83798 180 
83808 184 
83821 235 
83824 224 
83832 126 
83837 233 
83842 422 
83847 403 
83856 193 
83869 627 
83870 251 
83889 454 
83890 512 
83891 92 
83891 309 
83913 109 
83918 467 
83928 582 
83935 296 
83936 65 
83937 123 
83940 166 
83940 357 
83941 1656 
83948 133 
83949 205 
83959 60 
83964 305 
83968 1756 
83974 166 
83981 411 
83988 337 
83991 206 
83992 225 
83996 177 
84010 2645 
84016 325 
84020 71 
84022 724 
84025 251 
84037 59 
84042 157 
84042 756 
84054 309 
84067 332 
84081 406 
84098 117 
84102 262 
84115 445 
84131 44 
84131 171 
84143 204 
84150 154 
84156 185 
84161 492 
84169 240 
84173 155 
84179 11 
84182 513 
84205 164 
84226 64 
84234 277 
84244 383 
84247 156 
84249 140 
84252 144 
84254 660 
84257 56 
84261 324 
84262 47 
84268 378 
84275 559 
84276 23 
84288 398 
84289 127 
84289 225 
84291 211 
84294 37 
84295 746 
84297 148 
84302 426 
84353 639 
84371 252 
84380 127 
84388 38 
84403 62 
84415 142 
84425 208 
84433 411 
84452 134 
84456 522 
84465 101 
84481 379 
84496 133 
84520 34 
84524 385 
84527 84 
84530 51 
84543 256 
84581 55 
84584 1221 
84615 68 
84618 62 
84627 56 
84646 126 
84653 167 
84657 223 
84659 311 
84664 209 
84672 146 
84672 131 
84682 1075 
84684 112 
84694 196 
84696 277 
84717 108 
84725 65 
84736 255 
84748 35 
84754 136 
84768 277 
84780 556 
84790 652 
84798 446 
84809 468 
84815 144 
84821 85 
84828 328 
84834 84 
84846 122 
84853 812 
84870 365 
84875 190 
84882 172 
84911 842 
84922 196 
84922 108 
84972 163 
84998 143 
85007 259 
85015 106 
85044 112 
85060 246 
85072 239 
85084 377 
85094 52 
85095 176 
85100 30 
85148 96 
85161 327 
85205 413 
85224 204 
85226 155 
85267 450 
85279 88 
85294 93 
85393 155 
85433 500 
85452 128 
85458 245 
85473 133 
85482 317 
85524 222 
85524 10 
85539 224 
85556 271 
85562 131 
85583 470 
85608 147 
85624 473 
85656 78 
85677 241 
85710 50 
85855 112 
85860 148 
85874 49 
85897 415 
85910 58 
85918 375 
85920 95 
85933 546 
85990 27 
86014 61 
86053 360 
86185 124 
86237 419 
86443 276 
86481 26 
86507 114 
86529 290 
86547 340 
86684 39 
86723 192 
86890 212 
87130 26 
87201 85 
87214 15 
87433 202 
87453 172 
87510 427 
87529 249 
87576 254 
87610 230 
87635 101 
87650 87 
87674 17 
87728 308 
87731 446 
87843 161 
87881 22 
87900 166 
88394 38 
88904 55 
89326 117 
92345 19 
92464 30 
95229 101 
95662 78 
95694 114 
96183 25 
99831 14 
103979 72 
114180 155 
118688 19 
120470 86 
126536 603 
126630 426 
126922 410 
127743 237 
128872 99 
130172 72 
130251 878 
130266 422 
130277 1070 
130320 767 
130368 2985 
130377 381 
130397 684 
130404 316 
130412 1579 
130418 203 
130450 1222 
130453 292 
130453 1214 
130467 16 
130470 354 
130484 494 
130484 345 
130540 587 
130544 468 
130565 677 
130584 61 
130590 774 
130593 79 
130599 147 
130603 1355 
130610 169 
130623 1013 
130629 76 
130633 1198 
130639 761 
130660 114 
130661 351 
130667 203 
130674 215 
130690 213 
130692 31 
130696 181 
130706 26 
130707 141 
130727 193 
130741 248 
130761 135 
130861 452 
130877 222 
130903 91 
130917 221 
130927 173 
130945 1329 
130949 80 
130956 751 
130979 239 
131007 115 
131030 460 
131038 244 
131050 131 
131057 439 
131064 899 
131184 314 
131188 95 
131283 69 
131290 22 
131307 64 
131427 123 
131530 256 
131552 159 
131687 110 
131767 88 
131789 279 
132048 547 
132123 476 
132195 53 
132240 353 
132270 480 
132297 311 
132315 76 
132352 199 
132366 261 
132382 77 
132386 133 
132500 116 
132613 9 
132619 314 
132795 95 
132795 100 
132850 212 
132880 431 
132943 210 
132992 85 
133005 93 
133028 38 
133047 205 
133077 567 
133122 268 
133149 188 
133160 187 
133162 191 
133192 63 
133535 887 
133583 50 
133729 205 
134047 67 
134083 60 
134115 320 
134211 178 
134246 165 
134334 363 
134335 269 
134371 334 
134639 301 
134728 64 
134800 253 
134994 59 
135310 44 
135431 1044 
135717 83 
135861 172 
135925 77 
135958 62 
135994 416 
136031 196 
136037 417 
136044 303 
136052 277 
136068 358 
136079 238 
136144 68 
136162 53 
136166 366 
136176 209 
136181 66 
136206 89 
136222 378 
136249 465 
136259 141 
136267 17 
136273 179 
136300 146 
136306 325 
136324 297 
136369 146 
136378 133 
136394 8 
136400 174 
136426 231 
136427 4 
136480 60 
136622 80 
136633 256 
136684 168 
136888 473 
136929 582 
136996 280 
137021 186 
137037 433 
137085 2 
137129 48 
137151 52 
137158 192 
137200 705 
137233 49 
137277 1116 
137291 47 
137391 32 
137806 35 
138137 62 
138313 223 
138589 151 
139279 105 
140213 45 
141136 120 
141204 131 
141668 59 
141701 63 
142601 46 
143051 7 
143292 165 
143372 165 
143787 213 
144155 11306 
144173 423 
144178 176 
144178 51 
144182 203 
144184 145 
144197 348 
144197 750 
144199 518 
144201 1195 
144217 515 
144217 1327 
144218 991 
144220 28 
144221 1184 
144241 548 
144251 1612 
144251 278 
144259 992 
144275 631 
144275 1445 
144285 311 
144313 313 
144327 185 
144330 312 
144330 836 
144346 269 
144359 249 
144369 213 
144371 1484 
144386 330 
144396 117 
144397 452 
144410 525 
144468 394 
144472 748 
144473 453 
144485 266 
144516 38 
144521 352 
144529 308 
144538 450 
144555 311 
144560 231 
144571 555 
144583 266 
144591 83 
144594 300 
144624 36 
144624 313 
144630 369 
144633 73 
144644 99 
144654 247 
144660 168 
144678 29 
144718 116 
144721 204 
144751 152 
144776 591 
144783 48 
144787 114 
144813 149 
144821 406 
144838 214 
144888 49 
144946 27 
144980 113 
145004 235 
145048 330 
145058 102 
145074 91 
145123 178 
145199 135 
145334 92 
145350 77 
145440 177 
145484 225 
145532 347 
145542 599 
145548 99 
145694 155 
145735 196 
145933 217 
146026 62 
146039 37 
146341 45 
146413 257 
146610 126 
146841 325 
146962 42 
147002 201 
147024 361 
147052 761 
147079 117 
147132 553 
147280 1428 
147413 609 
147502 194 
147518 748 
147780 82 
148577 91 
148708 76 
149448 145 
149468 247 
149515 102 
149534 313 
149571 620 
149644 66 
149812 1537 
149893 410 
149957 585 
149993 275 
150004 447 
150020 550 
150034 158 
150065 392 
150070 778 
150106 262 
150114 145 
150137 85 
150146 122 
150178 220 
150194 358 
150195 303 
150252 45 
150296 1051 
150301 2174 
150313 849 
150318 2281 
150324 141 
150331 365 
150332 136 
150334 1070 
150340 274 
150348 1581 
150356 249 
150363 363 
150372 478 
150374 345 
150378 739 
150386 1992 
150390 58 
150391 159 
150400 1266 
150403 96 
150448 21 
150503 33 
150511 188 
150521 308 
150544 320 
150569 596 
150578 150 
150642 2462 
150656 11 
150658 250 
150666 221 
150738 19 
150759 101 
150848 142 
150861 168 
150880 876 
150895 43 
150957 458 
151002 105 
151051 71 
151056 41 
151301 98 
151384 274 
151393 641 
151414 79 
151430 328 
151446 192 
151469 193 
151474 109 
151592 58 
151631 149 
151873 56 
151931 85 
151961 138 
151967 161 
152010 341 
152063 258 
152086 116 
152122 132 
152144 244 
152229 222 
152268 28 
152273 92 
152296 41 
152335 71 
152428 72 
152639 135 
153538 8 
154242 159 
154903 288 
154918 122 
154948 642 
155100 5 
155133 76 
155375 173 
155434 75 
155577 149 
155754 45 
156166 40 
156201 294 
156202 1069 
157242 19 
158909 99 
158950 114 
158956 45 
159303 337 
159315 130 
159509 13 
159819 476 
159941 55 
160995 85 
161145 45 
161282 164 
162851 23 
163112 46 
163268 141 
164409 81 
165788 86 
165968 35 
166795 146 
167449 11 
170600 45 
173180 633 
173459 223 
173797 24 
173824 262 
173825 77 
174168 91 
174312 43 
174559 28 
174576 41 
175531 42 
175742 46 
178661 42 
181850 212 
196299 24 
199805 33 
201043 255 
201958 71 
206367 25 
206505 25 
214329 26 
228263 108 
228395 602 
228429 359 
228694 134 
230068 28 
230136 1236 
230261 146 
230324 188 
230440 15 
233005 16 
233047 127 
233366 132 
237930 26 
238398 23 
239987 68 
244279 48 
247408 39 
254372 112 
254874 276 
264834 321 
312845 90 
313350 6 
322236 90 
323816 64 
405132 38 
408783 763 
408846 96 
408943 96 
409185 90 
409581 118 
410333 95 
412634 84 
413157 60 
413423 85 
414300 40 
415274 26 
429118 200 
429233 333 
429895 93 
430287 17 
434888 23 
