2173 1.23856481481
0 334469 
15 157 
17 258 
21 46 
25 151 
27 552 
29 122 
31 160 
32 115 
32 93 
33 545 
35 64 
36 329 
37 42 
38 48 
40 29 
41 135 
41 353 
43 63 
45 19 
45 112 
47 115 
48 215 
54 138 
54 216 
58 281 
59 30 
59 91 
61 103 
61 45 
62 115 
63 105 
63 138 
64 201 
64 170 
66 22 
68 125 
68 50 
69 127 
70 136 
71 95 
71 22 
73 169 
73 80 
74 1007 
74 77 
78 294 
78 164 
79 473 
82 77 
82 426 
83 564 
85 65 
85 329 
86 351 
88 80 
88 94 
88 224 
88 117 
89 70 
90 253 
90 390 
90 219 
91 265 
91 71 
93 257 
93 37 
94 70 
94 569 
97 725 
97 567 
99 339 
99 21 
99 145 
100 128 
100 83 
102 17 
108 194 
111 243 
114 181 
120 93 
120 106 
121 84 
122 116 
125 232 
133 50 
133 25 
134 373 
134 98 
135 98 
141 117 
143 949 
143 297 
144 13 
144 41 
145 196 
145 1072 
145 24 
149 120 
151 123 
152 97 
152 185 
156 171 
157 40 
158 241 
161 210 
162 127 
163 137 
166 407 
167 43 
171 75 
171 66 
174 45 
175 75 
182 89 
184 29 
186 146 
188 79 
188 101 
190 130 
190 194 
195 108 
196 145 
197 243 
197 31 
204 124 
207 138 
208 42 
211 348 
215 72 
215 37 
217 121 
218 77 
227 97 
227 63 
232 30 
232 35 
240 152 
248 51 
250 23 
251 360 
253 126 
271 215 
278 118 
283 341 
284 166 
291 170 
297 38 
305 290 
305 7 
311 304 
313 78 
321 101 
321 238 
322 169 
329 25 
336 170 
336 18 
340 59 
342 49 
343 15 
347 65 
365 125 
367 137 
376 467 
387 70 
388 75 
389 113 
391 52 
393 109 
393 841 
394 86 
399 92 
402 187 
402 149 
402 56 
407 104 
407 221 
407 207 
415 27 
416 82 
418 160 
419 32 
425 24 
426 333 
427 63 
431 53 
431 46 
438 553 
440 474 
448 51 
450 85 
454 35 
462 74 
468 34 
480 20 
481 55 
484 171 
492 104 
498 76 
500 16 
507 38 
508 80 
522 73 
531 72 
535 56 
536 55 
537 160 
555 34 
559 49 
559 23 
561 23 
567 450 
569 61 
578 25 
581 115 
585 159 
592 45 
594 78 
598 119 
600 24 
605 143 
614 19 
617 100 
621 457 
623 45 
629 236 
649 30 
654 11 
662 110 
674 31 
676 26 
684 53 
690 94 
694 36 
698 70 
722 174 
727 82 
728 153 
743 25 
770 30 
808 64 
821 71 
823 95 
865 91 
889 154 
911 93 
913 7 
955 59 
956 223 
957 59 
983 78 
983 47 
993 142 
1006 68 
1014 18 
1015 125 
1035 52 
1077 33 
1077 133 
1086 29 
1096 254 
1097 196 
1109 216 
1126 35 
1136 81 
1150 174 
1210 103 
1210 46 
1212 103 
1236 41 
1263 47 
1271 160 
1280 44 
1280 324 
1334 244 
1338 92 
1353 10 
1372 26 
1386 480 
1394 30 
1397 20 
1397 150 
1399 84 
1421 91 
1424 198 
1438 35 
1446 329 
1456 60 
1472 77 
1488 120 
1514 38 
1534 162 
1548 333 
1595 19 
1633 507 
1642 180 
1758 140 
1760 83 
1767 22 
1803 39 
1845 65 
1853 42 
1916 55 
1942 171 
1957 71 
1958 97 
1962 142 
1975 78 
1985 46 
2001 292 
2016 142 
2062 15 
2066 12 
2067 136 
2090 33 
2094 100 
2102 12 
2111 24 
2120 146 
2150 137 
2166 10 
2176 59 
2183 101 
2188 10 
2200 50 
2205 5 
2311 56 
2335 121 
2360 46 
2394 63 
2466 15 
2485 609 
2550 79 
2555 94 
2567 116 
2578 141 
2606 84 
2644 44 
2664 22 
2749 152 
2775 34 
2786 108 
2884 8 
3016 145 
3052 52 
3060 38 
3115 50 
3120 29 
3168 80 
3173 44 
3177 124 
3204 62 
3221 90 
3256 130 
3293 22 
3311 27 
3324 73 
3331 11 
3398 47 
3416 62 
3484 45 
3497 1055 
3595 31 
3655 116 
3808 114 
3838 435122 
3845 26 
3852 1059 
3852 298 
3857 467 
3863 120 
3865 202 
3870 91 
3871 60 
3874 485 
3875 261 
3876 125 
3876 485 
3882 102 
3883 126 
3883 1008 
3884 168 
3885 164 
3888 413 
3888 385 
3889 62 
3890 13 
3896 113 
3899 98 
3904 317 
3905 74 
3905 68 
3908 66 
3915 78 
3915 73 
3915 455 
3915 292 
3917 94 
3919 8 
3920 164 
3925 67 
3931 73 
3931 92 
3932 1 
3932 47 
3934 43 
3937 132 
3937 538 
3941 638 
3941 108 
3942 69 
3945 1406 
3953 732 
3954 195 
3955 21 
3963 185 
3965 41 
3969 188 
3970 71 
3975 25 
3975 388 
3979 191 
3980 128 
3981 52 
3992 428 
3993 228 
3994 403 
3996 56 
3999 113 
4011 33 
4011 23 
4013 47 
4015 435 
4021 74 
4024 40 
4031 126 
4038 249 
4041 134 
4044 18 
4047 36 
4048 181 
4050 97 
4063 143 
4066 186 
4073 31 
4079 543 
4079 79 
4081 103 
4085 174 
4085 63 
4089 52 
4101 229 
4117 105 
4125 22 
4133 52 
4138 69 
4139 68 
4148 150 
4149 94 
4150 19 
4150 72 
4210 244 
4216 95 
4218 1350 
4235 149 
4235 67 
4236 65 
4246 18 
4254 99 
4261 332 
4262 27 
4268 200 
4268 82 
4269 62 
4283 98 
4293 37 
4297 106 
4339 108 
4345 79 
4353 92 
4363 104 
4383 69 
4393 126 
4434 533 
4462 33 
4463 56 
4471 107 
4477 105 
4480 180 
4491 32 
4506 53 
4509 108 
4515 322 
4515 64 
4515 100 
4526 33 
4543 323 
4548 17 
4559 43 
4569 70 
4574 117 
4602 83 
4609 35 
4645 50 
4675 193 
4708 175 
4721 87 
4725 222 
4730 91 
4735 88 
4822 40 
4824 77 
4887 26 
4893 45 
4907 309 
4923 283 
4946 194 
4950 787 
4973 18 
4999 35 
5026 97 
5043 28 
5061 50 
5086 270 
5118 18 
5170 12 
5173 83 
5205 136 
5224 33 
5240 77 
5265 2 
5292 44 
5324 39 
5339 189 
5346 188 
5350 56 
5366 41 
5387 57 
5397 72 
5410 84 
5562 884 
5634 44 
5749 23 
5753 130 
5808 65 
5842 79 
5987 88 
6022 169 
6108 10 
6192 23 
6219 82 
6285 10 
6419 128 
6446 2 
6747 57 
6993 46 
7066 19 
7132 58 
7422 44 
7525 74 
7683 126 
7709 38 
7927 131 
7943 17 
7960 55 
8052 81 
8157 129 
8311 12 
8838 20 
9288 11 
10338 161 
10496 16 
10794 3 
10911 47 
11323 11 
11389 14 
11556 29 
11605 9 
11924 2 
12516 31 
12539 61 
12639 42 
13598 82 
13716 1033 
14092 38 
14503 84 
14549 12 
15010 121 
15612 85 
16064 417 
16169 231 
17168 60 
17355 79 
17412 158 
17463 173 
17635 194 
18699 11 
20479 156 
20969 8 
22510 20 
22716 2 
22729 45 
22925 61 
23011 22 
23256 37 
23375 68 
23592 21 
23715 23 
23778 85 
24697 256 
25182 38 
25288 145 
25974 205 
26085 121 
26190 21 
26239 81 
26251 25 
26343 103 
26578 159 
26671 143 
26982 159 
27148 18 
27460 38 
28224 136 
28275 136 
29108 9 
29114 96 
29179 47 
29457 20 
29458 17 
29644 44 
29952 112 
30040 135 
30166 83 
30264 110 
30296 21 
30701 45 
30848 102 
30918 53 
31451 12778 
31476 91 
31482 294 
31491 92 
31511 50 
31528 126 
31573 261 
31625 30 
31641 34 
31645 61 
31651 21 
31657 22 
31676 66 
31765 63 
31766 27 
31773 27 
31775 78 
31794 155 
31872 3245 
31906 147 
31959 37 
32011 315 
32012 309 
32115 56 
32118 125 
32167 57 
32211 573 
32260 375 
32375 44 
32416 71 
32447 145 
32585 36 
32718 15 
32756 74 
32851 16 
32885 255 
32965 335 
33032 83 
33441 7 
33477 50 
33502 60 
33555 20 
33918 187 
34281 37 
34413 16 
34516 47 
34663 152 
34669 12 
34754 41 
34798 19 
34972 3 
35462 510018 
35477 66 
35480 780 
35481 621 
35481 230 
35483 115 
35485 34 
35490 27 
35492 90 
35492 56 
35494 214 
35494 58 
35495 5 
35495 119 
35496 36 
35497 2954 
35497 103 
35497 28 
35499 53 
35499 53 
35499 89 
35501 95 
35502 50 
35503 706 
35503 315 
35503 225 
35503 191 
35504 51 
35507 213 
35507 236 
35507 17 
35509 177 
35509 289 
35509 80 
35510 205 
35510 33 
35511 50 
35511 111 
35511 124 
35511 92 
35512 175 
35512 66 
35512 89 
35513 69 
35515 150 
35515 551 
35516 162 
35516 327 
35518 912 
35520 123 
35520 436 
35520 182 
35521 106 
35521 53 
35522 47 
35522 96 
35523 220 
35523 55 
35525 376 
35526 147 
35527 95 
35528 431 
35528 111 
35530 110 
35530 30 
35532 135 
35532 1977 
35533 272 
35533 28 
35534 66 
35534 75 
35534 166 
35535 94 
35536 296 
35537 61 
35537 71 
35537 48 
35538 15 
35538 108 
35539 122 
35539 212 
35539 173 
35540 123 
35541 81 
35541 53 
35542 427 
35544 162 
35546 115 
35548 117 
35548 810 
35549 116 
35550 242 
35550 53 
35550 1356 
35551 129 
35551 148 
35552 1159 
35554 4903 
35554 326 
35554 4903 
35556 34 
35556 78 
35560 170 
35561 109 
35562 116 
35563 162 
35566 244 
35566 98 
35570 223 
35570 71 
35570 156 
35576 32 
35576 479 
35577 129 
35581 54 
35583 327 
35584 67 
35584 190 
35584 293 
35585 167 
35593 134 
35595 53 
35598 154 
35599 203 
35600 277 
35601 202 
35602 373 
35605 25 
35608 410 
35614 107 
35614 31 
35615 140 
35615 522 
35618 2 
35618 45 
35621 61 
35622 57 
35622 84 
35623 55 
35625 58 
35626 78 
35630 56 
35634 4125 
35636 292 
35636 114 
35641 67 
35642 215 
35644 762 
35644 102 
35645 63 
35647 287 
35647 68 
35649 240 
35650 137 
35652 61 
35653 106 
35655 114 
35656 53 
35657 686 
35659 293 
35664 2341 
35668 54 
35669 231 
35673 181 
35674 63 
35679 2939 
35682 186 
35684 70 
35685 54 
35687 51 
35691 307 
35697 5 
35699 162 
35700 68 
35702 228 
35703 249 
35710 214 
35713 185 
35714 26 
35717 142 
35718 37 
35724 388 
35730 26 
35734 40 
35734 140 
35735 5 
35741 59 
35745 114 
35746 410 
35748 144 
35750 118 
35758 133 
35761 96 
35762 312 
35765 89 
35768 187 
35769 69 
35772 43 
35772 189 
35772 245 
35773 49 
35777 30 
35784 165 
35787 378 
35787 82 
35789 46 
35795 1118 
35796 716 
35801 235 
35806 49 
35807 48 
35809 35 
35809 140 
35809 492 
35809 20 
35814 71 
35815 66 
35816 362 
35820 215 
35827 132 
35829 38 
35832 78 
35836 144 
35838 60 
35853 17 
35855 47 
35859 185 
35866 334 
35868 442 
35884 237 
35890 308 
35891 44 
35892 260 
35897 69 
35899 29 
35900 56 
35903 38 
35904 86 
35907 130 
35912 230 
35917 55 
35921 238 
35934 22 
35939 108 
35944 138 
35946 64 
35954 61 
35956 393 
35956 36 
35959 37 
35968 45 
35974 160 
35974 72 
35975 191 
35976 80 
35976 80 
35987 68 
35993 93 
36001 79 
36001 40 
36012 79 
36013 57 
36015 54 
36017 53 
36017 324 
36025 188 
36027 118 
36029 82 
36033 273 
36037 43 
36039 302 
36043 26 
36043 43 
36048 188 
36052 40 
36056 125 
36057 77 
36066 25 
36073 42 
36075 39 
36080 20 
36085 60 
36091 13 
36091 60 
36094 141 
36099 60 
36109 74 
36110 44 
36111 149 
36114 220 
36114 501 
36125 8 
36126 211 
36126 139 
36135 1354 
36140 189 
36148 115 
36150 21 
36176 243 
36181 28 
36187 35 
36192 86 
36193 22 
36198 56 
36202 28 
36204 150 
36213 817 
36213 60 
36217 86 
36217 78 
36219 1043 
36219 71 
36221 192 
36225 70 
36227 32 
36245 100 
36245 38 
36254 11 
36260 96 
36263 496 
36263 1168 
36269 210 
36272 137 
36282 745 
36287 10 
36291 21 
36300 57 
36320 12 
36347 62 
36355 50 
36356 71 
36359 131 
36369 76 
36370 30 
36372 237 
36376 104 
36376 188 
36379 53 
36390 21 
36395 76 
36413 69 
36417 80 
36420 760 
36429 145 
36438 203 
36447 118 
36448 49 
36453 13 
36455 155 
36470 32 
36470 41 
36496 29 
36496 40 
36512 60 
36519 21 
36552 50 
36553 26 
36554 4 
36567 24 
36569 7 
36589 23 
36605 12 
36605 335 
36609 96 
36613 34 
36626 7 
36627 95 
36634 42 
36646 125 
36651 47 
36671 94 
36680 40 
36692 37 
36699 81 
36702 41 
36721 125 
36745 65 
36746 30 
36760 89 
36762 448 
36764 85 
36779 63 
36791 321 
36796 64 
36799 47 
36807 54 
36813 28 
36815 102 
36840 29 
36843 18 
36843 297 
36862 269 
36863 77 
36875 132 
36885 29 
36887 69 
36897 44 
36908 41 
36919 134 
36937 45 
36947 39 
36952 809 
36953 148 
36968 102 
36968 78 
36999 91 
37010 74 
37016 127 
37020 116 
37023 100 
37025 69 
37028 115 
37043 70 
37047 252 
37050 20 
37064 53 
37067 249 
37111 18 
37116 1 
37137 10 
37168 135 
37188 38 
37255 118 
37302 51 
37307 51 
37345 75 
37355 144 
37365 49 
37380 49 
37382 84 
37437 8 
37448 12 
37450 100 
37466 36 
37480 29 
37491 48 
37499 28 
37508 46 
37512 63 
37513 41 
37518 16 
37521 93 
37523 42 
37570 129 
37583 18 
37588 30 
37635 142 
37656 16 
37748 221 
37780 70 
37784 100 
37803 35 
37850 86 
37867 50 
37877 41 
37936 130 
37956 74 
37977 36 
37982 44 
37998 60 
38011 296 
38066 187 
38086 124 
38116 261 
38117 98 
38157 22 
38178 355 
38249 25 
38278 109 
38281 62 
38301 125 
38312 34 
38343 101 
38345 20 
38370 19 
38396 97 
38405 19 
38409 216 
38420 61 
38421 19 
38484 22 
38530 46 
38542 97 
38542 12 
38588 19 
38625 23 
38646 102 
38666 285 
38670 69 
38672 111 
38696 20 
38704 53 
38720 22 
38738 11 
38772 108 
38787 61 
38808 47 
38814 45 
38852 9 
38854 26 
38854 27 
38898 206 
38905 38 
38936 69 
38955 34 
38967 783 
39006 105 
39018 70 
39026 72 
39054 71 
39100 53 
39130 11 
39146 61 
39176 59 
39234 57 
39261 25 
39272 44 
39286 67 
39343 15 
39360 14 
39364 342 
39365 27 
39448 27 
39454 72 
39508 1624 
39521 873 
39569 309 
39575 573 
39595 3192 
39608 116 
39640 31 
39645 30 
39657 470 
39675 554 
39693 212 
39798 348 
40020 168 
40022 27 
40349 44 
40568 58 
40579 66 
40658 47 
40769 328 
40805 19 
40901 8 
41106 34 
41696 67 
41853 57 
41857 113 
42038 36 
42076 153 
42463 94 
42814 61 
42994 49 
43233 11 
43445 8 
43662 111 
43882 315024 
43900 34 
43913 61 
43914 36 
43917 9 
43924 91 
43929 216 
43931 125 
43931 100 
43938 136 
43940 90 
43951 186 
43966 90 
43974 65 
43974 140 
43979 70 
43980 207 
43983 75 
43985 269 
43995 235 
44003 195 
44005 404 
44010 296 
44013 45 
44015 47 
44018 64 
44018 157 
44028 143 
44032 45 
44037 187 
44046 39 
44049 260 
44059 26 
44059 60 
44072 695 
44073 113 
44079 77 
44083 215 
44083 24 
44086 222 
44088 324 
44089 1088 
44093 53 
44109 48 
44110 55 
44113 128 
44113 169 
44133 141 
44134 205 
44141 75 
44143 6 
44149 57 
44156 106 
44170 71 
44178 126 
44183 23 
44214 72 
44265 151 
44266 69 
44275 92 
44298 114 
44315 37 
44317 28 
44317 16 
44324 16 
44338 36 
44374 42 
44399 254 
44410 75 
44412 138 
44421 134 
44421 81 
44430 47 
44454 558 
44463 41 
44478 40 
44488 77 
44499 204 
44502 78 
44528 17 
44540 17 
44563 49 
44568 81 
44570 115 
44572 29 
44603 719 
44603 70 
44621 83 
44627 255 
44684 36 
44731 248 
44746 89 
44772 137 
44775 11 
44783 113 
44784 88 
44793 109 
44839 248 
44851 94 
44854 529 
44875 36 
44885 35 
44902 13 
44908 71 
44934 89 
44993 71 
44994 79 
45057 137 
45072 208 
45075 49 
45102 101 
45219 115 
45230 34 
45232 25 
45354 79 
45410 14 
45420 129 
45445 121 
45445 426 
45516 31 
45548 96 
45572 85 
45607 41 
45716 7 
45822 36 
45823 101 
46011 41 
46218 62 
46353 306 
46398 482 
46536 110 
46542 91 
46584 62 
46655 356 
46675 582 
46848 21 
46848 47 
46902 81 
47363 226 
47442 57 
47692 58 
47746 93 
47805 119 
47834 63 
47881 46 
47940 149 
48007 16 
48021 187 
48221 108 
48388 174 
48391 232 
48446 6 
48684 86 
48890 202 
49468 65 
49610 38 
49682 35 
50025 55 
50176 59 
50211 67 
50293 181 
50525 395 
50615 42 
50702 99 
50979 103 
51493 101 
52178 1495 
52270 27 
52411 37 
53250 300 
53582 37 
53726 62 
53898 112 
54164 177 
54447 22 
54757 408354 
54777 78 
54783 2832 
54786 143 
54791 185 
54796 120 
54798 96 
54805 122 
54807 111 
54808 28 
54811 150 
54818 129 
54826 45 
54827 269 
54829 117 
54832 63 
54840 27 
54863 117 
54866 47 
54871 18 
54872 77 
54876 121 
54876 229 
54877 180 
54893 37 
54895 45 
54899 58 
54910 330 
54911 56 
54920 146 
54922 175 
54923 137 
54926 220 
54927 102 
54930 84 
54938 9 
54938 117 
54941 232 
54951 1814 
54956 315 
54958 51 
54963 177 
54969 37 
54977 58 
54980 26 
54983 167 
54990 71 
54995 305 
55006 40 
55007 577 
55013 65 
55018 56 
55030 259 
55048 43 
55053 338 
55067 450 
55068 42 
55080 168 
55091 107 
55098 113 
55109 77 
55126 308 
55150 47 
55150 117 
55151 31 
55160 44 
55209 67 
55228 301 
55245 41 
55250 200 
55258 86 
55259 604 
55276 29 
55281 53 
55292 123 
55306 2473 
55317 126 
55342 898 
55357 95 
55362 302 
55365 145 
55388 82 
55405 614 
55409 80 
55419 250 
55453 75 
55479 21 
55501 5 
55536 88 
55537 77 
55541 22 
55546 248 
55569 285 
55615 30 
55616 58 
55625 584 
55643 122 
55682 161 
55736 28 
55762 700 
55771 61 
55845 225 
55922 412 
55929 254 
55946 321 
55956 183 
55961 228 
55962 12 
55981 10 
56003 103 
56046 333 
56071 77 
56100 137 
56106 138 
56121 1019 
56125 254 
56128 23 
56183 59 
56230 76 
56260 63 
56317 106 
56320 120 
56326 14 
56334 173 
56335 106 
56337 15 
56338 19 
56350 3 
56373 87 
56401 94 
56436 29 
56464 32 
56586 205 
56588 144 
56613 29 
56658 77 
56658 77 
56677 59 
56677 59 
56694 5 
56694 5 
56745 39 
56745 197 
56761 159 
56761 91 
56799 213 
56818 52 
56900 122 
56903 73 
56955 33 
56960 87 
57105 159 
57176 33 
57194 38 
57265 78 
57335 120 
57336 49 
57435 94 
57443 115 
57518 153 
57562 10 
57623 575 
57718 166 
57841 149 
57891 32 
57931 140 
58372 105 
58489 197 
58554 45 
58772 11 
59205 33 
59274 281 
59433 37 
61267 28 
61509 35 
61564 13 
61861 11 
61885 1018 
61995 50 
62157 47 
62175 6 
63944 32 
63989 48 
64039 482 
64082 59 
64683 1224 
64936 790 
65131 60 
65728 117 
65814 103 
66038 81 
67077 12 
67271 12 
67944 166 
68132 162 
68168 47 
69181 110 
69283 153 
69493 44 
69574 13 
69620 45 
70098 120 
70191 11 
70293 66 
70334 216 
71375 27 
72925 34 
72969 31 
73066 22 
73430 699 
74162 35 
74216 26 
74370 496996 
74385 94 
74392 100 
74392 140 
74393 85 
74397 310 
74398 221 
74401 466 
74404 71 
74404 97 
74405 71 
74407 281 
74409 163 
74409 138 
74410 154 
74410 49 
74410 64 
74411 118 
74411 436 
74411 34 
74411 10 
74411 267 
74412 139 
74412 99 
74412 99 
74413 28 
74413 247 
74413 79 
74414 150 
74414 62 
74414 93 
74415 163 
74417 50 
74419 177 
74421 15 
74421 328 
74422 160 
74424 778 
74424 172 
74424 134 
74427 13 
74428 76 
74428 41 
74429 75 
74429 201 
74430 295 
74431 28 
74431 170 
74432 400 
74433 184 
74436 179 
74436 226 
74437 165 
74438 97 
74438 26 
74439 64 
74439 167 
74440 224 
74443 59 
74445 35 
74445 165 
74447 128 
74448 356 
74449 223 
74449 51 
74450 8 
74451 12 
74452 85 
74452 55 
74452 113 
74454 243 
74454 523 
74457 117 
74459 585 
74459 38 
74460 137 
74460 366 
74461 145 
74461 181 
74462 113 
74462 20 
74462 68 
74465 80 
74466 23 
74470 54 
74471 690 
74472 15 
74473 231 
74474 169 
74476 8 
74478 266 
74478 67 
74478 422 
74479 151 
74479 44 
74483 92 
74484 62 
74485 63 
74485 46 
74485 205 
74486 187 
74486 77 
74486 92 
74487 61 
74490 62 
74491 8 
74492 93 
74494 121 
74497 348 
74498 112 
74499 1494 
74500 31 
74501 77 
74501 160 
74505 77 
74505 164 
74511 55 
74512 37 
74512 153 
74515 293 
74515 119 
74515 415 
74517 45 
74518 51 
74522 235 
74522 225 
74523 185 
74524 113 
74527 221 
74527 66 
74530 80 
74530 23 
74531 46 
74533 91 
74535 951 
74538 1330 
74541 31 
74542 68 
74543 343 
74550 149 
74551 214 
74552 41 
74554 79 
74555 179 
74556 28 
74567 1145 
74570 94 
74574 1557 
74576 723 
74579 47 
74582 159 
74586 162 
74587 75 
74593 264 
74596 681 
74609 75 
74610 870 
74611 172 
74613 117 
74614 30 
74617 150 
74621 28 
74625 95 
74628 21 
74635 499 
74637 280 
74644 65 
74655 78 
74659 87 
74660 78 
74661 578 
74665 803 
74667 308 
74669 41 
74673 104 
74674 29 
74675 110 
74678 147 
74689 10 
74690 291 
74692 312 
74696 85 
74697 86 
74698 83 
74700 44 
74715 214 
74717 90 
74720 567 
74725 70 
74726 313 
74730 174 
74732 54 
74737 46 
74742 635 
74746 14 
74746 539 
74749 476 
74757 395 
74760 43 
74771 39 
74778 386 
74778 410 
74780 106 
74792 193 
74794 101 
74795 40 
74809 115 
74820 121 
74834 144 
74883 393 
74883 44 
74910 81 
74926 467 
74931 46 
74938 1100 
74942 143 
74968 398 
74980 54 
75002 130 
75022 103 
75027 54 
75030 162 
75043 421 
75071 606 
75079 17 
75089 126 
75099 437 
75103 72 
75158 366 
75172 61 
75184 515 
75235 169 
75242 220 
75350 46 
75409 27 
75445 20 
75514 337 
75545 251 
75650 186 
75710 375 
75717 339 
76270 22 
76334 177 
76420 7 
76879 2 
76935 147 
77193 56 
77377 139 
77755 41 
77799 109 
77933 14 
78210 73 
78260 27 
78284 42 
78353 228 
78380 54 
78445 296 
78501 173 
78592 161 
78630 340 
78768 127 
78853 57 
78959 50 
79273 9 
80236 41 
80320 465 
80609 99 
80650 1360 
80671 485 
81146 133 
81207 91 
81211 50 
81214 86 
81509 394 
81810 96 
81946 70 
82007 47 
82201 36 
82666 56 
82995 55 
83000 43 
83152 394 
83252 114 
83381 49 
83425 48 
83859 26 
84475 70 
84955 1051 
85622 228 
85705 58 
86489 214 
86529 122 
86731 108 
86816 32 
86885 219 
86960 122 
86989 150 
87343 12 
87348 32 
87753 384 
88342 118 
89170 50 
89519 247 
89682 100 
89783 50 
89868 30 
90412 128 
90589 380 
90666 89 
91050 468 
91311 270 
91674 70 
91979 31 
92020 200 
92205 112 
92311 39 
92780 185 
93195 170 
93463 13 
93930 432 
94465 1326 
94685 58 
95616 30 
96317 406 
97125 34 
97141 230 
100485 200 
103994 250 
110169 73 
113395 60 
113528 355 
115741 97 
116358 29 
117849 753 
118727 724 
119873 256 
121678 86 
123223 81 
123677 703 
123684 353 
125041 77 
127273 172 
128288 37 
129281 13 
129980 134 
131630 32 
132150 348 
135575 303 
136674 38 
137255 71 
138519 73 
140701 68 
142550 404 
143305 91 
143940 38 
145239 142 
146637 65 
147008 14 
147445 20 
147861 12 
148746 77 
149033 87 
149125 59 
150613 235 
151612 145 
153433 101 
154460 47 
154540 1327 
154702 95 
154786 607 
155287 78 
155661 60 
155716 198 
155817 115 
155924 262 
155951 105 
155986 129 
157912 87 
158049 186 
158356 32 
158430 121 
159193 62 
159522 145 
159991 15 
160035 153 
160070 29 
160563 159 
160634 51 
161487 115 
161908 197 
162112 117 
166714 7 
169899 34 
169985 164 
171550 79 
171577 175 
175415 83 
176935 0 
178316 81 
179571 164 
180536 62 
182594 89 
185154 91 
185198 111 
188920 34 
189748 77 
190394 171 
191063 6 
192806 46 
200352 26 
200549 103 
202872 866 
204154 2163 
204262 850 
204936 280 
204975 249 
205994 617 
206728 66 
208475 63 
214784 28 
215261 160 
216468 718 
216547 653 
216615 243 
216976 178 
217656 1 
221047 36 
221091 636 
225870 312 
228716 31 
228785 28 
229065 321 
231005 61 
231359 602 
231445 125 
231885 146 
233214 26 
235365 16 
236832 204 
237735 57 
238068 113 
239504 14 
241312 75 
242242 167 
242950 156 
244440 24 
244450 492 
244607 95 
244774 34 
245269 154 
245448 30 
245878 2752 
245919 2095 
246010 240 
246445 78 
246489 22 
251980 23 
253714 39 
253748 73 
261145 182 
262325 22 
269543 0 
271320 87 
282999 54 
303270 19 
309170 109 
310577 15 
310793 2429 
310873 192 
319610 126 
320461 71 
322829 26 
322963 35 
324454 39 
324991 27 
325400 72 
326085 56 
327676 423 
327797 40 
327918 12 
333152 420 
336173 22 
337475 313 
359338 22 
377029 61 
385263 316 
406899 4 
408945 233 
414144 207 
414603 92 
414651 64 
414682 23 
414830 155 
414914 80 
415016 42 
415470 71 
416259 58 
416460 351 
416649 56 
416856 90 
418560 205 
419214 231 
422239 127 
457261 38 
470476 43 
489429 131 
490093 194 
490130 199 
490297 183 
504379 66 
508081 135 
508899 0 
521069 17 
521905 257 
522282 83 
574270 34 
581488 67 
587846 81 
588940 964 
589483 996 
589542 159 
589549 357 
589612 132 
589827 582 
589840 34 
589884 89 
589888 242 
591141 644 
591198 124 
591254 640 
591313 459 
591329 216 
591381 70 
591551 21 
591776 85 
592155 394 
594188 252 
598914 19 
603546 38 
