3548 1.55269675926
0 2673931 
11 436 
14 58 
14 562 
15 252 
20 438 
21 207 
22 11 
22 124 
24 496 
26 48 
28 43 
29 153 
29 237 
33 16 
33 287 
34 63 
34 43 
35 665 
36 743 
36 91 
37 141 
39 245 
39 132 
41 27 
41 151 
41 47 
42 24 
43 74 
43 225 
44 27 
44 22 
46 550 
47 132 
47 278 
48 43 
49 364 
50 156 
52 147 
53 396 
54 58 
56 63 
56 892 
57 208 
57 228 
58 600 
59 340 
59 110 
59 180 
60 205 
60 215 
61 186 
62 24 
63 180 
63 38 
63 74 
64 117 
64 298 
66 10 
67 111 
68 143 
69 388 
69 124 
69 416 
69 132 
70 126 
71 249 
71 55 
71 99 
71 195 
71 963 
71 43 
72 244 
72 33 
72 202 
72 56 
72 47 
73 202 
73 162 
73 1023 
73 237 
73 39 
73 269 
73 255 
74 118 
74 17 
75 440 
76 773 
77 6063 
78 389 
81 220 
82 28 
82 614 
82 366 
82 35 
83 129 
83 266 
83 55 
84 223 
84 331 
85 159 
86 123 
86 357 
86 373 
87 41 
87 11 
87 449 
88 209 
88 13 
89 212 
89 188 
90 165 
90 130 
90 248 
91 302 
92 40 
92 193 
92 606 
93 154 
93 193 
94 37 
94 815 
94 42 
94 178 
94 543 
95 113 
96 281 
96 151 
96 189 
96 134 
97 74 
97 1190 
98 56 
98 456 
98 17 
98 49 
99 247 
99 153 
100 229 
100 144 
100 23 
101 405 
102 79 
103 287 
103 8 
103 89 
104 3144 
104 75 
104 187 
105 77 
105 111 
106 477 
106 89 
106 13 
106 289 
106 141 
106 202 
107 189 
107 165 
107 70 
108 153 
108 65 
108 214 
108 155 
109 104 
110 196 
110 22 
111 24 
111 37 
111 57 
111 43 
112 140 
112 376 
113 290 
113 80 
113 57 
114 114 
114 238 
115 123 
115 41 
115 53 
116 102 
116 317 
116 444 
116 137 
117 155 
118 132 
118 355 
119 287 
120 37 
120 841 
120 94 
121 147 
121 123 
121 40 
121 40 
122 744 
122 27 
123 57 
123 329 
124 169 
124 168 
124 120 
125 137 
125 105 
126 86 
127 92 
127 26 
127 767 
127 274 
128 70 
129 440 
130 56 
130 152 
131 177 
131 17 
131 285 
132 198 
132 93 
132 138 
133 77 
133 74 
133 437 
133 127 
134 127 
134 164 
134 163 
134 105 
135 154 
135 25 
136 62 
136 347 
136 269 
136 139 
136 32 
137 345 
137 137 
138 236 
138 358 
138 103 
138 826 
139 239 
140 296 
141 73 
141 215 
142 250 
142 175 
142 192 
142 68 
143 57 
143 71 
143 28 
144 151 
144 82 
145 120 
145 50 
146 150 
147 60 
147 52 
147 233 
147 137 
148 73 
149 128 
149 128 
149 49 
150 56 
150 101 
150 84 
151 43 
151 427 
151 468 
151 140 
152 74 
152 256 
153 43 
154 60 
155 104 
157 16 
157 359 
158 329 
158 202 
159 505 
159 170 
159 52 
160 175 
160 119 
160 419 
161 70 
163 76 
163 765 
163 285 
165 54 
166 188 
166 66 
166 85 
166 334 
167 112 
167 1741 
167 424 
168 24 
169 29 
170 120 
170 369 
171 218 
173 61 
173 41 
173 70 
173 113 
174 62 
174 172 
174 62 
174 15 
174 18 
175 255 
177 217 
177 129 
178 125 
179 65 
179 159 
180 569 
181 226 
181 279 
181 339 
182 194 
182 184 
183 161 
184 168 
184 54 
184 613 
185 276 
185 120 
185 323 
186 298 
187 250 
187 918 
187 91 
187 89 
188 147 
189 189 
190 16 
190 49 
190 77 
191 96 
191 167 
192 29 
192 261 
193 415 
194 1110 
194 401 
194 297 
194 424 
194 46 
195 181 
195 123 
195 172 
195 19 
197 60 
197 111 
198 27 
198 27 
198 105 
200 51 
200 64 
201 290 
201 221 
202 266 
202 384 
203 358 
204 312 
204 58 
205 228 
205 204 
205 29 
209 89 
209 111 
211 806 
211 122 
211 105 
211 118 
212 110 
214 78 
214 201 
214 202 
215 154 
215 112 
216 319 
216 13 
217 31 
217 50 
217 38 
217 186 
217 298 
217 167 
218 122 
218 307 
218 264 
219 180 
219 488 
219 206 
219 104 
220 112 
220 216 
220 94 
221 64 
221 17 
222 90 
222 165 
222 24 
223 38 
223 50 
223 329 
223 210 
224 135 
225 230 
226 75 
226 54 
226 154 
227 240 
228 116 
229 15564 
231 3 
231 2536 
231 373 
231 27 
232 85 
233 10 
234 258 
234 567 
234 96 
235 31 
235 59 
235 5126 
235 163 
235 545 
236 33 
236 90 
237 111 
237 639 
237 267 
237 44 
238 274 
239 464 
240 35 
241 106 
241 593 
242 200 
243 116 
243 133 
243 275 
244 79 
245 130 
245 8 
246 166 
247 121 
248 25 
248 110 
251 3 
251 64 
251 157 
251 128 
252 919 
252 69 
253 195 
253 400 
254 340 
255 90 
256 186 
258 117 
258 653 
259 226 
259 634 
259 620 
260 119 
260 6 
263 85 
263 17 
263 2 
264 23 
264 35 
265 325 
266 20 
267 63 
267 14 
267 81 
268 530 
268 81 
268 29 
269 13 
271 146 
271 70 
272 21 
272 57 
274 63 
274 53 
275 101 
276 80 
276 102 
276 249 
277 8 
278 52 
279 101 
280 24 
282 76 
282 40 
282 1025 
282 32 
282 53 
283 66 
284 142 
285 299 
286 20 
289 104 
289 176 
289 38 
289 217 
289 308 
290 45 
291 76 
291 585 
293 249 
293 446 
295 21 
297 119 
297 428 
297 60 
298 15 
298 107 
299 125 
299 13 
300 1101 
300 557 
300 93 
300 15 
300 135 
301 15 
302 169 
302 101 
302 40 
303 71 
304 81 
305 107 
305 408 
305 335 
305 434 
305 357 
305 34 
305 126 
306 514 
307 39 
307 109 
308 327 
308 76 
308 128 
309 77 
310 178 
312 41 
314 139 
315 180 
315 285 
320 660 
320 58 
322 39 
322 284 
323 121 
325 360 
325 187 
325 165 
325 148 
326 146 
327 19 
328 255 
328 217 
330 202 
331 62 
332 156 
332 62 
334 125 
334 85 
335 210 
336 139 
337 20 
337 734 
337 51 
338 22 
338 149 
339 307 
340 218 
340 55 
341 16 
341 106 
342 24 
342 17 
342 274 
343 33 
343 301 
344 389 
345 31 
345 81 
346 85 
346 98 
346 31 
347 57 
347 118 
347 648 
348 423 
350 639 
350 270 
350 122 
350 38 
351 313 
351 202 
351 112 
352 302 
352 290 
353 364 
353 106 
354 284 
354 669 
355 329 
355 40 
357 157 
357 77 
358 193 
358 104 
358 73 
358 95 
360 378 
363 177 
363 16 
363 51 
363 63 
363 441 
364 143 
364 37 
364 161 
365 79 
365 113 
367 160 
367 100 
369 223 
369 270 
370 302 
370 22 
371 50 
371 138 
371 65 
374 1100 
374 28 
374 39 
375 231 
375 109 
375 723 
375 167 
377 59 
378 45 
378 78 
380 162 
381 34 
381 55 
382 53 
382 367 
382 179 
382 595 
385 64 
385 86 
386 108 
386 228 
387 199 
389 229 
390 33 
392 700 
393 62 
394 60 
394 162 
395 183 
397 78 
398 489 
398 34 
398 95 
398 109 
399 184 
400 443 
401 165 
401 175 
402 440 
402 372 
404 161 
405 202 
407 71 
408 493 
409 741 
411 41 
411 267 
412 36 
413 256 
414 319 
414 113 
414 161 
414 80 
415 504 
415 891 
418 756 
419 80 
420 30 
422 90 
422 368 
423 1004 
425 557 
426 43 
426 134 
427 37 
427 27 
427 435 
428 83 
428 45 
428 157 
429 113 
429 47 
432 23 
434 40 
436 17 
436 67 
436 162 
439 172 
440 228 
440 8 
440 552 
440 92 
442 9 
443 103 
443 228 
444 161 
444 35 
445 114 
446 41 
447 88 
447 78 
447 29 
448 74 
449 71 
450 35 
450 20 
453 144 
453 46 
453 57 
454 126 
459 206 
460 123 
462 276 
462 333 
463 60 
465 746 
465 227 
466 215 
468 120 
469 127 
469 207 
470 227 
472 60 
472 155 
474 114 
475 16 
475 41 
475 576 
477 45 
477 871 
478 414 
478 12068 
480 691 
481 178 
481 51 
484 108 
484 59 
488 129 
489 181 
491 172 
491 113 
491 380 
491 85 
491 158 
492 171 
494 36 
494 276 
494 48 
496 42 
497 39 
498 60 
498 31 
498 120 
499 68 
499 30 
500 181 
500 309 
501 106 
501 69 
502 25 
504 47 
504 157 
505 41 
506 19 
507 32 
507 4012 
508 92 
509 546 
509 205 
512 199 
513 7 
514 210 
514 396 
514 30 
514 173 
515 325 
515 167 
516 46 
517 86 
517 164 
519 370 
520 20 
522 93 
522 125 
523 45 
525 407 
527 40 
528 42 
529 281 
529 32 
529 84 
529 468 
531 294 
532 34 
532 139 
533 219 
533 192 
533 111 
533 5 
535 76 
536 548 
539 64 
539 76 
539 253 
540 142 
541 437 
541 213 
543 171 
543 130 
546 13 
546 22 
547 155 
547 121 
547 41 
549 139 
549 21 
549 27 
551 43 
552 53 
553 165 
553 775 
554 361 
554 36 
558 274 
558 421 
560 20 
561 85 
562 271 
563 216 
564 277 
564 102 
567 88 
568 71 
568 86 
572 160 
572 34 
574 280 
575 561 
578 82 
578 518 
579 91 
579 220 
581 412 
581 30 
584 35 
585 325 
585 310 
585 277 
588 38 
589 145 
589 20 
591 124 
591 36 
593 96 
593 176 
594 139 
597 82 
600 219 
601 147 
601 48 
601 422 
603 121 
606 481 
606 160 
608 110 
610 171 
610 63 
612 100 
617 255 
617 105 
619 106 
619 72 
620 23 
621 55 
621 184 
622 63 
622 96 
622 169 
623 70 
623 7595 
627 110 
628 118 
629 144 
631 91 
632 53 
633 25 
634 153 
635 51 
636 111 
636 90 
636 370 
637 566 
638 218 
641 142 
642 37 
644 73 
644 56 
646 9 
647 291 
648 71 
651 413 
656 307 
657 96 
660 52 
663 36 
664 30 
665 67 
666 22 
666 13 
669 308 
669 737 
669 75 
671 145 
673 79 
674 63 
674 63 
674 358 
675 117 
675 271 
676 1172 
676 58 
678 42 
679 18 
680 86 
685 55 
686 229 
686 7 
688 114 
690 82 
695 162 
696 76 
703 519 
703 211 
706 247 
709 87 
709 13 
710 350 
710 78 
711 118 
711 237 
711 128 
713 338 
715 30 
717 49 
721 233 
722 263 
725 40 
726 34 
727 127 
729 270 
730 66 
730 124 
733 145 
733 47 
733 64 
734 212 
739 198 
739 37 
742 93 
743 86 
744 74 
744 192 
745 145 
747 68 
748 18 
748 446 
749 151 
750 167 
751 113 
751 52 
752 44 
753 25 
755 108 
755 50 
756 22 
756 129 
756 97 
759 69 
760 50 
760 157 
761 15 
761 557 
762 88 
763 86 
763 89 
763 305 
763 13 
765 138 
766 141 
767 109 
769 34 
770 256 
771 8 
771 24 
772 521 
773 15 
775 60 
778 4 
781 258 
781 119 
781 113 
782 120 
784 280 
785 1005 
788 397 
788 73 
797 158 
797 20 
798 102 
801 342 
801 147 
801 1446 
802 49 
804 7 
805 2831 
806 129 
812 282 
814 553 
817 212 
824 17 
828 307 
829 532 
830 172 
832 84 
832 94 
833 13 
837 233 
839 24 
841 33 
842 62 
846 811 
847 15 
848 30 
849 151 
850 123 
850 134 
853 216 
853 54 
853 34 
854 24 
854 113 
855 558 
855 173 
855 32 
861 47 
863 247 
863 30 
863 43 
864 25 
866 95 
867 18 
868 11 
870 94 
872 107 
874 149 
875 21 
877 49 
880 122 
882 97 
889 66 
889 310 
890 20 
891 37 
892 427 
892 226 
893 141 
893 27 
896 11 
896 20 
898 156 
899 131 
901 79 
901 7 
902 143 
904 45 
904 23 
905 173 
907 4 
917 74 
919 282 
920 85 
926 106 
928 146 
929 19 
929 135 
932 34 
932 12 
933 16 
939 220 
939 294 
941 141 
941 35 
942 181 
944 418 
947 65 
950 70 
950 115 
950 55 
950 194 
951 67 
952 91 
952 45 
954 132 
957 31 
957 278 
958 157 
961 0 
962 84 
964 287 
967 44 
969 47 
970 1 
971 43 
972 14 
972 182 
973 359 
973 10 
976 41 
979 20 
981 307 
983 186 
983 217 
984 285 
985 565 
985 589 
986 938 
988 227 
988 93 
989 69 
991 917 
993 62 
998 93 
1001 59 
1001 83 
1001 27 
1002 64 
1004 26 
1006 33 
1006 149 
1007 264 
1007 821 
1008 18 
1008 36 
1009 69 
1012 184 
1016 20 
1029 243 
1029 161 
1032 117 
1033 188 
1033 53 
1034 214 
1038 287 
1038 28 
1039 216 
1042 32 
1044 94 
1044 7 
1044 72 
1044 133 
1044 214 
1046 261 
1050 24 
1053 181 
1053 207 
1057 82 
1060 80 
1064 68 
1068 43 
1068 1017 
1071 5 
1073 899 
1075 1367 
1078 83 
1082 19 
1082 162 
1083 14 
1086 72 
1089 40 
1091 127 
1091 97 
1092 27 
1092 25 
1098 15 
1100 190 
1100 70 
1105 164 
1106 295 
1107 128 
1107 42 
1109 51 
1110 96 
1111 140 
1112 115 
1119 185 
1120 14 
1123 222 
1127 48 
1127 86 
1128 32 
1132 84 
1132 160 
1135 316 
1136 130 
1139 48 
1142 246 
1144 56 
1145 169 
1145 30 
1149 60 
1151 482 
1151 816 
1154 122 
1156 150 
1158 76 
1158 181 
1161 495 
1161 41 
1162 77 
1163 11 
1164 54 
1170 66 
1172 247 
1172 152 
1173 54 
1175 147 
1176 19 
1180 88 
1180 111 
1180 24 
1183 55 
1188 451 
1190 27 
1193 139 
1193 16 
1196 418 
1199 45 
1202 19 
1206 525 
1207 148 
1210 127 
1211 111 
1214 55 
1215 71 
1218 23 
1221 22 
1222 141 
1224 46 
1225 25 
1227 214 
1229 28 
1229 50 
1230 21 
1232 17 
1232 69 
1235 178 
1236 149 
1237 80 
1238 78 
1238 17 
1240 64 
1240 38 
1242 65 
1244 714 
1245 28 
1246 164 
1247 33 
1251 449 
1251 24 
1253 8 
1253 25 
1255 88 
1257 22 
1258 114 
1265 125 
1267 127 
1267 17 
1270 15 
1273 252 
1275 2 
1277 32 
1279 4 
1281 63 
1282 39 
1286 147 
1287 125 
1289 149 
1291 87 
1292 263 
1294 155 
1298 353 
1299 304 
1302 19 
1302 152 
1305 39 
1310 48 
1312 266 
1321 52 
1324 40 
1328 83 
1328 6 
1331 613 
1335 3 
1340 129 
1348 43 
1348 122 
1349 73 
1349 52 
1354 69 
1365 63 
1367 63 
1369 21 
1371 370 
1380 38 
1383 23 
1384 287 
1385 19 
1386 12 
1389 173 
1390 722 
1391 12 
1391 672 
1394 191 
1397 168 
1398 11 
1401 15 
1402 37 
1404 421 
1404 100 
1405 262 
1407 5 
1409 8 
1412 76 
1413 49 
1414 208 
1414 49 
1416 94 
1417 137 
1417 499 
1418 8 
1423 60 
1425 109 
1428 14 
1428 175 
1430 28 
1433 33 
1435 302 
1436 113 
1438 13 
1443 34 
1446 113 
1449 75 
1452 9 
1460 25 
1466 40 
1467 78 
1468 33 
1469 61 
1473 16 
1473 179 
1474 31 
1476 268 
1477 151 
1485 112 
1488 19 
1488 489 
1496 93 
1496 25 
1496 48 
1496 60 
1497 11 
1504 107 
1507 35 
1510 57 
1510 11 
1512 55 
1514 54 
1515 20 
1518 76 
1520 10 
1521 497 
1522 58 
1522 20 
1526 135 
1527 221 
1527 51 
1532 153 
1535 353 
1535 39 
1537 12 
1540 47 
1541 85 
1542 81 
1542 343 
1545 23 
1551 222 
1554 82 
1555 67 
1557 50 
1558 35 
1560 160 
1562 122 
1562 68 
1563 48 
1565 69 
1572 156 
1572 31 
1573 31 
1574 51 
1574 158 
1581 26 
1582 93 
1583 72 
1583 153 
1584 84 
1585 5 
1586 4 
1589 77 
1589 561 
1592 204 
1598 294 
1598 34 
1600 133 
1603 35 
1604 902 
1606 225 
1606 1266 
1610 426 
1612 189 
1612 245 
1613 153 
1613 754 
1616 225 
1629 27 
1630 21 
1636 68 
1644 27 
1647 158 
1657 255 
1658 88 
1659 57 
1659 235 
1660 63 
1661 103 
1661 1519 
1663 110 
1665 28 
1666 190 
1668 199 
1671 37 
1674 40 
1676 7 
1682 27 
1682 86 
1682 120 
1685 29 
1686 260 
1687 161 
1689 256 
1692 94 
1693 9 
1694 69 
1702 92 
1706 82 
1710 158 
1712 67 
1718 40 
1724 29 
1724 2512 
1727 1557 
1734 177 
1736 36 
1737 65 
1741 278 
1743 520 
1746 616 
1747 103 
1750 124 
1751 191 
1755 84 
1759 130 
1763 173 
1763 75 
1765 65 
1765 25 
1768 70 
1775 133 
1776 136 
1776 15 
1779 252 
1780 90 
1782 347 
1782 3 
1785 123 
1787 26 
1787 32 
1789 154 
1789 88 
1790 261 
1795 188 
1796 22 
1799 26 
1803 14 
1807 233 
1809 5 
1810 24 
1817 25 
1821 308 
1822 81 
1827 49 
1830 133 
1834 350 
1835 5 
1839 134 
1841 22 
1848 25 
1848 73 
1854 106 
1858 71 
1861 25 
1861 135 
1861 21 
1861 27 
1865 42 
1884 358 
1889 42 
1889 17 
1891 20 
1891 68 
1894 120 
1897 82 
1899 19 
1900 49 
1902 27 
1905 89 
1906 53 
1908 56 
1909 24 
1912 165 
1912 87 
1918 25 
1918 72 
1919 37 
1919 56 
1920 70 
1922 142 
1922 348 
1927 18 
1929 359 
1930 136 
1931 79 
1935 132 
1936 69 
1944 40 
1949 71 
1953 22 
1954 101 
1955 34 
1955 43 
1961 25 
1962 35 
1970 63 
1974 45 
1975 491 
1980 234 
1981 32 
1988 89 
1990 30 
1991 452 
1993 40 
1995 58 
1999 76 
2003 151 
2004 3 
2005 124 
2007 162 
2008 57 
2010 24 
2011 182 
2011 28 
2017 33 
2019 279 
2019 324 
2032 14 
2035 30 
2036 97 
2038 136 
2041 134 
2054 290 
2056 62 
2060 135 
2063 46 
2064 346 
2065 183 
2066 502 
2069 420 
2072 86 
2073 100 
2075 20 
2076 591 
2078 36 
2079 43 
2086 27 
2088 107 
2089 67 
2093 29 
2094 31 
2097 13 
2098 1803 
2104 34 
2105 44 
2107 740 
2108 145 
2112 80 
2113 4 
2114 87 
2114 45 
2117 276 
2117 70 
2118 245 
2120 107 
2121 548 
2124 67 
2129 148 
2145 57512 
2146 375 
2153 18 
2153 50 
2158 92 
2158 129 
2159 2 
2161 358 
2161 253 
2162 345 
2164 22 
2170 109 
2171 158 
2171 8 
2173 31 
2174 158 
2177 91 
2185 198 
2185 211 
2188 179 
2190 32 
2193 13 
2193 18 
2195 3 
2199 33 
2203 90 
2212 79 
2213 170 
2217 8 
2217 162 
2223 19 
2223 154 
2223 34 
2224 81 
2232 26 
2234 47 
2238 44 
2238 18 
2243 511 
2245 6 
2245 106 
2247 151 
2249 79 
2250 58 
2250 104 
2251 11 
2253 163 
2258 126 
2259 110 
2268 215 
2272 47 
2276 31 
2277 95 
2279 224 
2284 27 
2284 212 
2285 100 
2298 51 
2301 4 
2306 169 
2307 127 
2308 5 
2311 376 
2313 727 
2317 224 
2322 165 
2324 8 
2330 68 
2331 89 
2331 129 
2332 39 
2340 80 
2346 104 
2347 450 
2352 12 
2360 71 
2362 32 
2366 38 
2373 27 
2374 2 
2380 27 
2394 5 
2399 69 
2402 18 
2403 99 
2410 28 
2414 45 
2414 12 
2425 28 
2429 41 
2431 296 
2435 60 
2435 51 
2435 33 
2435 153 
2441 223 
2441 32 
2445 5 
2447 140 
2453 111 
2453 107 
2473 26 
2474 21 
2477 6 
2478 233 
2487 63 
2487 43 
2490 173 
2502 36 
2502 38 
2512 7 
2515 256 
2517 129 
2521 87 
2526 191 
2531 141 
2541 63 
2545 100 
2560 36 
2564 19 
2564 134 
2579 57 
2583 12 
2583 38 
2587 204 
2587 14 
2599 53 
2602 22 
2605 104 
2605 4 
2606 29 
2607 31 
2612 143 
2620 847 
2621 48 
2626 352 
2635 242 
2637 568 
2646 194 
2647 598 
2656 115 
2656 25 
2662 79 
2664 44 
2668 22 
2668 55 
2669 83 
2671 9 
2674 12 
2677 265 
2681 39 
2686 62 
2692 63 
2692 18 
2693 11 
2694 15 
2697 395 
2701 38 
2701 307 
2704 48 
2708 37 
2709 320 
2714 54 
2716 226 
2724 123 
2727 65 
2736 145 
2741 74 
2742 240 
2750 30 
2752 80 
2753 16 
2755 32 
2757 159 
2764 7 
2768 6 
2774 37 
2783 34 
2784 14 
2786 7 
2788 10 
2790 203 
2792 30 
2794 11 
2798 140 
2803 54 
2804 235 
2812 37 
2822 587 
2830 276 
2835 63 
2837 63 
2842 79 
2842 254 
2848 14 
2848 40 
2853 20 
2855 41 
2865 39 
2866 120 
2866 193 
2868 5 
2870 170 
2874 216 
2876 21 
2881 144 
2893 22 
2894 33 
2906 333 
2909 48 
2917 9 
2922 100 
2924 51 
2931 86 
2935 3 
2948 133 
2959 28 
2960 14 
2969 21 
2974 156 
2977 44 
2980 13 
2983 43 
2992 21 
2992 31 
2999 136 
3009 43 
3011 44 
3013 63 
3014 78 
3015 87 
3017 241 
3027 26 
3029 28 
3029 79 
3033 6 
3040 10 
3040 76 
3041 16 
3042 129 
3042 41 
3044 65 
3048 88 
3050 170 
3055 55 
3056 37 
3069 2 
3072 63 
3073 18 
3078 49 
3083 127 
3085 14 
3089 104 
3097 21 
3097 68 
3100 83 
3103 190 
3107 7 
3109 41 
3111 134 
3113 96 
3115 30 
3119 155 
3120 72 
3127 80 
3135 44 
3139 156 
3140 76 
3141 96 
3149 65 
3152 25 
3153 34 
3156 77 
3172 303 
3174 14 
3176 229 
3180 34 
3183 8 
3197 98 
3206 57 
3213 558 
3216 28 
3219 37 
3224 149 
3236 64 
3238 18 
3242 50 
3242 10 
3244 66 
3245 38 
3254 129 
3263 89 
3274 51 
3279 157 
3281 119 
3283 19 
3285 211 
3300 168 
3305 52 
3309 44 
3310 169 
3322 97 
3330 40 
3331 141 
3341 222 
3348 12 
3356 2193 
3360 128 
3362 237 
3362 96 
3370 159 
3371 38 
3372 5 
3373 110 
3377 179 
3378 182 
3384 10 
3386 24 
3400 29 
3405 16 
3405 17 
3408 104 
3429 35 
3435 145 
3438 273 
3442 41 
3443 8 
3463 159 
3464 41 
3464 81 
3469 17 
3472 187 
3478 35 
3479 109 
3482 38 
3484 40 
3497 54 
3500 9 
3504 27 
3521 16 
3526 270 
3526 142 
3527 68 
3530 69 
3534 65 
3537 56 
3545 63 
3546 20 
3552 33 
3554 40 
3556 56 
3562 110 
3567 15 
3568 228 
3568 74 
3569 118 
3572 31 
3582 9 
3583 63 
3584 38 
3594 9 
3598 51 
3603 210 
3612 83 
3615 36 
3615 24 
3617 50 
3622 133 
3627 49 
3632 107 
3634 92 
3634 21 
3647 7 
3650 95 
3658 19 
3665 64 
3676 46 
3679 63 
3682 370 
3693 20 
3694 895 
3698 12 
3701 11 
3702 38 
3703 33 
3705 17 
3706 135 
3707 17 
3707 61 
3716 13 
3720 112 
3743 99 
3743 146 
3746 110 
3753 39 
3755 443 
3755 67 
3756 66 
3759 20 
3760 16 
3760 36 
3765 85 
3765 408 
3768 50 
3770 18 
3776 213 
3783 16 
3788 25 
3795 39 
3799 356 
3804 9 
3809 76 
3813 72 
3813 36 
3814 151 
3819 213 
3822 107 
3822 111 
3824 127 
3826 97 
3834 56 
3838 53 
3838 42 
3849 14 
3859 28 
3859 19 
3866 81 
3877 89 
3900 13 
3902 126 
3906 143 
3906 63 
3908 43 
3910 25 
3917 32 
3923 93 
3931 161 
3932 51 
3932 110 
3936 146 
3959 40 
3963 4 
3970 33 
3980 89 
3982 19 
3991 180 
3993 58 
3994 16 
3995 98 
4005 38 
4005 115 
4005 26 
4021 74 
4028 91 
4030 26 
4031 28 
4031 12 
4041 43 
4043 12 
4049 43 
4049 13 
4053 69 
4068 515 
4071 29 
4073 6 
4085 6006 
4090 162 
4092 7 
4092 62 
4094 115 
4100 29 
4100 68 
4105 1466 
4105 17 
4108 160 
4120 25 
4134 131 
4135 21 
4139 95 
4148 5 
4157 45 
4179 34 
4180 66 
4185 94 
4191 876 
4193 27 
4221 83 
4224 3 
4233 45 
4240 146 
4246 25 
4246 56 
4246 95 
4248 150 
4249 63 
4256 7 
4262 14 
4271 147 
4276 95 
4280 40 
4280 41 
4285 87 
4286 20 
4300 13 
4316 140 
4332 15 
4340 26 
4344 186 
4348 131 
4350 4 
4352 27 
4358 47 
4360 35 
4363 194 
4385 54 
4392 193 
4393 86 
4411 116 
4411 10 
4413 74 
4422 7 
4422 43 
4430 49 
4432 12 
4441 55 
4443 24 
4444 15 
4445 22 
4447 76 
4460 61 
4461 72 
4494 216 
4497 51 
4498 85 
4502 5 
4512 57 
4527 15 
4527 62 
4552 17 
4553 276 
4554 46 
4556 49 
4560 13 
4561 30 
4562 27 
4573 28 
4582 50 
4585 67 
4588 14 
4590 5 
4599 44 
4601 71 
4621 81 
4621 338 
4624 218 
4631 29 
4631 70 
4636 701 
4643 6 
4643 50 
4655 42 
4682 41 
4691 87 
4700 53 
4704 71 
4705 27 
4705 32 
4706 84 
4713 44 
4713 60 
4715 78 
4724 29 
4730 25 
4742 40 
4742 32 
4751 47 
4763 55 
4765 105 
4766 7 
4777 186 
4778 88 
4792 23 
4808 21 
4814 153 
4815 153 
4827 24 
4828 24 
4835 153 
4849 135 
4849 81 
4850 1610 
4851 179 
4851 147 
4855 8 
4864 32 
4866 34 
4879 53 
4881 96 
4884 30 
4887 60 
4888 39 
4891 62 
4893 69 
4894 4 
4902 15 
4913 165 
4916 491 
4922 329 
4926 12 
4938 119 
4941 54 
4947 50 
4954 58 
4967 32 
4972 36 
4978 58 
4982 126 
4994 16 
5017 83 
5018 53 
5025 3 
5026 55 
5027 59 
5029 44 
5031 83 
5041 16 
5052 1 
5054 68 
5055 11 
5066 50 
5085 89 
5117 13 
5139 9 
5141 27 
5146 33 
5148 114 
5150 329 
5159 22 
5161 68 
5161 6 
5180 540 
5183 172 
5192 26 
5195 482 
5202 9 
5215 100 
5227 133 
5237 342 
5260 40 
5268 44 
5269 32 
5276 16 
5281 49 
5283 2879 
5307 218 
5312 33 
5314 66 
5324 90 
5344 37 
5363 5 
5364 163 
5373 28 
5376 30 
5376 15 
5389 73 
5397 20 
5421 36 
5422 40 
5426 30 
5450 2 
5453 34 
5459 995 
5461 7 
5463 116 
5465 295 
5468 78 
5471 146 
5482 132 
5484 32 
5491 42 
5508 66 
5525 34 
5525 30 
5557 9 
5561 188 
5563 94 
5566 17 
5573 1 
5589 235 
5591 38 
5593 74 
5604 102 
5610 38 
5614 49 
5615 140 
5621 299 
5642 30 
5656 17 
5661 70 
5668 11 
5671 30 
5674 47 
5693 204 
5705 178 
5717 67 
5725 30 
5730 176 
5733 47 
5742 107 
5743 33 
5743 62 
5744 61 
5754 44 
5758 26 
5759 76 
5777 52 
5788 41 
5791 54 
5795 28 
5808 32 
5846 15 
5855 22 
5855 33 
5862 132 
5879 67 
5884 154 
5902 263 
5912 53 
5912 521 
5915 22 
5916 33 
5924 18 
5935 40 
5946 30 
5952 244 
5958 126 
5962 6 
5964 31 
5975 91 
5987 40 
5988 330 
5988 6 
6001 11 
6012 51 
6012 30 
6012 16 
6015 27 
6016 32 
6018 42 
6021 78 
6026 404 
6034 25 
6052 79 
6082 19 
6083 16 
6091 31 
6093 37 
6095 31 
6114 41 
6115 51 
6116 126 
6123 167 
6128 51 
6129 286 
6139 378 
6147 44 
6172 78 
6187 226 
6194 105 
6218 31 
6219 197 
6221 212 
6235 29 
6239 21 
6241 19 
6242 23 
6243 42 
6253 10 
6258 116 
6268 8 
6270 32 
6273 76 
6288 10 
6319 47 
6324 282 
6365 99 
6378 40 
6386 51 
6388 73 
6412 80 
6421 44 
6423 37 
6430 77 
6434 62 
6443 36 
6475 54 
6477 25 
6487 44 
6490 34 
6496 12 
6498 36 
6503 271 
6535 84 
6536 202 
6575 12 
6602 11 
6603 58 
6611 89 
6620 37 
6635 14 
6647 180 
6684 84 
6684 158 
6694 92 
6735 116 
6740 67 
6749 156 
6753 41 
6767 99 
6776 104 
6795 2 
6798 11 
6821 87 
6822 96 
6839 843 
6853 35 
6862 443 
6862 369 
6862 43 
6868 34 
6879 7 
6882 38 
6886 63 
6899 16 
6910 40 
6916 100 
6916 39 
6930 10 
6931 432 
6933 33 
6936 210 
6937 122 
6938 191 
6943 127 
6944 16 
6952 43 
6984 48 
7020 53 
7021 37 
7022 120 
7024 21 
7037 47 
7048 44 
7052 51 
7054 78 
7057 128 
7059 4 
7070 9 
7081 73 
7084 149 
7095 152 
7098 2108 
7099 59 
7114 94 
7138 34 
7139 113 
7149 4 
7149 93 
7150 116 
7154 178 
7156 30 
7171 17 
7174 12 
7180 100 
7184 214 
7195 29 
7198 127 
7202 87 
7209 18 
7210 102 
7235 20 
7241 8 
7242 39 
7248 31 
7286 57 
7289 5 
7290 106 
7292 9 
7294 140 
7303 45 
7308 318 
7318 26 
7332 45 
7340 123 
7340 78 
7351 80 
7360 21 
7363 28 
7385 136 
7388 273 
7408 10 
7425 12 
7430 31 
7441 47 
7445 14 
7446 89 
7455 13 
7462 13 
7462 21 
7486 22 
7508 23 
7525 21 
7541 669 
7553 37 
7564 148 
7596 320 
7599 131 
7645 104 
7646 30 
7652 13 
7680 108 
7682 5 
7708 26 
7716 65 
7716 6 
7725 12 
7747 67 
7750 159 
7768 185 
7775 35 
7778 18473 
7780 72 
7784 32 
7790 90 
7820 1037 
7838 162 
7838 45 
7838 124 
7840 40 
7862 37 
7863 24 
7871 41 
7878 136 
7882 240 
7884 14 
7942 80 
7957 64 
7959 0 
7964 109 
7967 27 
7971 28 
7971 4 
7987 30 
7987 122 
8007 25 
8009 204 
8018 52 
8020 5 
8072 96 
8080 47 
8092 16 
8096 112 
8115 64 
8134 26 
8163 164 
8164 39 
8172 28 
8176 39 
8183 18 
8186 156 
8190 24 
8200 53 
8207 6 
8214 89 
8216 236 
8226 4 
8239 64 
8241 149 
8242 30 
8260 1305 
8273 315 
8276 43 
8279 25 
8285 115 
8289 32 
8303 67 
8306 48 
8357 43 
8389 51 
8415 74 
8419 112 
8420 174 
8422 71 
8441 106 
8456 117 
8473 58 
8529 83 
8534 96 
8545 31 
8560 81 
8562 216 
8562 17 
8608 11 
8617 78 
8620 185 
8633 29 
8646 60 
8681 64 
8684 20 
8701 81 
8704 352 
8716 46 
8719 115 
8720 76 
8746 33 
8751 61 
8751 56 
8767 49 
8783 63 
8801 501 
8811 293 
8826 36627 
8834 1305 
8839 88 
8839 209 
8849 118 
8868 39 
8886 217 
8904 45 
8976 23 
8985 83 
8995 5 
9000 5 
9023 22 
9029 16 
9133 240 
9135 107 
9148 168 
9148 42 
9181 60 
9191 19 
9200 51 
9205 20 
9206 21 
9214 129 
9216 15 
9226 15 
9227 6 
9242 7 
9242 2 
9246 97 
9299 21 
9301 12 
9309 80 
9336 16 
9366 25 
9427 27 
9434 2 
9461 24 
9471 50 
9487 8 
9506 112 
9552 31 
9563 82 
9567 16 
9572 348 
9621 27 
9653 57 
9653 44 
9672 38 
9717 100 
9725 179 
9727 51 
9738 14 
9743 140 
9751 30 
9751 105 
9772 33 
9776 144 
9782 20 
9793 43 
9800 22 
9813 32 
9839 12 
9851 77 
9852 8 
9867 20 
9894 34 
9909 15 
9925 34 
9932 16 
9972 79 
9982 21 
9995 13 
10005 43 
10025 92 
10030 137 
10069 19 
10075 9 
10081 82 
10097 294 
10104 21 
10110 95 
10136 31 
10169 101 
10174 54 
10196 114 
10223 30 
10223 36 
10234 155 
10236 52 
10239 66 
10250 111 
10275 102 
10280 7 
10298 91 
10301 66 
10306 33 
10326 26 
10328 192 
10368 45 
10384 17 
10393 78 
10396 22 
10414 5 
10428 64 
10433 60 
10452 18 
10456 23 
10466 27 
10490 11 
10507 12 
10537 45 
10538 203 
10651 25 
10666 115 
10701 27 
10722 31 
10725 112 
10726 28 
10758 86 
10771 14 
10772 149 
10819 194 
10829 9 
10846 86 
10855 70 
10886 6 
10908 206 
10960 5 
10982 57 
11000 91 
11001 20 
11007 21 
11029 11 
11062 40 
11066 3 
11134 8 
11155 17 
11159 1717 
11180 70 
11230 17 
11350 32 
11361 97 
11364 58 
11390 24 
11439 51 
11447 130 
11538 65 
11550 11 
11592 11 
11616 80 
11655 29 
11675 10 
11689 14 
11691 115 
11701 142 
11722 28 
11732 149 
11734 16 
11736 60 
11773 59 
11779 53 
11784 44 
11872 32 
11880 22 
11887 90 
11893 37 
11924 62 
11940 17 
11995 44 
12004 24 
12033 54 
12044 4 
12081 32 
12089 9 
12091 71 
12092 53 
12139 203 
12143 27 
12145 77 
12152 3 
12291 12 
12329 20 
12372 41 
12378 59 
12380 86 
12382 29 
12469 46 
12536 9 
12541 73 
12560 38 
12580 56 
12617 17 
12775 308 
12778 58 
12819 84 
12857 9 
12861 79 
12902 18 
12933 23 
12955 69 
12985 64 
13020 156 
13036 67 
13062 44 
13063 28 
13065 57 
13065 7 
13081 4 
13082 17 
13155 16 
13171 52 
13242 1144 
13252 52 
13328 8 
13485 25 
13516 118 
13530 45 
13597 14 
13606 38 
13628 10 
13631 43 
13666 543 
13704 47 
13714 6 
13732 7 
13761 6 
13784 38 
13835 74 
13839 274 
13845 5419 
13947 122 
13992 10 
14031 75 
14052 760 
14116 47 
14129 71 
14129 71 
14139 17 
14139 17 
14165 17 
14165 17 
14269 94 
14274 40 
14292 6 
14344 41 
14344 52 
14369 178 
14372 469 
14483 144 
14488 27 
14490 41 
14585 78 
14605 52 
14609 17 
14623 21 
14689 19 
14709 22 
14721 106 
14725 39 
14763 0 
14764 23 
14775 15 
14787 22 
14792 297 
14797 37 
14823 121 
14827 14 
14843 48 
14850 34 
14886 27 
14895 234 
15024 29 
15066 109 
15095 11 
15103 2 
15108 123 
15144 66 
15164 29 
15280 40 
15292 22 
15444 53 
15501 6 
15510 67 
15535 65 
15696 49 
15718 41 
15731 60 
15737 7 
15783 5 
15845 17 
15855 77 
15940 18 
15964 76 
15970 2 
15993 369 
16133 65 
16157 21 
16197 33 
16231 125 
16305 41 
16367 3 
16374 193 
16398 9 
16538 2 
16753 36 
16796 625 
16819 32 
16838 103 
16991 45 
17049 9 
17080 8 
17100 96 
17222 153 
17226 20 
17240 22 
17332 10 
17373 13 
17413 32 
17457 53 
17472 17 
17479 190 
17533 950 
17538 124 
17655 12 
17756 5 
17773 64 
17779 4730 
17785 71 
17862 105 
17866 66 
17898 9 
17932 45 
17942 126 
17945 27 
17954 22 
18043 76 
18070 105 
18089 148 
18140 721 
18154 37 
18210 26 
18385 26 
18413 80 
18478 784 
18481 62 
18528 11 
18623 78 
18669 15 
18670 352 
18723 55 
18735 43 
18792 18 
18816 19 
18838 8 
18948 7 
18958 88 
18990 140 
18994 10 
19026 89 
19049 10 
19109 51 
19113 6 
19125 209 
19215 143 
19221 48 
19279 14 
19315 71 
19343 89 
19360 29 
19366 10 
19447 4 
19512 303 
19519 67 
19653 39 
19721 249 
19762 14 
19812 775 
19843 105 
20156 46 
20282 40 
20299 14 
20426 17 
20459 12682 
20459 6 
20507 94 
20577 17 
20594 2610 
20612 23 
20616 3 
20646 16 
20686 60 
20688 109 
20697 54 
20850 515 
20918 33 
20933 76 
21089 14 
21238 20 
21262 184 
21319 100 
21365 76 
21440 310 
21452 73 
21563 129 
21569 157 
21645 36 
21654 8 
21657 338 
21758 29 
21842 527 
21867 752 
21895 605 
21988 1 
22025 10 
22057 17 
22084 31 
22126 33 
22135 13 
22156 1571 
22236 395 
22304 5 
22382 54 
22549 24 
22585 84 
22588 6 
22597 13 
22643 16 
22832 14 
23032 345 
23045 7 
23050 13 
23068 49 
23238 381 
23286 50 
23320 39 
23336 18 
23432 15 
23518 46 
23594 141 
23660 6 
23889 10 
23935 4 
23939 147 
23980 23 
24070 13 
24198 18 
24406 149 
24531 45 
24561 0 
24624 29 
24633 19 
24716 54 
24893 167 
24983 506 
25023 191 
25118 435 
25145 9 
25337 58 
25449 0 
25561 9 
25598 6 
25686 43 
25709 6 
25806 73 
25902 9 
26137 356 
26176 7 
26204 18 
26705 56 
26714 4 
26768 30 
26780 34 
26803 95 
26841 12 
26904 63 
27067 25 
27211 33 
27224 129 
27429 81 
27442 18 
27455 9 
27624 296 
27631 34 
27652 563 
27962 281 
28272 25 
28297 39 
28349 36 
28381 43 
28535 116 
28669 13 
28698 16 
28919 270 
28988 26 
28988 19 
29021 46 
29032 30 
29058 22 
29171 4094 
29583 170 
29809 108 
29879 37 
30074 32 
30075 18 
30316 47 
30416 241 
30452 70 
31089 21 
31151 441 
31371 28 
31474 78 
31501 742 
31518 611 
31521 1471 
31542 161 
31590 10 
31592 109 
31649 54 
31672 80 
31745 37281 
31756 8 
31781 93 
31836 188 
31891 33 
31920 461 
31928 5452 
31983 903 
31996 134 
31999 17 
32103 298 
32209 117 
32219 1293 
32350 392 
32504 19 
32734 40 
32885 16 
33040 22 
33261 52 
33853 31 
33973 82 
34027 454 
34170 309 
34440 30 
34751 32 
34805 578 
34829 30 
34849 1654 
35016 180 
35459 184 
35630 228 
36083 53 
36324 7 
36509 36 
36536 91 
36607 134 
36617 13 
36661 270 
36945 3 
37234 23 
37292 38 
37293 3 
38179 52 
38224 794 
38631 1 
38705 79 
38985 633 
39158 104 
39390 183 
39937 3 
40060 12 
40200 6 
40411 44 
41676 29 
41766 131 
41966 364 
42175 6 
43061 57 
43232 86 
44074 15 
44092 193 
44711 4 
44779 30 
45268 123 
45696 5 
46037 486 
46059 15 
46281 11 
46311 87 
46545 305 
46691 32 
47164 4790 
47609 1375 
47958 114 
48252 6 
48277 287 
49110 12 
49120 10 
49376 26 
50840 693 
50926 16 
50953 13 
51239 285 
51675 154 
51990 1685 
52034 1494 
52100 147 
52863 18 
52921 14 
53654 61 
55012 8 
55110 75 
55622 342 
55827 36 
57363 15 
57727 24 
57772 92 
58133 183 
58638 31 
59207 20 
59609 451 
61374 1270 
61402 22 
62572 139 
62660 390 
63336 22 
64015 539 
64179 581 
64368 20 
65258 11 
65598 156 
68145 10 
69024 51 
70809 24 
70980 7 
75938 12 
77930 3 
78349 120 
79535 87 
80672 23 
82185 113 
83450 3 
85760 2259 
86757 176 
87211 97 
87391 8 
89878 85 
91125 141 
91516 107 
91687 50 
91867 15 
92221 135 
92457 209 
93221 39 
93738 32 
94301 52 
94327 186 
94467 350 
95132 133 
95167 204 
95234 184 
95261 55 
95601 57 
95750 35 
95765 122 
95781 0 
96043 87 
96260 55 
96905 22 
96910 105 
97198 1 
98583 147 
98600 21 
99135 49 
99374 477 
99459 917 
99504 18 
100095 24 
100325 117 
100379 284 
100431 219 
100737 236 
100920 99 
101109 167 
101221 674 
101259 625 
101312 11 
101506 146 
102834 85 
102991 10 
103361 2 
103959 293 
104133 40 
104747 51 
105901 250 
106234 82 
106890 4 
107232 14 
107326 310 
108965 19 
109009 0 
109641 35 
110353 23 
110850 108 
111406 112 
112241 83 
112622 49 
113648 11 
114469 282 
115097 32 
115590 7 
119281 3 
119281 3 
120835 31 
120976 22 
122518 3 
122816 56 
124856 49 
125027 34 
126608 4 
127598 33 
128238 115 
130576 1 
131266 1496 
131280 96 
136532 289 
137996 286 
141543 9 
141588 45 
142386 88 
142501 30 
142591 235 
144368 3 
146163 10 
146234 100 
148269 62 
149762 0 
151772 165 
155026 22 
157989 1086 
160078 57 
160660 15 
162390 111 
170778 146 
172830 15 
173738 11 
174918 54 
175094 269 
175135 333 
175287 142 
175595 246 
176061 38 
176351 226 
176407 927 
176655 60 
177077 65 
177676 100 
178541 52 
179671 30 
180616 11 
181431 211 
181574 72 
181897 45 
181919 30 
183295 618 
184105 85 
184969 85 
185061 0 
185932 53 
186414 108 
186449 2464 
186459 65 
186540 290 
186607 15 
186887 33 
187055 27 
187516 3 
189096 57 
190283 346 
193231 236 
194812 154 
195346 22 
195377 1197 
196365 9 
196626 26 
197645 50 
198612 51 
198917 67 
199130 81 
199252 691 
199291 18 
200299 80 
200432 45 
203115 10 
203179 189 
204775 80 
205520 26 
205742 64 
207060 4 
209515 220 
213561 411 
213994 64 
214081 40 
214843 79 
224812 165 
225193 21 
227523 10 
232467 2 
233627 308 
237040 33 
237303 62 
238568 54 
240435 658 
248336 224 
254746 123 
255170 30 
259236 5 
260220 22 
261677 137 
261861 7 
263637 114 
265843 242 
265952 366 
267783 69 
268163 498 
275584 129 
277680 37 
280974 30 
288178 24 
295260 53 
300374 21 
312815 36 
320128 18 
324706 216 
341589 187 
346624 1122 
352035 10 
352331 7 
360582 24 
365660 108 
380728 98 
392466 224 
393185 30 
393827 3 
395201 24 
398741 115 
398845 116 
398924 57 
399589 1376 
408434 6 
416110 194 
428614 271 
429919 10 
429954 131 
433083 35 
444258 129 
444538 91 
444933 1228 
446796 14 
451706 9 
454926 44 
458794 30 
459198 33 
461135 46 
463568 42 
511800 23 
515686 127 
530846 28 
