7078 3.78392361111
0 4591269 
5 214 
6 710 
9 184 
11 98 
12 713 
12 419 
13 54 
14 343 
15 2009 
15 1026 
16 65 
17 0 
17 132 
19 122 
19 64 
19 12 
21 9 
21 197 
21 222 
23 405 
24 165 
24 107 
25 6 
25 368 
25 291 
26 105 
27 12354 
27 222 
27 232 
27 40 
27 31 
28 129 
30 410 
31 620 
32 10 
32 102 
32 63 
33 98 
33 185 
34 167 
34 37757 
35 500 
35 145 
35 232 
35 99 
36 417 
36 72 
38 23 
38 356 
39 181 
39 57 
39 413 
39 12 
39 22 
39 67 
40 26 
41 151 
41 186 
41 262 
42 62 
42 750 
42 33 
42 479 
42 101 
42 448 
43 16 
44 53 
44 148 
44 41 
44 278 
44 326 
44 345 
46 75 
47 66 
47 296 
47 573 
47 30 
48 262 
48 254 
48 182 
48 304 
49 161 
49 81 
49 160 
49 10 
49 58 
49 21 
50 32 
50 84 
50 2666 
50 22 
50 608 
50 259 
50 1233 
50 93 
51 165 
51 71 
51 286 
51 17 
51 207 
52 239 
52 249 
53 800 
53 273 
53 17 
54 9 
55 1129 
55 24 
55 40 
55 400 
56 506 
56 23 
57 105 
57 168 
57 114 
57 347 
58 1267 
58 72 
58 68 
58 17 
58 1056 
58 61 
58 4079 
58 443 
58 1023 
58 222 
58 136 
58 49 
59 4 
59 575 
59 124 
59 251 
59 37 
60 55 
60 14 
60 189 
60 2497 
60 133 
61 2 
61 23 
62 286 
63 37 
63 109 
63 20 
64 167 
64 131 
65 37 
65 10 
65 1140 
66 704 
66 215 
66 90 
66 383 
66 431 
66 7538 
66 79 
67 86 
67 17 
68 332 
68 110 
68 384 
69 130 
69 126 
69 111 
70 254 
70 1186 
70 1216 
70 934 
71 603 
71 299 
72 173 
72 1050 
72 142 
73 29 
73 442 
73 1397 
73 192 
73 2147 
73 101 
73 212 
74 130 
74 110 
74 1263 
74 262 
74 42 
74 104 
75 10 
75 30 
75 583 
76 1380 
76 24 
76 9 
76 26 
77 716 
77 234 
77 33 
77 1556 
77 77 
77 1417 
77 19 
77 178 
78 131 
78 444 
78 13 
78 101 
78 3814 
78 170 
79 82 
79 502 
79 168 
79 11879 
80 235 
80 161 
80 25 
80 37 
81 149 
81 18561 
81 549 
82 14 
82 34 
82 33 
82 226 
83 104 
83 7 
84 340 
84 91 
84 179 
84 119 
84 15 
85 105 
85 674 
85 1430 
85 132 
85 32 
85 1560 
86 54 
86 22 
86 1231 
86 141 
86 48 
87 21 
87 72 
87 794 
88 9 
88 296 
88 31 
88 59 
88 99 
88 43 
88 506 
88 308 
89 439 
89 1082 
89 167 
89 143 
89 566 
89 175 
90 118 
90 72 
90 54 
90 22 
90 268 
91 18 
91 20 
91 45 
91 105 
92 3 
92 90 
92 414 
92 33 
92 106 
92 287 
92 248 
92 151 
93 3664 
93 71 
93 837 
93 11363 
94 53 
94 122 
95 108 
95 157 
95 683 
95 10 
95 1955 
95 108 
96 889 
96 940 
96 91 
96 52 
96 3 
97 4 
97 99 
97 341 
97 149 
97 167 
98 313 
98 883 
98 4 
98 431 
98 72 
98 269 
99 65 
99 3 
100 124 
100 165 
100 379 
100 176 
100 112 
100 1006 
100 230 
101 67 
101 71 
101 1298 
101 259 
102 137 
102 105 
102 34 
102 5 
102 186 
102 10 
103 9 
103 66 
103 169 
103 147 
103 20 
104 3709 
104 424 
104 263 
105 72 
105 178 
105 12249 
105 104 
106 69 
106 491 
106 224 
107 522 
107 64 
107 591 
107 2290 
107 252 
107 32 
107 6 
108 163 
108 94 
108 603 
108 75 
109 196 
109 16 
109 594 
109 109 
109 21 
109 117 
109 363 
109 2080 
109 99 
110 28 
110 133 
110 63 
111 23 
111 94 
111 98 
112 806 
112 38 
112 659 
112 1021 
112 14 
113 125 
113 148 
113 463 
113 140 
113 2160 
113 1205 
113 108 
113 1666 
115 67 
115 391 
115 37 
117 371 
118 423 
118 35 
118 57 
118 6 
118 51 
118 1174 
118 138 
119 233 
119 207 
119 93 
119 33 
119 145 
119 3245 
120 209 
120 601 
120 56 
120 212 
121 2061 
121 26 
121 94 
122 161 
122 300 
123 724 
123 94 
123 1627 
123 59 
123 435 
124 59 
125 10 
125 371 
125 131 
125 484 
126 194 
126 109 
127 49 
127 227 
127 15 
128 66 
128 23 
129 409 
129 30 
129 286 
129 90 
130 64 
130 891 
131 65 
131 1252 
131 554 
131 117 
131 185 
131 0 
131 174 
131 59 
131 367 
131 77 
132 52 
132 266 
132 145 
133 1245 
134 390 
134 171 
134 11 
134 136 
134 12 
135 45 
135 390 
135 57 
135 225 
136 62 
136 134 
136 50 
137 174 
137 151 
137 346 
137 22 
137 329 
137 125 
137 21 
138 4 
138 55 
138 375 
138 54 
138 112 
139 74 
140 29 
140 119 
140 162 
140 95 
140 2380 
141 56 
141 6 
141 0 
141 226 
141 2388 
141 77 
141 228 
142 578 
142 334 
142 766 
142 438 
142 6188 
143 701 
143 181 
143 3 
143 36 
143 463 
143 620 
144 29 
144 423 
144 532 
144 15 
144 30 
144 1283 
144 1389 
145 1246 
145 204 
146 88 
146 69 
146 26 
147 46 
147 107 
147 19 
147 15 
147 251 
147 86 
148 528 
148 472 
148 593 
149 63 
149 120 
149 212 
150 288 
150 4243 
150 297 
150 145 
150 337 
150 16 
151 506 
151 15 
151 327 
152 635 
152 1126 
152 36 
152 114 
152 85 
152 90 
153 838 
153 361 
153 136 
153 227 
153 257 
154 260 
154 213 
154 2898 
154 190 
155 152 
155 186 
156 60 
156 188 
156 474 
157 78 
157 20 
157 2147 
157 1567 
157 67 
158 214 
158 178 
159 8 
159 86 
160 133 
161 114 
161 21 
161 321 
161 217 
162 139 
162 504 
163 15 
163 1421 
163 376 
163 25 
164 201 
164 42 
164 423 
164 2049 
164 136 
165 285 
165 418 
165 17 
165 96 
165 1 
165 72 
166 127 
166 38 
167 207 
167 6216 
167 101 
168 59 
168 120 
169 81 
169 138 
169 20 
169 639 
169 43 
170 1851 
170 511 
170 147 
171 79 
171 29 
171 64 
171 220 
172 38 
172 207 
172 1454 
173 29 
173 841 
173 416 
173 4389 
173 39 
173 14 
174 57 
174 26 
175 346 
175 80 
176 129 
176 43 
176 90 
176 2 
176 61 
176 140 
177 381 
177 88 
177 95 
177 1806 
177 592 
177 3420 
177 660 
177 20 
178 106 
179 116 
180 446 
180 1020 
180 95 
181 48 
181 11 
181 171 
182 646 
182 74 
182 10 
182 377 
183 9 
183 73 
183 27 
183 400 
183 79 
183 7 
183 25 
183 64 
183 468 
184 49 
184 1357 
184 42 
184 88 
184 1159 
184 27 
185 47 
185 185 
185 30 
185 374 
186 1672 
186 90 
186 32 
187 10 
188 243 
188 500 
188 74 
188 318 
188 73 
188 102 
189 703 
189 531 
190 14 
190 102 
190 645 
191 86 
191 599 
191 21 
191 172 
191 230 
192 97 
192 86 
193 146 
193 32 
193 232 
194 150 
194 1126 
195 128 
195 185 
195 65 
196 47 
196 54 
196 307 
197 68 
197 35 
197 437 
197 13 
197 162 
198 220 
198 43 
198 117 
198 14 
198 1097 
198 72 
199 46 
200 67 
200 353 
200 386 
200 155 
201 1507 
201 407 
201 332 
201 569 
201 119 
201 145 
202 31 
203 1116 
203 401 
204 94 
204 113 
204 34 
204 1263 
205 14 
205 102 
206 364 
206 46 
206 17 
206 77 
206 288 
206 26 
207 225 
207 11 
208 201 
208 68 
208 45 
209 1340 
209 440 
210 90 
210 476 
210 12 
210 262 
212 163 
212 75 
213 200 
213 29 
213 3 
214 173 
214 857 
214 20 
214 31 
216 1415 
216 104 
216 197 
217 204 
217 260 
218 231 
218 182 
218 364 
218 31 
219 306 
219 333 
219 55 
219 689 
220 1930 
220 14 
220 239 
220 19 
221 114 
221 155 
222 32 
223 1010 
223 136 
224 142 
224 49 
224 615 
224 2003 
225 123 
226 18 
226 747 
226 185 
226 93 
226 31 
227 102 
227 240 
228 26 
228 55 
228 55 
228 21 
229 239 
229 365 
229 45 
229 43 
230 3035 
230 42 
231 341 
231 1497 
231 418 
232 157 
232 289 
232 26 
233 973 
233 1639 
235 106 
235 81 
236 365 
236 114 
237 86 
237 80 
237 29 
239 31 
239 2624 
239 180 
239 87 
240 121 
242 261 
242 143 
242 7358 
243 1491 
243 1107 
243 749 
245 817 
245 1467 
246 41 
247 1098 
247 49 
249 240 
250 120 
251 192 
251 131 
252 99 
253 286 
253 33 
253 217 
253 1356 
255 55 
255 143 
255 15 
255 334 
256 5 
256 155 
258 215 
261 39 
261 246 
263 254 
263 1596 
264 276 
264 4550 
264 228 
265 332 
265 12 
265 441 
267 74 
267 457 
267 983 
267 36 
268 254 
268 186 
268 9 
268 31 
269 722 
270 383 
271 170 
271 441 
271 189 
272 291 
272 34 
274 67 
275 113 
276 135 
276 1871 
276 3 
276 25 
277 153 
277 85 
277 38 
277 396 
278 32 
278 62 
279 1744 
280 67 
280 93 
280 53 
281 258 
281 475 
282 408 
282 293 
285 376 
285 200 
286 50 
286 2 
287 29 
287 19 
287 21 
288 1678 
289 55 
289 55 
290 742 
291 157 
291 11 
292 484 
292 569 
294 92 
295 39 
295 3 
295 705 
296 132 
296 250 
297 2483 
299 52 
299 66 
300 275 
300 183 
300 685 
300 958 
300 23 
301 90 
301 23 
301 158 
303 77 
304 96 
304 434 
304 30 
305 131 
305 56 
306 1406 
307 26 
307 179 
307 424 
308 781 
308 81 
308 765 
308 233 
309 3239 
309 274 
309 517 
312 26 
313 227 
313 32 
313 146 
314 681 
314 18 
314 9 
315 307 
315 556 
318 13565 
319 1 
319 77 
319 369 
320 1597 
320 231 
320 19 
320 31 
321 3765 
321 112 
321 153 
322 246 
323 177 
323 1438 
324 224 
324 2038 
324 185 
325 1479 
325 200 
325 4416 
326 882 
326 216 
327 293 
327 16880 
328 1084 
328 265 
328 6696 
330 107 
330 104 
330 486 
331 17 
331 99 
331 261 
332 668 
332 222 
332 644 
332 180 
333 89 
333 90 
334 817 
336 64 
336 174 
337 0 
338 169 
338 81 
339 157 
340 1585 
340 50 
340 66 
341 2063 
341 49 
341 66 
342 118 
343 2359 
343 1283 
343 1444 
344 169 
344 44 
345 77 
345 143 
345 89 
346 27 
346 2640 
347 116 
349 17 
351 150 
352 91 
353 9 
353 4 
354 90 
356 38 
357 732 
359 53 
360 1256 
360 516 
360 239 
360 179 
362 34 
362 837 
363 331 
363 89 
363 177 
363 573 
363 121 
363 16 
364 132 
364 492 
364 258 
364 348 
364 911 
366 124 
366 107 
366 241 
366 130 
367 137 
367 167 
367 399 
368 15337 
370 27 
371 186 
372 32 
372 11 
372 197 
374 7 
374 1184 
376 249 
376 79 
376 615 
377 1103 
378 154 
378 37 
381 133 
382 273 
383 112 
385 541 
386 219 
389 355 
389 89 
389 428 
390 323 
391 38 
391 56 
392 16 
393 43 
393 28 
393 134 
394 66 
394 103 
396 35 
397 231 
397 62 
398 215 
398 81 
399 45 
399 20 
399 170 
401 918 
401 118 
402 280 
404 196 
405 226 
407 74 
407 16 
408 378 
408 127 
410 1168 
411 16 
412 350 
413 116 
413 177 
413 105 
414 232 
415 854 
416 295 
417 54 
418 99 
418 98 
419 184 
421 595 
421 127 
423 51 
423 115 
423 243 
423 889 
424 739 
424 292 
424 158 
425 73 
426 85 
427 2391 
427 301 
428 188 
428 133 
428 9 
430 4975 
431 228 
431 3500 
431 40 
431 219 
432 2924 
432 1503 
432 89 
432 1646 
433 361 
433 153 
433 2 
434 495 
435 42 
435 7 
435 305 
436 920 
438 550 
439 136 
441 85 
441 1368 
442 83 
442 444 
442 153 
442 119 
443 69 
444 280 
445 23 
446 101 
446 39 
447 42 
448 31 
451 143 
452 416 
452 301 
454 1275 
455 188 
457 35 
458 53 
460 304 
461 223 
464 69 
467 34 
467 50 
470 204 
470 9 
471 176 
474 107 
474 868 
474 401 
476 16 
478 181 
479 764 
481 8 
481 223 
481 18 
481 55 
482 102 
482 254 
482 208 
484 84 
485 802 
485 71 
489 108 
489 151 
489 34 
490 70 
491 81 
493 314 
493 68 
493 1512 
496 417 
496 244 
496 184 
496 98 
497 118 
500 717 
501 414 
502 5105 
502 676 
503 921 
504 36 
504 389 
505 106 
505 20 
506 32 
506 175 
506 1705 
507 1203 
507 295 
508 863 
509 1091 
510 698 
510 3944 
511 2887 
511 21 
511 17 
512 51 
513 169 
513 60 
513 33 
515 3906 
515 18 
516 243 
516 24 
517 610 
517 133 
520 294 
520 27 
521 154 
521 1166 
522 182 
522 121 
523 1366 
524 41 
525 117 
525 3695 
525 28 
525 153 
526 135 
526 660 
530 534 
530 375 
531 869 
531 380 
532 452 
532 475 
532 181 
533 89 
533 156 
534 110 
534 720 
535 14 
536 917 
537 1042 
538 446 
539 1646 
540 417 
542 243 
544 697 
544 408 
544 332 
546 548 
547 2904 
547 190 
547 74 
548 568 
549 331 
550 207 
551 1229 
551 498 
551 1280 
553 46 
554 150 
555 234 
556 17 
556 645 
557 75 
557 116 
559 134 
561 397 
562 2326 
564 174 
564 22 
564 1 
566 8337 
567 891 
571 80 
571 49 
572 34 
572 146 
572 283 
573 2486 
573 1 
574 111 
575 225 
575 28 
576 148 
576 78 
576 91 
577 763 
577 26 
578 357 
578 1697 
581 1082 
582 625 
582 23 
583 129 
583 510 
584 276 
585 1833 
585 166 
585 3381 
585 92 
586 43 
587 65 
588 2745 
588 52 
589 123 
589 1967 
590 72 
591 177 
592 674 
593 3537 
593 95 
595 173 
597 218 
598 70 
598 1169 
598 774 
600 225 
600 2415 
603 212 
603 223 
604 254 
605 45 
608 3908 
609 889 
609 83 
610 24 
613 55 
613 1013 
616 162 
617 133 
617 56 
619 185 
619 3665 
619 140 
620 62 
622 74 
623 201 
625 19 
627 55 
630 59 
631 53 
631 224 
632 1709 
633 945 
633 132 
634 1267 
634 137 
634 238 
634 2781 
635 9 
636 485 
636 47 
636 2294 
637 1064 
638 306 
638 18 
639 1272 
640 28 
641 6107 
641 316 
642 3885 
643 141 
645 18 
647 2924 
647 36 
648 190 
649 75 
652 192 
654 417980 
655 294 
655 505 
657 34 
658 420 
659 8 
660 123 
661 18 
662 10 
664 57 
665 604 
668 1434 
668 24 
669 28 
669 23 
670 131 
673 26 
674 258 
675 621 
676 50 
676 1481 
676 8 
677 786 
677 19 
679 145 
680 1089 
681 78 
681 2930 
681 82 
682 596 
682 42 
683 11 
684 348 
684 5 
686 288 
687 125 
687 245 
688 566 
689 6232 
689 162 
691 1151 
691 256 
695 9 
695 198 
697 4121 
698 12 
699 49 
699 96 
700 157 
701 442 
704 376 
705 523 
706 1028 
707 277 
708 579 
708 2347 
709 155 
709 4 
711 1366 
711 40 
715 250 
717 72 
718 1531 
719 291 
723 362 
723 532 
725 169 
726 55 
727 117 
727 96 
728 89 
728 159 
732 62 
732 630 
734 249 
736 164 
739 242 
740 137 
742 911 
744 49 
745 1474 
746 133 
750 571 
751 310 
751 0 
751 107 
755 47 
762 298 
766 1747 
766 478 
767 4147 
773 1398 
773 475 
777 275 
783 2802 
783 209 
784 181 
784 1132 
789 1903 
792 5 
792 568 
801 69 
801 514 
801 28 
803 27 
803 37 
805 155 
805 155 
807 875 
807 875 
808 176 
808 176 
810 2375 
810 2375 
811 49 
811 49 
813 33 
813 33 
815 537 
815 537 
818 43 
818 413 
818 43 
818 413 
819 420 
819 420 
820 2860 
820 2860 
823 25 
823 25 
823 141 
823 141 
824 37 
824 30 
824 23 
824 37 
824 30 
824 23 
825 1044 
825 1044 
826 87 
826 87 
827 77 
827 77 
828 383 
828 383 
835 136 
835 136 
837 920 
837 920 
837 1500 
837 1500 
845 2001 
845 2001 
846 32 
846 32 
848 1037 
848 222 
848 222 
848 1037 
848 171 
848 171 
850 378 
850 378 
851 853 
851 107 
851 107 
851 853 
852 1231 
852 160 
852 1231 
852 160 
854 110 
854 110 
855 15 
855 15 
858 78 
858 68 
858 118 
858 78 
858 118 
858 68 
860 108 
860 6 
860 28 
860 108 
860 6 
860 28 
861 327 
861 327 
864 1599 
864 1599 
864 11 
864 11 
867 962 
870 391 
875 1306 
880 98 
880 12 
881 594 
881 1501 
884 26 
887 4734 
894 2895 
895 1524 
896 139 
896 79 
898 78 
898 47 
901 21 
902 1146 
902 10 
902 1157 
902 273 
903 0 
905 219 
905 6 
907 1479 
908 122 
909 68 
910 564 
911 1044 
911 90 
911 104 
919 237 
919 110 
921 99 
922 3178 
923 120 
927 1219 
930 582 
931 5 
932 89 
933 156 
933 249 
935 125 
935 54 
937 1597 
937 177 
940 50 
942 197 
943 115 
943 472 
945 103 
947 1300 
947 87 
947 12 
947 244 
950 126 
956 173 
956 1931 
957 119 
958 1388 
959 1123 
960 225 
960 184 
961 706 
964 43 
964 17477 
964 517 
965 39 
966 1927 
966 521 
968 940 
975 313 
975 109 
976 151 
976 44 
980 1166 
985 105 
986 522 
989 56 
993 74 
999 39 
1000 92 
1000 574 
1001 787 
1004 301 
1004 281 
1004 4 
1007 520 
1007 70 
1009 109 
1011 129 
1011 62 
1012 36 
1015 872 
1016 125 
1019 108 
1022 622 
1088 441 
1088 20 
1094 269 
1095 192 
1096 275 
1098 38 
1099 150 
1105 2313 
1108 2138 
1108 1950 
1109 317 
1112 735 
1112 1215 
1112 1109 
1113 425 
1117 1371 
1117 170 
1118 691 
1119 623 
1121 160 
1122 849 
1126 250 
1127 372 
1127 82 
1128 657 
1130 393 
1130 197 
1130 423 
1136 147 
1138 1335 
1139 1364 
1146 105340 
1148 218 
1148 94 
1150 76 
1150 191 
1153 1525 
1153 55 
1153 441 
1153 290 
1154 9963 
1154 286 
1155 35 
1156 357 
1156 348 
1162 72 
1163 897 
1163 214 
1163 459 
1163 56 
1164 20 
1164 99 
1168 629 
1169 1011 
1170 392 
1171 540 
1174 306 
1175 788 
1176 2146 
1176 17 
1177 686 
1177 20 
1182 55 
1187 144 
1187 5242 
1188 8 
1189 5942 
1190 26 
1191 182 
1192 37 
1192 13 
1193 214 
1193 1242 
1194 21 
1194 781 
1196 1476 
1198 38 
1198 434 
1199 518 
1199 125 
1199 316 
1199 2044 
1204 165 
1206 589 
1206 462 
1207 1090 
1210 580 
1211 1016 
1211 117 
1211 1574 
1213 365 
1214 532 
1215 1273 
1217 138 
1218 264 
1218 1446 
1218 88 
1219 860 
1219 12 
1221 53 
1221 390 
1222 1025 
1222 185 
1222 147 
1223 130 
1223 180 
1224 1067 
1226 142 
1227 13 
1227 157 
1227 2279 
1227 454 
1228 180 
1228 813 
1229 145 
1229 477 
1230 185 
1231 75 
1232 738 
1232 315 
1233 45 
1235 218 
1236 99 
1236 1 
1238 71 
1238 30 
1239 426 
1239 2432 
1240 147 
1242 40 
1243 1281 
1245 196 
1246 519 
1247 2928 
1247 24 
1248 55 
1251 116 
1253 696 
1255 14 
1256 15 
1256 628 
1257 9 
1267 423 
1267 1022 
1267 368 
1270 907 
1270 10098 
1275 439 
1276 2638 
1277 23 
1277 325 
1278 2776 
1279 44 
1279 318 
1285 177 
1285 107 
1286 460 
1287 15 
1289 169 
1290 631 
1293 1343 
1293 180 
1295 956 
1295 1690 
1299 1547 
1300 6 
1300 2165 
1305 1324 
1307 387 
1312 1038 
1312 128 
1313 707 
1313 71 
1320 214 
1320 558 
1321 132 
1321 790 
1323 212 
1324 32 
1329 9 
1330 13 
1330 3069 
1331 126 
1332 100 
1333 588 
1336 1720 
1339 115 
1340 276 
1340 46 
1340 164 
1342 23 
1343 48 
1343 569 
1345 374 
1348 723 
1348 291 
1348 762 
1348 32 
1349 3 
1350 299 
1350 1947 
1350 5335 
1352 801 
1353 107 
1355 360 
1358 205 
1359 9410 
1361 147 
1361 185 
1365 404 
1365 3195 
1368 499 
1368 119 
1374 205 
1374 185 
1377 575 
1377 111 
1378 6933 
1379 106 
1380 440 
1382 136 
1382 474 
1382 254 
1384 1353 
1386 2933 
1390 443 
1392 439 
1394 1624 
1396 1959 
1396 22 
1397 546 
1398 688 
1398 50 
1400 194 
1400 74 
1401 1442 
1402 270 
1405 210 
1407 172 
1407 10 
1407 52 
1410 2440 
1415 129 
1415 101 
1416 30 
1417 491 
1422 1340 
1427 293 
1427 112 
1429 448 
1430 24 
1431 359 
1432 1224 
1434 80 
1434 421 
1437 661 
1437 155 
1437 3471 
1439 1248 
1441 971 
1445 229 
1445 283 
1448 2733 
1449 104 
1451 511 
1452 198 
1454 504 
1454 839 
1456 13641 
1456 194 
1457 256 
1459 2183 
1459 349 
1459 39 
1460 1027 
1460 1579 
1460 505 
1460 3842 
1460 108 
1461 51 
1462 20 
1464 27 
1465 1178 
1468 39 
1469 1861 
1469 189 
1470 1036 
1471 633 
1473 73 
1473 158 
1474 11 
1474 160 
1474 228 
1475 68 
1477 474 
1477 84 
1477 498 
1477 282 
1478 2721 
1479 415 
1481 634 
1482 2454 
1484 171 
1486 459 
1486 154 
1487 925 
1488 483 
1488 8452 
1489 10282 
1489 97 
1489 821 
1492 38 
1492 479 
1493 227 
1502 159 
1502 696 
1502 2316 
1502 892 
1506 2671 
1518 7067 
1519 198 
1522 23 
1524 57 
1527 716 
1534 77 
1537 17 
1538 1064 
1538 101 
1538 15 
1541 7190 
1544 460 
1544 1056 
1545 58 
1545 635 
1546 52 
1547 158 
1547 221 
1548 101 
1548 950 
1548 1829 
1548 3107 
1551 78 
1558 37 
1558 9 
1560 621 
1561 2587 
1564 2964 
1566 42 
1567 2311 
1570 88 
1572 1308 
1572 186 
1577 111 
1579 900 
1581 26 
1584 72 
1586 1095 
1593 129 
1594 1696 
1595 234 
1598 34 
1606 12 
1606 89 
1607 205 
1607 305 
1609 521 
1611 61 
1612 234 
1612 794 
1613 2806 
1615 2489 
1616 605 
1618 416 
1619 470 
1620 249 
1621 332 
1622 52 
1625 592 
1628 1094 
1632 207 
1633 3 
1634 134 
1634 114 
1636 6 
1637 964 
1638 638 
1640 68 
1640 8 
1641 2487 
1647 157 
1649 5197 
1653 3329 
1656 312 
1660 1373 
1661 21 
1661 4222 
1661 325 
1664 876 
1666 176 
1667 251 
1667 241 
1669 17 
1669 64 
1672 134 
1673 158 
1673 31 
1675 379 
1677 1021 
1682 16052 
1683 370 
1685 2130 
1685 40 
1686 429 
1686 1071 
1689 120 
1691 112 
1692 123 
1693 200 
1694 198 
1698 1220 
1700 276 
1700 1005 
1705 252 
1706 328 
1707 275 
1708 88 
1709 79 
1712 1911 
1715 25 
1716 164 
1716 5189 
1717 103 
1719 10 
1719 42 
1721 3827 
1724 44 
1724 291 
1726 327 
1726 116 
1727 176 
1728 1221 
1728 551 
1729 443 
1733 188 
1735 1563 
1744 309 
1745 1429 
1745 4 
1747 864 
1748 27 
1749 330 
1749 91 
1749 15 
1749 65 
1751 95 
1754 34 
1758 632 
1765 588 
1765 4104 
1769 535 
1772 14 
1774 263 
1775 1593 
1779 383 
1780 280 
1780 16 
1784 1487 
1791 71 
1792 87685 
1793 248 
1796 1275 
1804 383 
1805 1014 
1805 730 
1807 915 
1810 2671 
1811 984 
1812 34 
1812 2039 
1812 321 
1816 1587 
1816 149 
1817 254 
1822 498 
1822 1446 
1822 162 
1826 5 
1827 289 
1829 159 
1830 179 
1830 184 
1831 5446 
1833 511 
1833 107 
1836 4250 
1836 556 
1841 3038 
1841 529 
1841 357 
1844 412 
1845 4 
1849 8 
1850 1152 
1852 32 
1855 739 
1855 909 
1855 735 
1858 798 
1863 374 
1868 451 
1869 413 
1870 197 
1871 285 
1871 482 
1871 796 
1874 1377 
1877 60 
1878 1853 
1888 640 
1891 1290 
1894 397 
1900 23 
1903 224 
1906 248 
1906 348 
1907 1822 
1909 85 
1911 787 
1913 48 
1916 173 
1919 852 
1920 1382 
1922 524 
1923 318 
1924 63 
1925 1039 
1937 943 
1941 360 
1943 4 
1947 688 
1948 1515 
1949 267 
1960 486 
1961 1067 
1965 298 
1967 148 
1968 253 
1970 893 
1976 106 
1977 78 
1982 3588 
1982 69 
1983 643 
1989 11 
1994 457 
1996 6377 
2003 293 
2003 1549 
2008 277 
2010 122 
2011 150 
2012 110 
2013 119 
2017 196 
2018 6961 
2019 22 
2019 278 
2020 321 
2025 766 
2029 449 
2032 116 
2033 95 
2033 116 
2035 924 
2045 1390 
2047 61 
2047 153 
2052 654 
2055 976 
2058 170 
2062 1072 
2063 22 
2063 5111 
2066 32 
2069 68 
2070 598 
2070 5474 
2074 1099 
2075 6248 
2080 253 
2081 679 
2088 7907 
2093 67 
2096 818 
2097 869 
2099 1218 
2099 777 
2104 51 
2104 2 
2105 5 
2113 1970 
2113 1104 
2119 856 
2120 435 
2122 97 
2125 845 
2126 141 
2128 266 
2129 137 
2129 1405 
2130 498 
2132 304 
2136 1236 
2140 1388 
2141 421 
2144 24 
2145 1263 
2148 537 
2151 793 
2151 582 
2153 2561 
2155 131 
2158 1367 
2161 297 
2162 15050 
2162 2752 
2164 182 
2164 166 
2167 1234 
2168 15 
2168 312 
2168 89 
2169 408 
2173 24 
2175 852 
2175 1111 
2176 46 
2182 266 
2182 1667 
2188 854 
2189 317 
2189 273 
2192 1309 
2192 253 
2192 1960 
2202 342 
2206 1562 
2207 52 
2209 653 
2209 80 
2212 400 
2215 161 
2221 1708 
2225 389 
2226 330 
2228 1252 
2229 198 
2231 856 
2233 659 
2234 221 
2235 975 
2240 5208 
2243 1052 
2244 305 
2245 28 
2246 362 
2247 1720 
2249 71 
2249 124 
2250 257 
2250 1775 
2253 0 
2260 127 
2262 2767 
2266 364 
2267 892 
2271 668 
2273 124 
2276 177 
2277 317 
2280 268 
2282 116 
2282 71 
2288 11 
2288 1390 
2288 3134 
2293 78 
2295 2826 
2298 2307 
2303 167 
2310 1951 
2310 1761 
2312 411 
2318 373 
2321 4 
2327 7 
2335 18 
2341 124 
2343 339 
2346 275 
2346 63 
2356 228 
2364 42 
2367 466 
2368 479 
2369 17 
2373 151 
2374 56 
2378 530 
2391 394 
2393 1738 
2395 76 
2396 16 
2397 3249 
2398 479 
2399 326 
2407 603 
2410 1444 
2410 13 
2411 3048 
2411 100 
2412 2743 
2412 267 
2421 132 
2421 274 
2427 397 
2430 90 
2435 652 
2438 557 
2439 189 
2443 538 
2445 1851 
2449 36 
2450 24 
2454 677 
2457 723 
2458 95 
2460 1101 
2461 661 
2464 46 
2466 33 
2475 14 
2481 370 
2486 118 
2497 236 
2503 1449 
2511 503 
2511 185 
2512 326 
2512 32 
2520 345 
2532 4000 
2535 82 
2535 33 
2538 357 
2538 262 
2543 1344 
2545 2077 
2552 86 
2558 603 
2579 736 
2585 16 
2590 32 
2591 744 
2595 561 
2598 190 
2598 551 
2601 1575 
2601 51 
2606 87 
2606 250 
2607 998 
2611 227 
2612 1504 
2621 1030 
2623 26442 
2625 82 
2632 73 
2634 1505 
2635 359 
2637 811 
2652 617 
2655 214 
2657 45 
2657 694 
2659 14374 
2661 28 
2664 62 
2667 788 
2669 1862 
2670 1906 
2678 2 
2683 1047 
2685 1988 
2689 822 
2690 205 
2693 1070 
2695 34 
2697 42 
2700 299 
2705 561 
2706 301 
2707 369 
2709 1255 
2711 56 
2711 7 
2716 32 
2720 505 
2721 2104 
2724 745 
2725 9298 
2733 418 
2737 943 
2738 809 
2738 1394 
2740 313 
2755 1015 
2758 204 
2760 102 
2761 24 
2765 3577 
2765 161 
2766 486 
2767 655 
2769 126 
2771 894 
2772 149 
2772 1453 
2774 25 
2776 104 
2778 367 
2781 1400 
2790 1071 
2791 23002 
2799 0 
2808 297 
2816 192 
2823 4373 
2823 787 
2828 119 
2836 242 
2836 42 
2836 400 
2839 248 
2840 509 
2845 767 
2849 574 
2850 184 
2851 53 
2851 261 
2853 277 
2854 3075 
2854 1906 
2855 1323 
2856 321 
2866 331 
2867 860 
2873 991 
2873 227 
2875 31 
2875 181 
2879 13 
2883 281 
2886 292 
2889 476 
2889 48 
2892 7 
2908 817 
2909 1088 
2910 3115 
2911 30 
2918 974 
2919 8023 
2921 422 
2921 233 
2923 244 
2929 960 
2930 2678 
2931 97 
2932 1045 
2943 1167 
2944 30 
2947 126 
2948 41 
2949 41 
2952 41 
2956 227 
2956 3823 
2964 125 
2969 113 
2970 6 
2972 3816 
2973 1873 
2976 44 
2976 3289 
2977 347 
2984 635 
2985 1541 
2990 236 
2992 571 
3003 263 
3004 11 
3007 651 
3007 152 
3007 3742 
3011 590 
3014 725 
3016 359 
3016 695 
3021 289 
3025 68 
3026 235 
3027 803 
3029 1580 
3029 162 
3033 6 
3034 289 
3037 368 
3038 487 
3043 982 
3043 1845 
3055 76 
3063 20 
3064 62 
3065 420 
3068 40 
3072 166 
3077 862 
3080 921 
3081 1786 
3089 256 
3097 765 
3108 1185 
3114 325 
3125 1535 
3126 45 
3126 120 
3138 285 
3140 193 
3140 569 
3142 94 
3142 1099 
3143 221 
3145 1 
3166 7 
3167 560 
3167 270 
3167 830 
3170 8 
3172 2802 
3174 525 
3175 463 
3179 6 
3188 2619 
3196 3265 
3196 374 
3196 487 
3202 325 
3206 260 
3206 261 
3210 583 
3216 23 
3217 54 
3219 427 
3222 835 
3224 2501 
3227 1062 
3229 461 
3245 2826 
3249 341 
3251 288 
3255 23 
3256 346 
3260 830 
3261 37 
3270 69 
3270 16 
3276 75 
3283 159 
3287 193 
3287 445 
3288 154 
3289 973 
3308 447 
3312 1284 
3315 608 
3316 22 
3320 116 
3335 1758 
3337 176 
3348 28 
3360 168 
3361 510 
3365 16 
3373 7 
3374 876 
3384 506 
3386 20 
3398 1267 
3399 70 
3400 1119 
3403 878 
3403 4142 
3405 411 
3409 307 
3410 605 
3411 2177 
3411 309 
3444 102 
3450 251 
3455 18 
3457 1737 
3463 54 
3466 568 
3473 259 
3474 424 
3488 133 
3495 381 
3500 1654 
3500 562 
3500 99 
3503 223 
3503 3698 
3512 334 
3516 1023 
3517 1149 
3517 2018 
3545 9 
3545 1352 
3556 513 
3556 1242 
3564 68 
3566 855 
3570 252 
3570 121 
3579 164 
3584 3 
3595 198 
3602 345 
3604 111 
3608 114 
3608 11 
3612 590 
3612 722 
3617 532 
3619 108 
3634 187 
3637 1225 
3637 448 
3639 130 
3644 13857 
3655 3857 
3659 4033 
3661 295 
3666 1667 
3669 186 
3672 9759 
3680 1336 
3681 1276 
3685 1344 
3688 13634 
3689 663 
3689 28 
3695 795 
3699 367 
3702 16 
3704 529 
3708 1 
3725 1392 
3739 134 
3739 1477 
3747 926 
3748 298 
3755 1002 
3756 163 
3757 92 
3767 721 
3778 56 
3781 153 
3784 641 
3792 1763 
3798 425 
3800 896 
3807 885 
3810 14 
3810 1046 
3820 80 
3850 549 
3851 4166 
3858 197 
3858 312 
3860 2356 
3887 4788 
3894 81 
3920 1753 
3935 2584 
3939 11 
3943 943 
3946 3 
3946 1534 
3948 14 
3949 1511 
3960 226 
3969 11 
3985 207 
3986 324 
3988 5328 
3988 1122 
3988 207 
3991 30 
3996 518 
4006 493 
4017 268 
4028 372 
4033 796 
4044 197 
4045 136 
4046 54 
4052 836 
4059 1451 
4063 224 
4069 761 
4077 1660 
4078 621 
4083 1030 
4093 360 
4097 1366 
4107 22 
4107 451 
4113 160 
4115 910 
4122 653 
4122 149 
4130 1014 
4135 73 
4141 2102 
4150 43 
4150 508 
4151 156 
4152 1218 
4154 306 
4162 202 
4162 43 
4170 532 
4174 20 
4175 340 
4176 1020 
4180 828 
4183 83 
4200 151 
4212 2 
4224 293 
4232 59 
4245 2719 
4255 848 
4256 13 
4257 144 
4259 1448 
4261 3444 
4262 358 
4269 33 
4273 428 
4273 593 
4286 744 
4288 31 
4292 2340 
4294 208 
4295 1130 
4306 221 
4319 64 
4331 106 
4346 1235 
4349 627 
4355 2036 
4356 534 
4367 31 
4375 21 
4381 152 
4391 295 
4391 2970 
4393 1326 
4402 12 
4403 2054 
4403 29 
4410 152 
4411 1340 
4432 144 
4433 1479 
4436 837 
4438 1141 
4439 90 
4441 6 
4443 121 
4465 311 
4466 713 
4473 377 
4477 413 
4483 500 
4499 897 
4502 494 
4505 0 
4508 1208 
4512 26 
4514 2061 
4517 178 
4519 908 
4519 7 
4521 23 
4539 1163 
4544 246 
4559 1626 
4561 286 
4571 150 
4572 610 
4583 0 
4588 320 
4590 20 
4597 2507 
4607 219 
4610 7417 
4615 2353 
4620 88 
4634 2313 
4636 1405 
4645 4960 
4652 708 
4654 65 
4656 1497 
4658 79 
4664 177 
4673 0 
4678 2543 
4678 230 
4686 103 
4688 34 
4692 87 
4697 1417 
4724 4826 
4725 227 
4731 100 
4731 38 
4733 486 
4735 108 
4747 830 
4760 53 
4767 1000 
4767 73 
4778 306 
4783 666 
4788 1834 
4789 1427 
4794 367 
4794 895 
4796 239 
4799 145 
4803 26 
4815 189 
4821 180 
4823 4934 
4842 181 
4843 0 
4847 21 
4862 110 
4871 11 
4872 626 
4894 246 
4912 1542 
4917 114 
4919 315 
4930 41 
4931 241 
4953 1165 
4954 64 
4961 1052 
4966 37 
4974 111 
4977 158 
4977 534 
4988 1302 
4994 528 
4996 148 
5004 68 
5005 1901 
5008 356 
5014 0 
5015 22 
5020 128 
5021 293 
5022 973 
5032 265 
5036 1187 
5048 145 
5049 421 
5050 527 
5067 1081 
5073 608 
5077 117 
5079 138 
5080 69 
5087 780 
5087 5450 
5087 308 
5095 2388 
5104 247 
5112 514 
5119 123 
5124 626 
5144 899 
5145 397 
5145 274 
5147 40 
5152 1234 
5160 9 
5161 112 
5163 329 
5163 11 
5175 65 
5180 489 
5181 353 
5185 1347 
5200 56 
5204 688 
5205 2709 
5208 238 
5221 292 
5224 3595 
5226 8 
5233 64 
5235 14 
5236 985 
5242 1099 
5242 2 
5251 4250 
5260 636 
5262 385 
5267 1743 
5275 1491 
5279 195 
5288 6163 
5299 456 
5302 454 
5315 1118 
5321 214 
5323 1339 
5339 11174 
5348 1457 
5352 817 
5363 1316 
5370 62 
5382 1386 
5394 1721 
5402 99 
5403 151 
5407 47 
5427 26 
5432 9 
5433 209 
5434 326 
5434 219 
5435 1464 
5441 954 
5444 1926 
5446 404 
5446 1343 
5455 113 
5459 819 
5462 1329 
5470 99 
5475 1104 
5475 122 
5481 365 
5484 427 
5485 614 
5485 112 
5485 168 
5488 757 
5489 167 
5504 143 
5504 41 
5507 3307 
5516 863 
5520 1245 
5526 384 
5534 845 
5536 2123 
5538 39 
5552 1349 
5575 619 
5583 24 
5585 114 
5586 154 
5608 347 
5614 367 
5616 1559 
5629 27 
5633 246 
5637 953 
5656 1307 
5658 2155 
5663 2290 
5670 2174 
5672 560 
5679 801 
5679 94 
5679 48 
5695 10 
5719 471 
5726 251 
5732 528 
5744 69 
5745 37 
5747 1592 
5754 54 
5759 691 
5760 370 
5761 429 
5775 151 
5788 2812 
5790 195 
5797 101 
5813 398 
5822 85 
5829 2015 
5832 132 
5835 5618 
5840 24 
5840 65 
5842 826 
5846 124 
5846 16 
5854 397 
5854 475 
5862 658 
5868 355 
5871 256 
5880 205 
5882 689 
5888 16 
5891 10 
5894 638 
5899 39 
5902 445 
5910 1175 
5914 859 
5915 29 
5917 274 
5918 263 
5923 15 
5934 372 
5935 253 
5940 186 
5952 179 
5962 2387 
5985 94 
5994 637 
6001 838 
6020 568 
6021 60 
6021 1210 
6037 1458 
6039 1645 
6040 87 
6041 47 
6044 498 
6048 86 
6049 693 
6051 896 
6073 220 
6081 255 
6084 825 
6089 1534 
6091 860 
6094 54 
6095 3 
6108 2412 
6118 3192 
6127 257 
6133 1892 
6134 175 
6143 1359 
6145 2798 
6149 50 
6155 3976 
6157 447 
6168 1725 
6184 2008 
6186 799 
6193 33 
6214 9134 
6231 834 
6240 933 
6250 387 
6251 198 
6252 266 
6258 175 
6258 723 
6271 72 
6272 18 
6285 337 
6288 906 
6290 14 
6291 337 
6308 85 
6317 558 
6322 150 
6324 254 
6324 161 
6334 953 
6345 1637 
6350 18 
6358 169 
6361 222 
6378 2 
6379 2 
6384 682 
6384 1273 
6399 242 
6427 55 
6432 1047 
6435 299 
6438 77 
6441 0 
6447 90 
6455 80 
6456 706 
6464 129 
6470 69 
6486 23514 
6487 48 
6488 625 
6511 1536 
6518 282 
6520 187 
6521 10 
6523 324 
6526 2039 
6526 3 
6531 1404 
6540 978 
6544 2 
6549 908 
6554 339 
6557 1202 
6558 1652 
6562 703 
6565 65760 
6571 12 
6574 74 
6578 842 
6580 3 
6585 279 
6601 243 
6608 382 
6614 738 
6625 51 
6638 1263 
6640 413 
6676 310 
6694 221 
6698 1244 
6702 408 
6709 269 
6717 68 
6732 113 
6733 159 
6733 1745 
6741 554 
6742 60 
6742 476 
6759 279 
6761 842 
6772 113 
6772 368 
6780 149 
6782 27 
6788 13 
6803 630 
6807 993 
6807 1978 
6816 963 
6825 878 
6834 28 
6834 358 
6848 8 
6859 105 
6869 15 
6869 79 
6871 295 
6873 256 
6873 45 
6877 5522 
6877 149 
6885 251 
6893 266 
6914 164 
6926 62 
6926 484 
6932 1686 
6935 33 
6940 672 
6947 887 
6948 596 
6953 1335 
6968 84 
6972 440 
6982 199 
6983 259 
6983 2803 
6991 299 
6993 136 
6997 2744 
7001 209 
7006 693 
7010 170 
7010 195 
7021 175 
7034 621 
7042 98 
7045 4043 
7047 159 
7052 686 
7062 591 
7067 4768 
7070 360 
7073 4 
7077 180 
7100 80 
7104 600 
7106 455 
7121 164 
7126 331 
7130 299 
7160 107 
7162 2717 
7184 457 
7189 163 
7221 164 
7226 195 
7247 1530 
7253 124 
7260 5830 
7268 1292 
7268 436 
7273 154 
7279 122 
7282 505 
7303 324 
7304 939 
7317 15182 
7324 61 
7334 3920 
7334 20 
7345 2737 
7349 226 
7351 16 
7351 150 
7352 887 
7367 410 
7369 1046 
7369 1008 
7386 3203 
7391 985 
7391 97 
7424 61 
7432 236 
7436 603 
7437 6 
7440 518 
7442 66 
7454 3 
7459 1 
7464 22 
7465 550 
7478 106 
7485 27 
7493 805 
7495 623 
7496 1675 
7499 3315 
7506 1101 
7519 610 
7524 73 
7526 587 
7535 273 
7535 152 
7545 505 
7554 992 
7558 2778 
7585 51 
7600 1066 
7611 583 
7613 131 
7618 15 
7619 644 
7626 20 
7677 5477 
7685 80 
7700 11 
7710 115 
7737 199 
7743 801 
7781 1176 
7794 180 
7801 169 
7812 79 
7826 241 
7839 317 
7839 2325 
7839 189 
7841 38 
7842 5543 
7842 29 
7850 1351 
7855 1526 
7858 4 
7874 972 
7887 666 
7897 1510 
7901 27 
7914 131 
7915 2703 
7916 885 
7924 19 
7925 819 
7934 1496 
7937 768 
7940 216 
7946 451 
7953 76 
7957 10 
8026 437 
8042 1505 
8065 360 
8091 124 
8096 15 
8098 1 
8104 835 
8108 90 
8111 39 
8125 543 
8125 32 
8137 424 
8139 15 
8179 272 
8183 3035 
8185 3041 
8200 658 
8209 1283 
8210 164 
8225 1343 
8259 17 
8260 311 
8261 144 
8265 1311 
8265 1054 
8278 70 
8278 156 
8281 718 
8294 6 
8295 4 
8298 461 
8311 118 
8312 9 
8313 466 
8313 513 
8321 680 
8328 401 
8361 345 
8374 707 
8377 970 
8381 329 
8417 1075 
8425 57 
8430 630 
8441 5 
8465 1664 
8472 1250 
8482 208 
8488 2429 
8489 404 
8489 3140 
8512 277 
8517 736 
8526 288 
8527 440 
8532 40 
8542 87 
8544 517 
8545 703 
8553 1219 
8554 234 
8563 553 
8577 43 
8579 22 
8583 1264 
8603 194 
8605 573 
8608 37 
8624 4142 
8625 2968 
8642 118 
8654 732 
8655 47 
8661 249 
8677 71 
8679 3542 
8687 95 
8700 1715 
8702 2 
8708 1187 
8715 535 
8729 2016 
8735 97 
8736 3291 
8746 613 
8754 412 
8768 745 
8776 164 
8777 742 
8783 3240 
8790 192 
8794 943 
8801 277 
8810 1695 
8816 1396 
8820 389 
8837 2082 
8840 55 
8855 1928 
8877 268 
8881 1427 
8894 126 
8894 707 
8896 697 
8901 52 
8915 250 
8919 2851 
8929 67 
8930 114 
8933 2302 
8934 1971 
8959 800 
8960 1299 
8984 733 
8986 22587 
8992 30 
8993 270 
8997 1641 
9004 395 
9012 574 
9018 381 
9021 987 
9033 1194 
9041 498 
9041 1077 
9045 56 
9056 8 
9072 31 
9078 295 
9079 1171 
9080 1371 
9099 1820 
9101 92 
9102 642 
9108 468 
9118 152 
9122 1434 
9126 14237 
9136 458 
9150 808 
9155 6 
9157 332 
9157 729 
9159 105 
9162 59 
9168 116 
9172 211 
9180 157 
9188 363 
9192 216 
9202 1276 
9203 1807 
9209 2341 
9213 6 
9220 358 
9223 94 
9227 2259 
9231 1246 
9234 843 
9246 110 
9254 1037 
9254 169 
9258 731 
9259 389 
9260 22 
9261 278 
9262 317 
9262 1663 
9262 2856 
9263 34 
9272 2070 
9277 1602 
9282 1329 
9285 885 
9287 784 
9294 559 
9298 163 
9300 78 
9316 30 
9331 177 
9355 1056 
9371 51 
9380 9 
9384 1624 
9396 1343 
9404 1101 
9425 42 
9429 923 
9455 190 
9457 664 
9466 1401 
9471 1390 
9483 268 
9485 18 
9513 287 
9519 1074 
9532 304 
9536 164 
9539 16995 
9540 359 
9571 491 
9581 70 
9590 832 
9638 79 
9660 715 
9668 267 
9673 3010 
9675 35 
9677 625 
9691 268 
9692 621 
9710 2091 
9722 494 
9728 5653 
9728 545 
9729 1735 
9763 274 
9767 595 
9784 179 
9790 1129 
9796 2470 
9824 901 
9859 2483 
9865 112 
9885 386 
9892 45 
9895 570 
9901 884 
9906 145 
9909 15 
9923 388 
9932 2175 
9934 139 
9957 395 
9960 38 
9961 120 
9963 512 
9966 37 
9976 1913 
9982 447 
9982 476 
9983 170 
9992 207 
9999 302 
10008 2 
10010 582 
10043 142 
10046 1031 
10061 183 
10067 455 
10072 878 
10081 63 
10102 4381 
10105 3620 
10132 719 
10160 973 
10165 1963 
10192 837 
10193 251 
10199 82 
10204 159 
10215 324 
10228 739 
10249 234 
10281 1017 
10352 793 
10366 311 
10369 3 
10407 61 
10439 189 
10475 257 
10480 1687 
10490 712 
10497 273 
10499 2091 
10506 42 
10507 175 
10509 19 
10518 512 
10519 1526 
10519 360 
10535 8684 
10545 109 
10551 0 
10561 20 
10563 1071 
10575 15 
10577 778 
10601 1461 
10615 2380 
10655 386 
10668 227 
10680 67 
10713 1681 
10731 411 
10737 134 
10770 839 
10779 436 
10786 1401 
10788 204 
10790 1364 
10821 2050 
10834 2613 
10838 122 
10862 2948 
10867 6835 
10874 1435 
10885 165 
10896 1408 
10910 2278 
10916 683 
10933 873 
10958 533 
10963 1806 
10972 586 
10974 833 
10980 1380 
10984 1083 
10986 1588 
11006 875 
11026 150 
11026 716 
11030 934 
11035 55 
11036 79 
11037 450 
11042 183 
11049 168 
11055 2457 
11066 469 
11073 1971 
11074 1066 
11090 10947 
11106 214 
11107 150 
11110 1484 
11111 71 
11113 111 
11128 95 
11137 1347 
11144 7493 
11146 193 
11147 2710 
11166 296 
11184 106 
11199 2904 
11205 35 
11208 460 
11214 1130 
11216 1277 
11224 155 
11230 309 
11250 264 
11270 941 
11286 111 
11295 111 
11308 157 
11320 101 
11324 253 
11326 693 
11327 341 
11336 222 
11346 124 
11349 129 
11354 358 
11357 227 
11371 353 
11373 110 
11389 88 
11399 871 
11404 482 
11407 338 
11408 764 
11445 279 
11453 1192 
11453 622 
11467 1299 
11486 101 
11521 661 
11548 1744 
11549 1404 
11555 163 
11567 353 
11571 9 
11571 15 
11579 1051 
11597 12 
11627 10 
11630 1967 
11631 623 
11637 185 
11639 1236 
11643 276 
11660 101 
11668 16 
11688 150 
11699 1279 
11700 1516 
11736 144 
11739 57 
11741 216 
11742 728 
11751 2 
11756 29 
11756 404 
11759 2446 
11771 26 
11776 134 
11780 308 
11789 132 
11799 39 
11804 1304 
11806 1466 
11807 276 
11818 168 
11830 475 
11841 341 
11843 750 
11847 445 
11848 99 
11853 85 
11864 5464 
11900 10 
11901 1041 
11923 397 
11926 765 
11957 96 
11963 96 
11981 82 
11985 119 
12002 1310 
12013 245 
12014 227 
12019 648 
12029 848 
12029 144 
12051 1459 
12065 396 
12085 133 
12088 247 
12134 544 
12164 981 
12198 956 
12206 1923 
12264 893 
12273 71 
12274 6217 
12278 96 
12295 843 
12299 358 
12307 76 
12358 222 
12365 821 
12368 1243 
12369 139 
12394 526 
12409 293 
12411 98 
12423 1531 
12427 441 
12457 770 
12461 215 
12462 134 
12466 263 
12481 187 
12487 33 
12495 129 
12496 105 
12510 1542 
12517 104 
12518 193 
12531 14 
12538 442 
12541 1264 
12552 1118 
12569 6231 
12573 471 
12588 95 
12589 579 
12598 410 
12602 261 
12650 240 
12654 1292 
12665 562 
12669 52 
12669 323 
12718 59 
12721 66 
12722 1524 
12730 1200 
12731 450 
12748 535 
12759 4 
12803 97 
12808 2605 
12821 54 
12821 379 
12828 1150 
12832 124 
12840 547 
12841 1952 
12855 50 
12860 128 
12861 6 
12867 40 
12869 28 
12894 401 
12897 230 
12906 491 
12947 136 
12960 2876 
12964 7794 
12972 127 
12982 725 
12986 334 
12994 233 
13012 745 
13013 117 
13017 144 
13028 316 
13036 623 
13038 424 
13046 18 
13047 1548 
13048 45 
13049 1224 
13054 1083 
13055 64 
13056 556 
13057 529 
13071 8958 
13075 875 
13091 847 
13092 254 
13105 165 
13123 185 
13145 1520 
13176 7945 
13202 418 
13223 361 
13224 275 
13228 203 
13230 206 
13231 269 
13234 426 
13241 1666 
13254 50 
13260 1355 
13260 953 
13274 322 
13294 53 
13306 82 
13316 3447 
13339 130 
13340 1518 
13341 860 
13355 133 
13364 1256 
13386 3980 
13406 481 
13424 1729 
13432 1101 
13507 26 
13537 2054 
13577 241 
13584 1523 
13592 1303 
13597 816 
13612 1025 
13620 83 
13640 39 
13644 345 
13645 1569 
13654 194 
13657 306 
13688 551 
13689 84 
13690 962 
13691 713 
13696 366 
13699 4 
13702 916 
13706 222 
13709 995 
13710 1305 
13782 901 
13785 456 
13785 77 
13787 97 
13788 653 
13790 1623 
13806 1633 
13811 573 
13829 258 
13843 2858 
13858 2053 
13863 127 
13872 24 
13874 5 
13886 442 
13892 12 
13893 157 
13900 2007 
13906 39 
13907 16 
13912 813 
13920 182 
13927 955 
13931 1525 
13942 31 
13958 368 
13959 60 
13978 975 
14009 84 
14035 236 
14088 1181 
14095 187 
14109 1475 
14124 2 
14130 226 
14156 892 
14159 89 
14159 267 
14159 86 
14164 335 
14184 48 
14236 297 
14238 2191 
14240 3536 
14267 134 
14271 2085 
14279 790 
14279 972 
14288 1505 
14293 346 
14297 158 
14302 2839 
14306 448 
14310 1535 
14318 557 
14331 274 
14332 612 
14348 1263 
14356 119 
14364 318 
14373 275 
14374 1461 
14389 354 
14408 341 
14421 996 
14422 1729 
14438 742 
14448 216 
14473 2242 
14482 857 
14493 1026 
14506 1620 
14517 552 
14551 674 
14563 80 
14566 457 
14580 599 
14609 1147 
14615 391 
14617 2281 
14621 86 
14630 558 
14636 55 
14643 419 
14655 214 
14661 286 
14691 1060 
14694 496 
14700 889 
14709 247 
14715 1717 
14730 114 
14734 154 
14736 156 
14748 184 
14758 336 
14768 1119 
14768 421 
14771 332 
14780 143 
14781 143 
14785 529 
14789 9959 
14796 30 
14796 545 
14799 1387 
14807 1746 
14812 5 
14837 57 
14849 169 
14868 8026 
14879 218 
14909 193 
14923 2699 
14927 51 
14944 346 
14950 807 
14956 4236 
14970 1967 
14976 3056 
14979 539 
14982 96 
15000 166 
15001 560 
15005 2052 
15013 1372 
15028 75 
15030 1115 
15050 1946 
15085 665 
15102 276 
15124 1 
15128 406 
15134 2573 
15146 1308 
15149 508 
15163 429 
15182 1158 
15211 19 
15236 311 
15240 255 
15242 494 
15249 150 
15254 2042 
15298 4432 
15317 4 
15323 14 
15343 103 
15349 595 
15374 153 
15431 1823 
15450 1237 
15450 118 
15451 1664 
15458 1 
15468 358 
15479 56 
15507 61 
15527 1714 
15539 958 
15660 3 
15674 321 
15683 1243 
15707 291 
15721 1001 
15744 2283 
15752 333 
15762 43 
15763 136 
15766 322 
15772 1543 
15798 194 
15800 1340 
15804 1469 
15823 48 
15864 67 
15898 1543 
15907 434 
15908 842 
15933 0 
15948 164 
15985 382 
15995 784 
16002 235 
16019 988 
16031 166 
16070 229 
16089 103 
16101 901 
16108 6560 
16114 354 
16126 247 
16136 457 
16149 619 
16157 1411 
16168 117 
16169 1488 
16171 533 
16178 138 
16185 422 
16221 11 
16228 265 
16239 7 
16266 482 
16276 21 
16281 160 
16281 363 
16295 254 
16302 402 
16369 123 
16385 195 
16391 3037 
16391 1216 
16393 28 
16402 1690 
16404 112 
16406 9 
16416 1045 
16423 9 
16435 42 
16445 360 
16446 413 
16454 373 
16460 267 
16461 77 
16464 642 
16467 1989 
16468 1 
16476 140 
16482 687 
16487 29 
16494 523 
16517 60 
16522 22 
16529 140 
16535 445 
16538 877 
16543 49 
16589 181 
16612 796 
16625 263 
16635 1089 
16668 899 
16699 403 
16711 84 
16718 905 
16729 5054 
16743 27 
16759 1081 
16770 137 
16772 190 
16788 964 
16816 3662 
16819 1553 
16856 4007 
16924 970 
16937 1848 
16947 1353 
16962 2747 
16977 558 
16979 509 
16990 635 
17013 219 
17015 374 
17019 138 
17026 33 
17064 431 
17102 192 
17106 405 
17108 3586 
17109 159 
17109 732 
17111 8 
17114 44 
17127 69 
17128 2102 
17146 464 
17147 3276 
17170 80 
17177 90 
17186 287 
17193 98 
17195 47 
17200 473 
17336 929 
17371 119 
17372 618 
17402 122 
17425 145 
17427 410 
17432 2146 
17435 839 
17453 2567 
17496 825 
17496 185 
17502 21 
17515 1182 
17527 867 
17533 644 
17540 1027 
17569 64 
17586 172 
17613 1197 
17618 838 
17628 552 
17637 1389 
17641 509 
17648 847 
17653 82 
17662 481 
17687 516 
17710 165 
17713 198 
17714 103 
17723 1591 
17737 331 
17753 537 
17788 300 
17791 282 
17802 462 
17814 62 
17830 4111 
17843 380 
17849 36 
17875 288 
17888 5808 
17908 330 
17915 146 
17922 412 
17945 307 
17945 13 
17991 0 
18002 2864 
18008 210 
18010 1002 
18033 436 
18069 70 
18096 68034 
18127 366 
18128 168 
18130 4277 
18131 736 
18139 479 
18144 134 
18150 1094 
18160 126 
18163 95 
18212 15 
18220 238 
18223 81 
18253 1162 
18260 50 
18268 1979 
18268 39 
18272 2454 
18273 146 
18276 823 
18321 34 
18334 26 
18341 117 
18342 249 
18344 118 
18356 97 
18357 1077 
18361 126 
18366 246 
18368 75 
18380 4226 
18382 1343 
18393 166 
18402 310 
18434 1914 
18446 903 
18447 512 
18456 2494 
18467 123 
18487 138 
18488 5667 
18499 1459 
18501 458 
18531 2676 
18538 54 
18545 2086 
18549 172 
18561 216 
18563 5420 
18649 27 
18652 130 
18655 576 
18657 68 
18658 23 
18661 664 
18678 5075 
18684 9 
18693 108 
18728 85 
18744 1316 
18758 5187 
18810 650 
18814 104 
18822 776 
18824 176 
18846 1424 
18847 565 
18896 2446 
18901 3167 
18909 2054 
18919 363 
18925 12866 
18927 46 
18930 316 
18938 1771 
18944 1160 
18971 594 
18972 1177 
18973 676 
19009 1416 
19010 2139 
19035 112 
19040 1605 
19047 106 
19061 1044 
19079 854 
19081 11118 
19081 847 
19119 262 
19120 131 
19155 180 
19157 495 
19168 665 
19172 23 
19176 2188 
19205 217 
19218 577 
19244 423 
19247 20256 
19272 599 
19289 430 
19290 2 
19327 750 
19378 7060 
19392 36 
19413 319 
19425 526 
19425 43 
19503 321 
19511 783 
19517 61409 
19523 18 
19527 3007 
19530 290 
19531 131 
19543 49 
19543 350 
19544 195 
19547 292 
19559 30 
19579 2483 
19592 803 
19606 2869 
19618 496 
19620 1049 
19620 40 
19626 293 
19669 350 
19674 261 
19678 347 
19697 3 
19705 47 
19709 1292 
19797 5 
19812 36 
19836 171 
19837 438 
19849 219 
19936 186 
19936 320 
19942 576 
19959 2410 
19959 81 
19987 1583 
19987 2071 
19992 667 
20007 86 
20008 954 
20026 1463 
20031 1245 
20044 105 
20046 240 
20049 1046 
20052 64 
20074 18 
20095 1224 
20107 1351 
20110 102 
20114 420 
20125 1394 
20137 411 
20152 300 
20161 59 
20167 735 
20175 205 
20214 848 
20218 186 
20221 257 
20231 43 
20271 1450 
20272 167 
20283 971 
20287 3992 
20295 129 
20307 1402 
20325 2227 
20338 1489 
20340 292 
20351 554 
20355 270 
20357 560 
20375 139 
20402 280 
20403 249 
20418 34 
20421 65 
20426 616 
20432 672 
20515 922 
20519 237 
20519 2124 
20525 2059 
20534 113 
20535 757 
20543 115 
20546 130 
20560 576 
20563 279 
20571 28 
20576 116 
20581 199 
20592 231 
20605 753 
20613 360 
20620 649 
20650 140 
20655 30 
20656 118 
20660 3 
20675 191 
20679 88 
20680 69 
20713 634 
20716 55 
20723 240 
20752 302 
20761 2313 
20767 233 
20788 107 
20789 123 
20795 1110 
20814 408 
20814 237 
20820 69 
20826 146 
20842 182 
20845 1196 
20878 46 
20887 13487 
20887 149 
20894 121 
20909 242 
20912 156 
20997 77 
20998 1086 
21000 162 
21007 2302 
21012 725 
21037 1026 
21057 563 
21062 718 
21093 43 
21101 743 
21110 1152 
21113 219 
21119 711 
21125 652 
21193 452 
21213 625 
21216 755 
21217 205 
21231 1326 
21233 121 
21260 460 
21283 717 
21307 102 
21331 548 
21334 5129 
21335 751 
21357 408 
21361 545 
21373 1815 
21375 872 
21379 383 
21379 1898 
21379 801 
21394 213 
21397 158 
21406 71 
21414 606 
21416 107 
21426 147 
21426 527 
21437 355 
21499 30 
21524 63 
21546 155 
21548 124 
21550 210 
21564 132 
21565 915 
21572 482 
21595 213 
21596 937 
21602 9 
21609 226 
21619 272 
21626 126 
21634 642 
21643 1651 
21647 58 
21687 238 
21698 111 
21719 495 
21733 40 
21742 2241 
21755 2154 
21768 1393 
21780 860 
21843 1082 
21866 722 
21870 72 
21878 481 
21885 1 
21922 331 
21940 259 
21944 71 
21954 156 
21956 293 
21959 111 
21967 322 
21972 350 
21983 323 
22004 2294 
22004 65 
22046 176 
22057 99 
22078 193 
22105 952 
22113 9 
22117 610 
22117 70 
22124 1740 
22124 776 
22127 51 
22133 413 
22189 2219 
22189 1027 
22199 968 
22215 377 
22221 47 
22294 344 
22300 145 
22303 381 
22330 3024 
22353 294 
22376 930 
22413 45 
22419 269 
22424 88 
22430 171 
22437 25 
22446 370 
22458 3 
22460 402 
22468 1891 
22471 235 
22484 2427 
22500 385 
22505 143 
22508 2380 
22524 739 
22542 290 
22543 26 
22618 141 
22624 10 
22638 166 
22663 3495 
22668 790 
22681 597 
22697 114 
22703 88 
22708 237 
22729 120 
22738 338 
22777 271 
22816 4170 
22869 172 
22881 243 
22889 22 
22939 276 
22944 549 
22946 795 
22946 1957 
23029 37 
23072 6062 
23078 1718 
23083 653 
23089 259 
23093 78 
23134 68 
23148 252 
23171 1487 
23180 1241 
23184 203 
23203 2539 
23211 802 
23323 269 
23350 125 
23351 396 
23378 376 
23381 932 
23385 100 
23391 593 
23402 502 
23437 259 
23448 76 
23526 1054 
23533 102 
23535 211 
23538 199 
23548 526 
23550 422 
23551 155 
23561 102 
23612 212 
23621 1188 
23654 4108 
23666 1371 
23740 232 
23747 1012 
23748 1360 
23756 657 
23769 12598 
23830 525 
23849 441 
23850 272 
23851 75 
23863 293 
23870 68 
23896 163 
23898 184 
23917 1315 
23937 1453 
23942 1125 
23960 642 
23965 538 
23971 882 
23992 1141 
24047 1884 
24134 6 
24138 567 
24198 1221 
24200 103 
24207 162 
24225 533 
24277 65 
24309 134 
24324 241 
24328 75 
24418 475 
24424 1326 
24429 870 
24447 1128 
24473 37 
24473 1586 
24491 204 
24557 1562 
24560 204 
24569 86 
24605 1155 
24629 661 
24656 815 
24663 3570 
24692 688 
24866 1000 
24976 88 
24990 91 
25031 1766 
25033 280 
25101 690 
25138 1254 
25183 475 
25198 126 
25295 302 
25304 220 
25309 132 
25344 410 
25345 3416 
25349 516 
25389 418 
25473 369 
25476 215 
25522 266 
25554 197 
25558 90 
25560 458 
25564 1585 
25643 135 
25649 8583 
25703 211 
25707 2374 
25725 654 
25728 139 
25743 485 
25754 1504 
25757 84 
25789 1685 
25818 0 
25899 164 
25933 2658 
25952 147 
25960 983 
25964 473 
25971 230 
25984 286 
25987 592 
26014 1379 
26018 992 
26077 569 
26081 180 
26084 1708 
26091 492 
26096 217 
26112 230 
26116 1906 
26160 426 
26177 369 
26246 479 
26297 2334 
26380 1023 
26449 1642 
26462 3787 
26507 447 
26515 262 
26518 192 
26522 568 
26528 472 
26574 52 
26624 423 
26660 544 
26672 303 
26689 57 
26709 698 
26725 3655 
26726 50 
26791 967 
26877 1225 
26906 1537 
26917 664 
26930 2306 
26939 104 
26957 174 
26963 185 
27075 1312 
27090 520 
27118 118 
27119 347 
27261 225 
27277 221 
27345 380 
27380 2058 
27428 379 
27431 161 
27446 1649 
27457 2141 
27457 1045 
27459 74 
27492 53 
27502 857 
27509 786 
27544 85 
27570 862 
27638 2803 
27707 2499 
27735 2145 
27772 5555 
27783 1285 
27785 2015 
27787 220 
27792 10 
27818 1311 
27878 1382 
27893 1235 
27907 652 
27920 34 
27937 199 
27946 4161 
27954 188 
27958 650 
28003 1578 
28037 121 
28043 95 
28095 22 
28096 862 
28125 39 
28290 292 
28429 135 
28460 2327 
28503 455 
28537 100 
28596 534 
28630 1586 
28642 4 
28655 225 
28666 508 
28677 1261 
28694 393 
28723 477 
28742 912 
28767 2107 
28775 728 
28801 58 
28822 83 
28890 1438 
28894 2374 
28965 479 
28985 220 
29001 20 
29083 37 
29088 699 
29107 1674 
29112 266 
29179 1141 
29185 628 
29219 153 
29261 379 
29270 1046 
29274 209 
29337 55 
29371 653 
29391 190 
29412 314 
29490 1591 
29497 431 
29514 260 
29540 532 
29552 863 
29552 29 
29614 685 
29656 5357 
29689 86 
29814 327 
29843 678 
29888 1429 
29946 270 
30006 30 
30059 1280 
30124 895 
30160 200 
30169 91 
30190 54 
30245 1577 
30304 512 
30331 465 
30364 807 
30388 279 
30403 125 
30409 533 
30434 98 
30464 765 
30471 208 
30471 650 
30480 1225 
30489 2209 
30494 574 
30495 238 
30500 1135 
30547 65 
30678 49 
30699 585 
30746 764 
30755 197 
30768 7723 
30783 453 
30844 137 
30856 249 
30897 229 
30921 99 
30930 36 
30990 267 
31002 314 
31251 333 
31253 195 
31260 255 
31275 703 
31375 366 
31418 72 
31429 758 
31442 593 
31454 176 
31617 1267 
31658 924 
31689 46 
31722 168 
31748 557 
31751 276 
31852 103 
31946 221 
31946 221 
31992 1425 
32087 1479 
32087 1178 
32199 575 
32204 419 
32337 279 
32401 333 
32523 150 
32602 185 
32609 13 
32647 298 
32652 121 
32664 349 
32729 306 
32742 9858 
32788 1250 
32812 661 
32916 355 
32974 146 
33054 736 
33091 8 
33119 79 
33155 256 
33164 333 
33213 349 
33308 148 
33387 1568 
33442 10420 
33457 235 
33514 1484 
33519 6238 
33629 703 
33665 247 
33667 204 
33698 691 
33714 841 
33741 1147 
33741 338 
33753 1065 
33939 1834 
34030 94 
34040 241 
34050 9 
34065 332 
34076 1025 
34129 650 
34141 236 
34197 740 
34216 191 
34263 1044 
34278 31 
34435 82 
34470 191 
34493 603 
34547 240 
34555 2041 
34557 1336 
34658 54 
34732 174 
34768 734 
34773 310 
34778 73 
34781 93 
34790 40 
34845 742 
34854 425 
34866 203 
34872 1954 
34875 937 
34901 870 
35123 448 
35144 11 
35183 234 
35247 64 
35369 123 
35467 179 
35475 136 
35559 1923 
35692 1169 
35709 0 
35758 211 
35816 243 
35849 4 
35913 516 
35948 3113 
35984 451 
36221 320 
36286 183 
36318 57 
36350 189 
36361 119 
36401 284 
36532 92 
36570 289 
36574 260 
36727 1441 
36732 1295 
36857 380 
36885 1094 
36958 13855 
37111 1467 
37134 766 
37136 1331 
37140 177 
37145 43 
37190 20 
37248 4618 
37327 53 
37476 466 
37587 762 
37698 10300 
37811 32 
37841 337 
38028 90 
38082 2589 
38226 612 
38299 532 
38832 48 
38894 595 
38929 1333 
38960 3010 
38972 3791 
39541 40 
39565 86 
39906 597 
39960 116 
40069 29 
40315 12 
40318 837 
40338 198 
40408 1315 
40478 39 
40696 128 
40732 2048 
41079 76 
41297 69 
41353 172 
41415 442 
41466 138 
41563 150 
41597 489 
41825 1002 
41838 4503 
42130 374 
42772 926 
42792 269 
42832 455 
43252 627 
43271 3757 
43376 2040 
43448 2313 
43481 1302 
43564 359 
43753 0 
43773 351 
43788 385 
44147 909 
44195 7245 
44236 0 
44258 478 
44281 5902 
44424 1757 
44906 853 
44931 2021 
45089 608 
45164 420 
45232 760 
45317 53 
45473 64 
45504 527 
45547 279 
45583 125 
45653 30 
45711 1244 
45725 573 
45802 1364 
46055 1151 
46069 732 
46128 238 
46203 244 
46386 503 
46431 1066 
46435 1196 
46477 1656 
46861 31 
47169 5884 
48088 579 
48228 935 
48361 86 
48500 122 
48921 547 
49221 3082 
49232 496 
49233 1245 
49460 286 
49836 210 
50297 138 
50433 267 
50535 1855 
50671 492 
50879 229 
50891 4 
50940 310 
51044 906 
51122 3398 
51178 49 
51340 424 
51943 609 
52073 1251 
52196 268 
52311 161 
52336 145 
52368 4138 
52589 1494 
53041 1084 
53069 307 
53272 920 
53483 85 
53580 214 
54040 369 
54105 384 
54246 677 
54291 114 
54325 204 
54459 42 
54542 4 
54930 429 
54959 877 
55187 171 
55311 889 
55512 554 
55693 0 
55738 284 
55811 1438 
56153 1764 
56259 136 
56280 8 
56522 615 
56527 126 
56593 1682 
56688 1235 
56738 850 
56769 78 
57010 10 
57416 499 
57500 45 
57722 1084 
57785 229 
57811 3121 
58725 493 
58838 14 
58875 4321 
58897 2104 
58931 1021 
58974 515 
58980 386 
58982 808 
59029 1005 
59038 1103 
59115 170 
59367 8829 
59581 1089 
59602 617 
59607 251 
59796 1065 
59971 229 
60214 290 
60354 9404 
60385 48 
60400 2379 
60409 157 
60412 100 
60414 323 
60483 289 
60508 962 
60622 183 
60649 726 
60819 1004 
61040 8667 
61070 750 
61117 233 
61130 93 
61182 147 
61295 96 
61473 1312 
61550 47 
61718 125 
61810 1197 
61818 10957 
61858 650 
61869 2618 
61875 954 
61880 26 
61890 1575 
61892 330 
61970 180 
62095 723 
62123 3 
62123 3 
62365 3092 
62373 604 
62381 265 
62403 662 
62566 2919 
62580 653 
62588 1313 
62617 2279 
62632 55 
62744 7 
62757 308 
62773 109 
62794 29 
62880 943 
62943 44 
63013 304 
63065 1607 
63112 844 
63133 84 
63151 363 
63156 1248 
63157 6091 
63188 5749 
63216 1370 
63253 409 
63398 1020 
63540 191 
63568 33 
63571 1291 
63607 173 
63637 872 
63650 1034 
63660 39 
63662 1259 
63691 688 
63732 392 
63825 1196 
63914 821 
64245 282 
64268 768 
64278 934 
64346 116 
64382 457 
64438 230 
64480 242 
64495 290 
64734 328 
64796 190 
65018 99 
65089 261 
65096 5786 
65159 470 
65192 65 
65226 79 
65390 221 
65396 1044 
65428 33 
65713 768 
65763 289 
65851 248 
65903 757 
66155 17 
66282 1446 
66363 1755 
66395 3445 
66397 4696 
66419 611 
66426 143 
66442 1543 
66448 243 
66459 626 
66499 79 
66507 228 
66541 295 
66682 1252 
66685 235 
66698 2402 
66750 114 
66755 775 
66798 61 
66898 119 
66915 110 
66943 354 
66997 299 
67028 558 
67207 718 
67290 2259 
67379 241 
67420 339 
67443 386 
67519 193 
67550 282 
67787 274 
67815 141 
67817 455 
67847 1759 
67861 2434 
67923 778 
68017 191 
68037 754 
68185 81 
68309 556 
68330 360 
68373 35 
68526 113 
68696 1602 
68765 87 
69014 98 
69023 1750 
69120 101 
69154 205 
69331 179 
69348 194 
69407 151 
69449 191 
69555 3 
69714 95 
69893 57 
70035 177 
70234 110 
70449 2 
70522 1485 
70539 74 
70543 625 
70630 140 
70659 314 
70672 86 
70748 62 
70839 477 
70857 311 
70951 90 
71034 66 
71058 1 
71297 744 
71307 2331 
71372 251 
71381 579 
71419 954 
71457 385 
71504 343 
71518 173 
71605 851 
71640 2062 
71721 2434 
71751 127 
71819 605 
71844 558 
71931 1130 
72028 2064 
72064 1773 
72087 5396 
72090 4001 
72104 490 
72144 230 
72164 124 
72173 85 
72184 336 
72185 213 
72208 4065 
72286 166 
72289 1972 
72339 2466 
72578 126 
72769 631 
72881 1361 
73021 707 
73059 265 
73070 1575 
73119 4050 
73174 230 
73239 95 
73344 52 
73410 281 
73454 1365 
73602 169 
73612 646 
73787 325 
73827 638 
73969 2727 
74028 267 
74092 934 
74205 807 
74263 190 
74269 32 
74365 38 
74379 399 
74391 779 
74417 367 
74488 867 
74504 236 
74729 299 
74754 514 
74956 593 
74999 2396 
75015 212 
75070 1732 
75094 7496 
75116 166 
75134 684 
75193 2381 
75197 123 
75211 831 
75256 43 
75318 265 
75336 766 
75366 447 
75429 206 
75442 1741 
75445 68 
75454 2938 
75464 276 
75584 330 
75714 2465 
75723 1229 
75730 213 
75737 100 
75742 1023 
75750 161 
75791 408 
75791 250 
75822 150 
75828 239 
75864 437 
75865 684 
76032 1331 
76034 885 
76064 630 
76071 525 
76095 796 
76170 540 
76267 0 
76287 266 
76357 180 
76410 1622 
76540 4665 
76555 360 
76567 18 
76597 1151 
76626 1787 
76687 483 
76687 245 
76701 1833 
76715 299 
76867 1081 
76989 782 
77040 274 
77042 901 
77093 1078 
77096 58 
77104 1279 
77179 253 
77183 610 
77212 1346 
77214 2580 
77226 1048 
77317 574 
77451 10 
77512 638 
77528 6118 
77545 1341 
77560 5916 
77648 173 
77657 404 
77696 34 
77720 2252 
77811 679 
77881 14134 
78116 146 
78141 769 
78425 2079 
78433 244 
78478 515 
78505 214 
78531 171 
78551 262 
78762 2564 
78874 186 
78922 159 
79088 300 
79093 21 
79154 304 
79302 429 
79327 213 
79420 918 
79453 121 
79524 508 
79629 35 
79646 25496 
79721 629 
79736 1460 
79741 472 
79760 923 
79762 2054 
79925 83 
80091 1132 
80134 689 
80157 1142 
80209 621 
80224 167 
80239 269 
80285 3161 
80364 274 
80442 168 
80472 197 
80570 542 
80707 148 
80955 28 
81063 489 
81086 208 
81106 1775 
81127 309 
81294 161 
81307 213 
81343 1160 
81404 544 
81437 655 
81597 145 
81602 63 
81616 1240 
81721 51 
81751 2429 
81756 142 
81877 68 
81918 1374 
81934 1163 
81935 446 
82005 453 
82099 1 
82164 252 
82254 167 
82351 876 
82385 1223 
82521 119 
82593 53 
82613 2650 
82748 153 
82805 15 
82866 882 
82881 468 
82938 46 
82971 44 
82987 624 
82995 798 
83000 488 
83066 590 
83094 713 
83133 1390 
83238 555 
83239 1029 
83288 5845 
83327 897 
83339 1915 
83357 151 
83364 2711 
83398 715 
83535 163 
83562 149 
83587 955 
83596 1190 
83624 91 
83683 1271 
83721 2029 
83769 58 
83775 495 
83827 1048 
83860 3206 
83902 289 
83905 142 
83914 85 
83985 192 
84055 172 
84089 52 
84096 582 
84147 3060 
84160 25 
84194 467 
84205 763 
84206 1122 
84262 228 
84275 81 
84298 448 
84421 418 
84598 50 
84606 1595 
84682 755 
84808 757 
84817 477 
84855 1454 
84896 381 
85016 781 
85140 582 
85250 38 
85324 769 
85368 28 
85530 192 
85536 688 
85545 221 
85563 1073 
85585 640 
85597 1544 
85616 522 
85694 77 
85720 430 
85726 391 
85743 11424 
85772 224 
85799 1656 
85824 260 
85829 122 
85850 122 
85934 1002 
85936 190 
85948 1559 
85989 364 
86030 81 
86050 70 
86070 1105 
86164 138 
86170 952 
86180 352 
86232 91 
86329 73 
86377 899 
86474 28 
86545 45 
86657 567 
86667 81 
86750 21 
86859 144 
87028 1069 
87156 1911 
87267 305 
87385 3572 
87428 217 
87429 1467 
87471 221 
87536 11 
87670 856 
87701 370 
87798 762 
87822 77 
87895 246 
88065 443 
88161 97 
88246 9 
88368 4 
88370 666 
88375 14 
88382 540 
88418 747 
88422 1514 
88423 2049 
88426 823 
88445 268 
88460 130 
88465 44 
88468 833 
88469 211 
88470 1251 
88498 1063 
88507 895 
88653 1056 
88739 1783 
88752 1356 
88841 1643 
88995 4526 
89029 35 
89043 138 
89084 33 
89155 181 
89194 177 
89247 33974 
89266 33 
89271 1225 
89277 74 
89286 230 
89298 435 
89330 222 
89444 308 
89448 1955 
89461 589 
89470 1714 
89482 768 
89609 25 
89694 964 
89765 24 
89918 220 
89946 864 
89979 1399 
90036 208 
90323 460 
90553 1797 
90622 902 
90681 316 
90709 1371 
90798 157 
90857 2458 
90885 141 
90929 1278 
90944 200 
90964 211 
90978 203 
91012 11 
91111 134 
91132 155 
91166 539 
91244 113 
91249 153 
91352 592 
91373 441 
91410 52 
91421 1404 
91479 10 
91527 6 
91675 5 
91829 448 
91832 2216 
91847 687 
91895 383 
91908 1645 
91987 45 
92274 235 
92404 51 
92498 403 
92547 494 
92982 11816 
92991 1247 
92997 167 
93012 5 
93019 62 
93033 41 
93038 153 
93043 904 
93052 552 
93060 727 
93062 2583 
93080 1408 
93139 1461 
93171 516 
93195 457 
93197 88 
93247 45 
93269 261 
93399 228 
93440 81 
93510 186 
93557 41 
93831 1082 
93912 570 
93999 559 
94076 15 
94109 270 
94126 1390 
94136 8 
94258 814 
94453 447 
94822 242 
94831 2615 
94849 396 
95023 2674 
95100 715 
95107 93 
95107 93 
95147 143 
95156 891 
95239 2021 
95322 0 
95333 263 
95383 286 
95443 382 
95534 0 
95550 77 
95598 246 
95618 2396 
95639 202 
95699 562 
95795 47 
95859 1782 
95916 2134 
96022 553 
96075 3072 
96158 2 
96297 1 
96301 564 
96345 243 
96389 335 
96410 839 
96440 520 
96514 425 
96607 442 
96625 5447 
96708 1593 
96758 1465 
96769 413 
96822 482 
96849 516 
96852 386 
96868 1443 
96886 71 
96955 396 
97002 473 
97162 803 
97315 356 
97429 23 
97666 60 
97737 141 
97760 605 
97841 3242 
97899 96 
97986 292 
98015 0 
98112 65 
98160 3139 
98165 759 
98293 206 
98298 195 
98308 646 
98478 3230 
98530 39 
98551 77 
98586 146 
98615 416 
98674 104 
98719 230 
98926 278 
99043 441 
99213 43 
99415 238 
99536 111 
99566 214 
99614 217 
99689 715 
99866 665 
99891 1273 
99978 372 
99988 10406 
100062 1198 
100248 1629 
100283 107 
100479 1226 
100571 1093 
100805 286 
100874 87 
100918 1425 
100920 1541 
100924 155 
101154 40 
101221 791 
101292 25 
101305 2868 
101459 293 
101473 21 
101589 536 
101611 675 
101672 248 
101732 218 
101760 6264 
101909 798 
102004 198 
102007 2897 
102021 491 
102062 196 
102107 377 
102122 46 
102124 208 
102139 440 
102168 700 
102170 221 
102174 123 
102205 202 
102225 402 
102365 332 
102390 116 
102410 429 
102418 229 
102430 1361 
102500 211 
102526 385 
102610 245 
102668 401 
102699 17 
102703 9 
102731 232 
102769 68 
102854 2410 
102874 297 
102934 2175 
103061 579 
103190 706 
103228 237 
103238 123 
103283 139 
103291 137 
103353 1029 
103354 377 
103407 846 
103415 501 
103490 377 
103559 47 
103806 387 
103870 206 
103992 6527 
104040 145 
104057 324 
104082 970 
104124 557 
104129 10 
104142 168 
104155 143 
104168 1095 
104183 44 
104186 365 
104277 460 
104297 176 
104319 786 
104329 35 
104422 1621 
104450 2702 
104594 1185 
104657 12 
104715 101 
104747 169 
104807 520 
104807 700 
104875 255 
104935 547 
105003 541 
105208 62 
105290 30 
105296 4159 
105375 115 
105480 404 
105657 31 
105795 92 
106101 262 
106239 1823 
106381 22 
106662 149 
106869 292 
106961 75 
107137 34 
107206 275 
107313 210 
107550 305 
107591 576 
107593 1410 
107667 1080 
107677 1903 
107719 111 
107728 248 
107806 17 
107874 2600 
107886 1632 
108080 679 
108167 206 
108434 167 
108437 165 
108502 329 
108635 824 
108683 1764 
108704 325 
108728 154 
108773 213 
108789 281 
108790 131 
108837 1678 
109072 458 
109348 462 
109609 853 
110259 372 
110363 3355 
110562 167 
110621 37 
110672 722 
110687 736 
110689 824 
110819 106 
110935 2287 
110975 67 
111080 1294 
111117 46 
111211 676 
111557 332 
111703 19 
112040 888 
112059 742 
112070 1821 
112114 418 
112240 3467 
112292 1591 
112710 220 
112720 730 
112987 476 
113122 309 
113142 6612 
113166 333 
113166 216 
113172 402 
113172 120 
113176 163 
113187 317 
113205 228 
113206 166 
113208 239 
113210 179 
113211 212 
113215 227 
113231 147 
113360 276 
113373 375 
113376 268 
113390 2495 
113393 93 
113404 1578 
113413 1528 
113449 2896 
113478 151 
113496 208 
113614 215 
113665 195 
113733 30 
113879 18 
113976 869 
114139 489 
114139 489 
114304 60 
114368 810 
114379 646 
114444 2161 
114505 46 
114625 316 
114662 712 
114794 335 
114915 248 
115077 1242 
115170 414 
115263 160 
115360 998 
115392 259 
115514 1137 
115516 310 
115722 624 
115920 138 
116103 22 
116249 297 
116573 1144 
116615 3594 
116633 1019 
116645 221 
116661 1113 
116695 2075 
117270 76 
117320 301 
117475 35 
117620 545 
117645 1864 
117740 3652 
117770 2334 
117861 3110 
117990 195 
118006 151 
118026 62 
118405 2836 
118516 263 
118902 166 
118986 163 
119223 104 
119375 127 
119652 84 
119659 101 
119787 85 
120105 1073 
120177 31 
120183 358 
120432 535 
120935 1448 
121081 189 
121257 781 
121342 1211 
121348 805 
121473 142 
122021 149 
123265 1222 
123396 820 
123628 216 
124394 474 
125441 474 
125671 199 
126807 158 
127624 1498 
127679 353 
127988 627 
128539 451 
128569 8 
129354 23 
131004 112 
131149 451 
132090 43 
132272 481 
133251 503 
133887 1165 
133896 406 
134092 27 
134362 279 
135858 673 
136138 73 
136581 287 
136841 5 
137768 115 
138097 1013 
138097 1013 
139291 48 
139422 245 
140226 508 
140360 91 
140579 1570 
140598 1051 
140603 1480 
140616 428 
141106 1065 
141740 965 
141893 75 
141951 545 
142329 1267 
143040 222 
143120 71 
143188 69 
143859 61 
144067 707 
144467 2739 
144710 1034 
144927 925 
145357 269 
145611 684 
145960 372 
145999 235 
146093 580 
147013 417 
147149 15229 
147287 757 
147332 409 
147622 166 
147816 863 
148235 277 
148365 99 
148850 513 
149175 1502 
149219 1772 
149635 843 
149887 226 
149942 116 
149965 303 
150079 2339 
150100 73 
150149 281 
150239 73 
150416 389 
150442 350 
150574 823 
150585 224 
150637 375 
150757 346 
150940 823 
151417 15 
151641 1621 
151732 1051 
151773 91 
151997 489 
152267 532 
152291 10813 
152297 468 
152449 1 
152468 107 
152612 834 
152658 264 
152743 824 
152808 1331 
152944 627 
153241 708 
153465 307 
154018 355 
154111 254 
154392 38 
154569 974 
154571 102 
154660 77 
154665 876 
154704 577 
154721 1665 
154904 36 
154923 482 
155042 320 
155162 9879 
155277 80 
155350 588 
155486 195 
155816 1153 
155817 6230 
155881 1232 
155882 292 
156252 1090 
156486 4 
156795 2414 
156895 334 
156919 2288 
156954 522 
157104 175 
157109 7700 
157146 241 
157152 6106 
157154 4549 
157168 820 
157170 75 
157213 1740 
157283 1332 
157596 429 
157610 2119 
157623 395 
157633 4097 
157662 6842 
157669 134 
157672 71 
157683 84 
157688 526 
157688 843 
157711 132 
157727 5845 
157742 831 
157763 478 
157835 228 
157863 93 
157907 278 
158057 645 
158094 211 
158277 68 
158412 147 
158463 224 
158749 248 
158776 69 
158832 62 
159074 2334 
159213 16 
159379 120 
159689 794 
160116 274 
160136 424 
160166 968 
160167 225 
160228 248 
160722 282 
160740 194 
160850 2376 
160877 673 
161049 6 
161126 1007 
161174 1593 
161191 1473 
161239 193 
161404 158 
161557 13 
161566 998 
161630 368 
161653 274 
161693 128 
161724 162 
162195 506 
162241 794 
162318 531 
162463 147 
162617 84 
162624 321 
162632 301 
162783 109 
162806 270 
162877 1192 
162966 245 
162988 1103 
163137 209 
163377 6812 
163933 31 
164095 325 
164300 1060 
164324 3 
164538 246 
165109 1755 
165277 472 
165362 7006 
165393 298 
165717 835 
166109 1494 
166210 4577 
166230 208 
166269 1317 
166283 111 
166284 674 
166345 1113 
166480 144 
166639 150 
166668 161 
166752 142 
167229 554 
167266 156 
167321 9 
167342 141 
167350 325 
167412 1301 
167616 528 
168188 579 
168301 531 
168404 745 
168602 16 
168757 18 
168891 3 
169271 1784 
169319 279 
169331 102 
169430 2637 
169581 16431 
169603 556 
169700 201 
169768 17 
169824 407 
169887 238 
169931 32 
169945 1911 
170276 20 
170316 199 
170438 597 
170607 339 
170656 783 
170912 171 
171078 92 
171288 84 
171508 1251 
171521 114 
171524 201 
171534 273 
171539 278 
171628 359 
172376 168 
172545 1257 
172728 155 
172728 1018 
172807 20 
172859 145 
172918 5943 
173184 370 
173307 1400 
173328 14 
173490 148 
173581 1201 
173788 902 
174018 547 
174482 930 
174982 25 
175431 1133 
175436 60 
175577 1968 
175899 185 
175915 1268 
176003 3753 
176409 898 
176698 361 
176816 687 
176836 92 
177000 59 
177197 442 
177287 107 
177388 771 
177436 169 
177537 225 
177553 333 
178173 88 
178249 217 
178366 808 
178753 151 
178898 286 
179216 46 
179364 1259 
180006 375 
180146 270 
180594 918 
181092 728 
181681 303 
182140 3379 
182182 589 
182187 509 
182232 364 
182249 556 
182406 395 
182486 553 
182532 20526 
182546 645 
182546 1710 
182555 5479 
182654 765 
183124 638 
183216 601 
183261 22 
183353 977 
183353 16 
183353 16 
183756 124 
184094 1498 
184624 466 
184866 373 
184877 12 
185180 539 
185229 742 
185373 354 
185421 24 
185563 109 
186023 773 
186190 355 
186296 207 
186391 2782 
186595 1554 
186927 903 
187095 1438 
187195 366 
187220 268 
187610 1523 
187665 181 
187710 190 
187815 2187 
187857 1353 
188389 2396 
188419 62 
188996 752 
189065 213 
189104 211 
189212 20 
189557 51 
189580 190 
189948 241 
190084 292 
191184 534 
191448 256 
191493 348 
191553 713 
191560 210 
191566 113 
191575 1576 
191581 1468 
191611 7541 
191640 583 
191658 127 
191660 1088 
191665 3172 
191709 604 
191800 502 
192304 83 
192377 315 
192412 3817 
192676 25 
192700 1078 
192711 397 
192713 65 
192736 1116 
192996 1191 
193157 163 
193569 1083 
193871 847 
193881 642 
194161 49 
194432 214 
194712 773 
194799 1920 
194809 462 
195196 375 
195282 167 
195396 643 
195449 18 
195489 279 
195600 326 
195669 22 
195749 220 
196060 159 
196276 2159 
196298 789 
196434 429 
196495 179 
196499 524 
196507 11 
196524 2320 
196798 41 
196974 620 
197381 3191 
197391 375 
197416 233 
197629 1291 
197926 585 
198012 441 
198304 30 
198328 732 
198478 1153 
198550 30 
198751 536 
198805 1058 
198826 613 
199160 3264 
199243 15 
199642 189 
199782 136 
199853 311 
200109 227 
200354 1570 
200719 53 
201082 110 
201165 252 
201661 34 
202137 206 
202246 3544 
202666 744 
202682 553 
202756 90 
203710 4 
204061 411 
204357 109 
205995 394 
206980 2989 
207425 123 
207428 383 
207443 94 
207481 0 
207521 3 
208411 132 
208438 401 
208850 1869 
209215 401 
209415 56 
209500 1196 
209958 75 
210457 435 
210950 676 
211241 508 
217196 717 
217218 560 
217649 435 
222971 116 
228129 875 
228782 1362 
228897 152 
228943 2198 
232228 407 
232331 1754 
232916 195 
234161 523 
234535 906 
234771 42 
235460 1232 
235791 1112 
235856 1063 
235882 538 
235920 524 
236183 1504 
236784 1155 
237815 637 
237916 2367 
237921 3685 
238764 1346 
239047 316 
239222 40 
239319 1213 
240054 1186 
240121 149 
240129 137 
240293 2178 
240434 1657 
241308 1585 
241446 1193 
241455 154 
241485 1718 
241500 392 
241621 1773 
242703 25 
242962 1590 
243595 155 
244786 35253 
244805 843 
244820 672 
244821 12346 
244821 1390 
244830 2495 
244833 1173 
244838 134 
244897 110 
244941 6928 
244997 949 
245040 737 
245350 310 
245357 4905 
245444 22 
245485 5811 
245806 217 
245879 995 
245904 517 
246095 275 
246182 2468 
246431 1518 
246814 34 
247386 11 
247755 81 
249124 498 
249459 333 
249793 667 
250077 317 
250328 433 
250860 1429 
251036 531 
251158 271 
251248 246 
251672 46 
251789 699 
252004 127 
252322 89 
252512 43 
253092 273 
253238 128 
253931 711 
254456 128 
254797 57 
254877 533 
255396 1 
256384 829 
256609 573 
256631 1471 
256650 240 
256711 3815 
257187 89 
257549 9457 
257664 1670 
257704 284 
258248 596 
258293 3355 
258320 7260 
258368 973 
258386 51 
258419 377 
258458 14324 
258482 4202 
258705 148 
259059 180 
259208 249 
259416 1295 
259457 198 
259607 180 
259660 78 
259716 239 
259757 738 
260176 70 
260176 70 
260629 1548 
260901 219 
261434 1630 
261496 531 
262465 2664 
263408 199 
263447 1198 
263658 66 
264054 1066 
264291 635 
264649 2935 
265108 1430 
266641 122 
267419 657 
267979 969 
268376 166 
269371 0 
270182 1279 
270541 380 
272566 2367 
272651 434 
272682 3382 
272693 1239 
272713 25 
272714 4540 
273149 206 
273232 50 
284860 243 
285386 700 
286993 577 
287116 1049 
287588 433 
289433 152 
290497 111 
294522 511 
294665 473 
296439 512 
298004 33938 
298298 1517 
298354 1512 
302802 316 
302918 80 
303245 39 
304605 163 
305348 20 
306679 16505 
314153 462 
314613 3130 
315049 47 
315423 221 
316662 79 
317981 1499 
321041 769 
321068 1315 
321092 100 
325826 571 
326956 1424 
327395 54 
327834 1010 
328650 270 
330143 252 
331105 54 
331739 955 
331790 1813 
331900 513 
332165 171 
332426 246 
332505 346 
332526 9 
332608 650 
332901 1147 
333321 206 
333693 12164 
333715 934 
333749 1838 
333950 62 
333980 1232 
334203 204 
334282 2561 
335483 685 
337029 472 
337301 890 
337382 1459 
337402 2180 
337425 1793 
337444 348 
337519 3603 
337617 1905 
337948 41 
338114 1370 
338514 699 
338838 9 
340025 144 
340634 766 
341395 1165 
342289 1564 
342343 1049 
343723 40 
344429 1404 
344721 5707 
345440 644 
346050 1032 
346379 210 
346440 116 
346791 4852 
346798 171 
346862 1011 
346931 820 
347637 32 
348499 348 
349473 71 
350117 568 
350235 1539 
350346 47 
350926 23 
351064 82 
351182 229 
351259 1155 
351295 34 
351332 193 
352016 1592 
352544 486 
353033 279 
353460 813 
353618 639 
355029 98 
356136 1141 
356430 129 
356592 361 
357509 47 
357656 185 
357870 1460 
358458 335 
358507 65 
358659 502 
360247 1180 
360590 506 
360610 194 
360697 203 
363988 54 
364393 233 
366095 179 
366556 427 
367045 954 
369385 882 
370678 292 
371625 618 
372142 160 
372377 648 
374263 213 
374605 277 
376343 708 
376406 1010 
376498 458 
377077 336 
377457 37 
377504 6194 
377912 3 
377943 99 
378131 57 
381731 244 
382120 225 
383501 196 
385503 349 
386695 260 
389258 73 
390858 74 
391072 24 
393434 815 
395277 37 
398140 6 
398662 392 
398754 43 
404140 222 
406234 160 
406301 563 
408159 79 
408247 488 
408634 151 
412440 272 
414256 822 
414754 180 
415309 220 
416059 51 
418239 216 
419228 88 
419284 240 
419477 219 
420158 269 
420576 125 
421806 170 
421924 43 
423019 58 
423075 538 
424189 1092 
425574 1524 
425594 2318 
425703 830 
427260 786 
427269 1794 
427745 75 
428432 1560 
428878 287 
429062 556 
429619 481 
430434 185 
431522 221 
431659 69 
431885 302 
437880 34 
438228 304 
438242 6567 
438309 2773 
438531 493 
440919 960 
442073 610 
442443 288 
442699 7 
443599 257 
444054 1026 
444570 729 
444623 595 
444649 334 
445605 1262 
447528 10 
447955 596 
452404 1255 
453032 3359 
453115 25108 
453127 1652 
454074 154 
454569 3180 
456358 109 
456535 1151 
456546 5688 
456557 1277 
456597 900 
456659 106 
456780 192 
457113 409 
457790 641 
458455 1711 
460709 243 
462276 278 
464449 152 
466485 239 
467452 396 
467489 184 
470964 338 
477716 565 
477723 104 
478043 581 
480210 2435 
480561 1220 
481209 825 
481707 30 
482087 830 
483845 218 
490696 172 
491332 183 
494584 503 
498537 114 
499709 4 
500521 104 
500998 430 
501006 277 
501564 1836 
501615 4490 
503427 394 
503437 1326 
503675 41 
504029 321 
504722 153 
506411 362 
506742 545 
509091 435 
509629 103 
509907 2 
511456 651 
512882 201 
514467 144 
514508 22 
514574 1190 
514586 1337 
514625 221 
514727 33 
514752 13 
514781 150 
515376 611 
515389 96 
515460 35 
517377 1183 
517876 34 
520027 31 
521378 1829 
524387 3246 
524621 2169 
527996 6586 
528025 1383 
528131 535 
528522 577 
528953 1935 
529162 175 
530317 1237 
530515 953 
530884 123 
531131 49 
532555 33 
533342 307 
535423 2345 
535534 81 
536731 85 
536796 317 
537365 314 
542993 138 
545989 1572 
552146 184 
571463 4 
573064 214 
573836 125 
576401 343 
580165 1 
581048 302 
582262 167 
582828 503 
584952 444 
585463 47 
585845 1212 
586575 238 
586812 1065 
587002 73 
592750 2353 
594613 535 
595606 24 
597078 515 
597384 1332 
602451 71 
604253 129 
