2095 3.78393518519
0 998274 
14 242 
14 458 
15 124 
16 124 
21 528 
22 179 
23 40 
24 91 
24 304 
25 71 
27 281 
27 637 
27 50 
29 87 
29 173 
29 161 
29 87 
30 177 
31 33 
32 63 
32 232 
32 327 
33 35 
33 118 
35 151 
35 131 
36 33 
36 423 
37 147 
37 126 
39 46 
40 108 
40 99 
41 435 
42 82 
42 274 
43 141 
43 31 
43 124 
44 371 
44 1225 
44 315 
45 310 
45 76 
46 107 
46 1516 
46 480 
47 28 
47 316 
48 69 
48 400 
49 103 
49 156 
49 137 
49 208 
49 220 
49 221 
50 39 
50 368 
51 11 
51 140 
51 44 
51 560 
52 91 
52 318 
52 1436 
53 42 
54 42 
54 90 
54 103 
55 219 
55 151 
55 168 
55 436 
55 124 
55 348 
56 611 
56 122 
57 110 
57 49 
57 58 
59 159 
59 105 
59 165 
59 34 
60 435 
60 108 
60 21 
60 1158 
60 228 
61 46 
61 78 
61 18 
61 50 
61 176 
61 34 
62 323 
62 355 
62 81 
63 236 
63 374 
63 510 
64 62 
64 137 
64 228 
64 360 
65 175 
65 60 
66 292 
66 123 
66 268 
66 231 
66 511 
66 5 
66 364 
67 305 
67 227 
68 243 
69 86 
69 119 
69 263 
69 301 
69 27 
70 34 
71 90 
71 119 
71 5 
71 130 
71 151 
72 23 
73 64 
74 1434 
74 209 
74 238 
75 142 
75 478 
75 407 
75 273 
75 78 
75 51 
76 91 
77 128 
78 168 
78 351 
78 125 
78 78 
79 282 
79 206 
80 62 
80 359 
80 169 
80 304 
80 680 
80 226 
81 355 
81 66 
81 130 
82 143 
83 46 
83 432 
83 490 
84 108 
84 202 
84 229 
85 322 
87 22 
87 22 
89 148 
90 309 
90 109 
91 5 
91 211 
92 504 
92 78 
92 456 
93 121 
93 104 
93 170 
94 92 
94 275 
94 27 
95 134 
95 76 
95 43 
95 36 
96 54 
96 205 
96 152 
96 47 
97 214 
97 249 
97 224 
98 144 
98 6 
98 199 
98 565 
99 575 
99 168 
100 321 
100 402 
100 56 
100 332 
101 313 
101 262 
101 114 
102 138 
102 59 
103 144 
103 96 
104 102 
104 209 
105 140 
105 392 
105 221 
106 124 
106 141 
106 159 
106 495 
106 158 
108 68 
108 71 
109 48 
109 92 
110 371 
110 11 
110 177 
110 96 
110 315 
110 76 
111 181 
111 278 
113 134 
113 82 
113 105 
114 321 
114 0 
115 255 
115 883 
115 63 
115 63 
116 142 
117 52 
117 188 
117 511 
117 55 
118 247 
118 81 
118 165 
119 1 
119 168 
119 39 
119 166 
120 40 
120 97 
120 33 
121 51 
121 394 
122 23 
123 215 
123 78 
123 182 
123 47 
124 317 
125 399 
125 117 
126 50 
126 260 
126 292 
126 19 
127 194 
127 62 
127 128 
128 39 
128 150 
129 58 
129 64 
130 130 
130 132 
131 228 
132 94 
133 28 
133 699 
133 112 
135 55 
135 68 
137 54 
137 108 
137 112 
138 100 
139 674 
139 142 
139 89 
140 62 
141 675 
144 217 
144 65 
145 558 
148 107 
149 64 
149 373 
150 182 
152 259 
154 1752 
154 66 
154 301 
155 69 
155 36 
156 60 
156 220 
157 68 
157 64 
157 65 
157 84 
158 62 
159 638 
161 327 
161 75 
162 74 
162 334 
163 15 
164 176 
164 21 
164 58 
164 99 
166 33 
166 124 
167 177 
168 5 
168 59 
168 141 
168 95 
169 41 
170 479 
170 575 
170 117 
172 136 
172 141 
172 284 
172 512 
173 130 
174 46 
175 94 
176 321 
176 435 
179 287 
180 165 
181 84 
181 56 
181 113 
183 26 
184 237 
184 57 
187 124 
190 206 
191 115 
192 88 
193 674 
193 205 
194 35 
195 300 
195 69 
196 77 
197 470 
198 94 
199 297 
200 143 
200 292 
201 76 
204 70 
205 100 
205 237 
205 73 
206 97 
207 541 
207 241 
208 53 
209 86 
215 36 
215 332 
216 52 
216 240 
217 212 
219 313 
219 91 
221 393 
222 256 
222 227 
222 145 
223 170 
223 38 
224 65 
225 114 
226 23 
226 249 
228 454 
228 32 
229 167 
229 494 
229 928 
229 46 
232 293 
232 81 
232 162 
233 271 
235 44 
235 133 
236 88 
237 155 
238 304 
242 38 
243 673 
245 32 
249 24 
251 211 
252 355 
252 34 
253 71 
254 245 
255 143 
255 84 
255 24 
255 43 
256 80 
259 76 
261 24 
261 308 
262 249 
264 38 
264 69 
268 100 
268 53 
270 115 
271 115 
271 111 
272 10 
274 245 
276 219 
279 54 
281 331 
283 28 
283 131 
283 36 
284 72 
284 27 
284 54 
285 76 
287 145 
289 151 
289 297 
290 69 
291 104 
291 38 
292 773 
293 97 
293 51 
294 20 
296 85 
304 72 
305 74 
305 272 
307 175 
310 50 
310 223 
311 230 
312 99 
313 97 
315 42 
317 37 
318 47 
319 72 
319 33 
320 145 
320 39 
321 150 
322 132 
322 185 
324 180 
332 71 
332 111 
333 345 
334 82 
334 58 
334 99 
335 82 
336 456 
338 101 
341 98 
343 80 
344 20 
344 117 
348 171 
354 318 
355 94 
359 142 
360 9 
360 185 
362 68 
363 74 
366 43 
367 5 
368 74 
373 142 
374 183 
376 149 
377 190 
380 88 
388 129 
388 2 
391 10 
392 75 
393 18 
396 88 
396 87 
397 212 
397 122 
399 41 
400 138 
401 44 
402 121 
402 51 
405 118 
406 185 
407 78 
409 51 
410 16 
410 27 
412 62 
413 212 
413 29 
413 122 
415 20 
415 168 
415 193 
416 149 
417 140 
420 95 
420 119 
420 694 
421 47 
421 190 
422 211 
423 18 
427 42 
431 184 
433 68 
434 244 
435 63 
437 91 
440 747 
443 286 
444 102 
444 55 
445 70 
452 43 
452 36 
454 62 
455 57 
456 113 
457 51 
460 120 
460 98 
464 187 
465 78 
467 21 
469 455 
469 22 
471 60 
472 195 
475 213 
476 154 
477 5 
479 50 
481 162 
483 12 
484 61 
488 230 
490 82 
490 353 
490 217 
494 157 
497 461 
500 42 
502 14 
505 75 
512 493 
519 146 
520 148 
521 408 
524 277 
527 77 
527 42 
527 95 
528 127 
530 151 
532 26 
532 53 
534 26 
535 82 
543 269 
543 321 
543 184 
545 110 
545 116 
549 1092 
552 230 
554 43 
555 126 
557 117 
557 699 
557 82 
562 125 
564 28 
565 167 
568 206 
571 417 
571 272 
573 229 
575 183 
579 61 
581 71 
589 105 
593 13 
598 16 
601 36 
601 85 
601 97 
608 69 
611 30 
612 1231 
619 34 
621 233 
629 146 
630 51 
637 20 
638 43 
640 67 
641 135 
642 294 
642 75 
643 289 
647 94 
647 83 
651 176 
653 332 
658 158 
659 3666 
662 88 
666 248 
669 70 
671 24 
672 431 
676 441 
676 77 
677 801 
678 133 
681 108 
681 65 
686 658 
686 168 
690 68 
694 71 
696 250 
696 251 
697 69 
699 96 
702 267 
705 184 
707 1148 
708 294 
709 25 
711 151 
717 396 
718 119 
718 172 
718 462 
719 365 
722 191 
722 132 
725 34 
727 60 
737 364 
738 319 
738 54 
740 84 
740 85 
741 2144 
742 196 
742 1127 
748 79 
749 127 
755 66 
757 103 
757 208 
760 89 
762 35 
763 63 
765 257 
765 162 
770 92 
773 111 
775 72 
780 37 
782 764 
786 35 
792 86 
793 17 
800 47 
803 139 
803 130 
809 337 
809 337 
816 124 
816 124 
817 168 
817 168 
824 11 
824 11 
825 29 
825 29 
830 48 
830 48 
830 300 
830 300 
831 72 
831 143 
831 72 
831 143 
833 89 
833 89 
835 346 
835 346 
837 42 
837 42 
845 70 
845 269 
845 70 
845 269 
850 296 
850 296 
853 166 
853 58 
853 58 
853 166 
855 286 
855 286 
856 109 
856 109 
860 3238 
860 3238 
862 191 
862 191 
864 137 
865 279 
867 86 
870 173 
873 18 
885 271 
887 247 
890 31 
891 44 
892 50 
894 130 
901 185 
901 82 
905 81 
905 3 
907 46 
908 2579 
911 99 
915 1304 
927 152 
929 224 
934 78 
936 134 
937 43 
940 72 
942 249 
942 27 
945 79 
953 14 
956 52 
958 54 
963 36 
964 44 
965 81 
965 129 
968 22 
975 387 
976 127 
982 250 
983 476 
984 61 
984 244 
991 65 
995 574 
995 142 
997 466 
999 28 
1000 580 
1020 41 
1088 275 
1089 66 
1090 1966 
1091 36 
1095 188 
1097 123 
1101 117 
1101 142 
1101 38 
1108 34 
1110 133 
1110 176 
1112 37 
1117 179 
1118 92 
1119 119 
1120 81 
1122 62 
1124 30 
1127 212 
1128 157 
1133 96 
1144 65 
1149 77 
1149 127 
1151 68 
1155 113 
1157 11 
1158 41 
1162 122 
1164 159 
1173 50 
1175 59 
1178 111 
1179 40 
1181 1002 
1183 50 
1183 158 
1185 119 
1185 494 
1186 165 
1189 55 
1196 262 
1196 30 
1197 141 
1199 46 
1205 56 
1232 222 
1248 393 
1248 20 
1252 70 
1259 445 
1261 6929 
1262 108 
1262 182 
1266 167 
1266 71 
1271 41 
1271 526 
1287 433 
1288 67 
1289 94 
1289 207 
1307 251 
1308 65 
1310 51 
1310 41 
1334 82 
1336 36 
1342 46 
1346 13 
1350 210 
1358 184 
1359 36 
1361 394 
1366 94 
1367 39 
1380 381 
1381 22 
1391 125 
1393 98 
1394 71 
1398 6348 
1398 151 
1402 192 
1403 15 
1415 73 
1423 50 
1446 45 
1447 59 
1460 540 
1471 139 
1473 49 
1474 27 
1474 81 
1492 144 
1501 77 
1504 347 
1504 24 
1504 113 
1507 120 
1510 227 
1510 201 
1513 7 
1514 72 
1518 137 
1526 164 
1532 93 
1534 150 
1537 114 
1546 94 
1546 80 
1548 56 
1550 113 
1556 61 
1563 263 
1569 73 
1582 52 
1585 89 
1591 95 
1597 65 
1602 115 
1624 22 
1624 109 
1630 93 
1632 12 
1635 877 
1640 2 
1642 291 
1643 309 
1645 86 
1655 14 
1659 45 
1660 773 
1661 72 
1668 623 
1669 123 
1679 345 
1683 162 
1685 85 
1686 174 
1692 66 
1703 28 
1713 56 
1715 5 
1718 40 
1728 63 
1734 10 
1735 60 
1740 55 
1741 64 
1748 25 
1753 143 
1755 388 
1756 15 
1772 2301 
1780 0 
1785 114 
1790 69 
1793 24 
1796 42 
1800 138 
1803 325 
1807 151 
1812 135 
1814 241 
1817 41 
1837 40 
1839 64 
1839 103 
1841 102 
1842 51 
1847 49 
1851 94 
1862 137 
1867 8 
1881 18 
1891 126 
1892 36 
1894 20 
1900 104 
1907 81 
1907 1302 
1909 29 
1910 346 
1932 21 
1941 76 
1942 168 
1959 56 
1960 450 
1969 145 
1977 63 
1983 281 
1993 146 
2002 48 
2006 47 
2007 28 
2008 38 
2026 32 
2026 498 
2029 140 
2052 46 
2055 10 
2059 80 
2065 306 
2068 52 
2069 192 
2073 104 
2089 47 
2098 120 
2098 179 
2101 43 
2114 129 
2119 113 
2122 84 
2122 424 
2127 38 
2134 32 
2137 100 
2161 1420 
2168 57 
2169 78 
2175 79 
2175 119 
2177 58 
2185 9 
2191 149 
2205 29 
2206 767 
2207 149 
2208 32 
2222 65 
2225 81 
2228 9 
2230 162 
2232 240 
2245 49 
2249 138 
2254 62 
2259 66 
2262 27 
2279 92 
2279 104 
2280 118 
2285 55 
2292 130 
2293 1589 
2303 85 
2304 274 
2307 113 
2313 212 
2316 69 
2322 84 
2333 105 
2343 25 
2345 15 
2354 8 
2366 110 
2370 731 
2380 123 
2380 62 
2381 304 
2385 78 
2390 31 
2403 398 
2403 22 
2405 389 
2406 474 
2411 37 
2412 57 
2414 185 
2426 27 
2428 31 
2434 429 
2442 201 
2451 57 
2467 31 
2471 103 
2476 138 
2476 110 
2480 68 
2482 51 
2484 84 
2495 236 
2498 203 
2501 167 
2504 171 
2506 12 
2516 87 
2532 85 
2532 103 
2533 45 
2536 17 
2539 91 
2550 330 
2575 64 
2590 61 
2598 748 
2598 89 
2603 124 
2603 49 
2625 206 
2636 61 
2638 24 
2645 56 
2648 72 
2664 6 
2672 195 
2688 697 
2696 32 
2699 37 
2699 61 
2706 24 
2707 57 
2710 91 
2712 1453 
2714 155 
2727 11 
2727 251 
2728 0 
2731 91 
2744 47 
2757 61 
2758 33 
2765 62 
2766 1781 
2776 8 
2776 192 
2776 204 
2778 663 
2784 253 
2796 9 
2805 46 
2806 42 
2809 114 
2818 61 
2826 91 
2832 54 
2843 57 
2845 188 
2850 2051 
2877 99 
2887 21 
2898 48 
2913 22 
2924 117 
2926 46 
2933 47 
2934 90 
2955 493 
2958 88 
2970 1020 
2973 86 
2978 114 
2987 100 
2991 50 
3004 72 
3008 347 
3014 263 
3018 1924 
3019 68 
3021 357 
3022 46 
3027 59 
3029 16 
3038 320 
3042 46 
3044 362 
3044 499 
3045 142 
3045 69 
3050 135 
3051 38 
3051 48 
3057 127 
3065 98 
3078 13 
3082 50 
3090 115 
3107 102 
3132 71 
3137 97 
3153 797 
3166 25 
3171 220 
3204 324 
3221 2509 
3235 56 
3249 343 
3261 400 
3267 17 
3273 10 
3280 107 
3281 21 
3282 63 
3298 98 
3306 71 
3318 139 
3319 39 
3323 31 
3325 55 
3337 18 
3341 82 
3348 146 
3351 10 
3353 177 
3366 503 
3377 37 
3379 389 
3383 1265 
3385 1160 
3426 23 
3431 85 
3444 97 
3445 183 
3446 104 
3460 18 
3465 166 
3491 39 
3494 17 
3499 78 
3579 207 
3585 197 
3599 150 
3611 62 
3617 6 
3619 69 
3624 170 
3636 227 
3651 115 
3653 131 
3658 44 
3663 400 
3667 28 
3680 267 
3682 101 
3683 434 
3684 49 
3685 293 
3686 1133 
3689 131 
3693 100 
3712 37 
3719 33 
3719 87 
3746 76 
3750 134 
3759 106 
3773 170 
3775 2096 
3810 156 
3819 23 
3826 57 
3830 103 
3835 290 
3848 279 
3849 42 
3850 25 
3860 12 
3861 80 
3897 83 
3917 80 
3947 78 
3957 257 
3977 45 
4009 71 
4012 137 
4013 146 
4014 52 
4040 7 
4040 64 
4061 32 
4077 62 
4090 165 
4112 68 
4112 31 
4130 94 
4133 83 
4143 44 
4144 110 
4150 4179 
4151 124 
4153 32 
4169 35 
4185 123 
4188 70 
4193 20 
4225 70 
4230 16 
4230 17 
4258 27 
4258 12 
4263 705 
4264 35 
4268 88 
4281 154 
4283 1273 
4302 144 
4311 19 
4321 25 
4321 76 
4395 105 
4410 48 
4488 163 
4495 76 
4495 43 
4499 90 
4530 43 
4537 79 
4538 29 
4547 6 
4553 141 
4569 435 
4571 43 
4600 509 
4610 53 
4612 398 
4615 15 
4620 210 
4639 19 
4646 794 
4652 79 
4666 108 
4671 22 
4672 77 
4707 30 
4718 1800 
4721 1237 
4724 42 
4745 18 
4752 66 
4759 84 
4765 1074 
4774 234 
4784 148 
4809 169 
4814 13 
4826 33 
4830 178 
4833 56 
4841 229 
4876 27 
4883 236 
4897 805 
4899 365 
4909 777 
4941 27 
4956 41 
5007 26 
5023 92 
5034 179 
5042 60 
5073 176 
5092 29 
5111 65 
5115 36 
5124 425 
5131 104 
5164 37 
5200 113 
5211 14 
5234 193 
5235 1277 
5255 36 
5262 15 
5294 55 
5298 76 
5332 24 
5338 135 
5340 276 
5361 73 
5364 8871 
5392 23 
5399 35 
5427 17 
5431 71 
5435 75 
5441 20 
5487 708 
5500 16 
5506 111 
5514 638 
5534 76 
5539 184 
5572 19 
5575 120 
5597 51 
5609 95 
5627 10 
5629 545 
5636 201 
5648 170 
5682 530 
5697 86 
5742 182 
5760 73 
5773 59 
5774 167 
5775 35 
5777 13 
5795 66 
5797 81 
5815 99 
5820 29 
5890 44 
5893 116 
5909 1980 
5919 49 
5936 3850 
5966 168 
5970 53 
5981 122 
6022 31 
6038 99 
6048 6 
6090 11 
6128 32 
6138 174 
6138 110 
6140 67 
6163 59 
6184 1504 
6267 108 
6268 12 
6312 167 
6326 103 
6359 195 
6372 53 
6396 46 
6408 12 
6421 5 
6432 340 
6444 520 
6492 318 
6494 102 
6504 7492 
6512 177 
6513 239 
6532 1094 
6540 104 
6576 1903 
6619 122 
6651 83 
6681 94 
6696 182 
6712 19 
6760 25 
6764 225 
6778 51 
6782 82 
6901 75 
6940 413 
6945 104 
6964 47 
6984 165 
7005 111 
7044 20 
7045 62 
7070 191 
7106 138 
7128 20 
7156 205 
7192 20 
7195 20 
7231 13 
7259 39 
7296 39 
7297 422 
7312 23 
7345 14 
7351 227 
7352 88 
7386 229 
7443 115 
7444 27 
7478 109 
7488 393 
7496 2041 
7523 134 
7540 2560 
7559 13 
7586 25 
7647 277 
7755 235 
7809 253 
7843 132 
7858 108 
7878 156 
7886 13 
7898 414 
7928 9 
7970 43 
8015 134 
8121 29 
8132 27 
8147 89 
8170 596 
8226 368 
8240 44 
8246 754 
8246 237 
8261 2317 
8274 134 
8275 57 
8282 96 
8283 102 
8305 5 
8340 23 
8364 50 
8381 55 
8406 266 
8423 23 
8430 33 
8486 19 
8540 54 
8540 154 
8574 63 
8576 742 
8578 165 
8613 2 
8663 79 
8680 21 
8686 94 
8717 63 
8730 43 
8739 1062 
8743 183 
8745 439 
8777 86 
8785 26 
8810 123 
8815 65 
8830 236 
8859 228 
8870 96 
8880 30 
8884 791 
8887 101 
8906 42 
8942 59 
8945 40 
8951 32 
8976 94 
8985 103 
9001 41 
9007 66 
9030 1 
9053 453 
9055 62 
9072 36 
9089 60 
9117 111 
9121 86 
9135 116 
9140 13 
9198 61 
9242 295 
9255 20 
9312 40 
9333 50 
9352 42 
9355 160 
9360 63 
9384 77 
9445 80 
9468 132 
9497 60 
9545 212 
9574 387 
9593 207 
9596 192 
9603 290 
9651 114 
9683 67 
9735 119 
9737 28 
9738 229 
9759 273 
9839 111 
9857 29 
9885 136 
9900 119 
9912 156 
10067 32 
10078 29 
10145 83 
10154 81 
10207 80 
10209 165 
10234 38 
10240 116 
10246 36 
10279 69 
10316 110 
10340 133 
10346 58 
10366 21 
10419 57 
10425 77 
10474 10 
10482 58 
10495 664 
10525 169 
10537 69 
10567 228 
10572 123 
10575 1 
10603 6 
10624 21 
10631 6 
10648 39 
10655 40 
10694 81 
10781 17 
10831 2347 
10848 298 
10875 14 
10912 51 
10923 92 
10938 94 
10953 28 
10958 213 
11009 65 
11016 229 
11023 27 
11104 47 
11149 24 
11206 44 
11279 503 
11296 31 
11343 1459 
11368 266 
11387 84 
11394 1008 
11433 31 
11462 74 
11486 296 
11538 301 
11574 33 
11597 57 
11610 149 
11628 175 
11661 87 
11692 235 
11736 142 
11751 654 
11817 65 
11845 178 
11850 694 
11857 363 
11891 354 
11892 21 
11928 197 
12047 252 
12068 28 
12071 30 
12101 25 
12124 32 
12137 2579 
12158 336 
12205 20 
12350 234 
12466 195 
12479 128 
12479 23 
12519 46 
12536 35 
12549 80 
12573 1 
12590 149 
12640 541 
12683 97 
12732 51 
12732 587 
12786 14 
12850 25 
12895 194 
12905 43 
12922 124 
12956 472 
12956 43 
12957 13 
12984 15 
13062 92 
13076 230 
13100 52 
13181 43 
13197 151 
13280 34 
13284 329 
13318 88 
13321 104 
13340 98 
13404 238 
13609 24 
13649 15 
13892 235 
13953 16 
14157 180 
14236 163 
14275 213 
14448 52 
14461 122 
14478 76 
14527 68 
14560 61 
14591 29 
14746 11 
14830 182 
14854 154 
15009 75 
15015 43 
15055 46 
15148 2 
15206 83 
15219 309 
15322 31 
15351 32 
15390 213 
15436 15 
15470 114 
15496 54 
15551 40 
15647 14830 
15685 147 
15686 164 
15772 39 
15862 57 
15919 665 
15935 3 
15995 99 
16030 262 
16077 49 
16120 10 
16423 42 
16478 4 
16523 39 
16524 35 
16532 25 
16547 136 
16585 89 
16694 9 
16717 51 
16781 133 
16828 156 
16948 242 
17011 391 
17092 49 
17100 26 
17166 107 
17450 70 
17471 62 
17530 222 
17622 37 
17647 17 
17710 9 
17879 37 
17914 210 
17976 50 
18046 69 
18154 163 
18157 24 
18188 115 
18199 53 
18207 95 
18220 59 
18377 98 
18407 197 
18421 7 
18529 23 
18931 32 
18934 15 
19031 59 
19094 300 
19171 542 
19248 28 
19345 10 
19357 96 
19383 132 
19392 73 
19413 7 
19415 64 
19424 332 
19489 37 
19592 324 
19594 540 
19676 17 
19676 65 
19686 74 
19732 1 
19734 24 
19957 52 
19972 156 
20156 99 
20184 34 
20233 90 
20246 62 
20279 70 
20397 95 
20695 31 
20797 25 
20869 39 
21426 367 
21703 167 
21778 166 
22001 37 
22108 41 
22228 69 
22261 173 
22264 311 
22284 577 
22317 129 
22362 95 
22362 1019 
22366 705 
22395 8 
22399 36 
22407 126 
22425 348 
22429 153 
22443 255 
22499 371 
22552 309 
22642 155 
22698 647 
22737 50 
22789 271 
22836 12 
22848 231 
22955 82 
23055 681 
23149 29 
23196 128 
23447 312 
23567 152 
23580 60 
23734 63 
24149 96 
24167 80 
24198 104 
24477 83 
24594 46 
24672 171 
24689 84 
24714 64 
24751 51 
25359 438 
25531 4256 
25702 69 
25744 62 
26233 66 
26241 318 
26345 12 
26443 39 
26451 145 
26538 100 
26769 99 
26956 150 
27500 69 
27723 355 
27810 41 
27878 31 
27941 63 
28030 39 
28090 28 
28256 326 
28426 14 
28440 6 
28525 46 
28637 202 
28703 71 
28981 52 
29118 357 
29199 86 
29366 10 
29662 31 
29878 43 
29970 202 
30025 0 
30046 11 
30416 360 
30417 166 
30693 172 
30925 89 
30972 40 
31230 78 
31534 329 
31537 41 
31700 265 
31781 178 
31854 111 
32119 22 
32171 108 
32458 669 
33019 48 
33058 555 
33077 184 
33187 10 
33267 4 
33360 100 
33714 1 
33783 80 
34708 63 
35074 426 
35113 64 
35716 13 
36069 415 
36108 114 
36839 58 
36989 71 
37355 21 
38790 15 
39157 8 
39303 44 
39386 111 
39977 415 
41165 39 
41796 79 
42557 181 
43770 23 
43813 17 
44765 97 
46282 241 
47047 160 
49166 234 
50821 125 
53722 26 
56907 11 
56985 80 
59998 439 
60502 210 
61302 43 
61885 24 
63555 144 
63612 37 
64997 68 
65342 2620 
65594 2619 
65923 7 
66428 71 
67451 113 
67678 1670 
67916 3 
69589 37 
70144 198 
71872 260 
72588 319 
73085 98 
73741 3 
73859 508 
75443 369 
78805 225 
79678 18 
80010 226 
81081 215 
81283 317 
81594 189 
81866 71 
82027 88 
82886 32 
83551 326 
86136 56 
90201 71 
91528 23 
93797 86 
97096 116 
97485 120 
100280 39 
100378 17 
101759 236 
102691 82 
103066 372 
103827 113 
106492 259 
113208 12 
116050 285 
119413 258 
120799 241 
121759 116 
122063 37 
122222 137 
124070 557 
124293 107 
124636 97 
125132 106 
128201 389 
129489 35 
135633 81 
141933 15296 
142945 2252 
144303 132 
144949 17 
147008 150 
156201 595 
157485 218 
164662 51 
165430 14 
166233 79 
176358 79 
177853 429 
177872 213 
185181 156 
186334 88 
188436 84 
188599 9 
195437 97 
196205 221 
196800 1442 
203116 47 
204465 110 
204542 49 
212513 33 
228247 49 
230557 390 
237768 29 
240861 450 
245776 1048 
252628 98 
256656 237 
256903 32 
257544 692 
258111 174 
258441 130 
260896 1432 
265319 73 
268377 96 
268930 91 
272190 41 
287783 105 
289646 193 
296786 140 
301560 42 
305022 252 
321201 151 
323882 162 
334474 65 
337215 76 
337840 28 
341684 4225 
342692 252 
357771 338 
358702 35 
358762 42 
370129 35 
371264 134 
373828 2 
375462 56 
375887 45 
381961 56 
382208 110 
391281 187 
403508 138 
421361 27 
428651 50 
431707 3 
436980 199 
437009 25 
442307 279 
447005 211 
447156 1114 
448085 27 
448851 19 
452911 111 
456081 1511 
456772 447 
457466 120 
457502 224 
459618 154 
461272 42 
464941 187 
466602 111 
467694 208 
488923 120 
504358 195 
517451 271 
521867 124 
523822 25 
524280 17 
533007 147 
551042 102 
551084 996 
551090 57 
551127 57 
551357 114 
551540 332 
551546 90 
557007 85 
559052 258 
559877 27 
560239 57 
573963 215 
575660 17 
581160 638 
586316 74 
603073 307 
