2102 6.53195601852
0 371400 
8 503 
13 150 
14 1727 
18 634 
20 441 
22 26 
23 543 
25 104 
27 760 
28 885 
30 88 
32 83 
33 125 
36 248 
37 307 
37 37 
38 631 
38 1660 
40 280 
40 341 
40 35 
40 127 
41 578 
41 171 
41 22 
41 807 
41 1036 
42 222 
42 205 
42 130 
43 378 
43 22 
45 291 
47 204 
47 70 
49 28 
50 116 
50 165 
51 325 
51 52 
52 278 
53 175 
53 64 
54 221 
54 861 
55 7 
55 19 
57 27 
58 34 
59 44 
59 28 
59 114 
61 26 
61 93 
62 274 
62 59 
64 1288 
66 254 
66 112 
66 407 
67 23 
68 3 
68 29 
69 124 
71 217 
71 532 
72 159 
72 129 
74 90 
75 265 
75 10 
76 109 
77 64 
77 55 
79 1038 
80 79 
81 542 
81 14 
81 186 
82 47 
83 315 
85 323 
85 4578 
86 433 
87 152 
87 243 
88 92 
88 74 
90 293 
90 134 
90 179 
91 17 
92 418 
93 1340 
93 283 
94 101 
95 287 
95 60 
96 939 
98 155 
98 174 
103 48 
103 453 
103 51 
103 110 
105 71 
106 230 
106 94 
106 102 
106 228 
107 98 
109 70 
109 76 
110 24 
110 561 
111 119 
112 100 
112 420 
114 35 
116 260 
116 35 
118 37 
118 12 
118 37 
119 85 
119 139 
119 19 
120 20 
120 3925 
120 188 
121 46 
122 318 
123 98 
123 8 
123 822 
125 35 
128 114 
129 393 
129 1498 
130 2400 
130 510 
132 145 
132 75 
132 469 
133 123 
134 41 
134 43 
134 151 
134 488 
134 495 
135 260 
135 2287 
136 13 
137 128 
137 155 
137 300 
139 134 
139 212 
139 428 
139 2461 
140 8 
140 138 
141 867 
143 20 
144 212 
145 74 
150 171 
150 37 
150 175 
151 374 
152 243 
152 110 
152 11 
153 50 
154 18 
155 62 
155 1071 
159 124 
159 332 
161 171 
163 329 
164 180 
164 66 
164 33 
164 173 
164 247 
165 231 
166 16 
166 236 
168 663 
169 422 
170 30 
172 291 
176 217 
177 27 
177 222 
177 127 
177 10 
177 1112 
178 1842 
180 316 
180 386 
180 25 
181 38 
181 121 
182 455 
183 36 
185 82 
188 254 
188 90 
188 380 
188 39 
189 189 
190 151 
191 375 
191 68 
192 26 
193 61 
193 43 
193 1973 
195 114 
196 124 
198 343 
201 464 
201 77 
201 96 
202 96 
203 616 
205 41 
205 71 
207 4 
207 248 
209 112 
210 338 
210 26 
213 54 
214 756 
215 87 
215 32 
217 175 
218 33 
218 175 
219 143 
224 28 
225 144 
227 385 
227 1244 
228 174 
229 319 
229 933 
230 2090 
231 38 
232 33 
233 38 
234 1182 
237 683 
237 169 
238 229 
238 46 
239 213 
243 49 
244 3813 
245 4 
245 956 
245 157 
246 343 
247 105 
248 487 
249 45 
250 28 
251 408 
253 436 
253 116 
253 97 
255 6 
256 345 
257 65 
258 210 
259 99 
259 43 
260 89 
262 62 
263 30 
263 142 
266 141 
266 38 
267 31 
268 208 
269 174 
273 119 
274 16 
275 113 
276 15 
276 94 
277 190 
281 427 
281 183 
282 51 
284 131 
286 52 
289 41 
291 73 
295 263 
295 427 
296 24 
296 430 
298 37 
301 51 
303 50 
306 71 
306 249 
313 118 
314 60 
314 217 
319 453 
326 13 
328 100 
329 17 
329 93 
330 80 
331 152 
331 153 
332 707 
332 15 
332 23 
333 194 
334 285 
335 726 
335 233 
336 171 
336 148 
336 118 
338 141 
338 128 
339 1796 
339 37 
341 70 
342 47 
345 502 
348 49 
348 174 
351 15 
351 112 
354 26 
355 136 
356 19 
358 417 
358 174 
360 148 
360 57 
361 51 
365 28 
368 97 
371 36 
373 159 
376 73 
376 368 
376 508 
377 499 
377 1011 
378 10 
380 558 
383 180 
384 44 
389 177 
390 163 
392 20 
392 421 
394 139 
395 260 
396 18 
399 125 
401 235 
402 210 
403 146 
405 21 
406 100 
410 194 
410 48 
413 23 
414 146 
418 107 
418 1566 
420 7 
422 243 
422 172 
423 94 
426 91 
428 982 
428 563 
430 69 
431 675 
432 44 
436 126 
438 9 
438 668 
439 18 
441 52 
441 528 
443 12 
445 88 
445 8 
445 10 
445 17 
446 82 
451 169 
452 65 
452 26 
454 135 
456 469 
457 88 
458 72 
459 146 
462 26 
462 59 
463 191 
466 394 
466 41 
468 94 
472 251 
474 239 
474 40 
477 35 
481 55 
486 28 
487 179 
493 7 
494 187 
496 24 
497 18 
498 20 
505 17 
507 435 
509 33 
513 309 
513 467 
513 87 
514 12 
514 88 
515 77 
523 196 
527 111 
531 6 
533 48 
536 255 
537 55 
537 280 
539 83 
542 63 
545 29 
546 142 
547 352 
551 168 
552 186 
553 37 
556 157 
565 960 
572 107 
573 200 
573 222 
577 615 
578 12 
578 23 
579 706 
580 38 
580 37 
582 35 
584 27 
586 82 
587 585 
587 419 
589 180 
593 434 
594 252 
594 21 
594 22 
595 74 
598 167 
599 21 
602 11 
602 54 
604 66 
606 26 
608 545 
608 70 
609 154 
610 158 
610 255 
610 76 
611 25 
613 60 
617 57 
618 231 
618 48 
618 338 
622 120 
625 210 
636 15 
640 195 
645 45 
651 86 
652 118 
654 69 
654 56 
654 75 
654 3 
660 66 
661 205 
663 8 
663 103 
669 62 
671 0 
674 12 
677 125 
680 63 
681 68 
684 31 
690 71 
691 74 
691 500 
692 123 
695 119 
697 12 
698 20 
698 79 
698 58 
701 61 
703 249 
703 6 
706 91 
706 304 
716 28 
717 17 
719 58 
722 41 
726 108 
727 7 
728 255 
732 40 
734 94 
740 97 
749 68 
750 61 
751 288 
752 94 
754 156 
756 41 
760 293 
761 85 
764 30 
764 118 
776 74 
778 57 
782 19 
786 126 
788 31 
791 39 
794 52 
796 32 
801 722 
803 58 
809 1 
810 86 
810 113 
812 379 
812 221 
814 138 
816 91 
817 85 
818 12 
818 151 
820 105 
822 109 
823 162 
830 44 
830 284 
831 22 
833 32 
833 46 
837 61 
843 33 
849 171 
851 164 
858 46 
859 233 
859 205 
866 15 
869 653 
869 81 
875 1213 
875 13 
877 451 
878 104 
883 156 
884 343 
885 379 
893 55 
895 20 
897 8 
909 71 
917 303 
918 84 
920 98 
926 338 
926 41 
931 16 
934 8 
937 675 
937 463 
946 53 
948 388 
957 10 
960 122 
963 27 
963 29 
963 27 
965 21 
975 144 
982 22 
985 88 
986 126 
990 424 
991 42 
992 52 
993 357 
995 423 
1001 391 
1004 77 
1004 449 
1007 24 
1008 54 
1009 389 
1010 533 
1011 100 
1012 57 
1013 17 
1020 369 
1021 266 
1027 342 
1027 964 
1033 47 
1035 597 
1040 187 
1041 98 
1042 104 
1047 90 
1051 454 
1053 30 
1054 12 
1057 39 
1058 10 
1063 30 
1064 98 
1077 1267 
1078 25 
1080 104 
1081 116 
1084 902 
1084 6 
1087 77 
1088 387 
1091 26 
1098 37 
1100 14 
1107 20 
1107 561 
1118 16 
1122 197 
1126 523 
1126 121 
1131 61 
1132 43 
1138 173 
1144 19 
1144 39 
1147 110 
1147 26 
1151 110 
1151 470 
1151 153 
1155 51 
1162 61 
1166 52 
1173 177 
1179 32 
1180 440 
1184 96 
1188 285 
1192 40 
1195 167 
1198 26 
1199 71 
1202 45 
1208 906 
1210 1 
1215 701 
1216 4085 
1217 121 
1220 64 
1220 342 
1223 16 
1224 27 
1230 355 
1234 53 
1237 68 
1237 397 
1243 55 
1252 88 
1261 186 
1261 93 
1262 301 
1265 94 
1267 120 
1268 10 
1269 1674 
1271 105 
1271 205 
1276 2064 
1279 149 
1285 20 
1286 31 
1287 57 
1288 243 
1294 13 
1298 43 
1299 1114 
1300 46 
1300 42 
1307 347 
1308 119 
1309 244 
1312 693 
1312 101 
1317 82 
1327 35 
1330 41 
1330 106 
1336 17 
1338 808 
1339 20 
1341 12 
1342 58 
1345 138 
1355 24 
1357 23 
1359 62 
1363 58 
1364 2013 
1375 92 
1382 186 
1384 42 
1385 148 
1389 244 
1390 597 
1394 296 
1395 276 
1395 199 
1400 33 
1414 81 
1415 34 
1417 47 
1418 27 
1420 351 
1421 348 
1424 109 
1424 382 
1426 33 
1428 127 
1428 6 
1429 25 
1433 40 
1434 470 
1434 221 
1434 98 
1435 28 
1435 81 
1438 72 
1447 1 
1452 455 
1456 509 
1459 24 
1460 92 
1462 302 
1463 46 
1465 92 
1467 204 
1468 126 
1473 159 
1478 303 
1479 34 
1485 20 
1489 102 
1491 182 
1492 27 
1497 131 
1498 68 
1499 138 
1501 63 
1502 53 
1505 69 
1508 68 
1513 104 
1514 44 
1521 79 
1521 314 
1523 71 
1528 95 
1533 32 
1536 50 
1538 178 
1540 212 
1543 45 
1544 179 
1544 168 
1545 127 
1550 102 
1558 224 
1560 157 
1562 744 
1564 461 
1566 52 
1572 296 
1573 55 
1582 57 
1586 150 
1592 368 
1597 98 
1603 123 
1616 227 
1623 18 
1625 14 
1628 157 
1630 52 
1636 37 
1647 62 
1650 42 
1658 137 
1662 189 
1665 42 
1667 40 
1667 149 
1667 154 
1671 47 
1673 114 
1674 395 
1682 363 
1685 93 
1690 34 
1695 92 
1701 31 
1728 181 
1729 15 
1733 79 
1744 62 
1751 59 
1754 1901 
1757 211 
1764 83 
1775 116 
1777 66 
1782 316 
1783 63 
1787 88 
1791 22 
1791 41 
1793 137 
1793 2525 
1795 61 
1801 181 
1803 513 
1804 24 
1809 31 
1810 48 
1811 22 
1812 125 
1818 9 
1829 46 
1834 93 
1835 22 
1851 102 
1858 375 
1863 69 
1866 23 
1875 23 
1876 78 
1877 327 
1889 615 
1890 41 
1893 211 
1905 31 
1918 51 
1920 57 
1928 222 
1937 229 
1937 267 
1948 15 
1950 212 
1951 13 
1957 21 
1957 27 
1960 41 
1961 19 
1962 104 
1963 131 
1963 250 
1964 92 
1964 183 
1966 6 
1968 18860 
1969 65 
1994 317 
2002 18 
2010 60 
2016 102 
2020 102 
2022 9 
2025 5 
2029 84 
2030 2087 
2031 493 
2037 269 
2038 71 
2042 44 
2050 398 
2070 153 
2082 32 
2083 264 
2095 24 
2097 136 
2098 88 
2103 97 
2114 259 
2119 8 
2121 4 
2127 161 
2131 252 
2143 11 
2144 14 
2146 493 
2147 175 
2154 161 
2164 75 
2172 69 
2182 918 
2184 378 
2203 14 
2204 6 
2205 10 
2210 206 
2215 64 
2220 224 
2222 9156 
2237 49 
2246 338 
2248 100 
2252 2149 
2267 1 
2268 73 
2269 109 
2270 93 
2277 35 
2289 141 
2295 31 
2298 62 
2300 49 
2300 2 
2301 105 
2318 304 
2321 39 
2323 47 
2333 35 
2335 59 
2335 348 
2355 18 
2360 90 
2362 18 
2364 152 
2364 7 
2369 12 
2369 196 
2370 55 
2375 539 
2377 13 
2405 71 
2428 35 
2435 305 
2446 333 
2447 4 
2450 9 
2466 93 
2469 107 
2477 88 
2480 69 
2488 26 
2505 1020 
2509 29 
2511 248 
2516 8 
2517 13 
2541 55 
2548 50 
2552 43 
2559 99 
2560 137 
2567 24 
2583 88 
2597 60 
2602 87 
2604 338 
2606 33 
2607 38 
2610 106 
2613 84 
2627 291 
2634 58 
2652 112 
2654 30 
2654 34 
2661 28 
2674 86 
2679 50 
2695 48 
2714 136 
2714 224 
2719 242 
2721 27 
2721 199 
2728 346 
2728 2873 
2731 118 
2736 188 
2748 221 
2759 593 
2770 173 
2772 146 
2772 130 
2773 52 
2779 31 
2782 144 
2783 67 
2784 21 
2789 139 
2828 148 
2833 101 
2836 5 
2840 395 
2843 49 
2854 655 
2856 163 
2866 56 
2873 65 
2874 38 
2876 95 
2881 34 
2889 9 
2889 67 
2892 25 
2893 20 
2898 18 
2898 127 
2903 126 
2906 20 
2909 229 
2911 171 
2950 21 
2953 71 
2963 247 
2967 25 
2974 146 
2975 343 
2976 12 
2986 733 
2996 49 
3004 69 
3009 22 
3023 40 
3029 474 
3036 152 
3043 96 
3048 21 
3050 324 
3053 33 
3054 99 
3055 37 
3063 12539 
3066 504 
3076 136 
3082 509 
3085 38 
3097 118 
3109 67 
3110 15 
3110 9 
3115 98 
3122 69 
3123 710 
3129 27 
3131 125 
3150 95 
3151 8 
3153 109 
3161 13 
3169 174 
3195 5 
3198 277 
3218 60 
3229 5 
3234 208 
3239 46 
3244 28 
3248 198 
3251 134 
3260 41 
3264 13 
3266 15 
3268 78 
3284 80 
3292 118 
3293 20 
3297 83 
3298 123 
3299 101 
3307 344 
3308 34 
3315 137 
3322 41 
3328 65 
3330 44 
3340 29 
3351 185 
3377 67 
3389 520 
3389 46 
3392 40 
3394 8 
3396 10 
3403 73 
3411 31 
3414 217 
3416 52 
3420 45 
3440 22 
3447 245 
3449 0 
3452 29 
3453 80 
3453 118 
3456 12 
3461 252 
3466 143 
3472 58 
3476 162 
3477 266 
3479 13 
3480 136 
3482 54 
3483 255 
3492 10 
3495 11 
3495 49 
3501 311 
3511 197 
3511 7 
3513 24 
3524 109 
3524 24 
3529 185 
3530 87 
3541 137 
3548 7 
3551 120 
3555 73 
3576 20 
3578 14 
3580 115 
3587 35 
3598 311 
3599 40 
3604 167 
3605 119 
3615 11 
3619 90 
3620 41 
3625 136 
3630 546 
3632 226 
3637 9 
3642 86 
3642 15 
3654 412 
3655 193 
3656 3236 
3665 26 
3673 28 
3681 221 
3682 1 
3692 323 
3693 582 
3708 79 
3723 81 
3725 71 
3738 106 
3743 66 
3747 91 
3749 860 
3751 58 
3763 117 
3764 85 
3765 174 
3771 92 
3801 479 
3803 19 
3807 48 
3811 163 
3812 10 
3819 89 
3829 385 
3831 49 
3831 105 
3833 557 
3838 28 
3840 719 
3853 66 
3856 5 
3862 42 
3868 125 
3882 58 
3900 579 
3906 47 
3928 78 
3945 96 
3948 560 
3964 78 
3966 23 
3966 34 
3970 77 
3995 18 
4009 15 
4024 32 
4025 73 
4030 268 
4034 119 
4041 84 
4047 29 
4050 505 
4054 127 
4066 87 
4067 302 
4130 13 
4131 103 
4137 15 
4145 245 
4145 959 
4151 45 
4163 363 
4164 17 
4171 214 
4175 14 
4176 55 
4187 150 
4198 39 
4201 73 
4201 69 
4203 52 
4213 20 
4231 45 
4265 151 
4271 561 
4276 73 
4280 17 
4283 44 
4300 123 
4301 18 
4311 120 
4320 20 
4324 123 
4338 12 
4356 330 
4356 6 
4356 97 
4360 84 
4366 52 
4384 323 
4396 33 
4397 92 
4403 134 
4410 15 
4433 39 
4434 608 
4437 14 
4448 33 
4469 387 
4473 129 
4494 63 
4498 184 
4516 8 
4543 245 
4564 110 
4587 68 
4594 78 
4605 18 
4626 11 
4628 167 
4634 10 
4646 81 
4657 281 
4665 24 
4682 40 
4684 36 
4700 91 
4711 157 
4728 129 
4731 9 
4731 167 
4738 27 
4750 31 
4761 180 
4775 52 
4782 465 
4810 70 
4816 21 
4826 78 
4838 792 
4838 148 
4850 28 
4859 39 
4862 23 
4866 324 
4878 728 
4884 42 
4917 28 
4924 56 
4951 9 
4960 508 
4964 33 
4975 98 
4979 111 
4980 24 
4987 19 
4992 39 
4998 242 
5002 104 
5023 74 
5041 124 
5045 175 
5073 248 
5074 41 
5076 58 
5086 15 
5090 13 
5090 137 
5121 133 
5169 5 
5174 132 
5224 307 
5228 116 
5239 127 
5244 26 
5265 57 
5283 12 
5288 577 
5295 162 
5344 66 
5344 132 
5346 90 
5364 89 
5365 7 
5374 276 
5388 28 
5390 26 
5410 4 
5440 173 
5454 105 
5455 91 
5457 22 
5460 274 
5463 21 
5478 46 
5492 35 
5492 311 
5532 59 
5540 72 
5545 61 
5546 56 
5585 17 
5623 54 
5651 24 
5653 465 
5654 144 
5666 385 
5668 223 
5675 183 
5676 631 
5685 46 
5704 109 
5705 840 
5718 61 
5741 214 
5744 91 
5745 7 
5755 64 
5760 30 
5769 67 
5772 162 
5775 81 
5777 22 
5799 250 
5830 44 
5854 20 
5860 212 
5901 84 
5903 154 
5922 77 
5929 36 
5955 46 
5967 73 
6021 384 
6031 1414 
6032 121 
6046 245 
6055 88 
6060 23 
6064 60 
6068 601 
6091 465 
6093 46 
6097 103 
6099 53 
6103 416 
6106 21 
6109 56 
6162 77 
6165 79 
6167 46 
6177 26 
6186 11 
6205 23 
6220 37 
6252 222 
6252 223 
6270 84 
6284 757 
6304 19 
6321 15 
6325 743 
6327 4 
6333 20 
6355 82 
6367 104 
6372 20 
6376 100 
6387 280 
6389 49 
6397 14 
6400 436 
6418 59 
6429 398 
6443 174 
6445 5 
6450 137 
6494 342 
6495 10 
6497 56 
6497 36 
6504 81 
6508 427 
6513 221 
6531 33 
6537 178 
6554 244 
6588 21 
6603 147 
6616 57 
6637 8 
6640 98 
6647 43 
6649 229 
6660 38 
6673 65 
6674 23 
6702 19 
6715 36 
6718 29 
6718 19 
6723 35 
6724 65 
6727 313 
6731 13 
6766 35 
6771 114 
6800 271 
6803 95 
6832 126 
6865 3 
6866 11 
6866 51 
6882 25 
6914 32 
6926 47 
6945 27 
6965 125 
6970 16 
6990 850 
7051 189 
7059 49 
7126 80 
7160 5 
7175 51 
7176 285 
7188 15 
7200 126 
7249 10 
7283 18 
7287 3 
7287 69 
7301 5 
7319 1230 
7332 25 
7362 214 
7380 61 
7384 45 
7390 13651 
7391 82 
7428 68 
7428 68 
7431 83 
7431 83 
7436 936 
7436 936 
7440 5 
7440 5 
7445 97 
7445 97 
7449 43 
7449 43 
7460 126 
7460 126 
7479 728 
7480 75 
7492 161 
7495 270 
7531 181 
7531 16 
7535 194 
7538 13 
7561 45 
7563 90 
7589 130 
7624 107 
7646 1436 
7647 1916 
7666 38 
7734 54 
7737 7 
7757 194 
7827 128 
7838 1 
7845 43 
7863 110 
7867 17 
7895 283 
7898 20 
7917 346 
7918 43 
7923 102 
7924 8 
7934 189 
8003 19 
8011 32 
8039 5 
8041 38 
8041 96 
8048 474 
8059 145 
8063 84 
8121 10 
8129 98 
8142 100 
8160 68 
8161 71 
8197 69 
8217 9 
8225 287 
8231 39 
8239 108 
8334 46 
8362 16 
8390 2601 
8410 76 
8410 51 
8421 249 
8430 290 
8456 140 
8473 28 
8489 23 
8540 4 
8586 37 
8588 36 
8623 40 
8648 698 
8659 66 
8659 91 
8663 5 
8665 15 
8666 11 
8676 443 
8682 331 
8712 6 
8717 5 
8741 211 
8755 144 
8760 69 
8784 71 
8800 32 
8824 18 
8863 168 
8882 116 
8972 49 
8972 20111 
8997 22 
9075 29 
9082 37 
9090 92 
9091 7 
9110 170 
9127 19 
9129 6 
9137 260 
9186 1198 
9201 356 
9327 271 
9342 154 
9349 37 
9415 489 
9441 41 
9469 33 
9487 514 
9525 41 
9540 83 
9546 53 
9557 134 
9601 34 
9610 88 
9646 119 
9664 181 
9681 662 
9704 114 
9725 83 
9745 233 
9779 113 
9821 147 
9822 94 
9845 35 
9865 86 
9873 7 
9899 34 
9918 293 
9927 264 
9936 935 
10023 17 
10030 7 
10051 58 
10086 1070 
10120 102 
10135 2 
10139 38 
10174 18 
10180 30 
10232 17 
10238 39 
10246 292 
10270 43 
10275 392 
10290 360 
10315 1 
10331 375 
10359 57 
10393 206 
10425 46 
10510 1623 
10664 153 
10708 766 
10745 25 
10750 41 
10754 75 
10841 113 
10889 31 
11011 1024 
11011 70 
11037 172 
11096 177 
11106 14 
11144 15 
11235 13 
11243 177 
11273 116 
11306 5 
11366 33 
11370 96 
11436 79 
11449 205 
11449 97 
11450 37 
11492 122 
11511 45 
11519 227 
11532 26 
11670 3 
11674 76 
11711 130 
11730 29 
11744 437 
11765 679 
11768 34 
11781 102 
11818 541 
11824 24 
11825 51 
11901 123 
11903 16 
12035 23 
12036 11 
12075 200 
12086 2 
12123 269 
12134 19 
12168 243 
12251 243 
12325 415 
12427 31 
12446 17 
12512 128 
12525 135 
12550 5 
12594 9 
12610 269 
12689 28 
12718 64 
12725 28 
12764 17 
12777 94 
12809 569 
12850 551 
12890 41 
12922 66 
12968 309 
12979 206 
13006 16 
13063 54 
13082 13 
13131 89 
13133 21 
13146 0 
13184 53 
13214 30 
13225 47 
13225 4 
13267 27 
13286 10 
13295 9 
13309 38 
13363 800 
13375 22 
13466 18 
13488 39 
13540 16 
13553 12 
13616 67 
13630 55 
13650 11 
13706 18 
13750 36 
13771 35 
13853 14 
13861 30 
13893 10 
13934 15 
13947 9 
13968 7 
14069 53 
14110 6 
14111 3 
14114 38 
14131 86 
14141 24 
14179 25 
14342 33 
14392 22 
14418 31 
14432 15 
14711 14 
14797 102 
14900 39 
14925 7 
14988 3 
15005 45 
15050 12 
15095 6 
15164 48 
15166 34 
15259 7 
15385 1602 
15486 144 
15508 26 
15547 0 
15567 18 
15642 68 
15664 5 
15696 256 
15744 2 
15873 5 
15948 17 
16004 4 
16243 8 
16282 157 
16304 7 
16333 1 
16359 32 
16374 1246 
16375 64 
16513 50 
16650 9 
16705 10 
16736 12 
16890 23 
17173 20 
17232 56 
17246 9 
17252 111 
17312 50 
17370 6 
17439 296 
17490 8476 
17555 11 
17599 30 
17633 3 
17655 7 
17698 15 
17715 30 
17836 149 
17844 11 
17885 51 
18119 69 
18129 22 
18136 257 
18195 281 
18196 25 
18307 35 
18469 5 
18474 10 
18542 22 
19078 50 
19353 4737 
19378 827 
19413 54 
19547 20 
19836 13 
19893 10 
19900 355 
19927 210 
19945 184 
19998 385 
20058 101 
20436 135 
20635 179 
20690 16 
20841 27 
21078 7 
21103 50 
21107 0 
21151 1599 
21162 152 
21164 68 
21200 3 
21201 144 
21223 1110 
21229 455 
21231 232 
21237 625 
21295 456 
21357 4337 
21361 158 
21408 12 
21424 215 
21474 163 
21714 1090 
21716 159 
21721 1011 
21751 222 
21791 70 
21800 114 
21911 91 
21949 25 
21991 1077 
22300 3549 
22322 28 
22355 18 
22357 16 
22393 2 
22430 749 
22482 9 
22599 20 
22639 104 
22646 22 
22661 149 
22691 42 
22722 109 
22722 109 
22864 154 
22941 72 
22986 257 
23371 64 
23781 20 
23793 53 
24104 401 
24426 13 
24476 2 
24482 396 
24492 0 
24510 39 
24582 25 
25062 22 
25090 5 
25190 13 
25321 22875 
25493 101 
25507 17 
25607 3 
26029 250 
26232 10 
26300 49 
26434 23 
26463 22 
26490 269 
26640 17 
26967 224 
27139 87 
27467 373 
27681 37 
27722 93 
27931 7 
28068 37 
28894 27 
29341 26 
29455 37 
29551 16 
30065 1726 
30251 142 
30577 14 
30649 76 
30653 48 
30906 41 
31236 54 
31539 24 
31880 91 
32100 46 
32552 426 
32785 10 
32790 2 
32950 61 
33061 37 
33069 62 
33155 19 
33164 6 
33244 75 
33624 89 
33731 7 
33907 8 
34092 76 
34384 331 
34462 123 
34586 23 
35068 193 
35161 31 
35236 206 
35252 33 
35524 52 
35569 61 
35737 3 
36023 15 
36045 9 
47570 18 
48131 32 
48679 51 
48799 85 
49070 5 
50365 15 
51309 29 
51389 85 
53003 25 
53103 4 
53972 36 
54338 9 
54624 123 
55661 36 
55950 92 
57022 214 
57521 268 
58390 3 
59585 3 
60007 6 
60242 308 
61433 17 
63233 25 
63621 133 
63801 109 
63932 7 
64642 1226 
64998 17 
65059 32339 
65095 160 
65112 308 
65132 344 
65147 177 
65173 324 
65252 47 
65365 288 
65381 534 
65394 622 
65463 23 
65474 216 
65689 491 
65795 282 
65866 3 
65921 192 
66056 65 
66073 622 
67932 8 
67989 7 
68734 8 
74342 31 
77614 59 
79904 71 
81595 16 
81781 6 
83550 21 
83960 91 
84510 12 
86782 1 
88871 10 
90054 122 
90315 39 
90826 4 
91208 12 
92391 4 
93669 109 
95145 274 
95738 145 
96493 91 
98209 64 
102544 89 
106169 978 
109027 15 
113394 158 
113857 1050 
113936 135 
117793 1 
118191 17 
123063 43 
125664 36 
125919 68 
129291 38 
138968 39 
141777 2 
142051 297 
147712 90 
149415 102 
151075 172 
154232 0 
167160 17 
175308 10 
176825 111 
177533 36 
180586 4 
181082 23 
183195 23 
188619 63 
190145 160 
204256 20 
216449 33 
220258 507 
220542 49 
232960 130 
236599 123 
241453 19 
244957 19 
256802 7 
271030 152 
280292 2 
306375 40 
308264 53 
344255 9 
378999 204 
438314 33 
448442 4 
455053 23 
508482 48 
558002 88 
568717 973 
569107 102 
603475 23 
604524 273 
