5001 7.83364583333
0 4650250 
11 376 
14 40 
15 292 
18 98 
19 937 
21 774 
22 41 
25 221 
26 2165 
27 526 
28 138 
32 324 
33 136 
33 29 
35 1262 
36 25 
37 535 
38 165 
39 1228 
41 2710 
42 183 
42 270 
44 58 
45 98 
45 4 
45 53 
45 21 
45 27 
45 11 
46 182 
47 598 
49 96 
50 67 
52 88 
52 152 
52 236 
52 26 
53 110 
54 68 
54 579 
54 3259 
55 1137 
55 53 
55 267 
56 188 
56 849 
57 311 
57 68 
57 581 
58 721 
58 3733 
60 718 
61 114 
61 718 
61 66 
62 129 
62 40 
62 16 
63 24 
63 2433 
64 585 
64 133 
65 253 
67 1355 
68 117 
69 809 
69 50 
69 164 
69 109 
69 16 
70 134 
70 28 
70 495 
71 215 
72 546 
72 1715 
72 457 
72 1551 
73 40 
73 30 
73 69 
73 1063 
75 183 
75 73 
75 80 
75 1539 
77 176 
77 79 
79 40 
79 132 
79 53 
79 1649 
79 142 
80 42 
81 660 
82 40 
83 3447 
84 242 
84 749 
85 153 
85 11645 
86 317 
87 767 
87 99 
87 186 
87 55 
87 56 
88 37 
88 1548 
88 586 
91 160 
91 183 
92 86 
93 5134 
93 116 
93 119 
94 3 
94 295 
94 160 
94 957 
95 644 
95 2506 
95 51 
96 1238 
96 61 
96 353 
96 162 
97 1478 
97 121 
98 1495 
98 1060 
98 98 
98 114 
98 109 
99 3126 
100 738 
101 274 
102 710 
102 3266 
103 598 
103 30 
104 276 
104 90 
105 1113 
105 180 
105 1260 
106 107 
106 1491 
107 12 
107 1033 
107 107 
108 93 
108 803 
108 383 
108 244 
109 7117 
109 159 
109 170 
111 1490 
111 183 
111 1469 
111 3970 
111 1726 
112 5845 
112 119 
112 262 
114 295 
114 12 
114 98 
115 79 
116 4156 
117 38 
118 468 
118 2905 
118 318 
119 7861 
119 1310 
120 122 
120 171 
121 81 
121 318 
121 149 
122 5670 
122 448 
122 23 
122 296 
122 7278 
122 888 
123 1022 
124 489 
124 117 
125 98 
125 72 
127 709 
127 119 
127 77 
127 996 
127 836 
130 111 
130 391 
131 2151 
131 1303 
131 586 
132 387 
132 22 
133 20 
133 225 
134 3 
134 274 
134 165 
134 30 
135 7 
135 562 
135 171 
135 165 
136 267 
136 699 
136 1073 
137 222 
138 51 
140 26 
140 54 
140 325 
141 193 
142 46 
142 81 
143 64 
144 53 
144 51 
144 213 
145 105 
145 47 
145 1054 
146 643 
146 31 
147 353 
147 1047 
148 303 
149 534 
149 163 
149 246 
149 244 
150 36 
150 52 
150 59 
151 751 
151 1022 
151 285 
152 608 
152 731 
152 603 
152 475 
152 411 
153 245 
153 299 
153 156 
153 196 
154 980 
154 31 
154 43 
154 992 
155 32 
156 331 
156 27 
157 570 
157 3686 
157 64 
159 736 
159 125 
160 1457 
161 643 
161 42 
161 1182 
162 1423 
162 16 
162 153 
162 72 
163 226 
163 430 
163 14 
163 128 
164 294 
164 807 
165 163 
166 236 
167 196 
167 514 
168 43 
168 522 
168 152 
168 147 
169 44 
169 98 
169 4 
170 985 
171 710 
171 200 
172 1743 
172 139 
172 110 
173 316 
173 156 
173 1302 
174 138 
174 30 
174 132 
174 53 
174 18 
175 145 
176 6231 
177 894 
178 294 
178 228 
179 259 
179 308 
180 722 
181 252 
181 397 
182 70 
182 102 
182 24 
182 1684 
183 110 
183 668 
183 202 
184 2443 
186 458 
187 90 
187 49 
187 21 
187 55 
188 862 
188 749 
189 643 
189 188 
190 356 
192 610 
197 668 
197 180 
198 130 
198 42 
198 70 
198 1240 
198 104 
199 278 
199 608 
199 68 
201 239 
202 102 
202 74 
203 836 
203 35 
204 115 
204 390 
204 311 
205 304 
205 158 
206 760 
206 108 
206 339 
206 440 
206 83 
208 367 
208 333 
209 227 
209 254 
209 104 
209 143 
210 32 
210 314 
210 697 
210 58 
211 202 
211 213 
211 187 
211 671 
212 145 
212 217 
214 131 
215 47 
215 114 
215 0 
216 365 
216 230 
216 1267 
217 272 
217 375 
217 123 
217 142 
218 364 
218 317 
218 52 
220 38 
221 1006 
222 49 
223 1377 
224 400 
224 248 
225 147 
226 71 
226 150 
228 881 
229 360 
229 958 
229 76 
229 207 
230 810 
230 5045 
232 206 
233 153 
235 149 
236 1724 
237 426 
238 6209 
239 27 
239 51 
240 551 
240 351 
241 135 
242 175 
243 459 
243 1045 
243 47 
244 2 
246 5 
246 163 
248 199 
249 373 
251 292 
252 27 
253 173 
255 223 
257 220 
259 383 
262 1281 
262 113 
263 3093 
263 1375 
264 30 
265 1720 
266 328 
266 801 
266 1206 
267 548 
267 454 
268 1282 
269 265 
269 1681 
270 45 
270 275 
271 973 
274 250 
277 48 
277 638 
277 18 
278 204 
279 361 
280 58 
280 1077 
281 79 
281 33 
281 24 
282 116 
283 200 
284 89 
285 44 
285 671 
287 243 
288 338 
290 705 
291 208 
291 222 
292 161 
292 123 
293 257 
293 458 
294 101 
295 613 
295 12 
296 466 
297 16 
297 170 
297 3 
299 1310 
300 287 
302 180 
303 3 
303 256 
303 38 
307 3550 
312 231 
312 133 
313 345 
316 53 
317 12 
317 368 
318 28 
319 373 
320 50 
321 2486 
321 654 
321 63 
322 49 
323 231 
324 543 
325 299 
327 574 
327 33 
328 377 
328 2209 
328 2 
328 1189 
329 1351 
330 1444 
331 108 
331 774 
332 37 
333 782 
336 958 
336 457 
337 201 
338 320 
339 21 
339 232 
341 703 
342 731 
343 462 
344 2228 
344 51 
344 2081 
345 32 
346 6150 
346 475 
346 91 
347 111 
348 8645 
349 27 
349 321 
350 99 
351 111 
351 812 
352 332 
352 6 
353 1092 
354 280 
356 47 
356 897 
357 386 
357 1308 
359 124 
359 68 
359 8495 
359 59 
360 690 
360 47 
360 7684 
361 318 
363 130 
363 388 
364 84 
364 997 
366 119 
366 2058 
367 348 
367 90 
368 748 
369 903 
369 172 
370 176 
372 1039 
372 863 
375 1371 
375 2402 
375 130 
377 381 
378 1026 
378 1497 
380 167 
381 10 
381 941 
383 147 
383 45 
384 17 
385 18 
385 302 
386 10 
386 231 
388 241 
391 799 
391 142 
392 594 
392 146 
399 107 
400 199 
401 582 
404 14 
405 35 
408 862 
411 181 
411 105 
412 2519 
413 214 
413 18 
414 30 
415 284 
416 205 
417 559 
417 54 
419 81 
421 523 
423 80 
423 10 
423 173 
424 134 
424 816 
424 1033 
424 51 
424 379 
430 196 
430 2987 
432 524 
433 152 
436 135 
436 2073 
438 387 
440 49 
440 262 
442 21 
444 568 
444 657 
445 152 
446 136 
447 478 
449 76 
450 181 
450 44 
451 191 
452 4 
452 445 
452 894 
455 125 
455 329 
456 1178 
457 267 
459 444 
460 3429 
460 114 
460 533 
461 496 
461 264 
464 17 
465 93 
465 448 
468 1357 
470 69 
470 286 
471 270 
477 1501 
477 33 
478 55 
478 300 
479 573 
480 1271 
481 36 
481 1056 
483 578 
484 4027 
485 15 
486 515 
488 23 
488 2372 
488 654 
490 232 
490 548 
491 1035 
492 266 
493 1269 
496 353 
496 161 
498 54 
498 45 
502 575 
502 313 
503 946 
503 268 
504 7101 
508 35 
509 77 
509 855 
510 1514 
510 286 
511 88 
511 1319 
512 354 
515 2512 
516 284 
517 76 
520 122 
521 260 
522 397 
523 429 
524 329 
526 176 
531 258 
531 118 
532 51 
533 324 
536 680 
536 253 
538 21 
541 125 
541 22 
543 333 
544 47 
549 1237 
549 35 
552 86 
553 213 
553 200 
556 1478 
558 1317 
559 47 
560 218 
561 490 
561 18 
562 979 
565 422 
567 1259 
568 699 
568 270 
573 236 
575 1612 
575 468 
579 299 
579 219 
579 125 
580 112 
583 132 
584 100 
584 16 
585 840 
586 575 
587 221 
591 3865 
594 1437 
594 225 
595 692 
596 186 
597 1013 
597 1931 
598 49 
600 178 
601 329 
602 188 
606 9 
606 97 
608 68 
611 1959 
612 109 
614 20 
617 2014 
621 494 
623 117 
624 1713 
626 127 
626 356 
627 111 
632 204 
636 511 
636 149 
637 206 
639 173 
641 246 
645 1464 
649 52 
654 7 
656 22 
658 23 
659 430 
660 4168 
662 69 
663 185 
668 10 
669 396 
669 44 
670 153 
670 677 
672 855 
676 498 
676 0 
680 218 
680 537 
681 780 
682 1791 
686 86 
687 285 
687 26 
692 940 
693 79 
693 90 
695 1472 
697 126 
697 385 
698 1100 
704 1980 
705 27 
705 119 
705 48 
705 49 
711 56 
711 202 
714 4021 
718 5213 
723 368 
727 138 
728 551 
732 5 
737 172 
737 327 
741 212 
746 0 
747 39 
751 285 
751 852 
754 73 
759 133 
760 1023 
764 472 
766 562 
766 326 
771 955 
772 420 
776 12 
776 1400 
776 248 
777 120 
777 1251 
779 1084 
781 20 
782 5 
783 7426 
787 3769 
788 157 
790 710 
790 531 
792 949 
793 138 
798 35 
799 171 
799 3 
800 1447 
804 0 
806 98 
806 544 
809 4283 
809 4060 
810 346 
810 3 
816 819 
817 1052 
819 760 
821 235 
823 58 
827 842 
830 127 
831 242 
833 470 
833 1788 
835 916 
835 140 
836 785 
837 2096 
839 438 
841 74 
845 509 
846 265 
848 1101 
849 49 
850 181 
850 422 
857 338 
859 64 
859 1063 
859 338 
862 650 
874 274 
874 20 
877 14 
880 45 
882 1148 
886 1849 
886 1433 
888 352 
888 379 
892 316 
898 728 
902 478 
904 68 
904 536 
905 227 
907 223 
912 436 
914 5 
916 344 
917 294 
919 636 
919 852 
921 64 
927 137 
928 250 
932 96 
934 179 
936 64 
937 180 
937 283 
937 1819 
938 604 
941 722 
943 142 
943 132 
950 1878 
952 33 
954 2918 
957 30 
958 24 
961 84 
961 295 
962 58 
962 78 
965 600 
967 76 
970 1181 
978 1437 
980 247 
982 120 
983 596 
983 25 
989 1630 
991 27 
1000 7428 
1009 714 
1012 1009 
1014 123 
1019 293 
1021 6 
1023 24 
1026 81 
1026 147 
1032 183 
1035 1528 
1040 1089 
1043 2401 
1046 849 
1047 1938 
1047 11 
1048 45 
1059 5012 
1061 111 
1062 1399 
1067 157 
1067 67 
1072 23 
1072 809 
1079 841 
1081 230 
1082 2115 
1084 519 
1092 199 
1096 918 
1101 152 
1102 125 
1106 69 
1111 15 
1112 169 
1115 88 
1116 596 
1118 102 
1122 203 
1123 227 
1135 3 
1135 111 
1135 3353 
1137 271 
1142 24 
1146 394 
1160 453 
1165 212 
1176 190 
1179 47 
1186 334 
1187 1273 
1198 746 
1204 108 
1210 56 
1211 15 
1223 154 
1225 753 
1232 3042 
1239 127 
1242 50 
1261 1012 
1265 97 
1267 296 
1268 1318 
1271 188 
1277 6 
1289 6549 
1291 2424 
1293 409 
1293 275 
1306 147 
1310 49 
1317 176 
1322 700 
1322 456 
1328 118 
1329 78 
1333 15 
1333 64 
1335 2932 
1336 130 
1343 418 
1345 2185 
1345 82 
1350 43 
1354 217 
1354 2434 
1357 405 
1360 262 
1366 88 
1370 168 
1374 38 
1377 24 
1377 2437 
1379 267 
1382 75582 
1387 799 
1394 137 
1395 636 
1396 13 
1396 118 
1398 88 
1401 178 
1404 2897 
1420 511 
1424 37 
1435 499 
1448 672 
1451 6297 
1453 2084 
1467 1392 
1468 695 
1470 148 
1476 307 
1480 10 
1481 1184 
1483 347 
1490 186 
1490 597 
1496 4706 
1498 362 
1499 105 
1510 696 
1513 4770 
1519 2369 
1532 514 
1533 53 
1540 6 
1541 411 
1555 1088 
1561 1557 
1563 1690 
1568 886 
1572 570 
1573 166 
1584 566 
1585 199 
1589 675 
1590 730 
1603 2388 
1604 48 
1607 0 
1620 5118 
1632 68 
1643 1336 
1643 9 
1645 3184 
1650 961 
1651 16 
1652 108 
1652 83 
1655 25 
1657 898 
1666 2066 
1677 417 
1684 74 
1684 55 
1696 150 
1696 236 
1710 251 
1712 77 
1713 746 
1715 4851 
1715 43 
1725 125 
1727 544 
1728 178 
1731 602 
1736 36 
1737 73 
1743 124 
1744 301 
1745 5568 
1747 280 
1751 59 
1762 2445 
1773 464 
1781 369 
1782 945 
1783 161 
1783 475 
1793 170 
1794 1759 
1799 17549 
1801 43 
1803 251 
1805 2 
1805 2432 
1817 435 
1825 1604 
1825 535 
1830 306 
1831 347 
1835 126 
1836 192 
1842 66 
1844 264 
1848 307 
1858 72 
1861 60 
1862 69 
1867 891 
1868 704 
1871 220 
1880 26 
1882 106 
1882 231 
1885 804 
1890 7566 
1893 70 
1898 89 
1899 2894 
1905 72 
1912 1272 
1913 27 
1914 89 
1922 182 
1923 106 
1929 513 
1932 6159 
1933 83 
1945 147 
1947 65 
1949 773 
1949 204 
1949 6 
1951 172 
1955 564 
1964 541 
1974 125 
1987 112 
1988 606 
1990 2289 
1994 73 
1995 2780 
1997 27 
1999 2302 
2000 1738 
2002 560 
2003 124 
2006 113 
2011 132 
2015 804 
2017 28 
2021 161 
2022 475 
2022 2547 
2027 785 
2031 660 
2034 31 
2035 899 
2039 49 
2044 18 
2047 456 
2049 138 
2054 74 
2054 79 
2066 100 
2083 293 
2093 82 
2115 448 
2133 94 
2137 84 
2140 895 
2141 62 
2142 226 
2145 511 
2155 454 
2157 532 
2168 2786 
2186 51 
2201 1095 
2202 102 
2208 254 
2209 9 
2215 6 
2223 186 
2226 245 
2231 364 
2235 916 
2246 120 
2258 833 
2258 171 
2266 131 
2270 225 
2276 1048 
2278 3874 
2280 285 
2282 681 
2288 351 
2290 1043 
2292 2 
2299 265 
2302 563 
2305 2625 
2306 0 
2330 195 
2334 1944 
2346 332 
2346 259 
2350 58 
2365 94 
2377 1 
2380 231 
2384 149 
2386 197 
2389 1340 
2393 23 
2403 3230 
2422 192 
2426 46 
2427 18 
2433 647 
2434 121 
2450 56 
2460 18 
2462 1280 
2462 1596 
2467 129 
2475 91 
2499 756 
2500 290 
2509 304 
2535 804 
2538 29 
2554 0 
2572 154 
2575 141 
2586 208 
2586 366 
2592 20 
2596 4 
2605 66 
2607 287 
2610 144 
2613 201 
2617 116 
2624 1814 
2625 234 
2627 66 
2629 1869 
2634 301 
2635 387 
2637 114 
2638 253 
2644 312 
2653 1081 
2656 167 
2672 4 
2673 214 
2675 853 
2677 199 
2686 1746 
2691 4446 
2692 1835 
2715 10 
2730 848 
2731 1664 
2731 1051 
2733 183 
2747 123 
2750 75 
2750 71 
2753 163 
2761 769 
2782 678 
2783 60 
2784 2855 
2786 153 
2797 1354 
2799 142 
2803 1804 
2814 939 
2815 220 
2815 2482 
2820 36 
2824 106 
2828 986 
2832 643 
2833 117 
2834 1025 
2841 37 
2846 5 
2855 66 
2857 355 
2873 2169 
2875 1480 
2879 821 
2881 1075 
2905 5 
2923 1557 
2931 5 
2932 229 
2942 245 
2944 1211 
2955 435 
2960 77 
2966 714 
2983 444 
2988 1 
3003 526 
3017 1131 
3017 7611 
3043 769 
3046 578 
3060 3323 
3068 1285 
3071 1667 
3071 192 
3077 221 
3081 21 
3088 609 
3088 1966 
3091 565 
3091 1580 
3098 327 
3103 3802 
3105 2683 
3118 56 
3130 540 
3132 799 
3136 417575 
3138 2136 
3152 5 
3154 112 
3155 82 
3163 528 
3180 1333 
3182 186 
3193 114 
3193 1378 
3207 501 
3213 1538 
3234 8696 
3237 465 
3246 756 
3257 192 
3271 132 
3275 69 
3297 1663 
3299 122 
3338 43 
3343 1588 
3346 776 
3350 3572 
3363 283 
3364 243 
3372 66 
3380 110 
3393 41 
3393 1079 
3396 987 
3406 1602 
3408 263 
3436 121 
3438 3195 
3442 2796 
3448 3926 
3457 12 
3475 438 
3477 2400 
3481 1068 
3484 9 
3489 7275 
3494 443 
3511 1470 
3512 2366 
3514 26688 
3526 78 
3545 15 
3548 222 
3549 2053 
3552 1115 
3563 1259 
3565 128 
3577 244 
3585 77 
3599 128 
3618 471 
3627 589 
3631 452 
3633 664 
3651 43 
3652 21 
3655 896 
3672 1371 
3681 150 
3699 86 
3705 322 
3727 265 
3730 225 
3736 670 
3745 1675 
3746 30 
3749 53 
3754 209 
3777 1350 
3779 4470 
3787 2292 
3787 460 
3788 948 
3800 2151 
3810 763 
3810 21 
3819 2739 
3819 3751 
3822 207 
3824 110 
3825 2430 
3826 591 
3835 260 
3837 1189 
3844 127 
3861 604 
3872 193 
3873 642 
3883 398 
3885 121 
3887 6894 
3903 89 
3908 1303 
3911 188 
3913 207 
3919 13 
3920 53 
3922 2861 
3924 162 
3924 54 
3930 30 
3941 5 
3942 515 
3964 155 
3969 145 
3978 832 
3980 339 
3985 412 
3985 813 
3993 30 
3998 428 
4004 506 
4019 76 
4037 244 
4042 890 
4079 161 
4096 136 
4105 170 
4109 100 
4114 1242 
4121 382 
4123 243 
4126 6578 
4128 101 
4134 1246 
4135 863 
4150 5246 
4155 1697 
4164 842 
4168 2825 
4181 3225 
4181 339 
4206 39 
4207 934 
4208 1052 
4211 155 
4217 141 
4221 660 
4236 2548 
4237 86 
4248 1645 
4254 48 
4256 105 
4260 255 
4266 750 
4270 370 
4274 160 
4276 49 
4278 314 
4281 722 
4292 438 
4296 206 
4298 1103 
4315 1881 
4329 999 
4337 907 
4346 147 
4347 9 
4349 76 
4350 222 
4363 1861 
4364 4777 
4370 3574 
4370 2337 
4372 194 
4380 499 
4380 99 
4381 923 
4381 11 
4381 688 
4388 529 
4388 3148 
4410 9 
4440 668 
4449 1103 
4491 46 
4498 422 
4502 361 
4505 1517 
4526 8375 
4527 1179 
4543 146 
4561 239 
4606 213 
4624 28 
4637 130 
4639 560 
4640 185 
4645 751 
4648 105 
4651 66 
4658 151 
4684 822 
4692 330 
4705 248 
4705 841 
4721 1580 
4737 89 
4742 253 
4753 230 
4758 8107 
4773 0 
4777 957 
4783 1384 
4798 131 
4816 533 
4817 148 
4818 177 
4819 123 
4822 345 
4826 706 
4829 2833 
4832 271 
4848 700 
4848 151 
4862 2220 
4864 365 
4865 349 
4867 4 
4868 514 
4881 23 
4884 842 
4904 397 
4918 1384 
4921 1259 
4931 1479 
4933 105 
4935 164 
4947 479 
4967 131 
4970 94 
4978 37 
4996 195 
5020 1543 
5021 1561 
5052 236 
5075 93 
5077 200 
5092 841 
5092 606 
5098 1406 
5101 453 
5118 473 
5140 1908 
5142 613 
5194 55 
5220 0 
5225 984 
5234 393 
5235 743 
5267 2278 
5272 12 
5275 83 
5278 917 
5281 131 
5283 417 
5287 4511 
5292 375 
5302 2390 
5302 40 
5318 3263 
5326 578 
5333 217 
5350 1119 
5356 157 
5366 1564 
5394 301 
5398 959 
5408 278 
5449 120 
5458 479 
5481 1282 
5486 927 
5486 1508 
5495 372 
5512 546 
5518 93 
5544 1733 
5547 28553 
5552 23 
5552 294 
5553 83 
5561 15 
5567 772 
5585 23 
5604 1279 
5605 672 
5626 2713 
5638 279 
5640 7 
5640 1900 
5645 66 
5662 3 
5666 1512 
5679 2484 
5680 205 
5696 3281 
5707 821 
5715 64 
5723 28 
5762 1740 
5774 205 
5803 317 
5816 193 
5817 399 
5825 35268 
5835 1506 
5846 859 
5852 891 
5853 219 
5854 2241 
5870 566 
5874 852 
5886 1309 
5892 433 
5923 345 
5972 1334 
5976 9319 
5983 864 
5987 106 
6008 2476 
6025 675 
6036 432 
6040 179 
6045 4158 
6069 68 
6076 716 
6077 1307 
6084 20 
6095 565 
6097 1229 
6098 247 
6102 793 
6124 250 
6136 2492 
6147 1141 
6150 289 
6172 265 
6191 91 
6193 278 
6200 15 
6242 840 
6242 236 
6263 1576 
6268 809 
6271 490 
6278 52 
6307 167 
6317 265 
6345 329 
6351 49 
6354 650 
6359 162 
6368 107 
6375 275 
6398 1561 
6423 4581 
6428 9422 
6485 4393 
6518 1846 
6531 269 
6544 681 
6546 68 
6546 1494 
6554 31 
6575 71 
6591 595 
6598 6822 
6599 2372 
6601 1394 
6627 309 
6628 2767 
6651 456 
6661 24 
6679 187 
6684 3996 
6691 24 
6743 574 
6747 2710 
6756 979 
6800 202 
6826 702 
6827 303 
6872 727 
6882 530 
6885 59 
6891 1010 
6907 479 
6915 87 
7006 192 
7014 420 
7045 6 
7067 84 
7068 143 
7116 8 
7135 2014 
7145 936 
7159 1368 
7169 2932 
7212 248 
7247 1122 
7281 1 
7284 3126 
7284 2108 
7293 215 
7311 15 
7325 53 
7328 613 
7340 1088 
7342 9990 
7358 516 
7365 1066 
7376 810 
7388 813 
7389 531 
7392 910 
7393 21 
7400 518 
7407 107 
7423 1216 
7428 2417 
7439 235 
7442 734 
7453 1338 
7457 625 
7466 9192 
7469 15167 
7479 175 
7504 10 
7504 1428 
7510 184 
7519 208 
7537 373 
7542 195 
7549 122 
7583 1292 
7605 13 
7608 123 
7674 613 
7684 77 
7687 23 
7723 16 
7737 2743 
7781 467 
7795 103 
7826 288 
7827 510 
7830 185 
7839 2278 
7843 1153 
7851 1282 
7875 493 
7895 132 
7906 189 
7910 2576 
7912 1027 
7920 189 
7922 124 
7944 869 
7975 322 
7988 5326 
7988 329 
8010 327 
8011 181 
8032 314 
8057 2268 
8083 606 
8093 534 
8100 2292 
8114 975 
8117 1050 
8138 1201 
8156 178 
8162 791 
8195 2029 
8200 290 
8201 377 
8214 5449 
8228 29 
8244 1012 
8252 71 
8266 137 
8272 65 
8273 74 
8337 3384 
8348 14468 
8351 1429 
8352 50 
8352 134 
8390 1171 
8398 521 
8403 122 
8418 413 
8427 1391 
8467 255 
8505 819 
8523 1416 
8524 545 
8524 3601 
8550 6 
8556 238 
8561 48 
8562 185 
8571 1511 
8573 169 
8584 184 
8639 66 
8639 3127 
8660 82 
8672 85 
8681 11 
8688 3049 
8707 118 
8722 446 
8724 215 
8749 794 
8755 1632 
8763 335 
8789 1976 
8789 644 
8793 484 
8798 63 
8800 611 
8802 536 
8810 38 
8813 1343 
8846 95 
8852 72 
8856 27 
8893 974 
8924 956 
8936 974 
8938 2374 
8942 249 
8949 75 
8954 314 
8954 365 
8975 1651 
8987 96 
9008 8121 
9015 397 
9025 1855 
9028 951 
9065 805 
9095 1689 
9104 33 
9131 294 
9139 2393 
9145 1951 
9171 0 
9180 134 
9198 1416 
9208 1040 
9210 621 
9254 60 
9265 157 
9265 90 
9277 3166 
9282 515 
9288 97 
9290 19 
9324 681 
9330 156 
9341 191 
9349 792 
9360 2406 
9395 68 
9403 2 
9413 454 
9431 551 
9431 70 
9448 2963 
9492 160 
9505 617 
9511 15201 
9515 5094 
9578 2350 
9603 904 
9609 1320 
9634 626 
9676 328 
9678 1181 
9704 45 
9716 1478 
9720 493 
9726 765 
9730 615 
9734 2753 
9751 95 
9765 1327 
9774 343 
9854 887 
9857 100 
9897 86 
9913 524 
9925 36 
9936 213 
9945 618 
9947 18 
9958 0 
9966 381 
9991 456 
10006 355 
10031 836 
10048 1117 
10069 633 
10091 546 
10094 250 
10117 204 
10130 853 
10139 635 
10176 3 
10203 22 
10207 99 
10232 529 
10261 1096 
10269 370 
10315 1531 
10335 268 
10389 725 
10404 134 
10420 116 
10477 1180 
10502 482 
10512 10970 
10526 3523 
10527 673 
10528 747 
10531 1633 
10558 402 
10560 1758 
10563 85 
10564 163 
10575 6 
10580 3275 
10588 267 
10595 2465 
10603 596 
10691 505 
10695 181 
10737 86 
10753 842 
10763 2206 
10766 172 
10792 2000 
10812 5643 
10853 55 
10880 1251 
10891 304 
10975 191 
10978 146 
10998 369 
11000 340 
11003 597 
11026 324 
11083 1431 
11105 149 
11112 106 
11135 774 
11150 308 
11163 228 
11164 627 
11167 23 
11172 117 
11184 1544 
11208 1070 
11218 390 
11234 56 
11246 131 
11265 201 
11273 551 
11307 192 
11314 2036 
11333 376 
11335 764 
11346 330 
11349 904 
11401 150 
11401 1641 
11476 185 
11487 1280 
11496 1117 
11496 1314 
11506 5537 
11507 4 
11525 135 
11525 2229 
11533 805 
11557 786 
11581 140 
11584 1814 
11595 1 
11595 1848 
11647 347 
11669 67 
11677 3047 
11688 138 
11711 2812 
11718 626 
11752 682 
11754 8 
11763 45 
11770 667 
11774 215 
11804 1538 
11819 204 
11844 858 
11846 1309 
11851 50 
11880 987 
11897 326 
11909 267 
11920 382 
11943 5508 
11978 195 
11994 884 
12024 95 
12119 1784 
12126 498 
12126 9037 
12146 24 
12148 1974 
12241 520 
12258 1433 
12268 1405 
12300 13 
12350 128 
12359 283 
12362 237 
12362 164 
12368 5 
12374 1120 
12385 819 
12394 688 
12420 243 
12425 962 
12455 1047 
12469 886 
12470 3131 
12490 3068 
12498 789 
12507 191 
12508 747 
12541 155 
12553 15 
12560 801 
12588 414 
12593 133 
12615 704 
12619 3416 
12628 26 
12628 1349 
12654 36 
12666 1279 
12674 1921 
12677 744 
12722 71 
12780 177 
12785 2020 
12807 379 
12807 383 
12823 1267 
12824 1753 
12887 813 
12900 303 
12901 528 
12907 2584 
12916 1118 
12921 967 
12950 2907 
12979 425 
13018 6 
13077 390 
13091 420 
13120 545 
13130 1046 
13136 1595 
13153 1169 
13187 1126 
13207 1677 
13251 2539 
13265 2483 
13274 357 
13308 1972 
13316 544 
13352 278 
13375 891 
13400 800 
13401 3966 
13404 75 
13411 85 
13438 1602 
13460 30 
13476 393 
13513 779 
13522 1182 
13524 572 
13536 1485 
13551 262 
13555 3649 
13557 48 
13619 62 
13627 2827 
13644 41 
13644 126 
13657 387 
13672 868 
13681 191 
13686 1217 
13743 130 
13830 574 
13876 13 
13879 2 
13889 4 
13890 406 
13903 154 
13904 4 
13926 205 
13928 181 
13937 189 
13981 1182 
13994 1921 
14017 1939 
14022 955 
14031 103 
14045 2360 
14049 4123 
14072 1279 
14077 3545 
14079 1737 
14090 1508 
14102 805 
14110 2253 
14117 2147 
14131 1118 
14133 3439 
14179 29 
14193 61 
14195 201 
14197 213 
14242 8 
14257 308 
14292 155 
14312 8 
14313 60 
14314 663 
14314 67 
14324 231 
14326 368 
14326 492 
14340 0 
14343 724 
14351 597 
14390 1671 
14410 309 
14411 1147 
14429 1542 
14429 1542 
14448 346 
14448 346 
14475 697 
14475 697 
14480 213 
14480 213 
14495 1432 
14517 279 
14534 110 
14539 277 
14606 748 
14606 100 
14610 510 
14616 692 
14629 1532 
14632 233 
14718 954 
14722 679 
14764 496 
14773 1893 
14846 1471 
14865 23 
14880 752 
14884 3711 
14923 1000 
14934 2315 
14981 1000 
15001 564 
15002 1428 
15061 1264 
15063 1454 
15069 1736 
15071 656 
15078 435 
15101 491 
15114 221 
15134 273 
15137 280 
15155 204 
15169 459 
15196 297 
15282 2222 
15283 251 
15292 14261 
15344 791 
15347 1013 
15366 334 
15390 1095 
15442 1057 
15467 281 
15469 310 
15472 7 
15550 500 
15555 536 
15614 9920 
15630 9 
15651 448 
15653 555 
15654 949 
15657 347 
15680 210 
15702 308 
15755 855 
15769 263 
15773 484 
15783 634 
15824 198 
15937 1427 
16010 738 
16038 908 
16083 66 
16086 3257 
16089 61 
16140 579 
16147 48 
16191 146 
16197 1806 
16201 549 
16226 2948 
16229 775 
16236 907 
16247 135 
16291 202 
16306 11 
16347 1654 
16371 179 
16383 58 
16391 1274 
16425 106 
16446 522 
16466 305 
16471 347 
16479 1350 
16487 1692 
16519 16 
16562 1887 
16627 43 
16642 3442 
16664 4402 
16678 307 
16683 21 
16712 331 
16734 2048 
16739 1334 
16762 7 
16802 502 
16867 636 
16868 396 
16871 131 
16873 1713 
16876 617 
16896 61 
16897 739 
16897 2598 
16909 4368 
16931 132 
16960 2573 
16971 170 
16980 55 
17010 2201 
17022 685 
17027 596 
17047 941 
17050 1217 
17058 526 
17063 3694 
17069 1349 
17094 113 
17144 39 
17267 314 
17354 214 
17389 331 
17399 113 
17422 6 
17469 1056 
17490 715 
17523 308 
17526 43 
17634 3797 
17656 363 
17689 1334 
17699 488 
17743 747 
17747 1462 
17780 929 
17799 727 
17833 307 
17868 24 
17907 311 
17919 1516 
17926 312 
17936 1414 
17969 27 
18021 114 
18028 1425 
18079 2541 
18098 1339 
18107 167 
18195 85 
18218 362 
18230 186 
18237 702 
18294 489 
18337 302 
18360 1727 
18376 275 
18409 874 
18445 14 
18473 1562 
18606 1056 
18625 846 
18663 263 
18667 1571 
18679 2319 
18720 1553 
18725 144 
18746 833 
18795 354 
18878 519 
18907 621 
18916 74 
18922 1071 
18943 1410 
18955 292 
18969 696 
18993 296 
19005 259 
19025 390 
19077 220 
19106 639 
19120 4187 
19215 5068 
19255 181 
19261 55 
19268 1612 
19360 416 
19370 642 
19394 1402 
19402 1629 
19412 106 
19468 3282 
19475 471 
19548 3474 
19555 83 
19564 928 
19611 1086 
19627 6092 
19642 922 
19682 453 
19682 472 
19716 1995 
19783 264 
19795 725 
19809 383 
19840 3655 
19858 214 
19864 789 
19867 8988 
19869 22 
19875 243 
19879 549 
19882 38 
19885 6674 
19896 12 
19934 69 
19961 18 
19964 736 
19965 175 
19972 151 
20027 446 
20099 445 
20099 1160 
20139 23 
20169 836 
20210 132 
20213 1960 
20223 195 
20272 22 
20274 530 
20280 21 
20308 900 
20312 32 
20331 327 
20331 410 
20369 112 
20405 1007 
20420 759 
20424 283 
20428 375 
20461 266 
20468 1234 
20476 163 
20499 780 
20504 413 
20507 559 
20520 327 
20542 793 
20645 437 
20656 127 
20666 292 
20687 953 
20726 135 
20729 642 
20771 1737 
20802 181 
20827 2191 
20835 470 
20878 30 
20884 1071 
20920 580 
20937 1211 
20979 5 
20982 171 
20988 565 
20989 370 
21007 216 
21052 205 
21052 297 
21054 131 
21056 1383 
21124 19 
21128 2425 
21155 2111 
21157 2205 
21159 674 
21162 300 
21171 16 
21182 129 
21189 1228 
21192 3020 
21210 1274 
21261 1101 
21266 442 
21316 125 
21317 15 
21318 181 
21333 41 
21347 1172 
21402 1329 
21406 3829 
21464 498 
21465 447 
21490 1236 
21496 1894 
21508 91 
21524 1201 
21601 126 
21617 5 
21654 2706 
21676 67 
21678 1324 
21776 397 
21808 5164 
21848 1679 
21884 2084 
21885 1523 
21892 393 
21972 1176 
21973 1874 
21990 39 
22092 224 
22102 130 
22143 853 
22173 2399 
22228 187 
22255 302 
22296 317 
22303 202 
22313 645 
22323 3160 
22329 2295 
22384 538 
22387 418 
22468 1085 
22486 301 
22616 66 
22712 237 
22721 132 
22768 16983 
22780 356 
22817 407 
22890 514 
22891 2076 
22911 7363 
22914 1274 
22917 411 
22979 2140 
23008 982 
23041 258 
23078 150 
23084 0 
23159 192 
23178 297 
23190 20 
23209 1134 
23232 243 
23239 410 
23292 1805 
23302 729 
23341 2148 
23414 39 
23483 61 
23505 176 
23527 658 
23555 3 
23592 1472 
23630 2292 
23647 117 
23653 303 
23732 424 
23745 312 
23747 9 
23776 112 
23776 572 
23873 1 
24098 723 
24155 308 
24197 551 
24224 226 
24267 250 
24285 657 
24319 2092 
24329 1601 
24405 103 
24509 99 
24571 95 
24641 397 
24651 494 
24651 277 
24843 101 
24844 3396 
24864 655 
24877 110 
24883 333 
24908 1241 
24941 6553 
24974 235 
24995 878 
25012 1907 
25018 1625 
25059 915 
25067 1224 
25100 1135 
25103 3 
25150 2483 
25235 1857 
25250 104 
25290 22 
25386 10 
25397 364 
25400 42 
25435 17 
25438 503 
25453 490 
25468 1041 
25506 1722 
25520 563 
25547 421 
25572 110 
25593 3192 
25607 4 
25609 160 
25751 1678 
25772 217 
25782 192 
25796 172 
25799 464 
25807 219 
25842 491 
26009 471 
26012 428 
26027 243 
26042 106 
26043 374 
26080 698 
26140 0 
26161 406 
26170 1957 
26198 517 
26208 51 
26265 528 
26267 8005 
26291 281 
26318 45 
26365 94 
26387 336 
26458 1729 
26467 505 
26503 458 
26574 331 
26595 452 
26639 718 
26646 418 
26649 275 
26652 442 
26667 655 
26727 708 
26816 1085 
26876 214 
26901 889 
26962 1444 
26965 573 
26992 2237 
27001 1001 
27012 158 
27015 854 
27136 21 
27137 124 
27298 647 
27310 816 
27333 302 
27449 322 
27466 553 
27507 198 
27530 475 
27540 7066 
27578 494 
27598 41 
27609 2784 
27629 2071 
27636 833 
27691 274 
27703 1622 
27764 1643 
27890 738 
27957 99 
27961 780 
27976 282 
27980 516 
28010 486 
28021 936 
28039 441 
28160 1507 
28162 102 
28165 2386 
28200 140 
28203 1131 
28231 219 
28270 67 
28289 1037 
28319 302 
28323 243 
28355 473 
28467 146 
28612 1333 
28641 859 
28667 2406 
28670 163 
28683 49 
28693 1147 
28738 71 
28740 258 
28749 681 
28758 546 
28859 861 
28920 86 
28976 105 
29051 390 
29156 29 
29167 398 
29318 1029 
29401 1434 
29469 139 
29508 746 
29564 130 
29702 110 
29702 110 
29780 67 
29902 323 
29947 324 
29949 6210 
29957 412 
29971 100 
29981 57 
30073 135 
30133 954 
30166 2117 
30231 274 
30232 451 
30308 817 
30404 2583 
30561 704 
30641 2383 
30661 1561 
30679 204 
30747 177 
30751 1159 
30787 3084 
30894 1 
31054 185 
31082 644 
31176 948 
31324 2885 
31335 469 
31379 97 
31393 1792 
31397 91 
31415 1081 
31484 663 
31513 775 
31536 637 
31630 20 
31728 227 
31839 455 
31882 429 
31942 332 
31973 6742 
32013 246 
32013 312 
32020 434 
32048 696 
32097 908 
32181 856 
32213 164 
32260 332 
32371 507 
32388 599 
32443 971 
32447 1444 
32475 2770 
32494 56 
32506 279 
32617 343 
32789 644 
32872 289 
32901 653 
33018 545 
33041 1423 
33091 89 
33160 271 
33188 791 
33201 175 
33341 275 
33395 16 
33405 216 
33663 205 
33697 443 
33809 354 
34067 902 
34075 176 
34264 651 
34300 988 
34358 3162 
34372 1272 
34390 5648 
34391 10531 
34397 517 
34409 2893 
34432 81 
34462 968 
34484 423 
34586 856 
34661 57 
34698 5 
34894 948 
35145 568 
35228 223 
35231 22 
35284 204 
35310 339 
35444 373 
35446 161 
35454 150 
35611 815 
35884 157 
36031 4554 
36212 2998 
36346 120 
36364 356 
36375 1410 
36384 10324 
36443 164 
36627 911 
36832 1585 
36986 260 
37050 736 
37070 100 
37519 1225 
37532 1245 
37576 65 
37594 292 
37601 96 
37639 6443 
38008 294 
38047 54 
38134 146 
38165 289 
38185 909 
38754 261 
38785 53 
38928 428 
38976 185 
38977 997 
39013 119 
39022 1071 
39329 7514 
39389 687 
39419 170 
39577 3 
39611 207 
39613 5409 
39662 1161 
39737 119 
39779 162 
39813 1268 
39816 583 
39860 3591 
39874 807 
39908 3569 
40024 556 
40143 1401 
40167 687 
40170 278 
40176 1658 
40315 74 
40402 432 
40598 624 
40620 72 
40626 279 
40626 236 
40633 1453 
40643 3 
40700 1016 
40733 19360 
40789 229 
41227 57 
41331 1302 
41821 443 
41860 11 
41927 685 
41939 1143 
41958 233 
42039 388 
42099 98 
42175 287 
42381 319 
42392 80 
42424 1546 
42440 430 
42500 14429 
42553 77 
42648 6753 
42681 161 
42682 38 
42699 212 
42734 936 
42780 85 
42785 552 
42805 1089 
42823 435 
42828 3181 
42830 2897 
42859 1801 
42882 1779 
42926 141 
42945 659 
43008 3960 
43082 1068 
43110 24 
43156 280 
43305 354 
43363 815 
43447 1125 
43772 14 
43830 6221 
43838 585 
43846 20 
44052 786 
44082 1107 
44123 24191 
44167 322 
44172 1611 
44180 24 
44264 317 
44434 8 
44448 205 
44499 637 
44530 2170 
44652 269 
44741 391 
44988 11084 
45028 419 
45155 157 
45200 333 
45200 333 
45336 313 
45467 219 
45483 249 
45563 9862 
45671 2693 
45706 39 
45717 700 
45721 311 
45827 274 
45832 1659 
45844 72 
45851 2172 
45884 580 
45942 2338 
46005 82 
46069 191 
46139 394 
46160 5130 
46195 1472 
46244 181 
46487 2 
46586 51879 
46679 242 
46690 131 
46693 1741 
46699 280 
46827 1497 
46837 231 
46887 33 
46936 330 
46979 22 
47141 1227 
47160 1337 
47165 66 
47267 1162 
47295 3375 
47414 185 
47460 540 
47584 909 
47620 819 
47845 2963 
47894 103 
47994 4117 
48121 146 
48377 6 
48481 2179 
48691 1 
48750 153 
48801 66 
48812 1653 
48828 248 
48833 862 
48874 44 
48929 4 
49212 124 
49273 23 
49326 4129 
49527 690 
49599 3 
49748 2527 
49781 399 
49799 17 
49843 678 
49968 157 
50050 47 
50104 406 
50449 16 
50472 2214 
50588 382 
50797 4 
50884 399 
51184 1084 
51394 1273 
51520 768 
51551 1336 
51707 1250 
51714 10 
51715 405 
51748 400 
51851 240 
51888 149 
52074 1081 
52094 138 
52174 99 
52180 714 
52238 268 
52254 2 
52311 3313 
52364 1083 
52696 2076 
52758 1046 
52868 1062 
53261 403 
53406 133 
53573 2310 
53666 288 
53676 718 
53821 1261 
53913 649 
54092 1033 
54116 166 
54290 1108 
54445 2928 
54464 157 
54480 237 
54494 306 
54498 1036 
54538 1129 
54699 271 
54705 364 
54726 98 
54728 608 
54768 4149 
54793 1390 
54795 35 
54841 0 
54868 10108 
54958 1413 
55016 274 
55017 765 
55027 211 
55074 928 
55150 439 
55172 534 
55185 126 
55234 204 
55250 159 
55391 607 
55526 319 
55583 275 
55601 1421 
55606 44 
55621 458 
55942 3 
55969 490 
56034 253 
56190 258 
56433 86 
56471 272 
56490 1760 
56516 311 
56538 21 
56557 834 
56611 226 
56635 83 
56663 1103 
56816 159 
56840 154 
56870 1548 
56892 4 
57007 1048 
57040 125 
57128 529 
57233 895 
57442 1861 
57464 1079 
57571 22767 
57585 583 
57616 13 
57682 2225 
57763 1725 
57934 781 
57945 2160 
58021 122 
58222 207 
58324 398 
58405 1105 
58500 79 
58558 133 
58991 462 
59096 351 
59116 306 
59149 189 
59162 1119 
59167 316 
59175 2198 
59252 911 
59355 1294 
59509 115 
59537 144 
59556 4012 
59627 162 
59658 1635 
59707 1230 
59729 815 
59743 34 
59802 1322 
59860 510 
60003 2071 
60044 756 
60111 449 
60150 1244 
60385 913 
60503 673 
60527 803 
60626 294 
60668 421 
60679 1730 
60690 751 
60848 2766 
60856 15659 
60884 427 
60899 9 
60945 596 
61143 1733 
61213 33 
61263 703 
61281 266 
61373 883 
61414 455 
61422 555 
61434 540 
61616 145 
61633 155 
61705 1359 
61759 1644 
61906 154 
61952 834 
61957 348 
61976 736 
62006 117 
62071 1050 
62087 152 
62130 1043 
62178 40 
62245 155 
62288 1972 
62307 121 
62330 575 
62344 50 
62424 317 
62528 165 
62539 751 
62555 1201 
62582 1339 
62722 122 
62762 320 
63047 470 
63071 208 
63118 152 
63125 6009 
63385 1890 
63467 439 
63551 956 
63554 128 
63624 133 
63651 62 
63671 520 
63719 117 
63904 418 
63970 267 
64056 2 
64207 1137 
64254 585 
64291 84 
64329 423 
64443 390 
64455 390 
64484 176 
64601 24 
64612 261 
64697 493 
64928 31 
64956 385 
64964 522 
65049 621 
65097 0 
65172 15204 
65263 28 
65275 39 
65300 563 
65323 555 
65334 7581 
65395 393 
65437 72 
65473 543 
65531 1233 
65568 320 
65638 246 
65792 400 
65906 48 
65918 382 
66046 1341 
66106 108 
66203 1647 
66231 1610 
66365 13521 
66433 399 
66452 335 
66453 1036 
66531 2983 
66560 3093 
66561 355 
66588 609 
66611 86 
66647 1397 
66651 789 
66663 262 
66766 1098 
66774 84 
66802 2142 
66887 465 
66928 100 
66957 235 
67037 1489 
67117 2746 
67187 253 
67200 1 
67290 71 
67355 1838 
67535 661 
67540 441 
67552 10 
67673 1530 
67686 604 
67723 1251 
67733 249 
67750 154 
67786 87 
67799 148 
67849 1048 
67959 829 
67985 2968 
67993 1725 
68034 767 
68055 71 
68102 1403 
68112 521 
68124 314 
68172 105 
68216 325 
68392 477 
68419 787 
68461 1352 
68537 2328 
68590 91 
68846 830 
68902 116 
69002 346 
69072 775 
69132 560 
69142 269 
69144 67 
69165 924 
69181 104 
69227 69 
69233 484 
69296 4609 
69344 240 
69359 421 
69370 1528 
69394 1474 
69461 725 
69518 262 
69588 938 
69753 18 
69838 2712 
69855 777 
69922 675 
69938 1383 
70069 161 
70099 269 
70325 2516 
70355 46 
70357 474 
70456 366 
70458 410 
70467 397 
70503 226 
70543 0 
70549 18 
70617 345 
70642 125 
70716 1320 
70730 302 
70744 277 
70884 244 
70912 4565 
71014 839 
71021 970 
71022 332 
71051 128 
71053 478 
71058 133 
71066 151 
71066 744 
71098 1082 
71101 1 
71125 13458 
71191 28 
71195 269 
71200 947 
71202 261 
71240 21 
71267 144 
71318 1358 
71352 1164 
71358 590 
71378 517 
71402 152 
71426 323 
71437 4072 
71458 1455 
71489 881 
71491 1592 
71508 1627 
71570 179 
71817 1206 
71851 414 
71882 479 
71893 636 
71911 1228 
71939 1237 
71973 372 
72126 711 
72278 1219 
72287 104 
72307 166 
72325 714 
72394 12 
72402 1469 
72448 36 
72501 298 
72502 225 
72542 533 
72568 156 
72582 425 
72676 676 
72716 239 
72785 196 
72792 270 
72914 179 
72963 282 
72972 1972 
72973 0 
73005 461 
73032 1330 
73118 1308 
73259 1558 
73291 2149 
73309 1128 
73320 1899 
73331 9 
73343 1294 
73376 953 
73403 269 
73486 204 
73508 64 
73625 330 
73652 105 
73842 1446 
73878 852 
73952 2040 
73985 219 
74015 3630 
74054 185 
74061 1476 
74071 483 
74074 404 
74085 265 
74118 254 
74125 3704 
74126 477 
74181 1091 
74226 112 
74251 126 
74268 509 
74278 971 
74278 250 
74379 397 
74407 210 
74410 904 
74479 134 
74480 151 
74529 734 
74539 1135 
74578 919 
74661 425 
74690 6765 
74692 1591 
74736 166 
74825 769 
74885 487 
74927 4309 
74998 163 
74999 1607 
75032 1453 
75069 246 
75143 1422 
75246 29 
75268 627 
75471 197 
75472 5233 
75505 2083 
75565 1524 
75624 2663 
75643 1280 
75777 300 
75932 252 
75947 60 
75955 407 
76178 614 
76219 607 
76377 358 
76530 58 
76629 86 
76645 58 
76800 1214 
76802 50 
76830 1233 
76930 1208 
77093 1168 
77124 119 
77208 131 
77222 3072 
77240 786 
77303 71 
77304 1835 
77608 2177 
77641 961 
77661 1685 
77870 113 
77882 708 
78006 1080 
78007 3152 
78027 1460 
78035 776 
78123 340 
78176 206 
78216 156 
78218 1762 
78271 3138 
78288 3149 
78397 4544 
78413 468 
78430 2407 
78486 182 
78513 244 
78530 947 
78541 614 
78644 919 
78684 330 
78686 829 
78713 476 
78758 126 
78770 306 
78862 300 
78940 335 
78951 1065 
78957 1841 
78983 368 
79072 4084 
79204 1253 
79238 385 
79282 634 
79306 48 
79312 2347 
79318 1031 
79387 180 
79430 65 
79441 191 
79489 1420 
79507 2 
79529 409 
79560 578 
79581 1935 
79678 214 
79736 1107 
79767 155 
79844 903 
79912 349 
79915 504 
79919 1362 
79933 73 
80013 273 
80037 11 
80073 102 
80170 269 
80246 637 
80249 645 
80272 213 
80275 213 
80320 1757 
80324 91 
80371 633 
80407 2821 
80410 2353 
80514 253 
80530 245 
80608 377 
80611 330 
80615 1581 
80632 1599 
80658 329 
80661 236 
80704 632 
80718 2767 
80774 575 
80813 748 
80831 998 
80852 85 
80872 364 
80927 701 
80934 285 
81000 1106 
81092 692 
81133 57 
81193 99 
81378 1 
81478 2 
81497 304 
81498 579 
81501 9 
81577 483 
81615 1052 
81660 553 
81677 26 
81915 169 
81919 300 
81939 220 
81960 76 
81995 82 
82071 177 
82137 1628 
82144 88 
82294 7 
82365 270 
82383 934 
82459 55 
82605 179 
82617 830 
82619 690 
82641 718 
82860 435 
82865 1568 
82868 120 
82914 129 
82919 32 
83072 734 
83092 3814 
83128 928 
83142 501 
83150 931 
83248 22 
83281 1319 
83322 463 
83346 7239 
83409 211 
83423 412 
83442 104 
83560 302 
83881 597 
84133 593 
84987 97 
85380 139 
85932 446 
86005 1910 
86168 6944 
86219 1026 
86267 257 
86322 892 
86354 18 
86424 542 
86424 1000 
86471 998 
86502 343 
86539 1377 
86610 236 
86653 196 
86733 265 
86752 267 
86779 691 
86816 212 
86887 1499 
86902 830 
86927 1347 
86941 210 
86943 3 
86962 1156 
86986 1087 
87064 255 
87067 827 
87101 1099 
87157 346 
87247 440 
87303 1109 
87335 6879 
87362 1511 
87473 1005 
87480 1610 
87484 1269 
87579 1021 
87618 1198 
87845 71 
87867 3612 
87944 2183 
88002 1122 
88022 4026 
88033 3044 
88043 382 
88069 5 
88078 112 
88082 203 
88158 576 
88182 304 
88191 1930 
88203 3836 
88240 858 
88287 0 
88368 1030 
88390 1444 
88394 67 
88409 1315 
88538 493 
88589 149 
88708 193 
88777 1202 
88793 199 
88802 764 
88821 923 
89157 752 
89171 752 
89256 323 
89292 332 
89310 270 
89326 690 
89354 1014 
89370 549 
89489 1034 
89553 51 
89657 1411 
89678 120 
89684 24 
89796 45 
89797 856 
89818 2257 
89910 2062 
89934 400 
90217 455 
90282 648 
90349 1151 
90458 231 
90505 915 
90531 149 
90572 873 
90602 16 
91025 1564 
91233 1766 
91284 1501 
91394 646 
91408 205 
91508 8384 
91622 2234 
91772 254 
91840 162 
91842 1290 
91922 324 
91925 2 
91986 5219 
92039 1025 
92274 958 
92279 1530 
92280 1892 
92356 185 
92359 72 
92414 16686 
92438 1228 
92647 18 
92675 526 
92685 523 
92739 4857 
92823 37 
92983 53 
93001 175 
93029 28 
93149 1241 
93440 809 
93457 3054 
93470 35 
93550 480 
93586 161 
93636 1698 
93636 958 
93742 199 
93809 747 
93809 257 
93812 41 
93851 362 
93865 55 
93895 9 
93931 290 
93989 928 
93991 24 
94019 176 
94078 1509 
94133 783 
94310 312 
94313 755 
94388 3074 
94473 1 
94621 540 
94759 565 
94765 457 
94806 245 
94847 1279 
94887 1065 
94898 1910 
95156 1363 
95305 640 
95412 2831 
95621 967 
95634 301 
95743 4378 
95743 97 
95921 7916 
95930 50 
95968 403 
96004 95 
96045 3558 
96188 709 
96193 561 
96402 471 
96450 609 
96455 670 
96527 6 
96530 101 
96860 1202 
96989 646 
97018 31 
97023 478 
97486 1923 
97488 1859 
97586 42 
97589 10 
97667 1 
97805 1379 
97854 455 
97880 1761 
97886 123 
97936 619 
97981 243 
98000 1468 
98012 708 
98021 13 
98050 157 
98110 196 
98126 231 
98157 1762 
98218 333 
98315 23 
98330 19 
98553 282 
98578 309 
98731 10 
98738 57 
98832 384 
98917 795 
98992 204 
99008 2592 
99213 236 
99336 212 
99395 688 
99471 54 
99478 2278 
99504 217 
99595 614 
99684 631 
99688 2887 
99690 434 
99750 700 
99782 455 
99834 2084 
99840 708 
99900 569 
99911 663 
99922 670 
100022 799 
100039 376 
100081 1029 
100571 130 
100809 202 
100914 329 
101133 496 
101333 1693 
101503 3106 
101560 921 
101620 545 
101676 3685 
101680 159 
101689 935 
101758 6341 
101792 800 
101805 268 
101812 1 
101825 671 
101899 379 
101905 1266 
101918 150 
101955 545 
102072 834 
102240 969 
102259 55 
102382 422 
102739 1740 
102800 412 
102909 1081 
103042 25108 
103061 488 
103122 353 
103123 1493 
103126 454 
103140 184 
103179 638 
103193 9336 
103247 407 
103384 31 
103516 1582 
103592 129 
103596 554 
103637 24 
103984 1837 
104284 133 
104555 213 
104758 185 
104768 1581 
104797 7 
104843 7707 
104853 33 
104940 1247 
105042 81 
105196 556 
105203 5238 
105245 1590 
105287 1360 
105292 165 
105331 1854 
105346 401 
105652 73 
105943 40 
105952 459 
106031 422 
106080 109 
106166 103 
106180 408 
106435 422 
106565 918 
106571 1151 
106956 1348 
107020 192 
107106 72 
107165 1305 
107324 1026 
107580 52 
107588 188 
107629 1032 
107663 50 
107945 1279 
108185 213 
108307 298 
108654 392 
108969 138 
109190 1374 
109214 303 
110044 226 
110382 87 
110399 68 
110952 601 
111010 485 
111106 243 
111262 251 
111280 151 
111476 1025 
111503 1 
111675 385 
111993 259 
112107 99 
112118 441 
112264 764 
112295 764 
112484 67 
112494 562 
112630 267 
112642 921 
112645 909 
112700 278 
112908 177 
112944 245 
113212 1571 
113235 178 
113289 415 
113358 47 
113369 215 
113380 339 
113388 422 
113401 378 
113593 1731 
113610 238 
113799 217 
114057 1680238 
114088 929 
114089 1277 
114102 79 
114117 61 
114126 275 
114143 33 
114172 66 
114193 243 
114202 131 
114241 1591 
114267 348 
114277 71 
114427 122 
114441 97 
114644 406 
114662 15 
114738 40 
114745 126 
114828 7 
114909 101 
114912 1044 
114991 493 
115005 106 
115063 2 
115120 65 
115158 193 
115159 186 
115160 65 
115213 2161 
115226 8 
115295 1491 
115307 14 
115395 133 
115589 203 
115632 429 
115743 280 
115812 88 
115976 20 
116111 318 
116307 151 
116477 184 
116785 0 
116996 90 
117064 1667 
117140 157 
117309 302 
117342 396 
117584 121 
117746 213 
118004 920 
118022 1092 
118139 0 
118240 67 
118376 798 
118887 2093 
119027 2198 
119093 779 
120832 1790 
121769 148 
122011 148 
122164 251 
122349 909 
122665 81 
122776 512 
123126 68 
123600 273 
123878 548 
123968 1804 
124817 146 
125010 224 
125583 146 
125775 369 
125921 1114 
126175 124 
126403 336 
127016 51 
127242 4107 
127822 25 
127871 306 
128103 847 
128166 275 
128211 421 
128483 26 
128684 559 
128711 301 
129303 788 
129340 491 
130184 2435 
130257 1262 
130868 127 
130913 193 
131240 2674 
131462 439 
131924 560 
131998 1470 
132025 336 
132109 576 
132235 266 
132607 1539 
133010 27 
133095 803 
133206 1453 
133215 727 
133526 342 
133805 143 
133850 833 
133906 100 
134330 1853 
135760 9617 
135790 129 
135885 439 
136229 215 
136328 1155 
136502 1379 
137013 737 
139023 1613 
139666 4183 
139783 105 
140184 1054 
140293 318 
140303 439 
140354 1337 
140399 261 
140719 765 
140739 469 
141078 570 
141103 7308 
141127 4091 
141418 1834 
141723 671 
141890 912 
141903 208 
142060 945 
142932 295 
143165 27 
143377 2056 
143764 644 
144227 565 
144257 6 
144766 503 
145173 256 
145324 321 
145591 187 
145674 525 
147427 1163 
147755 1964 
148087 20 
148289 2 
148376 1529 
148434 415 
148506 6168 
148560 1085 
148605 445 
148688 1923 
148749 1270 
148764 262 
149101 154 
149195 619 
149302 18 
149448 682 
149463 568 
149637 1224 
149686 373 
149776 251 
150028 492 
150051 503 
150445 509 
150457 580 
150596 774 
150825 1842 
151079 177 
151100 382 
151262 2315 
151415 3115 
152381 76 
152401 122 
152417 859 
152534 594 
152741 2080 
152972 487 
153202 109 
153466 537 
153468 465 
153672 198 
153702 78 
153753 573 
153785 1112 
154015 919 
154148 508 
154340 71 
154468 311 
154846 109 
154849 51 
154987 3918 
155375 16 
155678 1207 
155682 1579 
155683 537 
156248 1755 
156264 526 
156423 1739 
156671 363 
156970 545 
157484 681 
157686 266 
157735 216 
157895 56 
157958 2888 
158160 4752 
158209 37 
158865 165 
158876 435 
159329 138 
159345 1116 
159378 1584 
159554 25 
159675 427 
159718 26 
159721 1708 
159862 254 
159935 26 
160441 216 
160839 777 
160922 404 
161295 1337 
161300 291 
161594 361 
161687 509 
161717 64 
161718 10 
161725 327 
161933 141 
162528 1669 
162533 172 
162924 965 
162960 23 
163104 176 
163229 724 
163230 230 
163231 874 
163395 110 
163477 362 
163519 870 
163621 261 
163754 1074 
163762 310 
163784 373 
163796 1279 
164014 680 
164023 1684 
164189 1235 
164421 1175 
164502 828 
164539 867 
164612 21 
164740 837 
164893 118 
165083 160 
165212 111 
165280 625 
165530 239 
165609 1 
165689 280 
165721 217 
165752 467 
165857 1600 
166032 228 
166257 5 
166399 1354 
166453 1038 
166687 429 
166751 950 
166852 628 
166972 5216 
167020 32 
167119 1493 
167230 1457 
167576 8 
167888 942 
168050 6 
168140 1065 
168142 138 
168170 256 
168378 149 
168380 860 
168523 221 
168639 161 
168699 267 
168936 95 
168942 184 
169181 42 
169268 2145 
169305 597 
169414 286 
169447 71 
169667 1777 
169731 71 
169905 227 
170351 1911 
170378 2539 
170499 196 
170852 138 
170939 189 
171401 384 
171466 1344 
171682 149 
171685 468 
171716 883 
171844 642 
172356 654 
172399 294 
172522 1078 
172746 945 
172781 166 
172920 90 
173249 170 
173606 11567 
173626 296 
173635 624 
173652 406 
173655 1263 
173678 599 
173879 12 
174155 1153 
174493 748 
174660 760 
174775 1753 
174845 330 
175050 6960 
175358 22 
175363 32 
175474 303 
175752 206 
175963 429 
175969 1826 
176037 256 
176283 518 
176340 103 
176435 1161 
176534 2346 
176772 2880 
177019 1008 
177856 192 
178024 470 
178192 514 
178386 1328 
178458 761 
178624 99 
178713 406 
178948 487 
178974 1260 
179083 880 
179379 440 
179392 1344 
179393 951 
179426 50 
179430 1685 
179433 205 
179739 82 
179806 122 
180197 336 
180239 74 
180436 204 
180748 266 
180871 424 
180978 727 
181225 810 
181461 0 
181633 472 
181779 647 
182148 36 
182370 90 
182540 1620 
182765 260 
183065 266 
183241 2 
183327 1829 
183520 795 
183840 135 
184027 113 
184150 84 
184177 23 
184211 1203 
184229 3410 
184450 2142 
184582 609 
184595 292 
184800 1551 
185317 123 
185390 1102 
185697 1314 
186184 363 
186263 408 
186383 1900 
186473 99 
186546 519 
186608 54 
186795 538 
186817 245 
186928 75 
187246 512 
187258 4822 
187410 237 
187504 247 
187645 1123 
187802 3544 
187914 452 
188296 410 
188470 221 
188499 1838 
188711 1067 
188768 67 
188852 0 
189046 1619 
189062 424 
189163 1407 
189526 78 
189597 4606 
190193 5 
190200 1435 
190274 31 
190400 645 
190442 1895 
190517 979 
190895 331 
191048 793 
191077 910 
191911 14 
191921 3800 
191961 669 
191963 459 
192084 191 
192261 1394 
192293 900 
192304 2169 
192355 65 
192396 2435 
192524 2334 
192800 490 
192957 2268 
193410 1093 
193413 91 
193516 829 
194141 34 
194247 98 
194351 85 
194425 755 
194606 1317 
194703 182 
195069 461 
195125 81 
195669 1617 
195831 577 
195925 156 
196317 1571 
196349 1131 
196351 1633 
196379 657 
196471 325 
196504 386 
196625 8230 
196692 555 
196694 25 
196719 1299 
196937 1025 
197036 39 
197688 275 
197691 126 
197860 1952 
198432 578 
198589 0 
198793 76 
199362 75 
199534 833 
200463 373 
200730 298 
200841 309 
200876 1605 
201593 29 
202031 168 
202053 657 
202236 408 
202318 405 
202324 2057 
202402 494 
202501 1302 
202545 184 
202826 2439 
202990 776 
203083 399 
203843 699 
203874 1037 
203957 1765 
204267 21 
204549 959 
205575 284 
206803 107 
207802 1271 
207891 1352 
208029 107 
210068 1618 
210651 4529 
211552 2525 
211752 64 
211800 174 
212567 3 
212717 460 
213509 573 
213740 850 
214364 541 
214905 0 
216141 263 
219156 101 
219666 1159 
220844 4553 
221464 413 
221524 879 
221542 1819 
221708 489 
222802 303 
223138 501 
223631 2031 
223741 350 
224100 426 
224118 279 
224324 45 
224517 145 
225472 1041 
225720 215 
225727 2482 
226631 110 
226875 1097 
226903 733 
226924 279 
227211 226 
229376 264 
230342 877 
230824 241 
231696 2003 
231965 3 
232147 687 
232429 109 
233396 57 
233721 1582 
234406 390 
234948 593 
235012 235 
235075 536 
235304 376 
235739 47 
236037 350 
236230 1212 
236239 1368 
236986 1045 
237081 91 
237478 1465 
237679 8 
238114 1692 
238217 275 
238305 824 
238496 2327 
238697 262 
239569 1728 
239593 57 
239821 913 
240279 217 
242371 1109 
242941 2356 
242955 679 
243347 7 
243939 665 
244099 1664 
244493 195 
244634 219 
244640 31 
244668 330 
244950 1162 
245393 819 
246212 480 
246636 42 
246668 921 
246764 365 
246772 645 
246800 228 
246891 204 
247076 3488 
247364 130 
247368 1332 
247625 4193 
247903 372 
248035 1436 
248063 687 
248156 125 
248262 271 
248306 144 
248538 2035 
248645 678 
249156 255 
249591 696 
249728 433 
250008 1386 
250355 79 
250560 358 
250825 1330 
250838 571 
251126 199 
251540 247 
251673 680 
251820 221 
251881 456 
252131 71 
252144 378 
252403 81 
252482 4837 
252491 93 
252531 4013 
252601 68 
252893 1 
253035 3029 
253089 1206 
253229 1589 
253233 579 
253262 1630 
253295 479 
253370 77 
254379 1997 
254401 935 
254590 129 
255441 224 
255512 25 
255667 901 
255741 936 
256018 182 
256323 67 
256681 332 
256844 1228 
257245 6580 
257385 1473 
257681 85 
257931 394 
258000 2072 
258379 4 
258545 348 
258851 534 
258953 64 
259117 228 
259238 59 
259320 15 
259369 641 
259885 2718 
259914 104 
260316 764 
260514 1323 
260603 149 
261545 761 
261799 333 
262017 121 
262086 70 
262100 77 
262164 201 
262548 137 
262702 183 
262849 104 
262882 48 
263195 197 
263436 463 
263838 1016 
263873 181 
264471 6325 
265182 113 
265692 372 
266048 10414 
266309 467 
267191 128 
267383 671 
267888 158 
268538 2554 
268964 409 
268974 440 
269033 559 
269368 309 
269847 1784 
269857 462 
269882 2575 
270263 403 
270394 771 
270426 2177 
270704 294 
270891 209 
270903 330 
271630 5026 
271682 128 
272019 192 
272231 70 
272781 586 
272849 364 
273117 752 
273432 411 
273600 2030 
273608 1221 
274344 216 
274516 5993 
275239 97 
275484 76 
275587 1302 
275644 303 
275684 1488 
275841 545 
275846 305 
276224 2664 
276482 396 
276550 231 
276679 114 
277216 222 
277403 0 
277923 1421 
278265 3543 
278433 7330 
278563 656 
278888 128 
278986 283 
279675 940 
281052 466 
281816 269 
284076 2122 
284237 348 
284509 45 
284750 121 
284917 779 
285364 154 
285621 86 
285681 243 
286955 876 
287029 1251 
287522 1120 
287711 4420 
288152 2 
288594 187 
288670 191 
288895 97 
289883 2765 
289923 69 
292881 5 
294088 288 
295173 232 
296051 1860 
296287 1260 
297098 430 
300203 68 
302405 380 
303216 357 
304055 2092 
306389 182 
308965 2607 
311778 218 
312817 488 
314240 1490 
315800 1656 
318218 61 
318864 1129 
319213 1277 
319330 1144 
319856 237 
320172 131 
322586 1022 
323787 39 
325073 501 
326195 702 
326227 6012 
326342 462 
328073 1 
328098 147 
329688 315 
329896 720 
330852 1743 
331193 53 
331209 1330 
331302 1068 
331637 192 
331697 436 
331764 582 
332641 876 
333108 1137 
333529 167 
334840 2350 
335148 2218 
335856 117 
336850 336 
337907 1044 
338356 253 
338526 333 
338764 304 
338785 103 
338918 180 
338939 0 
339024 204 
339038 206 
339561 1301 
339756 261 
340018 1113 
340050 2484 
340463 460 
342176 59 
342741 251 
342765 70 
343401 1542 
343713 4 
344186 424 
344290 315 
344576 239 
345067 194 
345629 309 
345798 1028 
345850 2620 
345906 255 
346157 1488 
346211 1142 
346832 147 
349072 673 
349598 930 
349659 1825 
351103 146 
354369 103 
354604 334 
354964 1984 
355043 1587 
355066 29 
355212 52 
355671 93 
355750 169 
356064 138 
357045 823 
357468 1209 
358729 880 
358778 269 
361672 13 
362053 486 
362728 116 
364786 791 
365628 0 
367976 210 
369413 16 
371663 93 
375054 287 
375734 1738 
375917 17 
379817 17 
381373 334 
384284 270 
386062 239 
387707 2424 
387837 335 
388518 154 
393686 10 
400646 14 
401088 175 
401891 268 
404203 109 
406525 812 
408357 100 
408936 429 
410023 48 
411023 920 
411435 1063 
411685 1908 
418233 622 
420070 2 
422856 2094 
423867 1253 
423914 147 
425192 2223 
426231 1490 
427224 2066 
427319 769 
427640 2791 
429326 361 
430228 521 
430319 397 
430475 393 
431040 39 
431204 881 
431236 737 
433074 1044 
433384 670 
434167 654 
434220 29 
436733 0 
438974 411 
439931 1901 
439948 625 
440234 42 
440975 1299 
441217 305 
441388 155 
441399 72 
441887 201 
442811 3 
444515 577 
445390 539 
445969 2 
446490 198 
446745 2203 
447004 3 
450032 769 
450179 328 
450396 155 
450960 0 
453773 75 
455788 9 
456162 653 
456240 255 
458798 293 
460058 665 
460462 238 
468166 630 
469521 228 
471693 155 
472521 590 
473584 447 
476265 35 
477742 397 
478672 463 
480705 687 
485501 91 
490071 85 
490317 2713 
490364 282 
492770 298 
494911 526 
495350 2 
495374 140 
495391 522 
495496 338 
496159 1150 
498126 18 
498149 205 
498312 601 
498626 14 
499004 368 
499837 166 
507876 66 
509422 604 
509720 333 
509931 46 
510281 16 
511135 26 
511729 509 
514446 370 
515695 58 
515934 590 
516607 275 
517151 199 
517611 6 
517905 648 
518041 227 
520933 81 
522786 120 
524737 234 
526035 1399 
526184 64 
526278 202 
526738 778 
527188 363 
527945 314 
528094 46 
528500 5067 
528698 6347 
528829 141 
529906 0 
534353 114 
534564 596 
535981 1210 
536993 773 
537062 244 
537135 257 
537455 513 
537470 862 
537618 331 
537666 57 
537732 108 
537733 3374 
537834 835 
538050 22 
538070 322 
538160 701 
538172 123 
538252 1391 
538260 1921 
538414 311 
538433 1344 
538489 34 
538833 1051 
539164 98 
539412 236 
539517 302 
540144 643 
540361 771 
542316 86 
542642 957 
544790 146 
544984 1578 
545761 432 
546002 193 
550460 542 
573469 1425 
574132 140 
576983 116 
577322 417 
579749 1651 
580325 2138 
581971 2 
583798 50 
585449 74 
585475 1222 
586255 1986 
586274 153 
587590 1421 
587596 1060 
589305 659 
589662 1633 
592740 49 
593353 211 
594688 1108 
598493 222 
598686 233 
602391 93 
603075 18 
603139 115 
603690 653 
604072 2735 
604356 127 
