5165 7.67362268519
0 1045708 
10 398 
13 519 
14 343 
15 182 
16 5817 
16 203 
17 226 
17 25 
17 1436 
17 492 
17 215 
18 172 
18 346 
19 42 
19 842 
20 129 
22 95 
23 16 
23 134 
24 237 
24 986 
24 231 
24 274 
25 74 
26 156 
27 322 
27 60 
28 183 
28 163 
28 329 
28 55 
29 82 
29 805 
29 123 
29 105 
30 303 
30 38 
30 496 
30 146 
30 75 
30 186 
31 365 
31 213 
31 805 
32 287 
32 116 
32 58 
32 101 
32 242 
33 455 
33 138 
33 257 
33 50 
33 101 
33 47 
33 25 
33 89 
34 207 
34 307 
34 267 
35 353 
35 925 
35 177 
35 256 
36 72 
36 47 
37 266 
38 414 
38 426 
38 230 
38 95 
38 18 
39 928 
40 414 
40 224 
40 430 
40 46 
41 135 
41 236 
41 522 
41 302 
41 73 
42 140 
42 97 
43 307 
43 7004 
44 165 
44 517 
44 118 
44 301 
44 502 
44 73 
44 889 
44 286 
45 408 
45 61 
45 237 
45 159 
45 114 
46 103 
46 121 
46 201 
46 67 
46 74 
46 45 
46 599 
47 966 
47 39 
47 126 
47 102 
47 354 
48 168 
48 109 
48 126 
48 127 
48 317 
48 718 
48 266 
48 176 
48 274 
49 342 
49 201 
49 210 
49 590 
49 139 
49 39 
49 61 
49 110 
49 48 
49 77 
50 101 
50 133 
50 373 
50 66 
50 832 
50 44 
51 224 
51 23 
51 358 
52 633 
52 34 
52 177 
52 417 
52 158 
53 111 
53 100 
53 180 
53 23 
54 326 
54 54 
54 152 
55 10 
55 138 
55 369 
55 213 
56 457 
56 28 
56 333 
56 291 
56 167 
56 836 
57 1494 
57 186 
58 407 
58 3299 
58 104 
58 53 
58 358 
58 14 
58 200 
59 53 
59 82 
59 220 
59 176 
59 293 
59 392 
59 64 
59 172 
60 139 
60 71 
60 287 
60 105 
61 4513 
61 243 
61 40 
61 375 
61 187 
62 83 
62 139 
62 30 
62 1212 
62 395 
63 47 
63 371 
63 4313 
63 40 
63 213 
63 299 
63 82 
63 98 
63 644 
63 224 
64 422 
64 86 
64 243 
64 264 
64 126 
64 519 
65 98 
65 136 
65 343 
65 719 
65 390 
65 426 
65 110 
65 3 
65 161 
65 300 
65 240 
65 139 
65 188 
66 12 
66 689 
66 195 
66 102 
66 851 
66 264 
66 399 
66 132 
66 369 
66 78 
67 593 
67 123 
67 472 
67 215 
67 25 
67 19 
67 575 
67 249 
67 183 
68 197 
68 108 
68 116 
68 96 
68 8 
69 229 
69 282 
69 187 
70 228 
70 31 
70 168 
70 81 
70 75 
70 298 
70 72 
71 53 
71 186 
71 1182 
71 1135 
71 10 
71 332 
71 260 
71 162 
72 17 
72 182 
72 85 
72 158 
72 225 
72 95 
72 223 
72 18 
72 119 
73 82 
73 114 
73 754 
73 28 
73 496 
73 70 
73 1257 
73 228 
73 108 
74 74 
74 248 
74 129 
74 110 
74 159 
74 88 
74 100 
74 324 
74 290 
74 637 
75 868 
75 171 
75 154 
75 186 
75 459 
75 122 
76 137 
76 34 
76 308 
76 70 
76 223 
77 65 
77 255 
77 132 
77 1728 
78 14 
78 219 
78 295 
78 216 
78 303 
79 118 
79 35 
79 36 
79 110 
79 182 
79 297 
80 338 
80 334 
80 109 
80 35 
80 1383 
81 316 
81 385 
81 124 
81 830 
81 40 
81 234 
81 173 
82 560 
82 82 
82 14 
82 272 
82 397 
82 81 
82 37 
82 180 
82 1007 
83 21 
83 202 
83 561 
83 51 
83 54 
83 441 
83 676 
84 181 
84 59 
84 78 
84 68 
84 103 
84 68 
84 118 
84 273 
84 225 
84 494 
85 109 
85 48 
85 297 
86 86 
86 70 
86 56 
86 54 
86 207 
86 44 
87 55 
87 624 
87 147 
87 1415 
87 133 
88 142 
89 154 
89 134 
89 138 
89 128 
89 505 
89 211 
89 68 
89 251 
89 424 
90 115 
90 432 
90 382 
90 169 
90 819 
91 208 
91 50 
91 37 
92 198 
92 234 
92 102 
92 203 
92 170 
93 73 
93 139 
93 160 
93 184 
93 41 
93 374 
93 171 
93 81 
93 30 
94 187 
94 283 
94 173 
94 172 
94 469 
94 516 
95 57 
95 72 
95 13 
95 133 
95 67 
96 45 
96 312 
96 397 
96 446 
96 83 
97 221 
97 44 
98 96 
98 89 
98 77 
98 712 
98 301 
98 193 
98 272 
98 581 
98 203 
98 191 
98 29 
99 437 
99 917 
99 1064 
99 63 
99 192 
99 111 
99 320 
99 308 
99 279 
99 465 
99 757 
100 529 
100 41 
100 478 
100 214 
100 72 
101 2500 
101 54 
101 189 
102 147 
102 1328 
102 221 
102 158 
102 513 
102 234 
102 77 
102 76 
102 216 
103 56 
103 79 
103 185 
103 165 
103 242 
104 281 
104 57 
104 45 
104 421 
104 67 
104 85 
104 126 
105 186 
105 67 
105 187 
105 679 
105 178 
105 279 
105 369 
106 185 
106 84 
106 134 
106 707 
106 128 
106 78 
106 58 
106 252 
107 257 
107 63 
107 176 
107 246 
107 384 
107 45 
108 31 
108 222 
109 589 
109 393 
109 176 
109 80 
109 882 
109 973 
110 242 
110 55 
110 183 
110 15 
110 18 
111 332 
111 546 
111 182 
111 202 
112 82 
113 78 
113 148 
113 123 
113 98 
113 223 
114 35 
114 609 
114 145 
114 59 
114 123 
114 122 
114 272 
114 34 
115 158 
115 477 
115 116 
116 180 
116 88 
116 6566 
116 427 
116 126 
116 60 
116 620 
116 53 
116 600 
117 80 
117 87 
117 210 
117 36 
117 103 
118 101 
118 201 
118 498 
118 95 
118 69 
118 125 
118 23 
118 247 
119 652 
119 176 
119 441 
119 126 
119 158 
121 111 
121 13 
121 85 
121 203 
122 111 
122 43 
122 210 
122 208 
122 1135 
122 335 
122 37 
122 257 
122 112 
122 370 
123 89 
123 142 
123 28 
123 460 
123 248 
123 38 
123 333 
123 11 
124 20 
124 63 
124 398 
124 211 
125 123 
125 132 
125 121 
125 191 
125 187 
126 156 
127 72 
127 559 
127 50 
127 144 
127 516 
128 110 
128 1147 
128 187 
128 27 
128 1071 
129 175 
129 2538 
129 38 
130 833 
130 162 
130 52 
130 302 
131 66 
131 134 
131 24 
131 204 
132 74 
132 334 
132 420 
133 34 
133 199 
133 148 
133 106 
133 159 
133 150 
133 256 
134 202 
134 83 
134 323 
134 26 
134 153 
134 425 
135 312 
135 161 
135 250 
135 109 
136 30 
136 746 
136 520 
136 236 
136 19 
136 297 
136 172 
136 398 
137 169 
137 983 
137 160 
137 129 
137 230 
137 257 
138 43 
138 16 
139 73 
139 221 
139 332 
139 242 
139 74 
139 126 
139 330 
140 274 
140 205 
140 358 
140 113 
140 32 
140 106 
141 183 
141 90 
141 287 
142 2654 
142 66 
143 148 
143 3 
143 501 
143 75 
143 269 
143 129 
144 915 
144 163 
144 97 
144 99 
145 78 
145 52 
145 394 
145 27 
145 1318 
146 461 
146 21 
146 61 
147 1291 
147 62 
147 62 
147 137 
148 20 
148 120 
149 27 
149 155 
149 162 
149 445 
149 63 
150 325 
150 217 
150 50 
150 95 
151 363 
151 87 
152 60 
152 204 
152 107 
153 62 
153 119 
153 54 
153 76 
154 184 
154 94 
154 490 
154 410 
154 375 
154 110 
155 344 
155 270 
155 63 
155 130 
155 1120 
155 577 
155 61 
155 145 
155 478 
156 175 
157 778 
157 239 
157 13 
157 208 
157 205 
158 274 
158 33 
158 74 
158 77 
158 190 
158 101 
159 192 
159 111 
159 283 
159 176 
159 155 
160 72 
160 284 
161 348 
161 1118 
162 128 
162 251 
162 721 
162 98 
162 267 
163 1170 
164 65 
164 310 
164 198 
165 40 
165 159 
165 977 
165 124 
166 134 
166 52 
166 36 
166 110 
166 199 
166 74 
166 197 
166 293 
166 89 
166 128 
167 179 
167 26 
167 15 
168 629 
168 238 
168 10 
168 282 
168 71 
169 8 
169 50 
169 82 
169 27 
169 387 
169 22 
169 453 
170 25 
170 68 
170 201 
171 136 
171 136 
171 93 
171 111 
171 138 
171 131 
171 115 
172 134 
172 47 
172 393 
172 103 
173 20 
173 131 
173 82 
174 150 
176 151 
176 214 
176 70 
176 11 
176 117 
176 38 
177 130 
178 26 
178 43 
178 169 
178 157 
178 34 
179 44 
179 278 
180 140 
181 108 
181 72 
182 53 
182 82 
182 23 
182 61 
183 50 
183 101 
183 102 
183 118 
183 85 
184 239 
184 14 
184 220 
184 385 
184 595 
184 28 
184 31 
184 100 
184 79 
184 215 
185 105 
185 78 
185 118 
185 44 
186 166 
186 378 
187 739 
187 250 
187 52 
187 480 
187 155 
187 87 
188 13 
188 74 
188 84 
188 297 
188 123 
188 504 
188 195 
189 46 
190 192 
190 255 
190 81 
191 68 
191 97 
192 631 
192 158 
193 253 
193 84 
193 227 
193 55 
194 92 
194 43 
194 111 
194 420 
194 65 
194 74 
195 520 
195 26 
195 299 
195 395 
195 29 
195 103 
195 397 
196 289 
196 118 
196 85 
196 1517 
196 137 
197 228 
197 246 
197 37 
197 137 
197 429 
197 101 
197 67 
197 65 
197 42 
197 407 
198 305 
198 821 
198 32 
199 123 
199 53 
200 206 
201 368 
201 49 
202 202 
202 56 
202 221 
203 119 
203 48 
203 91 
203 835 
204 1771 
204 186 
204 376 
204 90 
205 394 
205 154 
206 49 
206 68 
206 255 
206 71 
207 174 
207 25 
207 127 
207 184 
207 206 
207 26 
208 204 
208 70 
208 514 
209 775 
209 223 
209 275 
210 125 
210 66 
210 221 
210 213 
210 49 
211 315 
211 161 
211 100 
211 227 
211 148 
212 103 
212 39 
212 171 
212 124 
212 182 
213 878 
213 53 
214 79 
214 200 
214 179 
214 208 
215 501 
215 16 
215 329 
216 438 
216 208 
216 606 
216 38 
216 147 
217 302 
217 2210 
217 196 
217 240 
217 74 
217 968 
217 84 
218 1452 
218 93 
219 164 
220 131 
220 21 
220 134 
220 50 
220 26 
220 20 
220 273 
221 494 
221 51 
221 473 
221 121 
222 258 
222 305 
222 47 
223 226 
223 15 
223 61 
224 120 
224 96 
224 448 
224 161 
224 339 
224 58 
225 123 
225 71 
225 100 
226 402 
226 101 
226 44 
226 40 
226 392 
226 77 
226 364 
227 35 
227 500 
227 194 
227 56 
227 198 
227 85 
228 37 
228 96 
228 225 
228 374 
228 146 
229 417 
229 57 
229 118 
229 24 
230 32 
230 147 
231 82 
231 314 
231 687 
231 84 
231 575 
232 107 
232 27 
232 98 
232 67 
232 249 
233 57 
233 166 
233 879 
233 92 
233 54 
233 22 
234 75 
234 12848 
234 272 
235 365 
235 252 
235 207 
235 81 
235 229 
235 2 
235 71 
236 690 
236 532 
236 20 
237 977 
237 351 
237 105 
237 149 
238 193 
238 94 
238 338 
238 57 
239 185 
240 73 
240 239 
240 444 
241 64 
242 473 
243 87 
243 185 
243 90 
243 84 
244 79 
244 54 
244 220 
245 36 
246 1505 
246 227 
247 110 
248 228 
248 224 
249 31 
249 469 
249 194 
249 133 
249 92 
249 385 
250 22 
250 451 
250 160 
250 613 
250 311 
250 235 
251 998 
251 461 
251 158 
251 77 
252 137 
253 2493 
253 633 
253 187 
254 125 
254 74 
254 380 
254 928 
255 159 
255 195 
255 436 
255 681 
256 619 
256 165 
256 88 
258 521 
258 92 
259 60 
259 55 
259 92 
259 109 
260 499 
260 3070 
260 33 
260 61 
260 74 
261 1882 
261 175 
261 4 
261 256 
262 592 
262 164 
262 250 
262 198 
262 94 
263 42 
264 48 
264 33 
264 158 
264 225 
265 10 
265 95 
266 50 
267 1058 
267 58 
267 26 
268 110 
269 140 
269 14 
269 421 
270 69 
270 56 
270 574 
270 230 
271 284 
271 522 
271 144 
272 384 
272 181 
273 71 
273 198 
274 126 
274 189 
274 109 
274 904 
275 431 
275 160 
275 77 
275 91 
276 132 
277 494 
277 90 
277 175 
278 179 
278 179 
278 195 
278 111 
278 93 
278 834 
279 47 
279 181 
280 38 
281 82 
281 63 
281 61 
281 363 
281 121 
281 103 
282 178 
282 177 
282 96 
282 127 
283 50 
283 325 
283 152 
283 175 
283 27 
283 34 
283 49 
283 286 
284 167 
284 152 
284 328 
284 57 
286 89 
286 318 
287 133 
288 83 
289 249 
289 214 
289 460 
289 1017 
290 66 
290 112 
290 78 
291 12 
292 21 
292 132 
292 170 
292 38 
293 149 
294 573 
294 104 
294 351 
294 18 
294 137 
295 257 
295 693 
295 661 
295 172 
295 301 
296 176 
296 67 
296 305 
297 184 
298 58 
298 461 
298 12 
299 807 
300 201 
300 37 
300 50 
301 57 
302 168 
302 214 
302 50 
302 55 
302 149 
303 66 
303 189 
305 36 
305 41 
305 371 
306 49 
307 746 
307 861 
307 389 
308 86 
308 166 
308 354 
308 62 
308 568 
309 315 
309 114 
309 7 
309 131 
309 21 
310 11 
310 22 
310 59 
310 169 
310 394 
311 82 
312 52 
312 102 
313 206 
313 63 
313 100 
314 34 
314 536 
314 217 
315 75 
315 473 
315 265 
315 165 
315 107 
317 375 
317 70 
317 99 
318 128 
318 109 
318 213 
318 312 
318 199 
319 92 
319 704 
320 76 
320 219 
321 188 
321 96 
322 52 
322 86 
322 213 
323 38 
323 42 
323 155 
323 283 
323 115 
323 44 
324 132 
324 29 
324 115 
325 30 
326 222 
326 100 
327 93 
327 90 
329 94 
329 145 
331 109 
331 135 
332 140 
332 77 
332 80 
333 239 
333 161 
333 22 
333 115 
334 31 
334 158 
334 110 
335 103 
335 312 
335 11 
335 324 
335 134 
335 116 
336 394 
337 653 
337 311 
337 306 
338 38 
338 49 
339 156 
339 60 
340 346 
340 125 
340 597 
341 623 
341 134 
341 65 
342 54 
342 175 
343 307 
343 66 
344 43 
344 200 
344 358 
344 39 
346 255 
346 636 
346 55 
347 80 
348 14 
348 288 
348 111 
349 103 
349 108 
349 465 
349 141 
351 230 
351 835 
351 44 
352 165 
352 35 
352 538 
352 27 
353 467 
353 357 
354 98 
355 220 
355 89 
355 60 
355 108 
355 201 
356 195 
356 1141 
356 290 
356 238 
356 53 
357 98 
357 131 
358 107 
358 936 
358 156 
358 78 
359 113 
359 504 
359 175 
361 751 
361 43 
361 379 
363 166 
364 62 
364 683 
364 57 
364 134 
364 9 
365 140 
365 208 
366 134 
366 710 
369 188 
369 841 
369 180 
369 354 
370 602 
370 130 
371 63 
371 171 
372 60 
372 193 
372 53 
373 116 
373 32 
374 997 
375 69 
375 256 
376 47 
376 105 
376 19 
377 244 
377 677 
378 168 
378 207 
378 2229 
379 106 
381 55 
381 435 
382 195 
382 326 
382 29 
383 372 
384 171 
384 619 
385 129 
386 287 
386 54 
387 129 
387 109 
388 94 
388 39 
389 78 
389 220 
389 62 
390 24 
390 1291 
391 70 
391 63 
391 185 
391 11 
392 102 
392 164 
395 1723 
395 351 
395 64 
395 186 
396 312 
396 77 
397 255 
398 1102 
399 114 
399 498 
399 166 
399 117 
399 513 
400 22 
400 29 
401 112 
401 140 
402 701 
402 406 
405 60 
405 353 
405 1367 
406 126 
406 147 
407 76 
407 188 
407 53 
407 24 
408 209 
409 231 
409 88 
410 103 
411 111 
411 76 
411 151 
411 326 
411 121 
411 16 
411 97 
414 538 
414 61 
414 6 
414 46 
416 90 
416 101 
417 39 
417 125 
418 152 
418 579 
418 225 
418 94 
419 110 
419 755 
420 16 
421 48 
422 156 
423 147 
423 89 
423 69 
423 68 
426 314 
426 9 
427 196 
428 458 
428 95 
428 165 
428 159 
429 899 
430 19 
431 90 
431 170 
432 2653 
433 398 
433 5747 
433 101 
435 31 
435 12 
435 84 
435 417 
436 103 
436 115 
437 35 
437 82 
439 50 
439 148 
440 68 
440 115 
440 46 
441 140 
441 169 
441 812 
441 572 
442 504 
442 115 
442 956 
443 138 
444 65 
445 482 
447 92 
447 238 
448 48 
448 98 
448 131 
448 1109 
448 10 
448 147 
449 178 
450 160 
451 21 
451 29 
451 148 
451 59 
451 23 
452 129 
452 129 
453 58 
453 129 
453 190 
454 87 
454 458 
454 61 
454 203 
454 70 
455 131 
456 213 
456 159 
456 840 
458 248 
459 52 
459 73 
459 91 
460 99 
461 127 
461 56 
462 110 
463 274 
464 290 
464 35 
465 71 
465 73 
465 342 
466 95 
466 655 
467 151 
467 254 
467 346 
468 144 
468 49 
468 15 
469 231 
469 11 
470 73 
470 121 
470 733 
472 1508 
472 79 
473 153 
474 45 
475 58 
475 153 
475 84 
477 234 
477 39 
478 64 
478 251 
479 22381 
480 49 
480 193 
480 132 
481 246 
482 135 
482 87 
482 292 
482 214 
483 392 
483 11 
484 519 
484 37 
485 168 
485 314 
486 128 
486 94 
486 60 
487 20 
487 375 
489 25 
489 44 
489 121 
489 13 
491 43 
492 959 
493 371 
493 62 
493 118 
494 82 
495 622 
497 81 
497 211 
497 36 
499 39 
500 79 
501 21 
501 830 
502 33 
502 80 
504 69 
504 5935 
505 358 
506 104 
507 43 
508 210 
508 25 
508 50 
509 57 
509 65 
510 253 
511 27 
511 491 
511 146 
512 671 
514 603 
515 102 
516 823 
517 838 
518 243 
518 58 
519 80 
520 28 
520 154 
521 218 
522 175 
522 54 
522 522 
522 1013 
522 322 
523 78 
524 108 
524 63 
524 147 
524 187 
524 56 
526 37 
526 145 
526 132 
526 46 
527 30 
527 79 
528 383 
528 113 
529 46 
529 122 
530 42 
530 445 
531 541 
531 40 
531 78 
531 101 
531 22 
532 612 
534 23 
534 209 
534 89 
534 483 
534 116 
534 127 
535 2216 
535 90 
536 318 
536 45 
536 108 
537 133 
537 71 
537 57 
539 69 
540 149 
541 255 
541 100 
542 81 
542 185 
543 118 
543 355 
543 638 
543 85 
543 83 
544 34 
546 126 
547 198 
547 86 
548 25 
549 126 
550 119 
551 232 
552 20 
552 179 
553 220 
553 254 
553 24 
554 79 
554 132 
554 1272 
557 170 
558 85 
559 96 
560 168 
561 153 
561 116 
563 32 
563 297 
564 158 
564 139 
565 242 
565 110 
566 56 
566 136 
569 661 
570 152 
571 241 
572 122 
573 43 
574 65 
574 159 
575 100 
576 37 
576 37 
577 311 
578 73 
579 398 
580 3 
582 93 
583 117 
584 106 
584 47 
584 121 
584 26 
585 21 
585 552 
585 68 
586 168 
586 121 
588 181 
590 57 
591 116 
591 295 
592 67 
592 362 
595 399 
595 107 
596 310 
597 126 
597 146 
600 149 
600 188 
600 38 
600 291 
602 68 
603 140 
603 692 
604 123 
604 47 
605 21 
606 298 
607 201 
607 1916 
609 161 
610 636 
612 486 
615 96 
615 102 
616 213 
618 280 
618 209 
618 1981 
619 253 
620 148 
621 50 
621 50 
621 81 
623 103 
623 100 
625 98 
629 69 
630 2233 
630 513 
630 420 
631 125 
633 1707 
633 124 
634 91 
634 422 
635 221 
635 73 
636 83 
637 65 
640 166 
640 229 
641 167 
642 86 
643 54 
643 111 
644 454 
645 34 
646 165 
647 34 
647 39 
649 108 
649 11 
649 542 
650 136 
650 61 
650 231 
651 21 
652 132 
654 229 
655 109 
655 83 
656 121 
656 347 
657 120 
657 418 
657 1118 
657 218 
657 69 
659 199 
661 182 
662 283 
662 82 
662 745 
662 186 
663 97 
664 122 
665 293 
666 150 
667 114 
667 78 
668 85 
668 113 
668 39 
670 739 
670 9 
670 259 
670 8 
671 43 
673 253 
675 408 
677 120 
678 351 
678 92 
678 43 
679 214 
679 299 
679 24 
682 74 
682 255 
683 504 
684 1029 
684 77 
685 89 
685 80 
686 36 
686 320 
689 69 
689 325 
689 28 
691 15 
691 3695 
691 230 
692 43 
692 56 
695 102 
696 133 
696 239 
697 97 
698 205 
699 654 
702 174 
702 128 
703 716 
703 193 
703 257 
704 59 
704 73 
708 59 
708 170 
708 17 
709 994 
710 182 
710 91 
711 216 
711 326 
713 158 
714 99 
716 951 
716 60 
717 91 
719 68 
719 167 
720 148 
721 333 
723 222 
723 76 
723 62 
724 115 
725 228 
725 212 
725 213 
726 150 
727 37 
728 557 
729 16 
730 98 
730 124 
730 68 
731 42 
731 192 
733 33 
733 126 
733 755 
733 195 
734 252 
734 173 
736 127 
736 228 
737 107 
738 79 
738 35 
738 42 
739 44 
739 135 
740 73 
740 102 
741 173 
741 116 
742 63 
743 33 
745 100 
746 599 
746 145 
746 221 
747 177 
747 47 
748 139 
748 456 
750 36 
751 87 
752 7 
752 206 
752 68 
752 442 
752 103 
754 185 
754 80 
755 30 
755 156 
756 370 
756 127 
759 18 
760 32 
761 45 
761 74 
762 387 
762 127 
763 45 
763 101 
764 56 
764 60 
765 19 
767 91 
768 151 
770 20 
771 16 
772 88 
774 45 
774 318 
774 161 
774 407 
775 305 
775 570 
776 77 
777 2594 
780 311 
782 15 
783 270 
783 26 
783 48 
783 79 
784 103 
785 78 
785 377 
786 214 
787 17 
788 35 
789 182 
789 79 
790 92 
790 337 
790 31 
790 209 
793 77 
794 244 
794 42 
794 145 
795 48 
795 137 
796 193 
796 186 
797 31 
797 163 
797 138 
798 97 
799 24 
799 83 
799 205 
801 109 
801 120 
801 60 
802 270 
803 1359 
804 66 
804 135 
805 96 
805 7 
805 178 
809 8 
809 27 
810 25 
811 156 
811 311 
812 184 
812 153 
812 87 
812 30 
812 43 
813 65 
813 299 
813 195 
815 82 
816 103 
816 247 
818 207 
819 29 
819 10 
823 34 
825 102 
825 84 
826 55 
826 64 
826 36 
826 43 
827 232 
827 167 
828 128 
828 72 
829 168 
830 41 
830 417 
830 416 
831 2614 
832 7 
834 45 
834 71 
834 256 
835 22 
835 666 
835 42 
835 61 
836 119 
836 530 
837 129 
837 49 
837 3 
838 113 
840 149 
841 1368 
842 614 
843 119 
844 233 
845 243 
845 41 
846 50 
846 47 
846 57 
847 44 
847 111 
848 193 
850 80 
850 70 
852 390 
852 14 
852 469 
853 92 
853 104 
853 164 
855 24 
856 47 
858 56 
859 1972 
859 266 
860 449 
860 78 
860 208 
861 107 
862 98 
863 26 
864 89 
868 89 
868 62 
869 109 
870 13 
870 27 
871 1147 
873 94 
874 95 
874 99 
875 34 
876 44 
878 25 
878 148 
879 175 
879 85 
881 350 
881 164 
884 107 
884 403 
885 142 
890 3193 
892 95 
892 193 
892 118 
893 180 
893 191 
893 58 
893 393 
893 37 
895 130 
896 155 
898 73 
899 141 
899 168 
899 111 
900 269 
900 54 
901 91 
901 127 
903 191 
904 444 
904 84 
912 2355 
912 55 
912 479 
913 852 
913 110 
913 61 
915 452 
916 197 
918 436 
919 564 
921 423 
922 112 
922 22 
922 361 
925 25 
926 58 
926 260 
926 212 
926 8 
927 185 
928 1288 
928 188 
929 50 
929 89 
929 220 
929 8 
930 290 
930 94 
932 56 
937 70 
938 420 
938 104 
941 1904 
941 185 
943 37 
944 413 
944 77 
945 207 
945 235 
945 189 
945 39 
945 39 
946 256 
947 140 
947 46 
948 23 
949 123 
950 165 
950 29 
952 84 
952 52 
955 93 
959 17 
959 75 
960 30 
963 59 
963 230 
963 230 
966 18 
967 405 
967 35 
967 55 
968 129 
969 26 
971 115 
977 13 
978 129 
978 37 
979 37 
980 114 
982 156 
984 60 
985 331 
986 360 
987 33 
987 17 
988 180 
988 44 
989 6 
990 297 
992 98 
995 278 
997 71 
997 128 
998 4 
998 276 
999 553 
1001 21 
1002 58 
1003 14 
1005 234 
1005 63 
1006 441 
1006 75 
1007 713 
1008 83 
1008 143 
1009 97 
1010 24 
1010 53 
1012 87 
1013 928 
1014 200 
1014 64 
1014 38 
1014 541 
1015 128 
1016 102 
1017 17 
1017 60 
1018 91 
1019 186 
1021 146 
1022 47 
1023 46 
1027 109 
1027 17 
1032 42 
1032 186 
1034 112 
1034 120 
1034 313 
1036 39 
1039 1084 
1044 236 
1044 23 
1044 129 
1047 107 
1047 137 
1048 1589 
1048 430 
1049 42 
1052 26 
1054 151 
1056 490 
1056 107 
1057 157 
1057 53 
1058 32 
1060 142 
1060 65 
1060 147 
1060 351 
1062 64 
1063 275 
1064 73 
1066 194 
1066 164 
1067 59 
1069 25 
1070 27 
1075 101 
1077 152 
1078 34 
1079 351 
1084 27 
1086 528 
1086 36 
1088 361 
1089 84 
1089 51 
1090 20 
1091 311 
1094 662 
1096 12 
1097 74 
1098 135 
1098 228 
1099 25 
1101 16 
1103 190 
1106 1280 
1109 169 
1109 528 
1110 180 
1110 22 
1111 68 
1112 75 
1113 16 
1113 726 
1113 91 
1114 16 
1114 44 
1116 127 
1116 28 
1118 74 
1119 56 
1120 197 
1120 42 
1120 20 
1122 177 
1123 26 
1126 69 
1127 79 
1128 104 
1129 57 
1130 5 
1131 34 
1131 126 
1131 86 
1131 101 
1132 31 
1134 52 
1136 82 
1137 255 
1138 100 
1138 487 
1140 267 
1140 70 
1140 29 
1142 38 
1143 102 
1144 57 
1146 48 
1147 1311 
1148 261 
1148 3 
1149 102 
1149 70 
1150 590 
1151 56 
1153 79 
1154 169 
1155 133 
1156 44 
1156 324 
1157 1904 
1164 66 
1164 247 
1171 35 
1171 17 
1175 187 
1179 77 
1179 236 
1180 8 
1180 42 
1181 585 
1184 70 
1184 77 
1186 115 
1187 554 
1187 117 
1187 37 
1188 80 
1194 130 
1195 188 
1195 183 
1198 25 
1200 206 
1202 80 
1203 64 
1203 301 
1204 176 
1205 177 
1208 105 
1209 76 
1210 231 
1211 367 
1211 225 
1213 109 
1214 8 
1217 18 
1217 120 
1218 307 
1221 295 
1225 29 
1228 335 
1228 146 
1230 94 
1232 24 
1232 50 
1232 70 
1233 237 
1234 130 
1234 127 
1234 104 
1237 74 
1238 201 
1239 909 
1240 29 
1241 17 
1242 191 
1242 26 
1243 113 
1243 38 
1245 138 
1245 103 
1251 92 
1254 43 
1255 6517 
1260 72 
1260 51 
1261 127 
1265 33 
1266 169 
1268 43 
1270 135 
1272 71 
1277 225 
1277 122 
1281 387 
1282 216 
1282 203 
1286 113 
1287 25 
1288 40 
1289 47 
1290 167 
1294 339 
1297 353 
1301 54 
1303 58 
1303 180 
1304 118 
1304 488 
1306 93 
1309 123 
1310 58 
1310 19 
1312 20 
1314 62 
1315 271 
1318 59 
1318 33 
1318 171 
1319 372 
1319 172 
1321 171 
1321 179 
1323 1090 
1326 192 
1326 360 
1327 62 
1329 59 
1330 109 
1330 455 
1330 37 
1334 28 
1334 84 
1335 473 
1335 4 
1338 68 
1338 26 
1339 57 
1340 36 
1342 266 
1346 168 
1347 123 
1348 162 
1350 78 
1351 76 
1351 78 
1352 23 
1352 27 
1356 83 
1357 33 
1359 121 
1361 283 
1362 88 
1362 59 
1363 1046 
1365 1984 
1366 2 
1366 51 
1368 942 
1371 80 
1372 145 
1374 123 
1377 76 
1377 325 
1380 1 
1381 150 
1382 355 
1384 143 
1384 296 
1386 82 
1390 523 
1391 470 
1395 29 
1395 43 
1397 360 
1399 25 
1399 41 
1400 23 
1406 100 
1407 148 
1407 289 
1407 113 
1410 33 
1411 194 
1412 12 
1413 38 
1414 122 
1416 121 
1417 16 
1417 165 
1419 37 
1423 207 
1425 96 
1427 69 
1429 1029 
1430 34 
1435 56 
1436 65 
1437 843 
1437 108 
1438 11 
1439 45 
1439 277 
1440 149 
1440 860 
1440 330 
1443 126 
1447 91 
1447 11 
1452 54 
1452 37 
1456 21 
1458 73 
1459 119 
1459 48 
1460 154 
1461 41 
1461 1375 
1463 137 
1466 76 
1466 200 
1467 283 
1468 23 
1470 300 
1471 345 
1474 387 
1476 266 
1477 42 
1477 120 
1477 46 
1478 312 
1484 69 
1484 96 
1488 228 
1488 125 
1492 881 
1493 64 
1493 26 
1493 35 
1493 22 
1494 401 
1494 40 
1496 110 
1497 36 
1499 44 
1503 136 
1506 159 
1510 493 
1512 90 
1512 50 
1513 367 
1517 89 
1517 64 
1517 72 
1519 23 
1522 127 
1522 78 
1522 143 
1522 23 
1525 160 
1526 116 
1528 159 
1529 129 
1531 2542 
1531 75 
1532 160 
1532 71 
1532 123 
1535 49 
1536 197 
1537 106 
1539 89 
1539 122 
1544 145 
1545 301 
1545 11 
1545 1560 
1547 42 
1550 32 
1551 147 
1552 347 
1554 51 
1555 79 
1556 191 
1562 21 
1566 83 
1568 82 
1574 151 
1575 23 
1576 9 
1579 77 
1582 84 
1583 131 
1583 320 
1584 71 
1585 72 
1586 53 
1586 148 
1587 921 
1592 44 
1602 144 
1602 27 
1604 0 
1604 21 
1606 145 
1606 190 
1606 466 
1607 277 
1610 115 
1610 29 
1615 116 
1619 45 
1621 263 
1623 186 
1623 112 
1626 84 
1628 12 
1630 88 
1631 576 
1632 136 
1635 1696 
1636 9 
1639 45 
1641 81 
1641 118 
1642 54 
1643 26 
1648 128 
1648 40 
1649 84 
1650 72 
1651 148 
1652 183 
1653 77 
1656 201 
1657 73 
1657 118 
1658 34 
1660 91 
1660 582 
1662 542 
1662 69 
1663 26 
1664 75 
1665 233 
1668 102 
1672 87 
1672 26 
1672 37 
1674 28 
1675 144 
1675 156 
1676 67 
1677 90 
1679 100 
1681 84 
1681 56 
1683 115 
1684 117 
1686 365 
1688 58 
1690 59 
1690 38 
1692 549 
1692 53 
1693 167 
1694 91 
1694 195 
1694 74 
1694 161 
1695 52 
1695 379 
1696 116 
1698 125 
1698 79 
1699 46 
1700 92 
1701 59 
1702 72 
1702 66 
1706 17 
1716 22 
1716 41 
1718 646 
1718 13 
1719 195 
1720 96 
1723 80 
1730 49 
1739 93 
1739 121 
1742 76 
1745 57 
1745 73 
1746 85 
1748 67 
1750 6 
1756 239 
1757 180 
1758 49 
1761 153 
1761 17 
1767 202 
1769 84 
1770 24 
1771 94 
1771 21 
1781 102 
1781 269 
1783 260 
1784 298 
1786 64 
1789 220 
1794 7 
1794 254 
1799 64 
1800 366 
1801 1533 
1803 130 
1805 154 
1806 713 
1811 93 
1811 493 
1815 136 
1815 5 
1817 29 
1821 152 
1821 11 
1823 626 
1823 39 
1825 115 
1826 157 
1826 205 
1830 207 
1836 68 
1838 3 
1839 43 
1841 109 
1841 1959 
1847 136 
1851 309 
1855 25 
1861 126 
1862 236 
1862 204 
1874 84 
1875 120 
1876 93 
1878 83 
1880 75 
1882 50 
1883 253 
1885 206 
1888 90 
1889 119 
1893 253 
1893 76 
1893 197 
1897 24 
1899 29 
1903 204 
1904 83 
1907 39 
1910 297 
1916 42 
1919 9 
1921 47 
1921 234 
1921 141 
1921 199 
1922 79 
1922 3 
1924 55 
1926 21 
1927 153 
1928 110 
1929 182 
1932 21 
1933 114 
1935 111 
1937 261 
1937 114 
1937 47 
1937 192 
1938 29 
1946 57 
1947 284 
1954 31 
1960 100 
1961 5 
1963 11 
1966 40 
1972 146 
1973 25 
1975 222 
1980 137 
1988 14 
1994 241 
1994 36 
1995 44 
1996 73 
1996 51 
1998 59 
2001 166 
2005 100 
2012 17 
2013 34 
2013 58 
2014 51 
2015 44 
2018 107 
2020 167 
2023 114 
2026 59 
2027 69 
2027 55 
2027 64 
2032 365 
2034 34 
2034 279 
2039 73 
2039 32 
2042 102 
2044 91 
2044 184 
2045 143 
2046 25 
2047 29 
2049 43 
2050 51 
2052 7173 
2053 459 
2057 19 
2058 54 
2060 66 
2062 728 
2062 98 
2065 81 
2065 476 
2065 6 
2070 46 
2070 26 
2072 93 
2073 20 
2073 8 
2075 52 
2083 78 
2083 476 
2083 148 
2084 261 
2084 606 
2084 63 
2086 344 
2087 39 
2088 174 
2089 219 
2090 176 
2091 145 
2091 33 
2096 41 
2096 19 
2098 140 
2100 98 
2101 410 
2107 70 
2108 76 
2109 171 
2111 132 
2112 486 
2112 12 
2113 105 
2113 124 
2117 380 
2121 29 
2124 9 
2129 538 
2131 408 
2131 154 
2131 441 
2134 55 
2135 30 
2138 81 
2138 295 
2139 318 
2140 225 
2141 77 
2146 555 
2146 104 
2148 101 
2150 31 
2151 24 
2157 207 
2157 30 
2158 10 
2161 219 
2171 65 
2175 67 
2177 64 
2180 471 
2183 14 
2185 25 
2185 94 
2189 52 
2192 8 
2193 32 
2194 30 
2194 11 
2202 11 
2204 13 
2207 125 
2209 103 
2214 163 
2219 44 
2219 410 
2220 945 
2220 123 
2220 59 
2223 9 
2233 66 
2233 741 
2234 162 
2237 90 
2242 125 
2248 52 
2249 22 
2249 261 
2251 136 
2256 264 
2261 5 
2263 703 
2269 146 
2270 136 
2270 1344 
2272 8 
2272 93 
2273 492 
2276 136 
2276 92 
2278 232 
2278 65 
2278 64 
2281 111 
2282 43 
2282 100 
2285 92 
2286 145 
2288 33 
2291 59 
2294 23 
2295 128 
2297 191 
2297 35 
2298 9 
2299 65 
2299 22 
2306 1339 
2306 7 
2308 14 
2311 308 
2313 153 
2314 531 
2320 120 
2321 25 
2323 1385 
2324 243 
2326 9 
2337 232 
2340 165 
2343 102 
2344 1 
2345 91 
2346 55 
2347 39 
2350 226 
2355 12 
2358 171 
2358 93 
2361 182 
2362 61 
2365 91 
2367 1 
2369 60 
2369 247 
2369 102 
2370 399 
2372 525 
2373 15 
2374 35 
2378 147 
2379 51 
2380 47 
2382 55 
2383 106 
2383 93 
2386 132 
2388 217 
2392 203 
2400 409 
2403 64 
2405 381 
2411 75 
2411 63 
2412 86 
2413 84 
2415 122 
2420 656 
2424 7 
2427 206 
2427 195 
2434 25 
2435 191 
2437 78 
2439 119 
2441 16 
2442 104 
2442 26 
2442 77 
2443 656 
2445 266 
2451 189 
2451 54 
2453 226 
2455 40 
2457 300 
2458 15 
2460 353 
2461 105 
2464 429 
2473 28 
2475 44 
2476 80 
2480 939 
2483 158 
2483 203 
2486 48 
2492 42 
2497 4 
2497 87 
2499 53 
2502 99 
2506 80 
2508 77 
2508 102 
2514 327 
2515 15 
2517 6 
2519 142 
2520 43 
2524 27 
2526 860 
2529 34 
2531 126 
2534 586 
2535 1346 
2538 141 
2538 5 
2539 526 
2541 138 
2543 254 
2548 7 
2548 8 
2549 29 
2550 28 
2550 112 
2552 153 
2554 35 
2555 172 
2555 38 
2557 41 
2558 109 
2559 617 
2561 123 
2564 122 
2565 178 
2566 137 
2568 169 
2569 58 
2570 148 
2571 569 
2571 23 
2576 12 
2582 72 
2591 85 
2593 153 
2594 204 
2594 7 
2597 400 
2599 224 
2604 79 
2604 1612 
2606 117 
2606 73 
2609 51 
2612 94 
2617 26 
2617 114 
2617 252 
2621 1456 
2622 189 
2622 7 
2623 50 
2624 346 
2629 50 
2630 95 
2633 87 
2633 41 
2635 479 
2638 37 
2641 238 
2642 439 
2646 19 
2647 197 
2648 94 
2655 112 
2662 56 
2662 26 
2663 122 
2666 127 
2667 59 
2668 1 
2672 11 
2672 172 
2673 41 
2675 113 
2675 121 
2683 1355 
2683 20 
2684 216 
2684 16 
2686 698 
2688 46 
2696 359 
2701 123 
2708 207 
2711 622 
2711 158 
2711 34 
2711 172 
2716 144 
2717 1105 
2717 115 
2718 156 
2721 43 
2722 127 
2728 103 
2732 23 
2735 35 
2735 121 
2740 108 
2741 86 
2743 64 
2744 85 
2749 51 
2751 22 
2752 107 
2754 41 
2755 10 
2758 28 
2763 50 
2765 1815 
2773 746 
2773 105 
2774 11 
2775 212 
2775 171 
2776 26 
2778 62 
2780 284 
2780 45 
2781 126 
2783 34 
2784 104 
2787 50 
2787 687 
2788 635 
2793 65 
2796 66 
2798 140 
2801 27 
2804 87 
2807 42 
2807 104 
2808 143 
2813 327 
2815 9 
2820 28 
2823 65 
2826 157 
2828 324 
2832 121 
2834 98 
2835 415 
2836 37 
2839 383 
2839 91 
2844 276 
2845 45 
2847 60 
2851 222 
2854 109 
2856 251 
2859 54 
2860 22 
2862 20 
2862 41 
2869 53 
2869 188 
2871 1297 
2873 167 
2873 801 
2877 2 
2885 100 
2888 32 
2894 56 
2897 121 
2899 164 
2904 1297 
2904 132 
2905 141 
2911 132 
2912 13 
2918 88 
2920 83 
2928 50 
2928 34 
2929 29 
2929 13 
2937 58 
2942 444 
2943 95 
2947 103 
2950 34 
2956 28 
2958 50 
2965 90 
2965 59 
2966 65 
2970 136 
2973 48 
2979 235 
2979 30 
2982 296 
2987 69 
2992 179 
2996 350 
3002 7 
3005 77 
3005 154 
3005 109 
3011 62 
3017 149 
3019 126 
3029 167 
3032 373 
3035 63 
3037 49 
3041 40 
3042 244 
3042 19 
3045 331 
3054 17 
3057 102 
3057 125 
3078 95 
3093 27 
3116 94 
3117 31 
3127 205 
3128 165 
3135 73 
3138 162 
3138 29 
3139 177 
3141 99 
3141 102 
3143 765 
3145 791 
3148 39 
3150 717 
3163 57 
3164 232 
3165 57 
3165 89 
3169 9 
3169 171 
3169 84 
3175 105 
3176 98 
3181 17 
3186 83 
3190 30 
3190 74 
3191 212 
3193 160 
3196 50 
3197 76 
3198 26 
3200 225 
3206 12 
3207 187 
3209 33 
3232 66 
3235 43 
3239 751 
3244 8 
3249 60 
3252 50 
3260 69 
3263 79 
3266 65 
3267 118 
3278 71 
3279 345 
3281 16 
3282 3 
3286 49 
3290 261 
3290 27 
3307 118 
3308 501 
3318 497 
3319 207 
3323 41 
3325 69 
3329 8 
3333 37 
3340 88 
3342 59 
3345 62 
3347 184 
3351 13 
3352 28 
3358 1171 
3362 130 
3367 241 
3368 404 
3369 145 
3369 10 
3386 14 
3410 11 
3416 45 
3417 51 
3420 167 
3421 15 
3422 107 
3426 79 
3434 1918 
3440 41 
3443 28 
3445 651 
3445 23 
3447 10 
3449 63 
3459 116 
3462 70 
3464 164 
3464 111 
3464 3221 
3467 27 
3467 20 
3471 145 
3475 28 
3477 89 
3484 21 
3486 411 
3491 87 
3501 197 
3507 68 
3508 24 
3520 59 
3523 65 
3523 323 
3527 24 
3529 145 
3539 425 
3564 28 
3565 96 
3579 159 
3582 126 
3586 159 
3596 52 
3598 43 
3607 76 
3610 125 
3615 57 
3616 59 
3632 92 
3637 53 
3642 18 
3645 48 
3657 54 
3657 346 
3658 17 
3659 1560 
3664 46 
3669 105 
3670 21 
3672 20 
3677 92 
3689 438 
3692 420 
3692 129 
3693 165 
3699 234 
3701 41 
3702 44 
3703 50 
3705 90 
3706 171 
3714 323 
3721 56 
3727 104 
3745 253 
3748 31 
3757 74 
3766 218 
3767 120 
3767 50 
3774 38 
3780 1490 
3782 59 
3784 13 
3785 73 
3786 125 
3795 43 
3796 4 
3798 2367 
3800 83 
3801 71 
3805 73 
3811 102 
3813 82 
3815 82 
3815 22 
3822 70 
3824 191 
3827 91 
3843 5 
3862 123 
3870 303 
3870 343 
3875 204 
3875 204 
3876 47 
3896 63 
3897 44 
3910 170 
3911 101 
3912 813 
3923 84 
3928 16 
3931 32 
3931 58 
3938 267 
3943 526 
3944 117 
3944 165 
3948 147 
3951 111 
3964 129 
3967 8 
3971 361 
3972 180 
3976 415 
3985 36 
3986 53 
3991 130 
3992 89 
4002 20 
4010 164 
4010 45 
4018 672 
4019 109 
4023 73 
4024 85 
4026 946 
4034 1528 
4034 11233 
4035 111 
4037 310 
4040 56 
4040 84 
4049 160 
4049 31 
4054 87 
4056 133 
4057 107 
4061 7 
4073 82 
4074 48 
4086 82 
4087 79 
4088 694 
4095 10 
4103 227 
4111 113 
4117 95 
4121 34 
4130 123 
4130 364 
4131 436 
4139 45 
4143 52 
4145 325 
4145 120 
4149 106 
4152 66 
4159 79 
4162 119 
4165 20 
4175 73 
4178 858 
4191 52 
4199 25 
4212 229 
4218 8 
4219 283 
4224 954 
4225 120 
4229 160 
4240 474 
4247 122 
4258 289 
4265 27 
4266 33 
4270 81 
4277 230 
4278 70 
4282 36 
4287 99 
4288 351 
4290 42 
4294 20 
4296 30 
4297 40 
4298 143 
4299 17 
4300 40 
4301 176 
4307 93 
4317 52 
4331 12 
4336 231 
4338 58 
4353 11 
4366 0 
4374 151 
4376 104 
4386 16 
4389 86 
4398 16 
4403 390 
4407 48 
4409 40 
4442 243 
4457 85 
4463 208 
4464 56 
4471 62 
4472 105 
4479 125 
4480 50 
4492 964 
4493 22 
4495 32 
4501 56 
4504 84 
4510 1784 
4518 198 
4518 99 
4518 96 
4522 40 
4525 23 
4526 17 
4535 429 
4535 842 
4537 70 
4542 93 
4543 57 
4545 22 
4545 106 
4555 68 
4556 125 
4557 120 
4564 122 
4573 62 
4573 13 
4576 92 
4577 231 
4611 134 
4627 12 
4628 26 
4628 27 
4636 54 
4638 34 
4640 68 
4653 18 
4658 1104 
4659 18 
4661 383 
4665 69 
4669 87 
4670 81 
4684 32 
4691 85 
4694 166 
4703 119 
4706 214 
4709 75 
4716 91 
4718 130 
4755 49 
4758 701 
4763 85 
4773 193 
4783 82 
4788 218 
4791 67 
4795 134 
4814 177 
4815 686 
4815 139 
4822 14 
4826 37 
4827 248 
4832 509 
4866 5 
4870 97 
4874 151 
4877 76 
4878 204 
4887 8 
4889 1475 
4892 19 
4899 30 
4900 67 
4902 328 
4904 231 
4907 242 
4911 98 
4913 44 
4925 59 
4941 1204 
4955 63 
4961 132 
4965 99 
4966 27 
4970 81 
4975 61 
4979 31 
4982 18 
4983 169 
4991 59 
4992 65 
5008 85 
5011 36 
5015 185 
5023 68 
5026 208 
5027 181 
5029 70 
5036 39 
5042 160 
5043 48 
5045 152 
5055 28 
5055 72 
5063 267 
5065 57 
5073 233 
5074 173 
5098 131 
5102 220 
5114 221 
5127 125 
5131 149 
5144 81 
5145 43 
5154 29 
5155 83 
5158 74 
5177 149 
5193 98 
5203 221 
5205 18 
5208 378 
5213 21 
5218 38 
5219 110 
5222 182 
5228 39 
5239 40 
5247 106 
5258 207 
5260 583 
5268 110 
5274 19 
5293 228 
5294 97 
5298 170 
5317 148 
5319 31 
5323 270 
5339 102 
5344 34 
5364 17 
5374 28 
5383 69 
5396 107 
5399 1159 
5431 52 
5438 204 
5454 63 
5457 1149 
5476 65 
5483 74 
5489 1479 
5490 78 
5493 274 
5501 33 
5506 601 
5507 1566 
5507 16 
5516 110 
5517 1 
5520 487 
5521 225 
5522 481 
5522 14 
5541 492 
5542 247 
5546 94 
5550 86 
5550 21912 
5551 326 
5553 2135 
5563 108 
5583 309 
5585 65 
5592 35 
5600 131 
5605 1002 
5605 45 
5622 36 
5630 118 
5634 188 
5635 69 
5646 126 
5656 79 
5662 31 
5663 8 
5690 19 
5692 634 
5694 68 
5702 145 
5727 68 
5733 329 
5737 27 
5741 143 
5742 143 
5743 688 
5774 229 
5799 24 
5800 243 
5808 2430 
5820 87 
5820 29 
5823 39 
5824 74 
5832 143 
5846 277 
5849 10 
5853 169 
5856 7 
5864 3 
5866 15 
5881 163 
5891 143 
5902 610 
5913 665 
5917 17 
5938 51 
5939 78 
5945 71 
5946 146 
5949 17 
5957 345 
5959 14 
5963 42 
5973 15 
5983 83 
5987 58 
5989 48 
5992 553 
6004 11 
6007 202 
6007 3 
6026 143 
6031 87 
6033 526 
6035 704 
6039 183 
6045 205 
6046 102 
6050 102 
6056 757 
6056 113 
6068 109 
6080 56 
6087 84 
6096 42 
6105 243 
6109 61 
6110 36 
6116 208 
6116 1879 
6123 2 
6140 125 
6143 21 
6147 107 
6190 2 
6200 64 
6203 64 
6204 164 
6210 18 
6213 46 
6216 36 
6221 31 
6230 28 
6240 92 
6246 103 
6262 95 
6267 162 
6277 70 
6280 86 
6285 62 
6338 83 
6354 39 
6362 72 
6367 161 
6369 19 
6374 44 
6379 46 
6390 146 
6402 38 
6403 43 
6410 96 
6418 119 
6420 50 
6430 99 
6432 200 
6444 35 
6449 398 
6456 35 
6456 450 
6457 89 
6459 44 
6462 46 
6463 371 
6469 65 
6492 399 
6533 18 
6541 92 
6547 73 
6573 9 
6594 432 
6594 27 
6600 122 
6612 217 
6614 55 
6617 129 
6626 88 
6649 54 
6656 29 
6660 164 
6672 67 
6683 161 
6692 52 
6699 201 
6717 17 
6718 83 
6740 75 
6744 72 
6748 6 
6779 114 
6783 5 
6784 68 
6785 306 
6798 192 
6810 1712 
6816 21 
6818 225 
6819 364 
6829 202 
6830 311 
6840 87 
6843 1097 
6864 96 
6880 524 
6894 100 
6895 64 
6895 64 
6897 143 
6900 94 
6909 126 
6916 4861 
6923 69 
6940 203 
6956 408 
6966 83 
6981 31 
6995 31 
7012 56 
7022 130 
7031 134 
7048 174 
7052 95 
7066 115 
7102 5 
7106 391 
7119 199 
7152 2589 
7166 24 
7169 51 
7176 52 
7187 51 
7195 19 
7208 396 
7216 77 
7227 3 
7233 204 
7240 16 
7252 82 
7266 58 
7271 62 
7275 31 
7286 64 
7289 333 
7294 66 
7294 68 
7295 46 
7319 69 
7334 14 
7335 431 
7340 209 
7371 59 
7392 45 
7411 42 
7422 86 
7429 22 
7442 284 
7444 80 
7447 55 
7455 150 
7457 87 
7476 115 
7483 16 
7488 414 
7531 7 
7558 87 
7578 73 
7589 82 
7611 466 
7617 128 
7624 51 
7625 156 
7644 64 
7649 212 
7657 134 
7677 147 
7678 146 
7678 227 
7683 11 
7693 124 
7696 263 
7697 40 
7699 58 
7706 16 
7710 54 
7716 64 
7769 216 
7777 13 
7781 108 
7795 38 
7813 106 
7828 258 
7840 33 
7844 26 
7850 43 
7858 615 
7881 50 
7894 162 
7906 343 
7908 55 
7923 275 
7942 61 
7962 98 
7982 58 
8005 11 
8025 654 
8034 77 
8076 107 
8081 33 
8081 16 
8091 65 
8107 244 
8113 42 
8115 144 
8117 17 
8122 6 
8125 141 
8133 123 
8137 92 
8139 99 
8163 59 
8182 78 
8187 11 
8191 2313 
8194 63 
8216 47 
8223 410 
8225 52 
8255 57 
8274 471 
8299 37 
8319 99 
8330 67 
8331 64 
8334 39 
8338 43 
8341 110 
8341 110 
8355 105 
8368 564 
8369 29 
8370 1290 
8448 362 
8466 51 
8476 259 
8492 25 
8542 77 
8551 183 
8575 27 
8594 75 
8608 35 
8611 31 
8613 129 
8646 12 
8667 161 
8675 106 
8690 8 
8711 126 
8732 250 
8737 398 
8763 117 
8767 30 
8816 132 
8824 3622 
8843 1023 
8844 61 
8846 80 
8850 136 
8852 16 
8878 434 
8893 61 
8893 668 
8909 189 
8923 349 
8933 18 
8946 100 
8946 29 
8948 20 
8965 62 
8965 25 
8976 52 
8983 9824 
8999 115 
9023 3 
9032 2510 
9050 565 
9059 152 
9060 37 
9061 704 
9061 91 
9074 60 
9090 957 
9107 123 
9111 724 
9144 101 
9195 96 
9259 65 
9312 60 
9320 22 
9329 151 
9337 60 
9364 658 
9446 1653 
9460 3789 
9481 57 
9522 103 
9551 95 
9588 66 
9631 773 
9684 118 
9725 225 
9729 19 
9732 297 
9819 77 
9845 55 
9882 12 
9897 20 
9898 75 
9935 260 
10014 86 
10026 154 
10042 774 
10068 240 
10082 111 
10104 99 
10117 111 
10204 76 
10222 223 
10230 30 
10263 52 
10330 33 
10336 530 
10338 10 
10344 447 
10349 489 
10366 28 
10373 67 
10390 63 
10411 899 
10427 14 
10437 234 
10467 28 
10474 153 
10505 542 
10531 39 
10607 19 
10618 139 
10628 68 
10641 51 
10667 19 
10669 86 
10670 45 
10694 97 
10702 43 
10754 495 
10792 16 
10792 278 
10820 239 
10872 258 
10931 3 
10934 340 
10943 103 
10961 36 
10977 660 
10978 536 
10999 71 
11019 229 
11072 23 
11090 60 
11179 38 
11209 45 
11310 116 
11350 61 
11350 102 
11352 152 
11389 54 
11398 20 
11401 62 
11428 612 
11483 197 
11517 33 
11518 31 
11522 45 
11560 5 
11573 88 
11575 1123 
11603 577 
11628 118 
11668 40 
11692 24 
11706 1894 
11770 36 
11820 17 
11834 84 
11865 671 
11886 117 
11945 60 
11973 147 
11980 31 
11984 37 
11996 156 
12073 8 
12106 26 
12152 236 
12174 68 
12179 124 
12196 9 
12216 386 
12227 67 
12229 13 
12245 36 
12257 2037 
12261 27 
12279 63 
12289 2262 
12289 2262 
12290 336 
12315 937 
12329 433 
12392 44 
12397 340 
12419 132 
12558 470 
12564 35 
12715 28 
12758 13 
12771 167 
12785 645 
12791 67 
12861 465 
13004 260 
13040 68 
13067 60 
13097 43 
13146 726 
13195 235 
13242 52 
13324 156 
13340 423 
13382 63 
13465 55 
13465 55 
13535 2 
13571 127 
13572 229 
13598 45 
13613 748 
13615 876 
13837 194 
13870 76 
13898 561 
13912 2046 
13956 213 
13971 52 
13987 187 
14016 128 
14027 77 
14075 64 
14147 127 
14207 24 
14338 64 
14370 114 
14437 847 
14470 454 
14556 56 
14564 47 
14654 17 
14659 121 
14679 167 
14703 22 
14860 17 
14887 12 
14912 389 
14963 47 
14996 106 
15023 34 
15027 116 
15100 1 
15173 182 
15201 71 
15205 65 
15212 6 
15229 8 
15325 81 
15332 52 
15389 8 
15413 37 
15427 40 
15450 41 
15468 609 
15508 155 
15587 1 
15598 1480 
15637 6 
15647 14 
15707 10 
15786 94 
15860 10 
15917 461 
15954 1038 
15964 449 
15975 54 
16024 63 
16026 40 
16106 23 
16138 157 
16139 72 
16170 370 
16242 188 
16251 67 
16283 58 
16296 23 
16327 181 
16339 27 
16345 61 
16358 100 
16409 13 
16464 8 
16481 24 
16532 85 
16541 154 
16553 250 
16587 119 
16647 46 
16717 36 
16777 188 
16852 285 
16885 94 
16901 24 
16948 80 
17006 994 
17040 52 
17119 155 
17169 45 
17243 329 
17310 130 
17321 407 
17338 174 
17516 102 
17542 118 
17559 30 
17573 7 
17596 109 
17826 1323 
17862 105 
17885 40 
18082 46 
18091 220 
18191 2 
18261 4 
18325 336 
18434 4 
18482 215 
18628 10 
18629 399 
18720 1852 
18925 286 
18926 81 
18935 35 
19087 40 
19246 12 
19287 50 
19397 92 
19684 35 
19897 228 
19962 72 
19988 0 
20090 32 
20232 65 
20242 51 
20431 38 
20644 133 
20654 389 
20662 73 
20680 352 
20912 17 
21007 224 
21019 119 
21032 313 
21073 543 
21235 48 
21300 45 
21345 1432 
21435 19 
21626 382 
21701 347 
21729 172 
21846 135 
22039 62 
22148 1 
22241 784 
22248 488 
22251 1387 
22252 334 
22258 150 
22283 200 
22341 905 
22358 485 
22358 186 
22401 842 
22402 176 
22422 282 
22485 45 
22561 189 
22587 56 
22617 213 
22650 192 
22651 29 
22670 1698 
22677 412 
22692 191 
22747 43 
22809 18 
22926 25 
22954 981 
22986 648 
22999 200 
23003 142 
23009 118 
23123 75 
23177 132 
23183 256 
23192 100 
23194 184 
23290 357 
23362 547 
23373 6 
23387 884 
23423 3989 
23450 532 
23487 494 
23509 14 
23741 72 
23789 178 
23805 3441 
23836 69 
23917 75 
23917 95 
24066 580 
24101 92 
24179 22 
24181 266 
24702 227 
24785 303 
24824 97 
24826 176 
24831 3216 
24909 245 
25248 76 
25260 581 
25322 54 
25347 89 
25499 36 
25503 467 
25521 1314 
25732 67 
25962 382 
25966 11 
26003 59 
26052 690 
26109 326 
26340 74 
26490 45 
26502 42 
26551 67 
26851 161 
26908 26 
27019 163 
27020 82 
27205 249 
27301 101 
27455 533 
27535 3259 
27596 135 
27690 174 
27767 7 
28200 7 
28221 51 
28338 739 
28408 105 
28630 170 
28636 90 
28679 334 
28741 81 
28888 31 
28891 92 
29060 218 
29123 247 
29581 62 
29628 92 
29643 85 
29767 1286 
29875 907 
30028 59 
30140 504 
30694 10 
30795 90 
30890 935 
31105 143 
31124 1046 
31150 382 
31205 377 
31262 511 
31591 42 
31665 178 
31761 358 
31970 1242 
32515 1130 
32752 27 
32805 145 
32811 128 
32874 24 
32936 328 
32987 123 
33204 298 
33302 79 
33496 239 
33525 59 
33531 128 
33703 68 
33830 10 
33954 72 
33987 217 
34055 16 
34176 181 
34283 135 
34414 1180 
34513 94 
35094 444 
35342 382 
35439 517 
35657 366 
35730 3595 
35886 34 
35910 536 
36155 346 
36256 205 
36539 58 
36782 190 
36867 569 
37023 26 
37042 70 
37264 19 
37377 379 
37584 50 
38375 69 
38632 171 
38819 42 
39064 1077 
39354 586 
39361 1011 
39550 298 
39606 109 
39841 27 
40738 20 
40768 42 
41160 2 
41238 144 
41685 18 
41813 276 
41981 12 
42082 39 
42195 32 
42813 127 
42965 48 
43114 407 
43169 262 
43472 154 
43487 102 
44351 387 
44392 68 
44497 75 
44520 773 
44700 1055 
44935 159 
45138 7 
45192 447 
45260 41 
45295 146 
45524 85 
45801 171 
47185 360 
47405 1288 
47468 11 
47652 261 
47754 114 
47810 53 
48041 378 
48098 26 
48706 55 
48872 181 
48877 36 
49037 215 
49424 331 
49609 624 
49617 220 
49659 1173 
50111 101 
50338 412 
50448 173 
51063 61 
51803 209 
53442 342 
53906 163 
54934 39 
55901 8 
56218 245 
56262 142 
56794 9 
57296 619 
58216 1545 
60360 2378 
60695 357 
63016 250 
66285 470 
68003 65 
68295 19 
70144 241 
72181 272 
73430 192 
73713 19 
73949 55 
75096 121 
75381 76 
75451 144 
76318 52 
78483 126 
78697 41 
78871 425 
79420 46 
80151 96 
80194 684 
80195 200 
80262 337 
80384 1466 
81718 88 
82001 180 
82030 3 
82299 280 
82346 106 
82574 143 
82752 1529 
83229 89 
83321 220 
83659 763 
83853 58 
85147 103 
85225 221 
85300 134 
85428 1014 
85554 192 
85966 247 
86118 19 
86646 142 
86676 693 
87614 179 
87807 329 
88329 108 
88712 986 
88743 1501 
88761 50 
88914 54 
89203 69 
89229 547 
89292 2697 
89407 160 
89989 267 
90325 253 
90630 105 
90695 69 
90701 224 
90981 162 
91122 60 
91403 341 
91715 80 
92018 34 
92069 37 
92370 132 
92480 24 
93376 13 
93926 54 
94049 1246 
94261 840 
94289 1883 
94355 241 
94509 1761 
94552 765 
94700 1038 
94728 1181 
95069 267 
95206 300 
95586 61 
95999 23 
96023 189 
96152 138 
96394 128 
96542 61 
96839 27 
97275 36 
99126 399 
99414 118 
99823 70 
100060 571 
100142 120 
100177 120 
100214 56 
100249 246 
100251 93 
100355 152 
100379 170 
100543 624 
100622 481 
100660 1053 
100660 333 
100929 18 
101262 766 
101274 567 
101354 427 
101460 681 
101474 64 
101748 681 
101794 284 
101850 121 
101850 225 
101894 41 
101895 536 
101969 17 
102021 6591 
102033 75 
102405 264 
102725 114 
103120 364 
103230 58 
103477 1625 
103514 389 
103541 85 
103553 308 
103665 10 
103799 472 
104152 815 
104244 64 
104349 160 
104918 58 
105082 120 
105182 72 
105561 692 
105778 129 
105977 148 
106191 356 
106366 84 
106390 212 
106609 68 
106643 988 
106878 183 
107244 26 
107598 486 
107848 108 
108239 178 
108338 557 
108389 966 
108392 20 
108535 238 
109268 821 
109781 88 
109827 134 
110231 390 
110311 937 
110323 509 
110365 751 
110610 97 
110745 52 
110809 227 
110951 179 
111259 45 
112578 139 
113550 20 
113661 22 
113866 419 
114091 54 
114540 133 
115684 146 
115791 1567 
115822 376 
116027 63 
116272 196 
116762 430 
116780 1268 
117092 184 
117092 184 
117410 62 
118299 287 
118616 283 
118867 1070 
120070 52 
121004 2801 
121109 127 
121123 207 
122245 197 
122642 99 
122681 119 
122723 119 
123528 130 
124519 5 
125586 689 
125812 159 
125816 364 
125826 107 
125841 251 
125852 39 
125870 416 
125873 145 
125885 654 
125887 353 
125888 724 
125905 1084 
125905 63 
125926 170 
125929 105 
125955 264 
125964 98 
125988 603 
126072 538 
126136 218 
126172 196 
126174 212 
126193 275 
126306 990 
126457 148 
126468 47 
126470 116 
126494 299 
126508 663 
126565 1386 
126632 546 
126661 186 
126676 547 
126732 68 
127087 28 
127093 175 
127706 154 
127731 25 
127781 125 
127838 165 
127960 32 
127983 185 
128268 5 
128337 206 
128374 4605 
128453 264 
128468 66 
128671 70 
128740 125 
128780 210 
128861 126 
129399 227 
129484 547 
130041 140 
130321 310 
130591 51 
130660 297 
130683 387 
130744 134 
130780 39 
131268 346 
132285 137 
132330 89 
132516 647 
132712 48 
133303 338 
133408 539 
133458 111 
133597 365 
133848 62 
133899 109 
134029 147 
134651 454 
134755 120 
134808 65 
135542 226 
135622 14 
136134 119 
136367 69 
137020 206 
137326 394 
137335 31 
137369 262 
137848 279 
138320 21 
138637 27004 
138759 119 
139148 48 
139322 124 
139528 26 
139568 203 
139825 18 
139831 17 
140225 1 
140287 108 
140511 4 
141361 44 
141849 212 
141854 3 
141983 12 
142499 4 
142625 5 
143080 336 
145354 79 
149695 180 
150035 126 
150424 153 
153239 25 
157156 126 
161404 70 
162917 70 
162946 9 
162964 26 
163018 730 
163942 52 
164532 189 
166977 65 
168247 40 
171831 543 
174728 1296 
174816 354 
175961 7 
178318 66 
178617 522 
181329 445 
181914 1152 
183003 146 
183378 92 
183873 372 
184173 16 
185220 277 
185779 81 
186061 31 
186225 99 
186429 1093 
188479 222 
188493 100 
188514 279 
188529 257 
189015 120 
189488 93 
189752 147 
189810 128 
190126 113 
190413 125 
191778 16 
192914 122 
192920 118 
192938 63 
193097 858 
199473 38 
200683 336 
201183 48 
201261 187 
201459 63 
207317 1594 
208850 574 
208908 677 
208946 857 
208968 551 
209094 328 
209336 95 
209362 182 
209449 134 
209706 263 
210175 198 
210242 112 
211721 73 
214181 200 
214258 41 
215293 11 
215553 67 
220066 218 
220534 168 
222295 111 
224125 167 
225260 553 
228549 1410 
230766 68 
232862 135 
234561 0 
238611 159 
240778 53 
240879 319 
241910 387 
245337 1538 
245521 417 
246190 164 
248319 639 
249257 94 
250682 72 
250821 91 
251875 66 
259945 37 
260915 69 
267255 337 
267476 96 
269661 148 
272322 789 
274894 385 
276242 233 
278562 301 
289676 2077 
289678 617 
289694 114 
289865 269 
289968 2 
290286 94 
293698 69 
296153 66 
296559 205 
296599 147 
296606 146 
296737 128 
298892 162 
299167 19 
301929 776 
302683 1568 
303136 1210 
303257 866 
305779 405 
310371 61 
314565 159 
314806 151 
322621 25 
327153 165 
328934 301 
331669 20 
337754 32 
342610 168 
346309 100 
351748 405 
363145 118 
363652 128 
365303 350 
365670 123 
366217 157 
368141 41 
368864 203 
369256 285 
377081 38 
377533 597 
377605 291 
378904 347 
384361 826 
393066 35 
442538 137 
444007 75 
446455 510 
449678 16 
471535 67 
475993 116 
522995 53 
523534 63 
530931 158 
536570 114 
536628 132 
548881 131 
553717 6 
562063 1290 
562936 476 
564609 81 
564672 100 
564797 137 
585820 1361 
594437 175 
602820 7 
