3439 7.64606481481
0 9304 
11 2340 
43 7681396 
49 122 
55 504 
55 291 
55 1388 
58 16 
63 526 
64 109 
71 4 
71 531 
74 60 
76 1175 
79 15 
79 308 
81 114 
81 38 
87 19 
90 56 
90 100 
91 3 
92 236 
92 54 
92 81 
92 147 
92 1022 
92 46 
92 271 
94 27 
94 33 
95 51 
95 184 
98 116 
98 8 
99 7 
101 83 
101 5246 
102 440 
104 23 
107 117 
108 55 
109 118 
110 499 
111 10 
111 841 
114 148 
115 30 
116 52 
117 11196 
117 441 
119 892 
119 123 
121 123 
121 1017 
124 142 
125 64 
125 282 
126 203 
127 90 
127 98 
127 21 
131 5 
131 105 
131 152 
132 655 
134 58 
135 44 
135 515 
138 193 
141 55 
145 30 
148 145 
149 55 
149 1375 
150 62 
150 549 
152 64 
152 70 
153 104 
156 69 
157 1168 
158 34 
160 12 
160 13 
161 32 
162 366 
162 3 
162 639 
163 415 
166 218 
166 151 
168 51 
172 48 
172 2 
172 40 
172 742 
173 109 
175 166 
176 71 
177 46 
177 51 
179 50 
180 164 
181 352 
182 86 
182 250 
185 1538 
186 93 
186 121 
187 63 
187 29 
187 12 
188 56 
188 63 
189 134 
190 73 
190 154 
191 59 
191 13 
192 17 
192 87 
192 181 
194 141 
195 70 
196 115 
201 78 
201 4081 
203 118 
205 32 
206 4 
206 129 
209 22 
209 214 
211 37 
211 22 
212 85 
213 2702 
214 140 
214 2 
218 173 
219 508 
220 45 
221 20 
221 32 
222 208 
223 34 
224 29 
225 19 
225 94 
226 10 
227 155 
228 16 
228 63 
229 63 
230 32 
233 20 
233 10 
235 28 
236 74 
237 100 
239 92 
240 70 
241 239 
244 30 
244 44 
247 28 
248 136 
249 22 
249 1245 
251 6 
251 10799 
251 63 
259 66 
260 14 
261 67 
262 42 
263 17 
263 310 
264 131 
264 450 
268 3 
269 75 
269 18 
272 40 
273 80 
277 31 
277 156 
277 74 
278 59 
278 36 
281 2251 
282 33 
283 22 
284 83 
285 3960 
285 304 
285 6775 
286 254 
286 27 
291 49 
291 12 
294 1682 
295 103 
298 3214 
298 147 
299 17 
299 20 
300 17 
301 71 
301 51 
303 457 
303 7 
305 238 
306 126 
308 10 
308 185 
309 215 
309 155 
312 170 
312 20 
313 116 
313 170 
313 330 
314 54 
314 21 
314 15 
317 10975 
320 184 
323 133 
326 815 
326 215 
326 5315 
330 213 
331 45 
333 123 
333 17 
333 65 
334 113 
336 13 
336 242 
337 106 
342 11 
343 1782 
343 152 
343 159 
343 450 
345 62 
345 67 
346 138 
347 27 
349 195 
354 11 
355 157 
356 87 
356 376 
356 214 
360 150 
362 54 
363 59 
363 114 
364 223 
364 137 
365 138 
368 10 
370 42 
370 462 
373 145 
373 8317 
375 110 
380 600 
386 4 
387 62 
388 4365 
388 26 
390 88 
391 326 
392 42 
393 9 
394 81 
394 472 
396 40 
399 546 
402 59 
402 148 
403 15 
403 230 
406 66 
407 24 
407 96 
408 110 
410 9 
411 136 
413 123 
415 241 
417 37 
417 67 
418 57 
418 101 
418 10 
419 51 
420 175 
422 74 
426 93 
426 3 
428 1279 
429 75 
429 71 
430 26 
432 65 
433 52 
433 62 
435 110 
442 2 
442 13 
443 86 
443 118 
444 9 
448 45 
450 14 
455 88 
456 3538 
460 1964 
462 61 
463 57 
463 32 
464 93 
464 109 
466 86 
472 64 
473 102 
476 120 
479 94 
480 258 
482 32 
484 1 
485 275 
486 321 
488 64 
491 615 
493 82 
493 10 
494 4549 
494 183 
494 194 
497 120 
500 102 
503 14 
506 7 
506 41 
510 17 
510 46 
510 136 
514 662 
515 44 
516 177 
516 19 
517 1685 
520 56 
520 6 
520 725 
521 22 
522 62 
523 26 
523 261 
526 85 
526 103 
527 278 
527 39 
528 122 
530 227 
530 22 
532 45 
532 478 
533 155 
535 382 
536 148 
537 126 
538 37 
539 151 
540 111 
540 150 
540 7 
540 94 
540 74 
541 25 
543 184 
544 110 
546 44 
548 260 
549 546 
554 1 
554 126 
555 218 
556 12 
559 44 
559 462 
560 766 
561 16 
562 2159 
563 78 
564 42 
565 55 
567 33 
567 170 
573 93 
574 72 
574 255 
577 44 
578 15 
578 829 
580 70 
581 3 
587 39 
588 157 
589 13 
589 72 
590 107 
593 84 
593 42 
594 23 
596 65 
597 1060 
598 43 
602 18 
603 173 
606 3 
606 139 
609 76 
609 55 
610 112 
610 6 
611 68 
612 61 
618 28 
618 100 
619 61 
621 31 
623 1284 
626 100 
627 11 
633 50 
634 953 
639 82 
639 30 
644 200 
646 14 
647 51 
650 30132 
651 274 
654 58 
656 16 
656 7 
656 22 
657 157 
657 304 
658 63 
664 38 
665 91 
668 70 
671 19 
671 209 
672 43 
673 111 
677 178 
679 454 
682 154 
687 18 
692 158 
692 73 
696 96 
700 547 
700 515 
704 83 
705 250 
705 7 
709 673 
709 39 
710 53 
710 9 
712 57 
714 182 
715 27 
716 254 
717 309 
719 13 
721 91 
723 120 
725 228 
726 156 
729 1480 
734 1777 
737 50 
737 82 
739 131 
740 101 
742 13 
742 50 
743 637 
743 154 
743 58 
745 328 
746 36 
748 41 
752 190 
757 122 
762 153 
763 95 
766 1626 
766 13 
767 1243 
769 639 
770 60 
772 20 
773 167 
775 106 
777 4111 
779 2 
779 555 
780 111 
785 917 
787 7853 
792 54 
794 92 
800 56 
804 469 
804 75 
805 19 
807 237 
809 35 
813 264 
817 830 
824 252 
829 59 
832 2503 
832 3818 
833 8 
834 59 
834 7 
834 124 
835 171 
835 6 
839 534 
841 83 
842 8 
843 1822 
846 6 
846 38 
849 658 
851 81 
852 147 
856 22 
858 278 
858 875 
863 62 
863 6 
867 99 
869 24 
872 30 
874 717 
880 17 
881 18 
882 6 
883 178 
883 237 
883 173 
884 830 
886 100 
887 165 
889 184 
892 3671 
898 6 
904 141 
905 7 
908 30 
910 59 
913 81 
916 19 
920 1990 
920 1103 
923 87 
925 2223 
928 90 
929 177 
930 812 
935 2057 
939 100 
939 210 
942 19 
944 9 
946 116 
951 73 
955 953 
960 17 
961 9 
964 958 
964 58 
967 267 
969 71 
970 120 
971 93 
972 61 
973 40 
974 1968 
974 235 
975 50 
976 8 
978 884 
979 156 
981 71 
986 150 
987 6 
988 75 
988 11 
990 112 
990 70 
993 71 
997 527 
1000 73 
1005 165 
1007 1832 
1018 24 
1029 17 
1036 401 
1040 47 
1042 643 
1046 301 
1047 44 
1047 201 
1049 125 
1052 87 
1056 228 
1058 12 
1061 165 
1062 6503 
1065 253 
1066 809 
1067 69 
1067 7310 
1072 135 
1072 135 
1073 183 
1073 183 
1081 36 
1081 36 
1083 4 
1083 4 
1086 187 
1086 187 
1088 813 
1088 813 
1090 49 
1090 49 
1092 155 
1092 69 
1092 69 
1092 155 
1093 2677 
1093 2677 
1094 1219 
1094 1219 
1097 2032 
1097 338 
1097 338 
1097 2032 
1101 102 
1101 102 
1103 652 
1103 361 
1103 652 
1103 361 
1112 350 
1112 350 
1113 148 
1113 148 
1120 157 
1120 21839 
1120 21839 
1120 157 
1124 98 
1125 28 
1125 30 
1126 12 
1136 906 
1138 1 
1139 57 
1139 67 
1142 9 
1145 393 
1145 78 
1146 479 
1150 49 
1154 91 
1154 32 
1158 38 
1159 119 
1164 29 
1165 61 
1169 42 
1172 454 
1173 168 
1180 60 
1186 256 
1186 141 
1187 78 
1187 9 
1187 1 
1188 201 
1189 12345 
1190 9609 
1191 2 
1191 22 
1200 446 
1205 5761 
1206 9 
1206 11 
1207 24 
1208 120 
1209 134 
1211 69 
1217 78 
1221 83 
1226 30 
1229 175 
1230 696 
1234 110 
1236 9 
1248 2870 
1250 13 
1251 62 
1253 67 
1265 89 
1271 251 
1271 7441 
1272 4068 
1272 6 
1273 25 
1274 160 
1274 61 
1274 184 
1277 190 
1279 63 
1282 300 
1287 1180 
1291 74 
1306 684 
1306 18 
1310 84 
1311 501 
1312 651 
1314 484 
1316 613 
1317 29 
1319 76 
1325 55 
1326 209 
1347 78 
1360 425 
1363 9 
1368 240 
1371 130 
1383 4096 
1385 3899 
1390 91 
1395 23 
1396 35 
1402 111 
1403 1662 
1413 40 
1417 113 
1422 152 
1427 487 
1427 3370 
1427 12 
1428 137 
1432 5415 
1434 306 
1435 212 
1436 973 
1440 9 
1444 196 
1450 598 
1452 71 
1454 69 
1456 122 
1461 48 
1462 67 
1464 35 
1464 9 
1468 165 
1475 478 
1477 78 
1488 158 
1489 7 
1493 182 
1501 1127 
1502 140 
1506 50 
1507 83 
1508 35 
1514 43 
1518 121 
1518 17 
1519 160 
1521 156 
1524 24 
1553 21 
1554 104 
1558 181 
1562 62 
1566 64 
1573 1232 
1575 31 
1582 74 
1585 56 
1591 167 
1592 2614 
1594 23 
1605 8 
1609 2081 
1610 243 
1611 51 
1631 16 
1640 80 
1642 97 
1656 82 
1659 638 
1667 214 
1673 194 
1674 12 
1675 12 
1677 86 
1678 1880 
1687 195 
1693 11 
1694 53 
1707 62 
1708 92 
1710 208 
1724 48 
1724 347 
1727 54 
1731 522 
1741 3 
1747 43 
1747 53 
1748 4 
1749 342 
1751 8800 
1756 1235 
1756 43 
1761 942 
1769 33 
1770 6 
1774 182 
1776 83 
1778 98 
1780 48 
1787 2960 
1792 815 
1793 1917 
1795 39 
1804 153 
1804 103 
1804 26 
1822 140 
1826 55 
1831 627 
1839 32 
1846 1051 
1855 46 
1857 63 
1861 977 
1868 145 
1872 17 
1872 40 
1874 116 
1880 272 
1890 28 
1895 54 
1900 141 
1907 1377 
1914 244 
1930 10 
1931 107 
1939 358 
1940 33 
1940 10 
1943 62 
1959 668 
1960 1005 
1973 16 
1974 3845 
1975 54 
1981 2835 
1981 77 
1982 86 
1989 88 
1993 198 
2011 174 
2015 77 
2020 62 
2024 35 
2039 33 
2043 47 
2050 53 
2051 57 
2052 310 
2054 569 
2058 335 
2058 4 
2066 2320 
2067 1809 
2085 52 
2088 25 
2090 15 
2092 17 
2103 42 
2105 6 
2110 662 
2112 473 
2119 93 
2121 21 
2123 29 
2130 127 
2130 82 
2131 1870 
2137 3 
2140 236 
2146 48 
2147 51796 
2152 154 
2160 66 
2163 73 
2163 51 
2165 53 
2184 136 
2192 14 
2195 67 
2213 724 
2224 53 
2240 302 
2272 99 
2283 109 
2297 46 
2317 212 
2322 190 
2332 1670 
2337 79 
2340 57 
2344 30 
2353 177 
2370 882 
2372 15 
2374 28 
2374 17 
2377 18 
2385 70 
2387 57 
2392 112 
2392 133 
2393 71 
2397 648 
2407 9 
2409 251 
2409 6570 
2412 39 
2415 42 
2420 24 
2427 6002 
2432 40 
2433 17 
2436 141 
2437 21 
2444 52 
2445 82 
2460 50 
2475 143 
2481 65 
2491 88 
2491 61 
2498 60 
2503 74 
2505 11 
2505 44 
2524 7 
2551 83 
2560 113 
2561 28 
2564 1863 
2574 52 
2581 7 
2587 51 
2590 375 
2601 102 
2622 58 
2638 111 
2639 8 
2641 520 
2642 792 
2645 10 
2660 145 
2666 10 
2666 20 
2674 31 
2684 256 
2686 346 
2689 453 
2689 33 
2692 114 
2704 86 
2714 24 
2720 61 
2729 2216 
2751 109 
2761 6 
2778 80 
2779 16 
2785 8 
2800 40 
2815 1003 
2817 171 
2818 130 
2838 16 
2846 94 
2847 21 
2857 63 
2859 62 
2874 1345 
2903 46 
2908 96 
2921 35 
2928 38 
2944 551 
2944 3201 
2948 35 
2949 1182 
2960 12 
2975 38 
2981 1161 
2987 43 
3006 16 
3009 122 
3013 115 
3035 279 
3043 11 
3046 29 
3059 68 
3072 16 
3075 32 
3081 42 
3082 46 
3086 156 
3092 2327 
3099 131 
3116 74 
3127 9 
3130 59 
3143 147 
3146 99 
3149 19 
3151 41 
3154 791 
3179 645 
3196 4229 
3198 26 
3205 259 
3213 1010 
3228 29 
3230 28 
3265 29 
3270 41 
3276 249 
3280 80 
3280 30 
3289 43 
3300 77 
3310 307 
3313 458 
3339 7 
3366 23 
3373 25 
3376 22 
3377 14 
3378 68 
3385 23 
3385 960 
3387 423 
3393 107 
3412 138 
3416 40 
3436 10 
3440 3 
3448 109 
3467 423 
3469 110 
3473 26 
3476 14 
3529 53 
3531 44 
3575 17 
3580 84 
3580 2179 
3596 19 
3631 109 
3634 1396 
3643 264 
3647 212 
3650 24 
3655 112 
3670 36 
3671 1114 
3680 77 
3694 4832 
3702 62 
3704 36 
3739 330 
3741 15 
3741 214 
3758 47 
3762 66 
3770 183 
3771 621 
3774 49 
3775 26 
3779 966 
3795 2729 
3852 34 
3854 294 
3855 97 
3868 93 
3894 31 
3897 344 
3905 50 
3910 28 
3924 533 
3931 59 
3942 25 
3967 200 
3996 211 
4001 103 
4040 3102 
4056 1065 
4082 20 
4084 4 
4092 39 
4103 51 
4116 49 
4120 170 
4125 87 
4157 204 
4158 11 
4217 96 
4220 26 
4230 319 
4241 1102 
4247 125 
4284 214 
4294 73 
4317 173 
4323 47 
4335 29 
4339 92 
4346 92 
4350 133 
4351 279 
4369 9 
4370 3201 
4399 10 
4402 39 
4415 40 
4437 19 
4439 120 
4440 17 
4468 5582 
4478 1415 
4481 0 
4487 17 
4509 19 
4514 80 
4534 314 
4534 17 
4537 7 
4541 397 
4548 1418 
4566 17 
4579 26 
4589 866 
4620 1 
4626 158 
4650 665 
4654 44 
4662 96 
4696 93 
4697 143 
4712 40 
4726 16 
4727 7 
4739 231 
4743 140 
4757 123 
4757 6 
4763 73 
4792 100 
4807 61 
4808 794 
4814 7 
4821 1539 
4842 4 
4845 61 
4858 369 
4886 137 
4903 80 
4916 640 
4930 14 
4947 15 
4953 72 
5009 46 
5082 44 
5086 108 
5087 1290 
5117 126 
5154 2319 
5161 76 
5190 76 
5192 51 
5204 102 
5206 57 
5211 50 
5239 108 
5246 4 
5257 45 
5284 127 
5340 56 
5370 56 
5378 5 
5387 342 
5420 720 
5424 1862 
5424 34 
5433 4 
5442 2 
5470 29 
5471 133 
5479 1436 
5481 34 
5486 16 
5507 77 
5520 786 
5545 54 
5565 47 
5579 1665 
5621 17 
5634 20 
5635 4 
5652 5 
5659 884 
5663 21 
5707 5 
5709 77 
5710 51 
5713 16488 
5725 40 
5731 108 
5735 1592 
5738 10 
5748 5 
5798 82 
5802 28 
5805 24 
5814 98 
5827 93 
5829 66 
5850 99 
5852 550 
5859 240 
5900 601 
5912 43 
5938 647 
5954 50 
5962 66 
5984 5 
5990 436 
6023 52 
6061 47 
6083 2 
6086 79 
6088 46 
6091 67 
6107 18 
6137 1082 
6147 111 
6210 1241 
6215 66 
6225 19 
6236 8 
6250 59 
6254 116 
6297 582 
6305 8 
6350 122 
6362 1730 
6366 1522 
6376 23 
6376 40 
6382 447 
6397 311 
6412 20 
6444 49 
6462 193 
6493 32 
6505 20 
6515 37 
6528 0 
6552 25 
6554 45 
6595 63 
6604 47 
6604 1905 
6633 234 
6698 19 
6701 77 
6706 9 
6708 572 
6709 44 
6724 74 
6744 351 
6754 13 
6772 40 
6787 72 
6796 1518 
6826 60 
6827 8661 
6850 13 
6855 281 
6900 39 
6902 27 
6905 145 
6928 15 
6949 166 
6961 75 
6969 924 
6979 255 
6985 22 
6994 0 
7032 102 
7034 936 
7040 39 
7067 4 
7102 135 
7106 29 
7135 1736 
7229 58 
7250 4 
7306 1761 
7321 9596 
7322 97 
7328 32 
7364 5 
7378 591 
7416 65 
7476 278 
7479 136 
7485 2108 
7538 20 
7548 45 
7555 20 
7638 90 
7651 9 
7656 247 
7699 20 
7714 306 
7750 1249 
7755 681 
7757 122 
7779 446 
7783 62 
7794 1670 
7811 445 
7825 12 
7831 41 
7909 4555 
7914 10 
7931 27 
7955 53 
7993 62 
8007 74 
8025 5 
8059 4 
8081 567 
8086 1463 
8095 144 
8152 12 
8157 14 
8158 34 
8168 4634 
8183 2347 
8189 9 
8202 41 
8214 11 
8237 279 
8253 148 
8266 3720 
8305 790 
8348 16 
8361 237 
8369 44 
8418 24 
8427 1076 
8431 1488 
8443 31 
8444 56 
8462 150 
8491 3 
8534 232 
8572 1171 
8583 98 
8591 21 
8609 92 
8610 29 
8618 92 
8624 12 
8625 580 
8727 120 
8768 47 
8805 838 
8812 5166 
8829 533 
8834 7180 
8842 1 
8855 140 
8858 4864 
8925 2444 
8945 1650 
8961 4 
8985 28 
9012 507 
9017 76 
9026 691 
9064 1378 
9084 2263 
9107 786 
9115 818 
9119 413 
9153 35 
9178 2200 
9200 352 
9231 10118 
9311 1 
9319 0 
9328 80 
9361 129 
9369 84 
9398 755 
9402 59 
9418 6 
9480 1 
9487 7 
9497 226 
9511 79 
9550 10 
9553 231 
9562 438 
9567 84 
9590 14 
9608 1533 
9630 640 
9644 77 
9654 39 
9664 14 
9699 25 
9700 2382 
9701 94 
9786 201 
9789 102 
9801 57 
9829 1070 
9831 209 
9839 29 
9849 816 
9857 6 
9894 870 
9928 71 
9939 88 
9959 411 
9965 3 
9998 53 
10023 8 
10026 181 
10037 38 
10050 874 
10071 91 
10091 47 
10103 48 
10150 26 
10177 23 
10194 501 
10211 139 
10299 24 
10300 874 
10319 622 
10392 33 
10397 1565 
10431 6 
10435 3141 
10445 25 
10510 2774 
10555 333 
10558 92 
10613 62 
10631 661 
10640 45 
10647 6 
10657 2839 
10657 173 
10659 433 
10674 308 
10675 374 
10722 3 
10738 21 
10738 87 
10751 1110 
10752 28 
10758 69 
10775 1330 
10776 15 
10798 96 
10881 919 
10903 153 
10904 28 
10944 1267 
11046 86 
11079 56 
11091 67 
11095 195 
11114 634 
11150 43 
11179 29 
11229 47 
11246 41 
11261 1355 
11262 1157 
11278 104 
11294 1056 
11300 98 
11328 45 
11372 67 
11415 52 
11429 32 
11459 100 
11471 608 
11472 15 
11499 2 
11504 53 
11539 416 
11547 575 
11550 86 
11552 3221 
11565 66 
11568 759 
11591 410 
11608 3004 
11614 28 
11631 14 
11651 574 
11653 131 
11658 25 
11674 7354 
11681 225 
11682 782 
11682 6020 
11699 392 
11721 551 
11732 1352 
11739 541 
11773 547 
11800 10 
11802 1625 
11804 79 
11813 67 
11831 328 
11835 30 
11860 130 
11860 321 
11861 55 
11908 6 
11940 37 
11943 7481 
11964 24 
11965 39 
11976 68 
11977 40 
11981 232 
12005 549 
12009 850 
12012 229 
12091 80 
12092 73 
12097 78 
12120 10224 
12134 71 
12143 20 
12145 228 
12147 205 
12147 1502 
12148 33 
12153 41 
12182 371 
12222 748 
12227 3 
12229 313 
12279 360 
12316 14825 
12341 5721 
12352 2579 
12357 95 
12371 50 
12380 101 
12389 128 
12396 2767 
12399 1809 
12403 531 
12419 575 
12485 476 
12493 31 
12499 14 
12503 1867 
12505 63 
12520 266 
12529 1765 
12543 36 
12596 28 
12597 25 
12610 133 
12612 95 
12690 16 
12699 2014 
12708 32 
12742 171 
12750 120 
12812 7 
12857 1406 
12864 35 
12864 24 
12871 42 
12908 1504 
12911 18 
12913 23 
12924 360 
12926 64 
12931 18859 
12939 395 
12940 11417 
12952 45 
12957 114 
12989 4093 
13000 8 
13019 3554 
13029 470 
13034 0 
13076 578 
13076 18 
13121 473 
13127 135 
13129 416 
13149 6009 
13154 100 
13154 83 
13165 65 
13180 1421 
13228 63 
13261 5 
13270 10333 
13290 357 
13299 46 
13300 46 
13312 109 
13336 151 
13346 3156 
13355 17 
13388 32 
13420 627 
13444 41 
13481 198 
13509 4 
13509 44 
13523 777 
13553 62 
13567 1286 
13572 263 
13602 72 
13604 249 
13614 7 
13673 52 
13674 365 
13678 0 
13692 1716 
13827 1517 
13890 437 
13930 151 
13930 156 
13994 104 
14005 7 
14018 123 
14024 32 
14134 119 
14155 27 
14195 32 
14200 88 
14216 1554 
14328 249 
14332 574 
14334 201 
14340 670 
14349 341 
14377 171 
14398 84 
14428 67 
14431 28 
14432 402 
14435 8499 
14441 1267 
14443 1552 
14466 1345 
14477 5 
14491 1336 
14492 35 
14532 1037 
14538 3393 
14546 27 
14552 461 
14554 1100 
14566 307 
14567 1092 
14569 31 
14607 8081 
14612 218 
14614 614 
14676 15 
14717 19 
14720 1649 
14723 1052 
14743 155 
14743 7 
14776 12 
14804 280 
14817 332 
14822 83 
14832 3010 
14845 18 
14909 239 
14911 22 
15002 1209 
15023 1656 
15031 809 
15035 897 
15043 662 
15052 11 
15066 1683 
15086 427 
15094 28 
15111 72 
15160 34 
15196 55 
15246 161 
15260 430 
15265 1362 
15270 15 
15277 929 
15292 11 
15293 1118 
15303 429 
15309 35 
15315 1304 
15332 2 
15344 1720 
15354 1479 
15374 167 
15390 305 
15410 800 
15473 0 
15484 1081 
15520 960 
15545 15 
15553 546 
15568 93 
15581 222 
15597 806 
15621 316 
15627 3 
15629 613 
15646 117 
15651 382 
15653 804 
15657 892 
15662 226 
15663 1 
15722 9 
15791 149 
15805 235 
15818 8645 
15838 14 
15838 14 
15871 93 
15871 93 
15955 116 
16006 83 
16045 14 
16048 2015 
16171 2 
16256 645 
16280 1421 
16416 1 
16534 8 
16544 17 
16620 45 
16667 282 
16668 2305 
16844 98 
16856 176 
16877 213 
16886 113 
16894 212 
16920 30 
16962 1199 
16991 5 
17038 32967 
17075 2693 
17107 84 
17109 183 
17177 1 
17212 133 
17222 37 
17266 830 
17298 2371 
17317 97 
17320 493 
17387 41 
17396 1049 
17468 47 
17504 774 
17507 422 
17528 431 
17555 28 
17591 260 
17610 1238 
17612 35 
17693 5 
17714 272 
17720 1881 
17730 20 
17771 22 
17792 102 
17942 2035 
17944 6 
17981 12 
18029 275 
18068 285 
18113 21 
18129 39 
18132 597 
18133 43 
18141 1 
18226 19 
18237 161 
18246 756 
18277 7 
18284 70 
18286 405 
18346 8 
18383 2186 
18402 255 
18417 54 
18474 1524 
18490 6622 
18554 811 
18705 24 
18752 17 
18781 196 
18781 1416 
18820 171 
18865 127 
18886 813 
18912 126 
18916 4 
18933 225 
18938 18 
18956 5636 
18971 21 
18973 15 
18981 641 
19038 1574 
19041 91 
19101 893 
19166 127 
19251 160 
19257 40 
19302 42 
19450 130 
19542 33 
19560 873 
19563 142 
19564 232 
19586 5498 
19596 1666 
19639 8 
19647 126 
19667 5 
19694 38 
19763 396 
19798 588 
19861 639 
19898 33 
19920 1393 
19920 169 
19941 8 
19953 489 
20003 309 
20012 72 
20079 34 
20091 466 
20093 1612 
20101 2292 
20363 486 
20385 4 
20405 136 
20411 3270 
20488 66 
20523 1072 
20546 1513 
20571 2536 
20579 46 
20610 35 
20692 74 
20744 226 
20749 60 
20793 431 
20797 63 
20815 1552 
20991 1 
21013 1824 
21056 1103 
21119 218 
21248 64 
21266 1867 
21463 690 
21471 31 
21481 7 
21582 780 
21602 1153 
21650 7275 
21652 7580 
21693 155 
21807 505 
21885 28 
21893 416 
21966 9319 
21974 0 
21994 585 
22094 1020 
22280 207 
22281 34 
22300 2 
22357 158 
22454 3 
22457 1 
22466 1 
22551 1454 
22600 6 
22603 9 
22611 220 
22703 708 
22795 75 
22876 139 
22955 3 
22966 6 
23109 1825 
23192 6822 
23194 1 
23214 1307 
23235 986 
23356 6 
23367 98 
23388 638 
23411 524 
23615 259 
23714 50 
23719 288 
23755 166 
23781 207 
23832 2279 
23835 1155 
23839 1216 
23895 59 
23905 20 
24078 2085 
24109 1116 
24174 102 
24244 301 
24275 2144 
24315 710 
24493 77 
24498 23 
24630 1025 
24693 23 
24710 405 
24745 141 
24812 87 
24872 15 
24899 4 
24959 77 
25215 6 
25262 2599 
25295 833 
25366 56 
25410 1362 
25459 153 
25507 11 
25641 1850 
25685 309 
25709 20 
25716 892 
25724 123 
25781 681 
25789 18 
25935 323 
25966 881 
26207 1561 
26257 6588 
26362 1077 
26368 720 
26384 746 
26526 1690 
26544 1124 
26565 2910 
26581 17998 
26635 439 
26657 72 
26687 1047 
26710 47 
26776 10 
26777 284 
26785 218 
26825 31 
26826 33262 
26840 208 
26858 1622 
26867 62 
26899 98 
26906 38 
26944 768 
26960 72 
27039 310 
27306 19 
27360 1 
27396 1 
27482 40 
27586 12 
27608 20 
27742 1 
27826 499 
28094 42 
28103 271 
28142 60 
28168 1309 
28180 7 
28195 240 
28218 3621 
28267 677 
28335 97 
28362 4 
28430 7937 
28447 1643 
28453 52 
28487 7 
28606 192 
28695 2714 
28799 615 
28803 2 
28807 133 
28822 119 
28828 544 
28845 650 
28899 16 
28908 945 
28922 267 
28947 18988 
29015 549 
29066 3549 
29095 89 
29150 2 
29157 60 
29201 345 
29214 225 
29238 119 
29498 130 
29642 3 
29701 2307 
29703 1300 
29705 19 
29748 62 
29868 10 
29876 165 
29898 468 
30169 2279 
30375 0 
30398 181 
30408 376 
30437 251 
30443 618 
30479 1147 
30680 619 
30680 619 
30699 1169 
30781 114 
30830 2948 
30869 336 
30879 18 
30956 27 
30966 56 
30968 117 
31198 27 
31342 1428 
31356 728 
31373 763 
31386 1465 
31417 18 
31420 1536 
31686 74 
31707 90 
31935 244 
31987 775 
32032 43 
32133 3262 
32204 223 
32376 9 
32695 163 
32755 707 
32837 77 
32851 2048 
32865 1116 
32881 14843 
32918 495 
33048 1538 
33215 543 
33301 250 
33812 32 
33911 62 
33978 28 
34080 3 
34123 1252 
34175 534 
34405 204 
34502 5 
34605 10839 
34609 168 
34613 179 
34643 223 
34773 1063 
35040 126 
35180 794 
35200 22 
35253 390 
35272 1542 
35283 1347 
35313 159 
35342 113 
35359 32 
35386 125 
35456 27 
35457 591 
35550 407 
35625 1893 
35635 12 
35729 1060 
35765 360 
35842 74 
35930 1904 
36144 11 
36326 27 
36341 2365 
36364 601 
36368 9713 
36514 1237 
36596 3694 
36686 769 
36729 11878 
36731 4 
36838 4011 
36868 524 
36923 185 
36984 682 
36991 118 
37102 2 
37156 537 
37379 9 
37552 115 
37553 130 
37694 130 
37886 34 
37983 300 
37984 218 
38278 0 
38377 140 
38389 812 
38406 10 
38446 37 
38474 44 
38749 171 
38798 4 
39022 2076 
39063 3493 
39186 585 
39338 144 
39377 42 
39589 53 
39626 3225 
39653 862 
39663 1 
39829 125 
39940 12 
40081 415 
40169 131 
40189 308 
40283 104 
40616 102 
40620 1353 
40663 12 
40681 100 
40830 326 
40916 0 
41261 3703 
41328 39 
41336 94 
41425 2103 
41452 6 
41560 930 
41683 180 
41804 5 
41830 80 
41895 287 
41927 109 
42049 340 
42322 55 
42334 50 
42453 297 
42527 8006 
42643 361 
42644 1668 
42676 25 
42760 2236 
42795 172 
42840 62 
42860 470 
42897 550 
43009 425 
43076 236 
43115 170 
43131 1271 
43238 241 
43437 1264 
43495 985 
43606 16 
43710 16 
43726 29 
43815 276 
43973 775 
44042 1499 
44272 281 
44394 30 
44531 2738 
44726 413 
44776 72 
44781 152 
45393 1002 
45599 3 
45786 8205 
45815 218 
45832 3794 
45884 698 
45884 698 
45962 5843 
46065 1010 
46190 2117 
46243 15 
46249 92 
46280 850 
46388 3 
46469 36 
46586 248 
46722 3234 
46865 218 
47915 11 
47968 272 
48318 11 
48387 15 
48441 6523 
48571 29 
48608 230 
48640 100 
48714 644 
48765 363 
48779 198 
49240 2545 
49335 49 
49593 155 
49627 362 
49803 134 
49805 132 
49808 206 
50174 392 
50242 1040 
50351 0 
50616 546 
51254 422 
51278 150 
51295 1146 
51508 207 
51548 1498 
51625 617 
51741 344 
51859 2605 
51916 861 
51991 15 
52423 55 
52456 1703 
52531 44 
52672 67 
52679 256 
52752 1 
52875 28 
52929 5914 
53268 14669 
53473 4 
53698 1 
53795 2088 
53964 178 
54095 3345 
54133 2343 
54308 11647 
54414 12165 
54473 509 
54596 1676 
54620 35 
54904 117 
55056 19360 
55188 618 
55450 96 
55585 227 
55848 25 
56040 114 
56049 1810 
56218 807 
56242 321 
56246 105 
56333 350 
56545 241 
56613 308 
56633 452 
56746 85 
56798 1 
57288 227 
57642 723 
57723 1373 
58047 1014 
58083 1801 
58255 866 
58488 2226 
58578 72 
58646 72 
58865 231 
58866 838 
59179 1283 
59279 1779 
59362 594 
60044 64 
60140 6439 
60198 754 
60424 18 
60535 926 
60572 1006 
60604 1023 
60998 117 
61392 381 
61392 381 
61929 82 
62093 1360 
62146 810 
62211 123 
62899 435 
63126 1479 
63834 454 
64055 38 
64246 157 
64352 55547 
64386 78 
64862 1 
64906 238 
64941 567 
65419 1903 
65577 2484 
65703 328 
66065 40 
66144 281 
66501 40 
66614 846 
66855 528 
67041 859 
67059 1203 
67282 162 
67782 187 
67875 10 
68017 747 
68048 128 
68275 16 
68306 792 
68355 681 
68424 95 
69015 494 
69287 1171 
69599 1416 
69790 5 
69991 1416 
70147 22 
70390 55 
70647 105 
70671 226 
70814 163 
70914 107 
71033 165 
71377 22 
71679 4 
72301 1487 
72756 1019 
72875 476 
72908 521 
73161 21 
73254 29 
73337 1122 
73401 29 
73583 44 
73585 2198 
74051 971 
74077 1309 
74409 241 
74470 29 
74700 3342 
75127 332 
75280 4 
75368 11 
75548 1187 
76066 361 
76170 1497 
76218 2 
76316 232 
76641 1998 
76703 1047 
76817 44 
76933 1173 
77113 932 
77226 10 
77377 274 
77425 138 
77522 254 
77936 314 
78130 0 
78166 234 
78980 959 
79613 1 
79778 557 
79829 956 
80016 7608 
80043 209 
80088 196 
80434 402 
80437 691 
80991 44 
81032 309 
81060 15 
81222 4417 
81368 16 
81565 1876 
81637 84 
81664 1035 
81882 336 
82538 180 
82693 570 
82819 301 
83101 334 
83120 256 
83276 621 
83765 830 
83942 10030 
83959 125 
83959 4310 
84036 54 
84073 271 
84326 126 
84365 275 
84530 194 
84590 142 
84605 989 
84838 2328 
85093 13 
85129 775 
85207 152 
85403 1025 
85731 31 
86128 49 
86174 346 
86490 108 
86517 1670 
86576 116 
86798 389 
87086 144 
87450 0 
87552 1008 
87582 610 
87621 703 
87877 31 
87979 31 
88074 1017 
88155 512 
88552 250 
88555 55 
88584 20 
89206 230 
89224 109 
89316 44 
89381 54 
89648 46 
89711 25 
90085 260 
90334 875 
90335 628 
90345 86 
90640 1985 
90684 340 
90883 1174 
91524 1757 
91556 1379 
91799 3000 
91887 0 
91890 2292 
91979 2408 
91981 3380 
92094 132 
93214 444 
93344 8 
93414 62 
93623 593 
93733 678 
93816 172 
93976 231 
94259 8 
94407 453 
94446 47 
94544 12003 
94640 1 
94781 41033 
94802 2816 
94803 5 
94830 5 
94839 121 
94863 4376 
95274 848 
95385 4400 
95391 10628 
95419 3292 
95502 2722 
95525 1017 
95573 82 
95677 53 
95749 127 
95867 1127 
95877 494 
96284 79 
96286 941 
96305 414 
96788 29 
96961 65 
96985 1174 
97360 734 
97647 988 
97792 2044 
97844 1223 
97875 6 
98673 495 
98750 139 
98926 931 
99116 1375 
99128 2872 
99203 329 
99262 186 
99557 178 
99596 44 
99738 2288 
99818 1149 
99953 96 
102075 82 
103222 267 
103583 1 
103925 1142 
103925 1142 
103948 51 
103948 51 
104134 14 
104199 763 
104613 34 
104674 357 
104741 60 
104859 3179 
105129 1930 
105882 2067 
105942 54 
106078 62 
106105 1478 
106314 339 
106326 2 
106550 1269 
106806 623 
106829 2 
107122 146 
107574 167 
107769 374 
108060 646 
108222 26 
108353 146 
108616 639 
108985 1173 
108989 162 
109119 7449 
109309 274 
109522 181 
109563 30 
109806 1336 
110048 199 
110124 544 
110142 36 
110279 3 
110498 177 
110727 92 
110851 180 
111154 451 
111303 160 
111563 256 
111939 640 
111982 27 
112165 195 
112251 870 
112258 1158 
112398 733 
112488 661 
112735 1097 
112791 704 
112890 108 
113255 704 
113669 14099 
113852 495 
113878 654 
114609 231 
114941 434 
115332 204 
116007 2277 
116031 807 
116658 486 
116759 279 
116820 701 
117285 400 
117606 1022 
117787 326 
118000 71 
118383 3981 
118506 651 
118705 28979 
118909 165 
119073 842 
119306 86 
119884 185 
119922 158 
119968 222 
120513 0 
120627 3057 
120724 602 
120810 1129 
121473 236 
121651 615 
122083 496 
122330 241 
122350 215 
122723 834 
122746 41106 
122869 718 
123083 1690 
123134 84 
126208 707 
126431 79 
127335 0 
127733 312 
127898 761 
128023 1 
128159 204 
128326 856 
129292 27 
129704 132 
129747 502 
129979 56 
130227 67 
130254 22 
130270 521 
130475 1253 
130489 903 
130534 1959 
131013 97 
131063 244 
131837 60 
131921 211 
131949 124 
132044 2 
132051 97 
132175 1092 
133540 983 
133560 536 
133685 2 
134242 35 
134296 117 
134630 143 
134689 199 
135109 39 
135184 10 
136037 56 
136218 164 
136325 12 
137137 824 
137773 1728 
138390 5534 
138485 10 
139170 66 
139378 201 
139415 1562 
140168 6769 
140284 455 
140294 492 
140357 199 
140453 598 
142220 4 
142235 950 
142328 1444 
143823 225 
143970 112 
143997 552 
144035 314 
144178 4172 
145048 0 
145239 1029 
145481 11 
145877 0 
146130 930 
146156 1308 
146175 63 
147023 30 
147048 164 
148125 20 
148339 5 
149272 195 
149368 43 
149497 581 
150018 150 
150776 812 
152415 961 
152531 376 
152912 2182 
153159 152 
154888 134 
154911 484 
155672 399 
155940 865 
157925 1455 
159101 469 
159162 918 
159164 7 
159855 485 
159888 520 
160056 157 
162068 1455 
163740 264 
163912 38 
166139 515 
166485 491 
166534 248 
167301 663 
167404 242 
167433 2760 
168204 356 
168470 5022 
169852 465 
170665 306 
171016 18 
172632 3 
173122 105 
173359 169 
173378 207 
173539 231 
173543 15 
175107 1567 
175717 111 
175939 832 
176124 2239 
176351 216 
177295 57 
177581 348 
178083 271 
178129 16 
178767 235 
179461 480 
179709 410 
179754 125 
180147 901 
180453 7 
182062 1941 
182279 149 
183683 66 
183706 353 
183813 10 
184523 905 
184606 79 
184657 3261 
185987 286 
186140 104 
186538 3727 
186580 10 
186718 7 
187485 6 
187499 418 
187920 2060 
188841 87 
189117 2047 
189291 27 
190118 50 
190449 1911 
190575 2072 
190931 81 
190995 8989 
191507 1468 
191531 36 
191644 17 
192175 8 
193460 26 
193777 1174 
193845 159 
193885 78 
194018 1245 
194841 1153 
194869 1486 
196160 862 
196940 19 
197450 2 
197689 27 
197854 235 
198049 1021 
198389 190 
198406 81 
198432 625 
198548 1856 
199188 814 
200157 40 
200609 252 
200730 207 
200792 179 
201548 12 
201754 2200 
201918 188 
203614 977 
203863 255 
205194 30 
206323 929 
206659 4 
206728 0 
207264 1228 
207944 42 
209137 372 
210986 90 
212601 211 
213688 711 
213878 94 
214783 202 
215382 1161 
215753 1570 
216234 556 
217678 147 
218042 17 
219042 610 
219768 18 
220402 188 
220418 614 
220770 1365 
221008 53 
221394 272 
221987 62 
222164 19 
222421 33 
223183 23 
223810 16 
224971 1145 
225322 273 
226190 1981 
226377 53 
227965 365 
229781 4624 
230959 80 
231957 313 
232354 274 
233843 657 
234539 2 
235181 136 
235220 132 
236115 7 
238701 161 
238949 2028 
240072 337 
242720 118 
243876 112 
245725 272 
246977 234 
247167 1141 
247763 1588 
247892 80 
248591 189 
248601 869 
248814 482 
248863 667 
249793 13 
250555 234 
251850 442 
252424 310 
253885 874 
255221 3841 
255953 0 
257600 66 
257601 32 
260347 1709 
262027 6096 
262788 3443 
263360 17 
263581 46 
263692 2159 
263826 227 
263863 375 
264247 566 
264266 1084 
264281 88 
264367 139 
264555 7 
264856 616 
264885 273 
265370 2622 
265519 117 
265543 5732 
265579 699 
265580 286 
266890 112 
267106 406 
267350 179 
267512 441 
267684 1141 
268011 0 
268128 680 
268802 790 
269109 432 
269726 198 
270408 131 
270489 46 
270762 1960 
271509 89 
271521 70 
271576 3553 
271601 3 
271633 33 
271638 130 
272158 5 
272960 232 
273500 2 
273632 44 
274016 136 
274059 804 
275342 195 
276179 1121 
276574 30 
277190 19 
277275 477 
278052 9 
278252 1 
278403 8 
278690 72 
278924 473 
278930 2208 
279308 40 
280194 105 
281327 910 
282260 35 
282475 1232 
283536 613 
283553 22 
283684 22 
283803 102 
284263 3338 
284998 355 
285558 29 
285742 1362 
288366 2286 
288444 5 
288461 781 
288796 2054 
288958 376 
288961 554 
289029 294 
289081 1494 
289204 202 
289234 567 
289252 104 
289272 945 
289280 48 
289456 834 
289459 344 
289503 27 
289664 327 
289809 659 
289897 281 
289973 1306 
291059 1179 
291239 109 
291273 20 
291618 2437 
291703 73 
291916 213 
292533 1362 
292691 813 
292719 674 
292926 485 
293072 1123 
293211 224 
293315 338 
293394 644 
293478 1608 
294434 85 
294636 354 
294885 1405 
295105 204 
295311 331 
295315 7471 
295531 663 
295656 2553 
295794 50 
295997 22 
296094 137 
296194 1285 
296362 107 
296542 352 
296745 126 
296771 242 
296955 208 
296956 594 
296998 90 
297255 368 
297282 756 
297294 628 
297340 29 
297462 203 
297962 331 
298010 26 
298972 159 
299108 620 
299322 19 
299343 124 
299911 668 
299914 336 
300084 535 
300142 1225 
300544 0 
300785 478 
301258 0 
302338 279 
302356 1801 
303032 154 
303498 218 
303949 107 
304174 3 
305046 68 
305077 980 
305536 44 
305645 7513 
305880 822 
306097 1000 
306824 29 
307267 54 
308323 821 
308460 1171 
308807 9 
308822 248 
309383 489 
310280 741 
311044 650 
311112 306 
311205 416 
311586 5 
311966 40 
312445 1260 
312713 23 
313184 2003 
313393 559 
313653 108 
314656 123 
316119 99 
316731 367 
316829 32 
318765 813 
318809 1166 
318885 731 
319319 14 
320418 1409 
320741 145 
320914 99 
322176 735 
322575 66 
322918 40 
323266 9051 
323282 1563 
323308 1158 
323353 160 
325843 3 
326319 49 
326369 690 
326518 177 
326718 7 
327381 114 
327859 161 
328002 8 
328569 280 
329341 145 
329352 358 
329418 73 
330295 987 
330612 784 
330653 34 
330709 122 
330877 149 
331053 174 
331790 492 
331877 2 
332012 34 
332440 315 
332568 620 
332597 44 
332604 138 
332792 1526 
332854 4229 
333293 1406 
333777 401 
334116 56 
334309 619 
334314 22 
334333 1949 
334785 130 
334953 337 
335840 953 
336139 279 
336314 476 
336385 432 
336514 71 
336594 90 
336597 285 
336675 1265 
336703 386 
337037 4102 
337070 2627 
337205 2135 
338679 114 
339379 967 
340025 81 
341138 7 
342102 225 
344423 54 
345724 5245 
346063 92 
346742 1449 
346915 2006 
347512 20 
347696 1331 
348515 2504 
348837 56 
349318 120 
349946 44 
349968 128 
349976 9 
351916 398 
351957 19 
352564 414 
353318 1162 
353362 1239 
353916 65 
354042 2026 
355205 99 
355596 72 
356169 132 
358082 51 
358741 821 
359481 12162 
359774 44 
359910 84 
360562 5717 
360592 280 
361435 623 
361680 0 
363004 1312 
363078 7788 
363201 1280 
363409 242 
363590 485 
364907 33 
366038 95 
366312 509 
366352 2 
368021 0 
368038 431 
369969 58 
370798 235 
371185 171 
371664 90 
371731 315 
372751 210 
373981 246 
374200 6 
374775 67 
376720 141 
378389 231 
379161 132 
382670 83 
383145 157 
384638 1824 
384937 185 
384952 382 
385232 427 
385632 89 
385645 200 
386262 7 
387247 432 
388194 313 
389231 208 
390211 180 
390616 3 
394754 189 
395942 194 
398031 1207 
399679 45 
399820 2020 
407703 293 
410515 685 
413527 131 
414749 749 
415652 17 
416312 534 
416954 0 
419233 698 
420512 7 
421724 15 
423564 3 
425201 11 
428216 351 
429321 848 
430447 792 
435024 1178 
435273 18 
437467 330 
438064 141 
440228 5 
440837 1647 
441552 535 
443016 2651 
443088 404 
443668 232 
444620 10 
444922 684 
445899 281 
447390 2054 
447437 474 
448404 1284 
449041 713 
449966 275 
450538 723 
450690 86 
452088 4 
452120 2845 
452330 383 
453044 1 
454461 1889 
456320 1099 
456357 42 
456900 747 
461372 2 
462210 94 
463951 460 
469275 561 
469409 6 
472293 1159 
472436 32 
472938 76 
474004 14 
474297 1411 
474658 651 
474770 490 
474934 966 
475235 319 
478174 20 
478261 24 
478289 119 
478671 74 
479138 154 
479227 1055 
480879 120 
481425 35 
482752 364 
482783 33 
486084 757 
487796 30 
489380 1121 
490656 16 
491322 319 
495062 51 
495346 42 
496034 0 
502578 481 
504299 535 
504558 759 
506927 767 
507363 652 
507395 48 
507581 71 
507619 131 
507716 159 
507968 38 
508132 216 
508477 36 
508773 156 
508773 156 
509053 650 
509261 532 
511151 332 
511162 472 
511211 345 
511539 190 
511552 3752 
512329 735 
514129 556 
515592 34 
516412 764 
516489 9 
517080 312 
517418 111 
518219 1442 
519004 20 
519389 246 
519742 112 
520191 69 
521592 1365 
521882 1903 
524386 6 
525524 3059 
525639 1180 
527185 420 
529113 1154 
530922 103 
531595 25 
532172 172 
532318 198 
532487 59 
532506 1028 
532707 3123 
533215 1400 
533376 149 
534068 1119 
534177 16301 
534415 1956 
535057 1 
535128 55 
535224 0 
535265 66 
535691 819 
536951 39 
539112 376 
540097 173 
543123 481 
543874 14 
545009 64 
545360 824 
545416 136 
546275 7 
546793 97 
548591 3 
549009 182 
551997 70 
552398 749 
552951 7 
553743 73 
554319 691 
555436 312 
555638 54 
557795 60 
558258 0 
560005 10554 
560030 70 
560094 110 
561295 5524 
563692 114 
563981 88 
567438 1137 
567800 88 
567800 88 
568149 17 
568524 195 
572126 86 
572936 3570 
574815 53 
576309 9 
577203 113 
577221 473 
578123 159 
588814 130 
591024 28 
592055 1076 
592121 1572 
593440 1 
595431 2 
598856 26 
600569 283 
600704 209 
602094 17 
602781 119 
603796 108 
603797 1359 
603992 38 
