2680 7.20287037037
0 55959 
21 175 
25 1089 
43 38 
46 153 
61 227 
61 395 
71 170 
72 400 
75 164 
105 371 
106 43 
110 376 
163 107 
167 118 
176 55 
213 102 
224 460577 
227 163 
236 338 
241 35 
245 290 
252 211 
255 295 
257 243 
264 67 
266 18 
266 117 
268 57 
268 998 
270 119 
271 213 
272 210 
273 85 
273 9 
274 87 
275 157 
277 168 
278 224 
280 550 
283 38 
285 120 
286 293 
287 266 
288 71 
288 286 
290 117 
290 203 
291 477 
291 75 
292 193 
292 10 
294 317 
295 97 
297 452 
298 54 
300 35 
300 295 
301 18 
301 97 
301 127 
301 263 
301 266 
302 108 
304 84 
305 350 
305 435 
306 97 
309 470 
311 436 
313 116 
316 208 
318 107 
318 127 
322 186 
324 88 
326 51 
329 287 
330 68 
332 64 
334 53 
336 654 
337 305 
337 37 
338 91 
340 164 
341 40 
344 93 
344 196 
345 120 
348 293 
352 80 
352 397 
353 59 
356 404 
357 102 
359 47 
360 10 
362 155 
364 94 
369 71 
370 51 
372 33 
374 184 
375 74 
377 835 
378 82 
380 199 
385 138 
388 96 
392 157 
393 326 
395 651 
396 62 
396 127 
398 133 
399 327 
402 122 
405 52 
406 96 
406 71 
408 84 
411 346 
411 63 
418 192 
420 78 
421 134 
426 64 
429 375 
431 18 
435 226 
436 69 
438 84 
441 20 
444 115 
444 382 
446 206 
446 130 
447 643 
448 43 
449 125 
452 135 
457 233 
457 69 
457 53 
458 746 
458 128 
459 28 
467 171 
468 20 
469 339 
474 39 
478 110 
483 29 
484 117 
487 158 
489 56 
491 312 
493 46 
495 238 
496 18 
496 124 
504 316 
504 96 
504 389 
513 26 
517 167 
518 349 
520 47 
526 140 
526 5 
527 145 
533 47 
534 74 
536 353 
538 167 
551 20 
553 150 
553 182 
555 295 
556 38 
561 8 
561 37 
564 125 
567 275 
568 123 
570 888 
573 29 
577 257 
578 97 
583 550 
594 86 
609 16 
610 302 
610 98 
611 122 
612 27 
624 408 
624 128 
625 117 
630 216 
636 167 
639 785 
640 81 
650 163 
652 77 
665 63 
665 279 
673 295 
674 243 
674 73 
682 55 
700 29 
706 259 
719 167 
719 28 
729 26 
732 13 
737 64 
738 357 
740 37 
756 181 
767 19 
769 38 
770 54 
775 149 
776 40 
781 226 
781 128 
783 101 
793 35 
800 12 
817 27 
836 45 
836 39 
836 37 
837 38 
843 345 
865 160 
867 47 
867 36 
868 55 
872 405 
879 69 
881 25 
887 63 
888 114 
921 42 
934 29 
937 44 
947 42 
951 184 
954 50 
955 16 
956 31 
960 23 
960 60 
961 234 
969 88 
973 46 
974 19 
974 956 
978 201 
982 207 
988 231 
991 16 
991 91 
1001 259 
1006 419 
1007 117 
1022 17 
1023 5 
1024 51 
1030 56 
1041 18 
1044 335 
1047 66 
1064 86 
1064 7 
1066 93 
1067 243 
1072 82 
1073 22 
1073 26 
1083 14 
1087 79 
1090 82 
1094 276 
1097 8 
1102 103 
1107 66 
1114 202 
1136 107 
1138 27 
1149 146 
1153 37 
1160 171 
1171 47 
1173 12 
1173 3 
1178 157 
1180 146 
1192 41 
1204 392 
1205 56 
1208 560 
1224 525 
1225 9 
1235 68 
1244 63 
1248 48 
1249 98 
1256 32 
1264 49 
1285 1055 
1285 18 
1307 103 
1307 179 
1309 40 
1332 281 
1334 10 
1342 141 
1354 13 
1360 69 
1361 125 
1361 89 
1363 163 
1372 131 
1374 287 
1383 176 
1389 217 
1411 29 
1423 264 
1425 184 
1429 71 
1439 101 
1442 11 
1447 293 
1450 153 
1455 134 
1456 49 
1479 2 
1504 311 
1512 5745 
1518 225 
1531 64 
1535 96 
1539 68 
1558 59 
1561 1090 
1571 288 
1583 912 
1586 516 
1592 2448 
1597 74 
1618 98 
1628 111 
1636 36 
1637 271 
1650 10 
1663 6 
1666 302 
1669 62 
1670 22 
1689 110 
1690 746 
1690 56 
1695 123 
1695 18 
1697 33 
1697 172 
1702 69 
1703 92 
1714 126 
1714 264 
1719 313 
1725 416 
1725 280 
1754 106 
1756 2442 
1764 85 
1788 82 
1788 203 
1803 35 
1808 223 
1809 550 
1814 233 
1848 138 
1849 19 
1854 926 
1874 17 
1885 5 
1887 66 
1893 44 
1900 143 
1907 144 
1925 31 
1926 20 
1933 85 
1934 167 
1942 311 
1943 72 
1952 58 
1961 622 
1963 136 
1981 162 
2000 93 
2024 128 
2031 304 
2040 194 
2041 194 
2044 1338 
2059 72 
2072 67 
2078 136 
2091 551 
2101 109 
2105 310 
2141 514 
2152 9 
2172 56 
2175 16 
2178 741 
2183 245 
2187 120 
2221 50 
2225 243 
2229 52 
2256 1213 
2261 10 
2267 6 
2275 189 
2295 39 
2301 101 
2311 246 
2327 8 
2338 266 
2355 65 
2357 181 
2368 40 
2368 38 
2369 499 
2375 155 
2376 13 
2376 367 
2381 1233 
2390 212 
2398 43 
2421 486 
2440 2312 
2448 35 
2450 55 
2464 301 
2493 109 
2500 482 
2521 27 
2522 1040 
2523 10 
2528 6 
2530 120 
2534 150 
2549 129 
2568 859 
2574 22 
2587 136 
2588 234 
2605 113 
2611 178 
2612 140 
2615 259 
2628 5 
2630 163 
2638 122 
2644 22 
2652 203 
2656 116 
2663 55 
2666 126 
2677 61 
2686 0 
2692 644 
2701 66 
2714 196 
2723 47 
2724 142 
2754 97 
2758 436 
2784 49 
2800 32 
2826 15 
2827 0 
2831 1 
2857 155 
2869 44 
2874 253 
2898 114 
2926 26 
2960 50 
3019 104 
3083 595 
3087 143 
3091 663 
3109 11 
3110 91 
3127 93 
3137 148 
3140 443 
3154 76 
3155 167 
3197 15 
3204 101 
3215 472 
3215 293 
3217 521 
3218 42 
3251 181 
3270 242 
3273 41 
3277 55 
3286 19 
3295 74 
3305 261 
3322 445 
3368 288 
3369 1810 
3387 56 
3395 261 
3396 1635 
3417 51 
3470 8 
3490 152 
3505 46 
3543 98 
3548 16 
3575 79 
3579 138 
3583 125 
3601 172 
3616 84 
3621 30 
3660 42 
3686 40 
3705 51 
3716 238 
3724 267 
3745 94 
3754 53 
3871 420 
3873 85 
3876 53 
3913 29 
3933 53 
3978 301 
3981 80 
3983 101 
3990 61 
4052 118 
4089 63 
4099 1575 
4111 295 
4114 226 
4134 24 
4154 13 
4161 65 
4178 75 
4186 10 
4215 91 
4216 52 
4262 41 
4324 166 
4342 3038 
4372 471 
4466 475 
4477 31 
4575 32 
4585 241 
4622 49 
4639 141 
4658 130 
4747 29 
4748 136 
4758 184 
4759 91 
4805 61 
4832 28 
4865 2210040 
4878 315 
4883 119 
4888 48 
4889 163 
4892 41 
4893 76 
4898 118 
4899 39 
4902 84 
4905 2192 
4907 23 
4907 46 
4908 91 
4909 20 
4910 18 
4915 360 
4916 214 
4917 103 
4919 1373 
4920 437 
4920 153 
4920 64 
4921 687 
4921 407 
4922 124 
4923 49 
4924 55 
4924 48 
4925 32 
4925 157 
4926 155 
4926 59 
4927 132 
4928 106 
4928 14 
4929 163 
4930 158 
4931 18 
4932 277 
4933 49 
4933 152 
4934 49 
4935 112 
4936 202 
4937 93 
4937 112 
4938 55 
4938 232 
4939 36 
4939 639 
4939 28 
4941 18 
4942 78 
4942 27 
4944 240 
4944 128 
4945 33 
4945 48 
4946 126 
4946 273 
4947 26 
4950 1099 
4951 957 
4952 61 
4954 88 
4955 74 
4955 64 
4957 116 
4957 122 
4959 35 
4959 501 
4964 18 
4967 33 
4969 80 
4970 108 
4970 284 
4970 137 
4972 44 
4972 46 
4972 131 
4973 68 
4973 36 
4974 93 
4975 158 
4975 89 
4976 157 
4976 71 
4977 296 
4977 164 
4977 361 
4979 78 
4981 109 
4981 124 
4982 93 
4984 213 
4986 89 
4988 216 
4988 385 
4988 163 
4990 44 
4990 155 
4991 76 
4992 79 
4992 245 
4993 964 
4993 34 
4993 450 
4995 2372 
4995 45 
4996 105 
4996 87 
4996 155 
4996 285 
4997 56 
4998 77 
4998 362 
4999 28 
5002 20 
5002 52 
5003 83 
5003 23 
5005 118 
5006 46 
5007 15 
5007 87 
5007 992 
5008 300 
5009 358 
5012 36 
5012 23 
5012 193 
5012 93 
5014 157 
5014 53 
5014 17 
5014 33 
5015 293 
5015 837 
5017 464 
5018 32 
5019 89 
5020 24 
5021 231 
5021 42 
5023 30 
5023 228 
5025 50 
5025 580 
5026 344 
5028 361 
5029 28 
5030 64 
5031 49 
5031 1328 
5032 108 
5036 178 
5037 107 
5038 1 
5039 216 
5039 915 
5040 80 
5040 116 
5041 112 
5043 345 
5043 533 
5044 189 
5045 151 
5048 124 
5048 318 
5049 148 
5049 147 
5049 207 
5050 56 
5050 91 
5052 93 
5056 133 
5057 77 
5060 100 
5062 0 
5064 111 
5066 18 
5067 184 
5070 714 
5071 145 
5072 169 
5072 28 
5073 288 
5080 7 
5080 128 
5083 281 
5084 408 
5084 60 
5084 44 
5085 97 
5086 15 
5089 46 
5091 60 
5091 228 
5093 45 
5093 324 
5095 42 
5096 61 
5098 253 
5102 14 
5103 40 
5103 6 
5105 520 
5106 121 
5106 53 
5110 45 
5112 477 
5112 58 
5113 1075 
5113 84 
5114 47 
5115 63 
5115 126 
5115 321 
5116 37 
5117 15 
5117 12 
5119 1809 
5122 41 
5123 65 
5126 111 
5133 130 
5133 112 
5138 16 
5138 59 
5139 74 
5139 16 
5141 183 
5142 105 
5142 145 
5143 63 
5144 67 
5145 702 
5145 70 
5152 194 
5153 27 
5154 357 
5158 10 
5160 6 
5161 31 
5165 242 
5174 11 
5175 68 
5176 91 
5177 171 
5179 161 
5181 339 
5183 468 
5184 161 
5184 89 
5185 56 
5186 282 
5189 438 
5189 48 
5191 47 
5191 102 
5191 32 
5192 144 
5192 30 
5194 8 
5195 84 
5195 31 
5196 144 
5197 199 
5198 89 
5198 128 
5200 149 
5200 30 
5202 143 
5202 269 
5204 4 
5205 119 
5214 37 
5220 389 
5221 290 
5222 103 
5223 190 
5225 134 
5227 98 
5227 50 
5228 326 
5229 21 
5229 348 
5230 180 
5231 26 
5235 132 
5237 95 
5238 71 
5240 25 
5240 41 
5242 54 
5243 4 
5244 64 
5247 126 
5248 42 
5252 64 
5252 15 
5252 184 
5254 16 
5257 52 
5258 77 
5258 180 
5260 106 
5261 74 
5266 154 
5268 330 
5269 16 
5272 96 
5276 73 
5279 7 
5281 17 
5283 70 
5283 72 
5287 107 
5291 317 
5291 496 
5293 84 
5298 80 
5299 116 
5301 67 
5305 4 
5309 248 
5312 15 
5318 40 
5318 81 
5321 481 
5321 98 
5321 147 
5323 104 
5327 25 
5329 16 
5332 50 
5347 22 
5350 177 
5351 185 
5352 162 
5354 50 
5354 193 
5358 51 
5359 35 
5363 435 
5363 29 
5364 35 
5368 102 
5370 43 
5370 88 
5371 8 
5371 46 
5372 70 
5374 39 
5375 65 
5377 49 
5377 60 
5380 110 
5381 17 
5382 13 
5383 141 
5385 525 
5388 15 
5390 19 
5390 29 
5390 183 
5392 68 
5395 75 
5396 19 
5403 239 
5405 27 
5407 106 
5408 145 
5411 30 
5411 67 
5411 105 
5415 245 
5422 56 
5422 115 
5423 5 
5430 320 
5432 423 
5433 80 
5435 1143 
5435 58 
5438 10 
5440 48 
5443 69 
5445 67 
5446 50 
5447 5 
5447 21 
5449 213 
5450 112 
5452 27 
5453 66 
5454 199 
5457 14 
5459 89 
5460 31 
5467 72 
5468 33 
5470 213 
5470 131 
5474 61 
5475 433 
5476 448 
5479 1444 
5486 27 
5494 30 
5496 480 
5497 103 
5497 300 
5498 242 
5502 14 
5505 1 
5508 34 
5510 287 
5511 2 
5512 722 
5513 111 
5513 216 
5517 39 
5521 5 
5526 212 
5530 45 
5531 160 
5536 144 
5540 90 
5540 258 
5544 22 
5551 11 
5564 238 
5573 47 
5575 19 
5576 128 
5578 96 
5578 33 
5579 405 
5587 55 
5588 46 
5589 79 
5590 67 
5590 220 
5597 41 
5600 46 
5601 7 
5603 31 
5603 105 
5605 85 
5605 41 
5606 49 
5609 1 
5613 5 
5618 106 
5625 30 
5630 12 
5631 85 
5632 171 
5636 98 
5638 138 
5639 5 
5640 27 
5644 314 
5648 469 
5659 55 
5659 82 
5668 16 
5675 23 
5678 56 
5681 43 
5683 623 
5692 14 
5693 151 
5697 146 
5709 9 
5711 72 
5717 27 
5721 10 
5727 75 
5731 205 
5734 99 
5740 26 
5743 138 
5751 2 
5755 6 
5755 85 
5760 84 
5760 477 
5761 11 
5771 0 
5771 9 
5774 73 
5777 67 
5778 16 
5782 48 
5787 40 
5788 98 
5789 105 
5806 86 
5810 123 
5812 383 
5812 49 
5820 30 
5830 14 
5836 20 
5840 249 
5841 124 
5846 658 
5849 703 
5851 59 
5858 66 
5862 225 
5873 86 
5876 29 
5880 155 
5881 39 
5882 133 
5884 40 
5893 86 
5910 49 
5915 12 
5918 38 
5923 92 
5931 26 
5935 239 
5940 1 
5945 34 
5953 0 
5958 314 
5976 80 
5978 17 
5992 26 
5998 3 
5998 170 
5999 470 
6000 111 
6003 62 
6009 56 
6022 219 
6030 44 
6031 14 
6033 68 
6039 39 
6044 388 
6049 654 
6058 159 
6064 56 
6064 6 
6070 205 
6077 192 
6078 163 
6083 89 
6107 25 
6113 101 
6127 115 
6128 364 
6129 29 
6132 28 
6147 408 
6148 13 
6151 120 
6153 119 
6158 40 
6162 40 
6163 4 
6163 14 
6163 228 
6164 47 
6177 214 
6179 534 
6185 50 
6192 509 
6200 36 
6203 959 
6206 115 
6212 237 
6215 70 
6218 72 
6222 214 
6227 97 
6230 26 
6237 66 
6240 168 
6241 0 
6245 94 
6247 42 
6260 55 
6261 16 
6264 95 
6270 213 
6271 387 
6274 1475 
6277 6 
6280 12 
6283 37 
6297 16 
6304 61 
6314 291 
6315 253 
6317 67 
6318 66 
6318 18 
6331 56 
6336 40 
6345 36 
6347 96 
6351 28 
6358 94 
6367 48 
6372 114 
6377 13 
6378 253 
6381 189 
6386 21 
6400 43 
6412 137 
6413 19 
6415 56 
6416 120 
6423 149 
6427 313 
6428 47 
6428 59 
6440 10 
6443 69 
6450 541 
6450 11 
6463 78 
6465 707 
6479 87 
6483 80 
6487 210 
6491 32 
6494 42 
6496 130 
6500 23 
6501 104 
6503 98 
6504 72 
6512 29 
6512 74 
6516 149 
6517 9 
6533 58 
6541 17 
6545 5 
6547 31 
6557 86 
6560 7 
6561 54 
6576 149 
6577 111 
6598 55 
6602 84 
6606 56 
6607 43 
6619 51 
6624 80 
6663 11 
6673 271 
6680 13 
6691 13 
6692 114 
6692 128 
6692 28 
6693 42 
6697 3 
6698 70 
6700 6 
6712 196 
6715 129 
6722 37 
6724 89 
6726 202 
6735 12 
6767 10 
6786 2591 
6788 30 
6797 4 
6803 41 
6806 118 
6807 49 
6829 65 
6829 41 
6837 420 
6840 31 
6849 115 
6849 111 
6855 354 
6857 108 
6870 114 
6875 13 
6881 25 
6910 24 
6926 11 
6939 994 
6941 50 
6944 217 
6946 53 
6947 9 
6950 119 
6962 494 
6969 114 
6973 146 
6991 105 
6994 49 
6999 519 
7013 45 
7022 37 
7025 50 
7033 49 
7046 1014 
7059 27 
7064 148 
7091 138 
7095 72 
7102 895 
7122 51 
7133 603 
7144 19 
7150 482 
7153 257 
7159 65 
7162 44 
7164 34 
7167 137 
7171 402 
7173 355 
7177 73 
7185 229 
7185 2 
7191 27 
7195 100 
7202 48 
7208 79 
7222 44 
7223 74 
7233 408 
7235 2151 
7239 36 
7253 65 
7259 249 
7272 51 
7281 124 
7290 268 
7321 164 
7334 16 
7352 28 
7352 32 
7391 33 
7398 200 
7404 16 
7408 25 
7423 68 
7427 53 
7427 177 
7428 13 
7439 188 
7448 211 
7449 189 
7450 37 
7469 87 
7480 141 
7482 482 
7493 80 
7498 7 
7503 66 
7513 34 
7532 82 
7561 49 
7561 160 
7572 263 
7585 202 
7586 15 
7599 1062 
7608 73 
7609 264 
7615 3 
7622 1005 
7629 250 
7633 124 
7643 125 
7645 16 
7680 23 
7688 86 
7692 49 
7698 143 
7705 213 
7708 17 
7709 123 
7733 14 
7751 40 
7787 36 
7789 73 
7816 8 
7819 16 
7830 37 
7836 32 
7847 79 
7869 169 
7876 98 
7878 546 
7880 249 
7884 132 
7903 174 
7909 23 
7948 19 
7964 17 
7978 47 
8008 37 
8019 800 
8022 79 
8023 69 
8033 215 
8043 56 
8048 18 
8061 1507 
8077 14 
8091 10 
8094 8 
8107 696 
8115 69 
8119 205 
8156 59 
8171 91 
8176 9 
8178 150 
8194 167 
8206 33 
8210 18 
8225 560 
8228 123 
8237 96 
8247 82 
8255 11 
8302 100 
8303 31 
8308 59 
8321 163 
8347 13 
8370 1203 
8405 33 
8421 141 
8440 96 
8442 127 
8470 116 
8480 5 
8488 75 
8491 49 
8500 41 
8511 93 
8516 54 
8520 10 
8546 16 
8560 99 
8570 86 
8593 47 
8612 23 
8621 37 
8622 84 
8636 46 
8639 58 
8645 60 
8662 168 
8664 26 
8693 14 
8717 1019 
8738 93 
8741 24 
8752 98 
8756 68 
8757 61 
8786 124 
8792 40 
8801 37 
8806 142 
8812 92 
8812 312 
8815 6 
8831 110 
8879 63 
8930 590 
8939 208 
8946 40 
8989 89 
9049 70 
9049 70 
9050 124 
9050 124 
9053 5 
9053 5 
9087 194 
9087 194 
9098 59 
9110 0 
9114 1957 
9117 28 
9125 64 
9138 0 
9142 30 
9146 20 
9172 25 
9196 25 
9219 161 
9220 79 
9239 216 
9287 0 
9308 15 
9348 72 
9357 59 
9367 168 
9383 82 
9428 99 
9428 67 
9439 27 
9454 40 
9492 138 
9514 120 
9547 28 
9564 54 
9585 30 
9616 79 
9622 6 
9641 28 
9661 29 
9688 11 
9702 77 
9711 162 
9712 48 
9741 40 
9759 161 
9759 51 
9771 32 
9779 54 
9780 3 
9802 35 
9856 644 
9877 100 
9883 11 
9889 59 
9911 86 
9912 462 
9925 57 
9950 342 
9989 326 
9991 35 
10085 165 
10105 63 
10120 15 
10126 75 
10130 616 
10135 150 
10142 46 
10192 44 
10200 32 
10261 70 
10267 703 
10298 67 
10356 62 
10363 801 
10418 39 
10495 27 
10516 355 
10527 6 
10538 5 
10549 52 
10574 266 
10579 8 
10612 404 
10635 451 
10638 23 
10687 321 
10708 763 
10750 17 
10780 328 
10838 39 
10875 95 
10879 46 
10926 46 
10932 152 
10937 0 
10944 132 
10956 264 
10992 232 
10994 22 
11010 317 
11068 83 
11070 16 
11078 85 
11092 77 
11110 16 
11127 838 
11137 348 
11166 53 
11173 48 
11206 299 
11222 98 
11238 18 
11238 10 
11244 200 
11259 44 
11299 31 
11342 74 
11360 38 
11366 89 
11400 265 
11401 41 
11428 32 
11429 695 
11444 256 
11454 51 
11498 54 
11501 193 
11511 19 
11558 279 
11569 14 
11591 15 
11592 24 
11614 198 
11631 66 
11667 18 
11713 194 
11722 26 
11820 64 
11826 3 
11833 700 
11836 55 
11837 55 
11856 85 
11894 2092 
11902 272 
11930 0 
11936 32 
11943 40 
11951 37 
11969 2308 
11975 260 
11983 12 
12001 507 
12007 256 
12039 66 
12042 61 
12141 43 
12209 113 
12214 98 
12263 44 
12288 4 
12333 113 
12335 759 
12382 44 
12420 232 
12449 41 
12450 80 
12542 161 
12543 129 
12559 57 
12596 735 
12612 20 
12644 1675863 
12647 23 
12665 23 
12680 131 
12690 105 
12693 118 
12696 168 
12696 22 
12700 230 
12710 308 
12712 103 
12712 73 
12718 7 
12718 117 
12719 301 
12732 55 
12735 53 
12738 850 
12747 64 
12749 37 
12753 15 
12757 226 
12759 48 
12763 38 
12770 36 
12772 860 
12774 325 
12775 118 
12777 165 
12783 189 
12789 129 
12794 57 
12794 43 
12797 68 
12797 30 
12800 33 
12806 197 
12807 35 
12808 51 
12822 32 
12824 109 
12826 16 
12827 55 
12828 55 
12829 40 
12831 150 
12839 84 
12840 11 
12845 508 
12846 25 
12849 178 
12850 23 
12861 55 
12866 43 
12872 164 
12874 112 
12877 42 
12888 142 
12890 29 
12893 351 
12898 109 
12903 283 
12904 53 
12906 12 
12936 26 
12938 2 
12940 267 
12951 139 
12957 1265 
12960 484 
12960 414 
12966 210 
12970 46 
12972 1231 
12993 46 
13000 31 
13003 49 
13004 2137 
13006 32 
13012 51 
13015 139 
13019 102 
13022 188 
13023 120 
13052 74 
13066 267 
13070 970 
13086 177 
13093 44 
13114 17 
13118 48 
13129 419 
13134 113 
13135 26 
13154 73 
13156 220 
13159 89 
13160 6 
13187 229 
13198 12 
13200 95 
13213 122 
13214 10 
13215 102 
13241 3 
13245 394 
13255 89 
13261 62 
13268 75 
13285 187 
13291 25 
13294 164 
13316 89 
13329 127 
13352 13 
13354 119 
13365 161 
13374 43 
13385 19 
13389 92 
13390 151 
13391 266 
13409 452 
13430 45 
13469 49 
13479 16 
13487 137 
13509 331 
13533 44 
13540 202 
13557 176 
13565 140 
13582 7 
13616 149 
13618 6 
13633 276 
13636 126 
13646 132 
13674 24 
13695 255 
13707 460 
13708 25 
13709 210 
13715 60 
13720 2 
13769 104 
13772 15 
13776 64 
13784 84 
13788 67 
13795 165 
13796 30 
13797 209 
13821 113 
13840 219 
13870 359 
13874 254 
13896 183 
13920 18 
13922 78 
13926 16 
13935 73 
13950 147 
13955 17 
13999 143 
14008 10 
14012 112 
14019 308 
14021 306 
14094 50 
14112 698 
14232 71 
14233 9 
14247 1009 
14275 116 
14325 25 
14337 67 
14344 12 
14371 59 
14372 3 
14431 2 
14459 255 
14539 136 
14554 11 
14556 64 
14600 52 
14646 223 
14652 88 
14667 54 
14674 14 
14675 223 
14686 45 
14716 117 
14717 1369 
14720 1585 
14729 81 
14730 1038 
14772 303 
14815 10 
14815 511 
14826 0 
14827 52 
14844 282 
14845 43 
14915 518 
14916 12 
14923 261 
14924 7 
14953 17 
14956 173 
14986 59 
14989 43 
14991 13 
14996 131 
15003 18 
15022 90 
15026 302 
15029 0 
15046 17 
15051 90 
15055 16 
15091 50 
15123 196 
15140 31 
15166 829 
15212 28 
15215 25 
15252 13 
15253 228 
15283 93 
15294 165 
15300 59 
15356 14 
15364 175 
15400 225 
15422 59 
15427 2 
15437 71 
15455 13 
15497 87 
15536 32 
15644 75 
15676 65 
15684 27 
15760 213 
15846 106 
15868 743 
15874 320 
15903 14 
15909 8 
15941 28 
16054 8 
16142 68 
16158 172 
16178 71 
16181 69 
16215 46 
16259 158 
16297 74 
16298 19 
16367 16 
16388 66 
16418 172 
16450 46 
16465 2 
16569 185 
16593 197 
16602 91 
16615 96 
16684 10 
16694 379 
16774 201 
16776 45 
16885 852 
16933 1 
16940 25 
16950 103 
16958 22 
16971 35 
16974 219 
17066 3 
17200 20 
17264 1678 
17268 123 
17276 36 
17321 15 
17321 48 
17333 2 
17347 115 
17352 153 
17355 12 
17410 75 
17412 37 
17415 7 
17423 151 
17427 164 
17437 82 
17445 25 
17454 0 
17492 45 
17520 57 
17543 68 
17622 70 
17624 21 
17727 92 
17824 13 
17829 79 
17839 21 
17841 13 
17939 23 
18012 130 
18019 7 
18121 13 
18221 29 
18222 2 
18236 48 
18304 48 
18379 123 
18385 32 
18430 44 
18440 48 
18442 17 
18552 280 
18561 48 
18601 184 
18644 87 
18646 72 
18820 102 
18834 7 
18880 53 
18888 15 
18891 34 
18901 21 
18906 84 
18909 123 
18911 81 
18924 358 
18931 19 
18965 344 
19007 171 
19055 31 
19060 40 
19131 220 
19239 10 
19275 8 
19306 17 
19356 11 
19370 50 
19372 16 
19498 40 
19521 15 
19557 127 
19661 18 
19696 16 
19846 13 
19972 81 
20017 17 
20090 81 
20145 78 
20180 25 
20271 103 
20282 228 
20285 44 
20291 107 
20318 10 
20462 50 
20464 92 
20570 18 
20632 10 
20634 42 
20647 33 
20697 14 
20736 38 
20767 70 
20775 7 
20837 132 
20840 13 
20843 48 
20845 62 
20847 8 
20849 27 
20868 35 
20908 28 
21033 49 
21037 76 
21060 68 
21096 31 
21207 40 
21209 14 
21223 58 
21244 45 
21376 24 
21414 97 
21449 51 
21514 144 
21516 5 
21592 229 
21612 10 
21705 25 
21762 102 
21871 60 
22052 262 
22071 138 
22132 17 
22232 23 
22246 28 
22271 3 
22280 16 
22305 56 
22307 20 
22352 16 
22407 104 
22438 23 
22474 517 
22506 55 
22591 28 
22635 32 
22640 69 
22672 73 
22680 43 
22747 49 
22749 35 
22792 656 
22900 44 
22914 47 
22921 62 
22942 55 
22948 43 
22997 7 
23001 16 
23114 9 
23181 8 
23197 12 
23228 28 
23233 2 
23237 33 
23290 457 
23329 27 
23498 61 
23554 24 
23566 114 
23642 128 
23677 97 
23700 79 
23776 18 
23780 99 
23812 25 
23826 15 
23892 8 
23917 742 
24007 36 
24007 36 
24030 112 
24030 112 
24038 96 
24038 96 
24052 27 
24052 27 
24090 20 
24093 85 
24096 112 
24130 30 
24158 11 
24160 68 
24170 21 
24171 16 
24210 21 
24237 25 
24277 48 
24278 5 
24327 25 
24432 80 
24441 96 
24514 9 
24539 91 
24707 129 
25009 12 
25084 92 
25095 20 
25121 29 
25154 68 
25172 138 
25195 19 
25209 74 
25220 14 
25232 12 
25288 1030 
25298 16 
25309 55 
25361 51 
25478 45 
25479 13 
25532 48 
25548 33 
25555 66 
25581 26 
25592 83 
25635 99 
25672 65 
25701 32 
25706 37 
25710 16 
25717 81 
25722 8 
25731 141 
25780 54 
25781 62 
25811 95 
25831 61 
25994 79 
26026 144 
26031 68 
26052 105 
26063 7 
26076 50 
26100 46 
26202 66 
26248 42 
26249 122 
26254 37 
26255 20 
26298 173 
26374 4 
26402 45 
26424 6 
26445 6 
26568 4 
26655 56 
26707 47 
26709 623 
26811 124 
26884 51 
26933 57 
26998 118 
27069 43 
27071 29 
27102 3 
27118 18 
27152 36 
27278 19 
27340 0 
27403 27 
27404 73 
27427 11 
27593 5 
27606 25 
28074 106 
28080 9 
28119 36 
28192 104 
28262 31 
28263 49 
28268 88 
28317 0 
28331 164 
28335 70 
28358 9 
28380 49 
28401 24 
28446 35 
28637 14 
28696 10 
28715 3 
28758 31 
28925 418 
28926 55 
29095 10 
29148 48 
29197 49 
29204 95 
29345 4 
29485 48 
29571 2 
29597 52 
29880 72 
30037 43 
30128 101 
30136 18 
30271 85 
30316 34 
30378 8 
30416 247 
30553 18 
30591 60 
30643 36 
30755 9 
30759 43 
30772 60 
30860 293 
30873 74 
30939 17 
30948 38 
31018 9 
31028 63 
31058 36 
31073 74 
31083 66 
31142 48 
31187 225 
31279 69 
31326 18 
31343 68 
31396 16 
31400 13 
31464 43 
31467 36 
31500 33 
31537 50 
31562 61 
31599 49 
31724 91 
31743 34 
31781 17 
31833 10 
31845 152 
31897 480 
31907 0 
31910 290 
31914 20 
31921 530 
32039 15 
32111 176 
32132 94 
32223 18 
32277 10 
32322 1 
32407 6 
32415 12 
32461 9 
32488 45 
32523 250 
32530 104 
32673 18 
32734 9 
32746 71 
32748 8 
32776 120 
32788 8 
32820 15 
32852 42 
32854 4 
32864 35 
32894 34 
32940 183 
33009 39 
33011 68 
33022 9 
33023 37 
33036 12 
33059 2 
33106 111 
33118 25 
33158 52 
33186 142 
33194 214 
33229 77 
33285 4 
33324 60 
33328 18 
33345 7 
33384 7 
33525 9 
33599 25 
33627 32 
33746 65 
33747 30 
33752 52 
33761 16 
33781 76 
33829 28 
33914 70 
33928 585 
33959 144 
33965 15 
34012 24 
34060 15 
34129 20 
34183 92 
34227 61 
34256 400 
34280 0 
34427 223 
34446 24 
34563 37 
34609 76 
34610 218 
34664 72 
34700 42 
34744 33 
34812 59 
34818 30 
34869 13 
34914 9 
34991 98 
34994 486 
35182 65 
35214 133 
35479 40 
35562 105 
35568 41 
35677 22 
35755 144 
35804 1778 
35863 8 
35865 87 
35897 109 
35996 635 
36003 132 
36285 140 
36446 31 
36633 1 
36640 26 
36722 16 
36768 108 
36926 17 
36960 22 
37187 11 
37478 8 
37489 59 
37581 66 
37635 283 
37643 51 
37660 6 
37722 23 
37857 101 
37878 134 
37986 58 
38000 11 
38025 97 
38202 35 
38203 1 
38255 28 
38265 7 
38280 438 
38338 34 
38390 15 
38507 4 
38559 45 
38611 94 
38632 57 
38731 63 
38759 76 
38865 81 
38895 16 
39152 22 
39236 772 
39346 162 
39448 2 
39454 111 
39475 14 
39515 10 
39535 35 
39570 192 
39608 2 
39634 11 
39780 123 
39807 140 
39860 130 
40205 218 
40250 25 
40254 16 
40307 75 
40424 22 
40436 51 
40538 48 
40848 14 
40908 109 
41105 9 
41349 3 
41405 94 
41424 0 
41425 194 
41452 3 
41513 19 
41738 19 
41899 167 
42133 17 
42136 42 
42180 17 
42311 5 
42413 35 
42525 23 
42539 68 
42642 65 
42832 24 
43168 47 
43207 2 
43207 8 
43358 201 
43452 16 
43655 53 
43732 6 
43786 1610 
43795 35 
43932 56 
44022 197 
44049 24 
44410 325 
44468 543 
44511 301 
44557 603 
44770 496 
44777 15 
44799 195 
44879 21 
44905 1 
45235 70 
45432 9 
45736 11 
45883 58 
46103 1666 
46291 55 
46487 83 
46914 30 
47020 24 
47225 62 
47447 50 
47468 26 
47601 9 
47985 8 
48137 79 
48418 45 
48498 1 
48551 11 
48874 10 
49243 86 
49350 17 
49422 499 
49572 218 
49830 435 
50065 144 
50075 144 
50258 133 
50485 24 
50528 6 
50660 411 
50663 417 
51344 36 
51420 56 
52151 89 
52876 5229 
52885 48 
53233 64 
53291 28 
53380 19 
53725 100 
53785 47 
53839 16 
54035 6 
54763 46 
55004 24 
55145 40 
55246 179 
55757 41 
56209 4 
56515 29 
56944 83 
57085 179 
57325 20 
57665 731 
57780 70 
57852 60 
57971 31 
57999 24 
58266 13 
58594 8 
58824 166 
58980 276 
59087 220 
59129 83 
59250 40 
59949 15 
60285 107 
60577 149 
60800 340 
60996 468 
61045 28 
61056 156 
61113 88 
62338 2 
62537 345 
62615 9 
62691 10 
62761 49 
62810 56 
62850 15 
63443 31 
63484 41 
63640 23 
63851 2 
64017 12 
64307 142 
65441 67 
65781 70 
66411 75 
66671 3 
67281 188 
68445 21 
69678 329 
69749 326 
69857 29 
69946 175 
69964 4 
70001 36 
70622 126 
70826 24 
71483 67 
71666 78 
71703 1 
71847 78 
72608 2 
72625 49 
72928 47 
73007 10 
73563 151 
73845 19789 
74040 622 
74115 34 
75046 113 
76360 24 
76613 20 
76964 9 
76990 196 
77268 64 
77424 12 
78029 7 
80592 9 
80799 86 
81438 19 
82165 54 
84831 6 
85329 68 
85998 248 
86324 65 
86341 74 
86412 526 
88180 357 
88209 36 
88851 20 
89239 35 
89790 227 
90089 11 
90521 69 
91603 2 
91833 1915 
92649 70 
92836 38 
93375 64 
93455 2 
93456 24 
93487 67 
93907 615 
95732 98 
96809 90 
97152 41 
99124 12 
99508 3 
104610 499 
104728 56 
109486 106 
111842 18 
112833 111 
113643 334 
114752 27 
115796 89 
116019 18 
117159 145 
117500 132 
117625 7 
118182 105 
118471 23 
120800 9 
122241 35 
122769 10 
122963 4 
126207 88 
130653 49 
131416 4 
140758 141 
141662 37 
143712 44 
145484 60 
148394 18 
150071 505 
153581 40 
154004 107 
160209 395 
166251 94 
174150 223 
174857 476 
177461 15 
177971 3 
180230 28 
185365 502 
185376 260 
195036 18 
202919 1154 
203189 0 
205030 39 
211159 0 
223589 132 
224788 223 
230433 1045 
230917 78 
231532 179 
237868 21 
238167 56 
248932 292 
260915 296 
275996 8 
278474 19 
281913 53 
298346 4 
302441 180 
302673 26 
318483 474 
319407 19 
341727 460 
346364 219 
346498 439 
347020 179 
358298 163 
390159 19 
406609 71 
410016 30 
437043 173 
462799 35 
470181 5 
482495 26 
515804 99 
517552 40 
519770 26 
556665 105 
558774 110 
559930 116 
596442 1113 
