2040 6.69177083333
0 4631860 
6 862 
8 867 
9 2284 
10 598 
10 47 
10 420 
14 2066 
16 183 
18 417 
20 91 
21 67 
23 186 
23 1401 
24 117 
26 182 
26 415 
26 9129 
26 92 
26 1500 
27 849 
27 1451 
27 1223 
28 626 
28 987 
29 161 
29 683 
29 12 
30 1180 
30 77 
30 526 
32 56 
32 238 
32 689 
32 220 
32 800 
33 40 
35 156 
35 215 
35 425 
36 224 
37 56 
37 680 
38 114 
38 109 
39 966 
39 316 
39 528 
40 159 
41 383 
41 811 
41 212 
42 69 
43 1349 
43 275 
44 2711 
44 216 
44 366 
44 202 
45 203 
45 101 
45 54 
45 24 
45 1310 
45 25 
45 971 
46 452 
46 1056 
47 431 
47 86 
47 136 
47 364 
47 556 
48 270 
48 7824 
50 404 
51 292 
51 962 
51 285 
52 39 
52 1601 
52 2183 
53 559 
56 634 
57 459 
57 2015 
57 459 
58 211 
59 86 
60 7 
60 234 
60 300 
60 3202 
60 250 
61 3735 
61 324 
61 684 
62 1190 
62 1137 
64 86 
64 109 
64 930 
65 1473 
65 135 
65 225 
65 159 
66 115 
67 26 
67 486 
67 57 
67 177 
67 1084 
67 701 
67 492 
69 812 
69 371 
69 127 
70 101 
70 66 
70 1527 
71 204 
71 1777 
71 319 
72 235 
73 2427 
75 806 
78 192 
80 694 
80 77 
82 613 
82 515 
82 443 
83 190 
83 2001 
83 614 
84 7995 
85 1 
85 55 
86 1359 
87 486 
87 90 
88 37 
88 43 
89 204 
89 16 
89 129 
89 56 
90 531 
90 347 
91 1710 
91 1955 
91 104 
92 2777 
93 2044 
94 339 
95 335 
96 684 
96 119 
96 1280 
97 164 
98 150 
98 294 
99 1074 
99 530 
100 1504 
101 312 
101 42 
102 77 
103 233 
104 53 
105 612 
106 182 
106 119 
107 82 
108 90 
108 1076 
109 145 
109 148 
109 27 
109 559 
110 14 
113 186 
113 183 
113 1444 
114 98 
114 449 
114 207 
115 423 
115 3821 
116 2505 
118 1084 
120 563 
120 367 
120 242 
120 541 
121 263 
121 1004 
122 656 
122 1 
123 76 
123 78 
123 168 
123 807 
125 46 
125 481 
125 5 
126 230 
129 115 
129 277 
130 552 
131 138 
131 94 
133 728 
133 164 
136 496 
136 82 
137 95 
137 21 
138 2166 
138 122 
138 37 
139 2523 
140 145 
143 71 
143 280 
145 4 
146 100 
147 241 
147 810 
147 618 
148 1308 
149 192 
154 217 
155 714 
157 746 
157 11 
159 474 
160 200 
162 124 
163 5 
163 94 
163 778 
164 3997 
164 626 
169 450 
170 2103 
170 150 
171 721 
171 26 
171 1122 
174 61 
176 4187 
176 146 
180 1429 
181 45 
182 43 
183 1426 
188 467 
188 1548 
190 2504 
190 510 
191 733 
193 71 
193 9 
194 2301 
196 238 
201 572 
202 27 
206 669 
208 23 
213 83 
216 73 
220 69 
222 182 
226 434 
232 2820 
233 1250 
233 210 
234 94 
234 259 
235 512 
236 1488 
243 266 
245 768 
245 8 
245 208 
247 290 
247 745 
251 860 
252 74 
255 1352 
256 265 
256 1254 
258 388 
259 472 
260 388 
260 1083 
268 272 
268 871 
274 1242 
275 261 
277 207 
278 408 
281 575 
285 4 
286 42 
287 296 
289 347 
289 1325 
289 1939 
291 491 
292 3361 
308 186 
311 782 
316 1555 
319 654 
319 107 
321 1162 
323 108 
325 545 
328 418 
330 113 
331 339 
334 575 
336 179 
341 1060 
342 521 
346 108 
351 1553 
351 1753 
354 333 
355 1537 
359 1293 
365 1605 
366 125 
371 66 
375 26 
377 3986 
378 4563 
379 437 
380 159 
380 4737 
384 49 
388 388 
390 245 
393 843 
394 154 
398 158 
402 170 
402 1160 
402 515 
403 451 
404 148 
405 101 
409 1256 
413 211 
413 12 
413 784 
415 26 
421 149 
434 144 
435 1989 
438 346 
438 1861 
439 83 
439 365 
446 281 
451 1344 
452 152 
461 1277 
461 420 
465 176 
467 342 
473 211 
476 811 
483 3437 
484 4 
486 375 
493 160 
496 8 
496 1015 
499 1095 
502 5 
506 239 
507 23 
517 3293 
518 222 
521 1267 
528 1504 
529 466 
532 94 
543 1486 
544 4 
550 282 
552 2843 
569 1225 
571 91 
575 1216 
578 23 
578 376 
579 4358 
596 11 
600 2674 
608 156 
609 13 
611 183 
615 71 
619 230 
631 13 
634 250 
637 45 
659 495 
672 239 
678 1227 
690 281 
691 355 
704 599 
709 1083 
714 202 
722 150 
722 1 
725 23 
728 178 
729 234 
734 4 
734 37 
734 7220 
742 224 
747 254 
753 559 
754 935 
755 530 
761 59 
775 1393 
776 152 
780 1188 
781 565 
783 76 
786 111 
787 1324 
794 1921 
796 21 
798 309 
804 1439 
804 270 
807 662 
813 180 
817 92 
822 395 
823 297 
823 128 
824 68 
825 1021 
832 89 
832 2387 
833 68 
847 462 
855 131 
866 44 
869 91 
883 835 
895 1742 
895 117 
901 144 
906 153 
911 189 
911 73 
913 137 
923 309 
930 240 
935 748 
937 1503 
937 283 
938 850 
940 708 
941 5006 
947 1144 
958 1901 
958 2384 
959 596 
962 250 
963 125 
966 1271 
967 211 
978 113 
982 237 
984 536 
1016 5118 
1018 329 
1023 64 
1023 782 
1027 1 
1027 171 
1030 48 
1042 323 
1045 2480 
1057 2337 
1058 89 
1066 983 
1066 1542 
1071 87 
1073 3860 
1074 13 
1082 238 
1084 282 
1085 187 
1091 545 
1097 80 
1114 154 
1115 151 
1116 178 
1118 2405 
1118 17 
1144 275 
1148 1546 
1153 281 
1164 1015 
1180 255 
1183 746 
1191 2436 
1207 289 
1219 1224 
1220 2651 
1225 1337 
1249 74 
1252 967 
1259 90 
1273 151 
1282 5 
1283 756 
1288 172 
1296 1224 
1327 1438 
1332 205 
1338 410 
1381 523 
1401 1257 
1420 30 
1426 1218 
1434 206 
1439 265 
1457 8678 
1459 7173 
1460 2199 
1465 2061 
1467 281 
1476 3508 
1485 3646 
1485 906 
1501 0 
1503 1558 
1504 10 
1510 1108 
1511 114 
1512 17523 
1530 1 
1535 525 
1538 1247 
1551 726 
1571 1052 
1622 578 
1651 3417 
1651 102 
1696 3091 
1697 178 
1700 6271 
1716 146 
1721 111 
1734 226 
1755 15 
1756 2900 
1756 84 
1778 202 
1783 169 
1787 72 
1807 42 
1819 788 
1832 1434 
1853 277 
1853 142 
1860 240 
1868 1201 
1877 156 
1904 226 
1913 3681 
1914 70 
1925 492 
1925 1625 
1928 66 
1944 510 
1948 28757 
1952 1167 
1973 111 
1979 1318 
1980 230 
1991 321 
1992 155 
1994 666 
1997 1890 
2037 2378 
2040 97 
2044 885 
2049 1675 
2051 1950 
2065 1260 
2068 430 
2068 1942 
2070 9841 
2080 263 
2081 1078 
2085 21 
2089 23 
2089 259 
2092 408 
2106 412 
2109 3 
2114 245 
2126 99 
2136 328 
2164 1765 
2166 159 
2181 23 
2193 37 
2206 632 
2239 536 
2253 44 
2284 399 
2286 1129 
2300 2165 
2326 642 
2335 132 
2336 1 
2348 2432 
2350 1430 
2351 201 
2371 241 
2372 41 
2385 42 
2419 15 
2421 131 
2434 52 
2442 442 
2475 5011 
2480 0 
2483 202 
2491 529 
2512 1574 
2527 3573 
2546 767 
2570 615 
2572 56 
2574 1013 
2575 2399 
2588 2138 
2608 10 
2618 65 
2625 462 
2640 2981 
2642 1819 
2644 1663 
2671 1637 
2674 1486 
2675 1221 
2686 262 
2696 2106 
2707 148 
2719 484 
2730 305 
2748 693 
2753 1434 
2754 193 
2756 295 
2757 763 
2764 519 
2779 1668 
2785 302 
2797 226 
2812 75571 
2819 2499 
2827 107 
2836 316 
2842 199 
2843 85 
2853 222 
2853 843 
2855 1009 
2867 107 
2876 1836 
2887 564 
2898 1676 
2905 34 
2906 159 
2907 2170 
2917 589 
2922 1633 
2933 1204 
2945 220 
2946 965 
2949 1178 
2951 322 
2972 1156 
2987 1289 
2997 170 
3010 182 
3023 1996 
3039 4100 
3050 27 
3057 510 
3057 15 
3058 3051 
3063 200 
3067 4062 
3070 144 
3078 91 
3090 23 
3099 32 
3105 86 
3106 6374 
3109 114 
3111 2184 
3124 300 
3137 760 
3147 3112 
3151 2764 
3178 650 
3188 326 
3196 1046 
3241 856 
3258 1936 
3266 2488 
3276 3418 
3279 9 
3297 354 
3299 450 
3303 195 
3307 1436 
3316 793 
3344 567 
3355 1082 
3360 2086 
3360 319 
3364 26598 
3365 525 
3378 171 
3406 2373 
3443 376 
3443 64 
3445 180 
3455 366 
3460 52 
3467 292 
3486 372 
3511 36 
3564 30 
3624 692 
3639 91 
3642 885 
3675 267 
3680 108 
3688 9139 
3699 177 
3716 372 
3731 185 
3745 657 
3747 186 
3748 533 
3768 129 
3779 375 
3780 692 
3792 534 
3805 733 
3816 16687 
3823 896 
3827 191 
3867 132 
3902 573 
3903 146 
3903 448 
3932 70 
3946 1296 
3948 1541 
3951 854 
3954 809 
3980 297 
4004 1980 
4047 265 
4124 271 
4134 27318 
4201 215 
4223 1280 
4261 2626 
4279 105 
4282 34 
4288 28 
4322 187 
4327 252 
4358 1654 
4363 930 
4382 5637 
4387 42 
4387 41 
4393 93 
4397 42 
4405 47 
4432 384 
4466 1479 
4473 555 
4490 718 
4502 1077 
4508 2115 
4532 271 
4564 417678 
4575 709 
4576 940 
4596 171 
4643 2835 
4649 873 
4649 809 
4650 684 
4650 2921 
4666 1971 
4680 1143 
4693 3030 
4717 151 
4723 385 
4760 108 
4775 5116 
4809 7 
4810 3853 
4814 498 
4816 746 
4839 124 
4882 462 
4887 937 
4934 886 
4948 1264 
5059 177 
5073 907 
5080 147 
5082 53 
5174 577 
5192 420 
5232 82 
5250 705 
5285 155 
5299 1063 
5301 68 
5322 1001 
5332 2890 
5337 301 
5337 851 
5353 20531 
5371 1471 
5373 1899 
5379 1742 
5383 725 
5419 453 
5422 93 
5432 7993 
5435 1230 
5485 329 
5487 11039 
5498 677 
5507 230 
5520 577 
5526 1106 
5530 435 
5538 3815 
5546 83 
5590 704 
5600 1555 
5632 6067 
5637 580 
5641 242 
5678 2482 
5684 4823 
5684 157 
5689 741 
5708 49 
5711 633 
5721 218 
5730 1281 
5746 804 
5750 924 
5751 451 
5770 1244 
5815 1564 
5828 1185 
5868 952 
5888 950 
5902 905 
5906 166 
5923 191 
5927 341 
5957 1837 
5985 2813 
6000 457 
6025 1363 
6039 171 
6066 71 
6068 1594 
6081 1408 
6094 2467 
6095 609 
6106 1690 
6134 67 
6139 489 
6143 127 
6146 1193 
6153 159 
6153 606 
6158 1151 
6164 231 
6172 4 
6174 216 
6190 4231 
6222 522 
6233 1971 
6289 2752 
6335 235 
6338 785 
6342 487 
6349 591 
6352 1547 
6404 3 
6414 968 
6503 1479 
6510 66 
6521 75 
6531 454 
6540 132 
6548 333 
6587 97 
6588 230 
6595 53 
6601 954 
6638 261 
6639 528 
6643 768 
6647 448 
6661 970 
6664 167 
6703 1684 
6707 318 
6707 532 
6739 879 
6791 332 
6826 900 
6851 16133 
6854 1034 
6911 596 
6914 296 
6923 1420 
6954 578 
6965 1175 
7017 110 
7070 331 
7090 840 
7144 2812 
7206 767 
7210 1665 
7229 1456 
7235 857 
7285 4514 
7311 48 
7319 683 
7348 1304 
7379 730 
7397 87 
7418 37 
7419 993 
7424 1556 
7486 1432 
7553 606 
7576 636 
7594 966 
7620 220 
7630 1964 
7636 441 
7656 3049 
7675 1397 
7726 2394 
7738 953 
7780 1103 
7806 1418 
7808 1495 
7845 3125 
7848 1397 
7856 26 
7907 627 
7916 18 
7926 1492 
7933 1099 
7945 1847 
7970 156 
8005 476 
8017 957 
8027 557 
8033 1723 
8115 6727 
8118 3252 
8139 1313 
8148 405 
8169 207 
8206 330 
8247 1493 
8254 13562 
8266 1295 
8283 98 
8305 880 
8321 949 
8326 40 
8378 126 
8404 1693 
8411 901 
8456 107 
8462 3057 
8509 1373 
8522 70 
8526 469 
8552 863 
8577 2755 
8578 546 
8580 516 
8596 135 
8596 357 
8647 418 
8702 1363 
8704 2101 
8720 424 
8734 1720 
8753 364 
8755 185 
8758 488 
8774 1654 
8781 453 
8812 536 
8859 581 
8861 709 
8913 5 
8913 5 
8915 393 
8915 261 
8915 393 
8915 261 
8992 2499 
9038 350 
9045 276 
9079 763 
9079 428 
9082 546 
9113 6131 
9121 1600 
9147 333 
9182 128 
9191 1570 
9196 242 
9208 8 
9230 7417 
9286 1912 
9298 245 
9334 364 
9351 1761 
9372 457 
9376 348 
9390 190 
9468 1061 
9483 2425 
9489 1206 
9493 8974 
9522 260 
9550 1 
9583 302 
9586 563 
9639 244 
9650 1768 
9694 144 
9703 639 
9719 477 
9863 562 
9867 2222 
9870 769 
9870 980 
9882 189 
9905 1204 
9973 74 
9980 289 
9989 21 
10023 171 
10047 22692 
10063 1121 
10065 108 
10084 3369 
10094 342 
10142 264 
10174 839 
10211 2354 
10257 98 
10280 531 
10295 533 
10311 1090 
10348 1971 
10368 1499 
10417 7592 
10512 1413 
10553 143 
10561 2215 
10627 289 
10642 2319 
10649 447 
10654 2044 
10711 1147 
10783 62 
10784 1310 
10802 2261 
10805 1303 
10806 29 
10814 24 
10875 13 
10917 2775 
10922 3764 
10949 1815 
10963 125 
11021 170 
11153 196 
11157 131 
11167 3592 
11186 768 
11285 159 
11310 625 
11324 573 
11357 7086 
11386 2664 
11411 41 
11426 211 
11435 1104 
11444 1088 
11465 1199 
11483 168 
11484 835 
11496 1229 
11576 699 
11595 255 
11615 270 
11646 110 
11716 13 
11792 186 
11804 250 
11880 922 
11882 295 
11949 786 
11951 2827 
11976 1280 
12132 2738 
12208 2884 
12220 1430 
12228 1906 
12236 809 
12280 1615 
12327 105 
12340 104 
12341 738 
12409 1 
12419 358 
12428 909 
12438 45 
12463 143 
12490 2294 
12493 2391 
12500 1032 
12505 847 
12506 409 
12508 612 
12510 3224 
12539 253 
12682 1172 
12727 664 
12783 252 
12793 929 
12856 3893 
12857 635 
12883 2025 
12884 1860 
12911 498 
12980 380 
13014 1349 
13026 1434 
13041 73 
13043 1959 
13048 3571 
13067 1939 
13116 228 
13134 501 
13149 1265 
13158 1265 
13177 127 
13202 47 
13209 395 
13238 92 
13257 1918 
13320 3570 
13388 293 
13434 164 
13452 2935 
13526 2763 
13625 197 
13705 71 
13727 23 
13741 1968 
13749 397 
13800 481 
13830 6220 
13896 1589 
13899 130 
13922 803 
13954 949 
13981 2246 
14005 631 
14053 704 
14112 24 
14135 287 
14137 1599 
14195 60 
14235 1096 
14295 523 
14298 5210 
14305 2888 
14336 8426 
14394 1382 
14411 9295 
14412 1272 
14445 1456 
14473 184 
14542 10496 
14543 197 
14580 817 
14661 463 
14669 1855 
14742 504 
14794 2924 
14831 850 
14844 440 
14861 109 
14959 1307 
15021 239 
15053 456 
15057 2429 
15124 9 
15225 597 
15225 104 
15228 717 
15250 155 
15259 801 
15268 305 
15302 574 
15326 3752 
15347 334 
15374 322 
15404 182 
15428 38 
15458 776 
15470 1556 
15476 3393 
15497 181 
15568 121 
15584 131 
15584 757 
15591 478 
15610 355 
15614 1045 
15621 151 
15634 5310 
15742 1805 
15754 253 
15761 5554 
15774 672 
15780 1734 
15791 1663 
15796 12097 
15871 1055 
15878 3316 
15929 1232 
16019 423 
16022 1388 
16045 801 
16065 1405 
16069 764 
16071 384 
16098 360 
16113 1409 
16157 1290 
16190 926 
16226 10 
16228 4389 
16336 604 
16374 1367 
16377 122 
16467 1785 
16474 856 
16599 1286 
16890 613 
16912 8094 
16918 874 
16986 47 
17015 622 
17017 89 
17021 2490 
17056 1220 
17062 1518 
17081 2082 
17084 531 
17090 533 
17101 2823 
17167 1353 
17179 1001 
17196 3910 
17199 928 
17234 252 
17244 790 
17406 861 
17428 1749 
17447 1672 
17460 49 
17466 6 
17472 458 
17518 303 
17519 2181 
17544 288 
17585 88 
17600 2050 
17604 268 
17669 80 
17731 898 
17849 1572 
17850 1309 
17864 268 
17886 657 
17912 601 
17942 14249 
17968 1148 
17999 1265 
18000 1559 
18014 1499 
18072 1687 
18090 2389 
18154 1627 
18231 335 
18311 144 
18543 194 
18544 4266 
18568 2277 
18630 520 
18651 2470 
18715 30 
18778 12 
18879 3042 
18926 161 
18985 755 
18989 1279 
19050 301 
19072 475 
19088 2365 
19146 824 
19164 630 
19167 3603 
19208 223 
19238 916 
19258 121 
19448 1660 
19493 3251 
19560 5153 
19622 2481 
19671 367 
19681 3465 
19698 236 
19765 163 
19773 62 
19793 260 
19886 6815 
19904 586 
20026 300 
20083 637 
20134 594 
20150 1554 
20213 1079 
20274 267 
20511 1338 
20530 1890 
20581 2314 
20607 975 
20611 238 
20651 61 
20820 512 
20904 238 
20924 159 
20954 1524 
20957 401 
20959 134 
21075 6 
21112 1324 
21128 358 
21148 2530 
21149 392 
21163 325 
21178 235 
21204 102 
21249 3171 
21287 416 
21313 546 
21325 67 
21358 1637 
21363 204 
21391 1976 
21395 1417 
21451 2367 
21478 26 
21479 1558 
21616 418 
21650 2963 
21757 223 
21775 46 
21787 98 
21815 1273 
21816 973 
21824 16 
21841 2980 
21876 1147 
21997 148 
22189 330 
22271 22 
22283 290 
32840 690 
32902 196 
32958 189 
33071 185 
33142 639 
33156 3066 
33792 646 
33863 82 
33901 106 
33964 3689 
34130 478 
34139 1507 
34378 407 
34515 1594 
34554 37 
34565 207 
34567 1019 
34642 355 
34874 290 
34876 389 
34879 179 
34891 61 
34929 267 
34992 2596 
34998 1590 
35028 2076 
35090 1130 
35268 1604 
35389 218 
35468 577 
35474 903 
35817 560 
35995 56 
36035 1212 
36138 1049 
36413 654 
36549 236 
36623 152 
36677 97 
36684 699 
36796 3799 
36926 576 
37212 103 
37483 539 
37569 944 
37706 4184 
37706 917 
37755 1655 
37832 379 
38138 1237 
38223 422 
38232 19306 
38413 784 
38423 1794 
38645 163 
38906 151 
39036 1302 
39317 494 
39661 4605 
40064 1584 
40183 106 
40187 632 
40344 1922 
40770 804 
40978 384 
42110 1755 
42253 350 
42300 817 
42532 210 
42705 352 
43171 1831 
43409 469 
43458 473 
43876 1015 
43928 206 
44060 1569 
44133 831 
44393 1 
44514 22 
44674 912 
44875 123 
45125 137 
45150 1089 
45274 488 
45621 89 
45730 2551 
46041 3 
46061 397 
46137 658 
46297 11631 
46342 475 
46359 131 
46458 354 
46473 3828 
46740 2049 
46945 405 
47012 284 
47056 90 
47215 2739 
47406 173 
47736 2064 
47797 4589 
47806 782 
48224 149 
48382 76 
48383 1722 
48461 144 
49462 195 
49531 1131 
49793 514 
49886 1520 
50158 144 
51762 1455 
52101 1301 
52172 1952 
52518 1203 
53151 1443 
53424 163 
53472 148 
53505 142 
55051 1156 
55341 0 
56106 554 
56461 16505 
56610 1019 
56700 16505 
57192 205 
57386 1 
57521 213 
57658 164 
59048 118 
59144 688 
59186 136 
59379 1585 
59574 38 
60113 286 
60154 1032 
60904 307 
61001 87 
61270 291 
61354 410 
62413 2254 
62797 462 
62845 195 
63161 16 
63663 284 
63819 507 
64099 221 
64756 500 
64827 868 
65015 335 
65155 487 
65170 15604 
65179 51 
65362 423 
65519 872 
65738 130 
66100 876 
66134 24 
66265 385 
66496 2171 
66762 3123 
67400 557 
67403 1356 
68167 220 
68167 220 
68172 596 
68172 596 
68613 173 
68731 11 
69574 157 
69655 161 
69703 769 
71666 480 
72603 170 
72924 617 
73776 122 
74186 295 
75739 933 
75965 87 
76033 2149 
76230 76 
76912 1719 
76950 1333 
77505 1010 
77566 107 
77739 270 
77762 182 
77830 555 
78166 526 
78564 609 
78715 1090 
79203 211 
79352 2907 
79384 1424 
79419 260 
80626 180 
80682 471 
80846 315 
80855 480 
81005 679 
81288 663 
81577 2136 
82051 293 
82083 1470 
82777 213 
83109 77 
83121 2561 
83320 7 
83329 906 
83566 555 
83566 555 
83917 737 
84055 1117 
84159 573 
84180 3509 
84363 33 
84393 1736 
84425 478 
84608 143 
84816 924 
84877 617 
84950 74 
84955 792 
85384 1412 
85506 1554 
85762 234 
85877 448 
86202 63 
86219 1186 
86241 306 
86249 404 
86557 490 
86618 1229 
86697 1370 
86740 1678 
86776 41 
87057 71 
87072 105 
87241 735 
87303 3 
87456 185 
87670 148 
87915 8 
88033 768 
88430 1131 
88972 488 
89175 124 
89461 766 
89551 396 
89682 594 
89693 50 
89787 924 
89856 74 
89883 212 
90096 1165 
90270 402 
90345 467 
90704 2507 
90885 2216 
90999 1094 
91370 752 
91599 1396 
91766 2361 
92182 2965 
92494 1625 
93006 1741 
93075 60 
93514 218 
94453 1447 
94487 1168 
94637 275 
94746 1032 
95008 205 
95052 1761 
95254 1406 
95308 2171 
95331 274 
96043 1322 
96243 1198 
96370 27 
96662 219 
97218 348 
97465 1177 
98301 895 
98301 895 
98723 806 
98844 1539 
99001 47 
99099 894 
99529 470 
99634 34 
99666 145 
99684 244 
99800 82 
99935 49 
99980 597 
100414 61 
100599 172 
100665 79 
100707 475 
100722 256 
100940 171 
100971 259 
101004 229 
101109 804 
101525 245 
101865 528 
102038 3195 
102202 283 
102208 1470 
102306 813 
102536 1360 
103028 192 
103156 2337 
103235 1384 
103333 80 
103635 195 
103654 772 
104114 83 
104296 155 
104413 852 
104617 1307 
104628 219 
105737 454 
105999 1216 
106335 1568 
106459 185 
106766 178 
107093 65 
107269 1511 
107366 335 
107386 113 
107404 644 
107677 1651 
107717 137 
108241 131 
108945 303 
109028 2206 
109301 3280 
109418 918 
109626 369 
109711 627 
110103 764 
110212 2229 
110265 18277 
110411 1538 
110519 4 
110543 16 
111044 1120 
112145 1602 
112372 387 
112642 3545 
112674 1921 
112905 620 
113689 1264 
113711 1428 
113788 491 
114135 106 
114311 263 
114378 448 
114583 484 
114852 775 
114938 179 
115183 305 
115305 58 
115606 684 
115620 7679 
115682 356 
115737 2573 
115856 931 
116122 502 
117342 140 
117391 67 
118582 243 
118811 132 
119265 953 
119372 292 
120574 1679 
121841 243 
121963 2148 
122255 2 
122823 4573 
122891 3820 
122917 226 
122963 308 
123258 265 
123333 277 
123457 654 
124187 1722 
124650 374 
125246 275 
125323 708 
126023 302 
126038 438 
126091 553 
126256 833 
126961 140 
128570 6210 
130053 1081 
130068 1792 
130741 6742 
132443 354 
133838 1104 
134583 1024 
135558 260 
135671 736 
136315 6443 
138231 5409 
138401 430 
138466 73 
139207 306 
142394 6221 
145058 3715 
146882 6 
149515 47 
152298 718 
153121 1036 
158338 1635 
158761 475 
158902 475 
159724 1454 
159734 1106 
160059 1359 
160111 2120 
160168 912 
160845 50 
161235 751 
161759 152 
162867 585 
165631 1489 
166483 154 
167081 2328 
167158 830 
167306 4165 
167965 88 
168091 938 
168821 269 
169078 795 
169150 366 
169415 1320 
169471 332 
170459 636 
170636 43 
171651 1330 
172884 2504 
172917 1092 
173040 210 
174806 614 
175835 3072 
175985 786 
176067 787 
176682 1080 
177310 335 
177518 287 
177739 313 
177943 248 
178837 645 
181087 55 
181542 32 
181737 302 
183621 97 
186126 892 
186917 576 
190623 324 
190768 610 
191004 152 
192423 257 
192660 1026 
193088 540 
194023 9 
194837 561 
196741 196 
197238 235 
198078 2278 
198266 1641 
198427 663 
200097 545 
201764 488 
201816 25108 
201847 529 
205566 1348 
205621 192 
205866 63 
206390 50 
206575 51 
208208 2178 
208630 210 
208760 226 
209656 243 
210190 763 
210386 125 
210810 764 
211279 278 
211543 245 
216164 396 
218941 148 
219647 338 
221035 909 
221209 114 
221589 1385 
224463 1114 
224759 47 
234336 1155 
241514 830 
242925 565 
243394 503 
247874 3880 
252081 465 
252476 41 
254095 375 
254780 727 
255503 1180 
255587 545 
256857 6201 
257511 1123 
258400 1708 
260355 509 
261413 4278 
262601 2439 
264383 467 
264835 772 
266942 905 
267902 348 
268204 71 
268351 151 
268368 1777 
268684 227 
269799 79 
274080 116 
274567 256 
275262 2880 
276124 191 
278370 279 
281002 90 
283213 324 
283297 292 
284809 408 
285905 4822 
289105 645 
290950 191 
291553 828 
291811 58 
295635 1025 
295639 2184 
296597 665 
300948 408 
301051 184 
301110 1951 
302563 1765 
312289 850 
316195 113 
322307 2031 
325831 688 
330990 167 
333575 1706 
333604 235 
334211 657 
334318 47 
334778 1212 
342894 1119 
343269 219 
345466 645 
347605 57 
348347 433 
348610 1386 
350408 86 
351180 71 
353493 1 
355319 299 
355873 6580 
358505 2718 
358555 306 
361354 425 
362936 10415 
364494 1446 
369754 1086 
370654 316 
374529 545 
374814 2665 
382629 279 
401088 380 
411546 59 
413062 1490 
420407 312 
420445 210 
422490 8869 
427853 411 
433578 2350 
442388 5 
444527 2620 
456042 1209 
460586 418 
484684 238 
502913 109 
518784 2 
521820 75 
523142 418 
524876 1490 
529900 882 
534528 4137 
534567 217 
545375 2203 
546095 238 
548735 769 
549681 0 
591854 79 
593585 526 
594699 245 
602647 498 
