2158 6.59684027778
0 57904 
17 560 
27 331 
30 1617 
30 890 
42 515 
45 272 
56 260 
62 468 
64 153 
74 477 
99 89 
101 144 
145 876 
146 66 
147 466 
154 142 
185 134 
208 357 
212 524 
227 4094 
278 319 
290 118 
294 545 
298 94 
311 617 
318 38 
337 12 
347 99 
352 32 
366 589 
396 66 
409 512 
464 786 
471 105 
515 309 
536 33 
563 416 
579 236 
583 509 
645 163 
770 144 
905 510 
912 43 
926 82 
961 23 
1007 267 
1075 86 
1193 46 
1252 411 
1532 18 
1598 34 
1703 93 
2013 259 
2150 82 
2191 112 
2293 144 
2486 52 
2879 565 
3306 48 
3348 25 
3581 318 
4181 11 
4314 59 
4503 90 
4835 349 
5521 82 
5553 385 
5593 118 
6354 331 
6371 498 
6397 860 
6427 173 
6442 188 
6467 226 
6504 414 
6555 64 
6566 78 
6596 632 
6629 824 
6635 96 
6642 289 
6653 1340 
6705 402 
6713 241 
6749 283 
6749 124 
6760 23 
6760 225 
6813 238 
6828 513 
6855 101 
6872 1516 
6894 46 
7028 547 
7042 305 
7061 416 
7063 362 
7073 230 
7183 1131 
7194 13 
7204 77 
7210 117 
7351 151 
7360 28 
7384 307 
7435 108 
7475 100 
7502 295 
7595 119 
7692 114 
7726 91 
7746 177 
7857 39 
7980 125 
8126 48 
8166 73 
8325 131 
8420 224 
8809 240 
9251 263 
9508 609058 
9525 227 
9527 425 
9530 235 
9531 147 
9536 54 
9543 91 
9547 243 
9548 88 
9549 112 
9550 178 
9550 71 
9552 140 
9555 60 
9560 75 
9561 53 
9562 181 
9569 221 
9571 350 
9575 47 
9577 515174 
9586 42 
9589 96 
9592 30 
9593 88 
9593 625 
9597 410 
9599 52 
9599 26 
9600 247 
9603 105 
9605 300 
9605 226 
9608 154 
9609 255 
9610 120 
9612 116 
9614 176 
9614 149 
9614 129 
9615 138 
9619 105 
9621 103 
9622 231 
9623 310 
9624 61 
9624 38 
9629 82 
9629 56 
9631 245 
9638 96 
9641 273 
9644 369 
9645 82 
9648 177 
9648 60 
9649 47 
9649 96 
9651 83 
9652 52 
9655 201 
9656 177 
9656 223 
9660 54 
9661 135 
9661 43 
9661 176 
9662 183 
9662 553 
9663 72 
9666 380 
9668 94 
9668 25 
9670 57 
9672 616 
9675 159 
9676 193 
9679 640 
9681 131 
9681 31 
9681 57 
9683 236 
9683 97 
9685 43 
9686 37 
9687 60 
9687 80 
9692 165 
9693 123 
9694 116 
9695 210 
9697 34 
9704 84 
9704 76 
9705 9 
9715 19 
9715 60 
9720 323 
9720 138 
9720 113 
9721 47 
9727 327 
9728 1126 
9728 298 
9730 14 
9733 188 
9734 17 
9735 6 
9735 67 
9737 81 
9741 232 
9741 136 
9744 15 
9746 496 
9750 46 
9758 18 
9759 74 
9768 130 
9768 528 
9769 253 
9770 216 
9777 131 
9784 15 
9788 145 
9791 206 
9794 284 
9799 85 
9803 30 
9803 7 
9804 31 
9808 24 
9810 71 
9819 126 
9823 52 
9828 77 
9836 112 
9839 19 
9839 296 
9845 171 
9847 49 
9848 39 
9855 16 
9858 36 
9862 91 
9871 71 
9873 75 
9875 103 
9875 6 
9875 115 
9879 20 
9882 77 
9885 49 
9888 122 
9889 85 
9891 42 
9897 63 
9899 63 
9900 53 
9906 66 
9911 118 
9917 49 
9918 37 
9919 70 
9935 146 
9941 538 
9948 211 
9955 73 
9964 29 
9983 573 
9988 74 
9995 94 
10013 111 
10013 287 
10017 415 
10022 38 
10030 307 
10031 652 
10054 28 
10067 99 
10070 118 
10102 52 
10102 284 
10110 360 
10112 106 
10128 40 
10128 147 
10136 49 
10152 1 
10155 33 
10156 47 
10188 39 
10191 530 
10199 130 
10205 101 
10210 11 
10211 51 
10215 12 
10217 94 
10218 449 
10219 179 
10220 595 
10223 24 
10230 401 
10232 87 
10246 49 
10250 35 
10258 72 
10289 33 
10303 211 
10304 34 
10310 81 
10332 621 
10373 106 
10377 1187 
10381 11 
10381 25 
10386 1073 
10391 114 
10398 208 
10401 976 
10402 72 
10406 107 
10408 1078 
10413 9 
10418 818 
10432 77 
10437 108 
10439 37 
10452 1686 
10453 81 
10453 81 
10456 27 
10461 102 
10466 10 
10467 68 
10477 239 
10492 71 
10492 151 
10492 498 
10500 151 
10511 172 
10538 147 
10540 80 
10546 16 
10569 17 
10576 93 
10587 76 
10596 115 
10599 209 
10599 42 
10605 107 
10617 238 
10619 52 
10644 189 
10662 62 
10674 1 
10676 68 
10688 2038 
10717 405 
10725 11 
10736 29 
10737 105 
10739 498 
10745 54 
10763 47 
10765 214 
10766 68 
10767 75 
10771 132 
10788 158 
10806 49 
10808 45 
10810 512 
10810 13 
10818 241 
10831 129 
10838 642 
10848 79 
10859 512 
10859 51 
10875 65 
10897 159 
10899 64 
10900 123 
10903 24 
10926 86 
10928 70 
10934 37 
10947 119 
10952 211 
10961 143 
10978 74 
10988 51 
10993 114 
10998 314 
10999 112 
11005 80 
11049 76 
11061 133 
11103 89 
11115 1055 
11122 645 
11123 207 
11137 287 
11146 649 
11151 275 
11173 92 
11194 103 
11196 187 
11204 59 
11205 28 
11242 218 
11252 33 
11293 84 
11305 64 
11360 41 
11386 145 
11478 370 
11486 135 
11501 82 
11542 12 
11556 57 
11583 54 
11601 29 
11619 186 
11629 110 
11675 92 
11699 17 
11783 171 
11851 223 
11884 115 
11894 64 
11910 1343 
11917 149 
12016 207 
12027 17 
12164 38 
12213 143014 
12239 48 
12261 152 
12271 357 
12281 249 
12295 471 
12301 99 
12304 817 
12409 106 
12453 362 
12483 157 
12484 508 
12498 26 
12508 4 
12564 591 
12578 114 
12631 574 
12640 47 
12717 73 
12736 320 
12741 117 
12787 546 
12928 567 
13026 4 
13073 120 
13106 61 
13111 65 
13149 47 
13189 316 
13311 44 
13452 76 
13486 139 
13504 86 
13741 120 
13763 118 
13768 15 
13946 25 
14007 62 
14145 76 
14150 149 
14883 31 
14905 335 
15213 48 
15280 29 
15317 226 
15377 59 
15458 70 
15590 95 
16000 39 
16116 42 
16209 118 
16220 20 
16257 231 
16425 78 
16642 60 
17376 65 
17387 72 
17658 799 
17686 26 
17756 33 
17788 327 
17806 244 
17930 237 
17950 38 
18578 7 
18604 220 
18726 90 
18819 69 
18914 82 
18951 30 
19152 44 
19153 10 
19232 80 
19266 64 
19374 74 
19479 27 
19753 99 
19846 291 
19868 52 
19931 119 
19961 168 
20034 26 
20283 14 
20544 29 
21027 18 
21316 12 
21346 57 
21982 59 
22376 40 
22379 68 
22693 46 
23006 42 
23437 43 
23548 7 
23766 1109 
24062 263 
24113 437 
24998 197 
25621 82 
26391 127 
27185 241226 
27198 651 
27202 1094 
27215 199 
27217 348 
27217 631 
27226 99 
27232 234 
27241 123 
27241 60 
27248 79 
27250 304 
27256 4 
27258 145 
27261 234 
27278 76 
27279 366 
27280 199 
27281 561 
27284 318 
27292 581 
27293 189 
27327 57 
27336 34 
27373 112 
27389 183 
27396 185 
27405 157 
27406 230 
27421 184 
27430 175 
27457 102 
27468 364 
27469 260 
27482 57 
27486 144 
27507 33 
27515 71 
27557 55 
27563 297 
27566 35 
27589 37 
27601 61 
27606 281 
27613 34 
27615 21 
27619 148 
27632 76 
27632 167 
27645 242 
27689 218 
27690 16 
27857 52 
27858 181 
27874 39 
27978 91 
27982 93 
28296 191 
28361 50 
28405 71853 
28435 171 
28448 207 
28454 40 
28476 99 
28481 37 
28485 61 
28494 335 
28502 74 
28505 123 
28511 39 
28514 41 
28531 356 
28539 94 
28602 28 
28605 263 
28662 161 
28678 227 
28712 52 
28724 132 
28755 17 
28784 138 
28785 127 
28847 127 
28899 174 
28992 36 
29048 44 
29150 179 
29354 63 
30007 76734 
30028 706 
30034 618 
30138 224 
30157 707 
30198 294 
30252 167 
30467 151 
30473 106 
30519 185 
41622 100 
41817 133 
42293 555 
42883 132 
43236 433 
43237 879 
43238 193 
43239 297 
43248 38 
43250 353 
43251 317 
43258 295 
43264 140 
43264 110 
43271 444 
43273 297 
43278 398 
43280 153 
43281 155 
43304 208 
43320 239 
43321 217 
43325 537 
43327 138 
43328 125 
43426 175 
43433 173 
43436 91 
43445 157 
43445 416 
43465 85 
43490 180 
43531 175 
43536 530 
43544 450 
43548 879 
43572 538 
43573 242 
43574 216 
43580 115 
43595 72 
43629 113 
43630 349 
43643 66 
43682 77 
43689 831 
43693 184 
43701 360395 
43719 624 
43727 239 
43727 137 
43733 248 
43739 597 
43741 21 
43746 9 
43748 527 
43751 503 
43752 64 
43753 264 
43755 53 
43757 689 
43764 160 
43765 278 
43771 48 
43773 91 
43774 103 
43775 312 
43777 32 
43777 31 
43782 114 
43783 285 
43783 150 
43784 249 
43786 104 
43786 323 
43788 69 
43790 192 
43790 21 
43792 73 
43796 42 
43797 74 
43798 130 
43805 472 
43806 363 
43807 86 
43808 115 
43810 183 
43812 775 
43817 91 
43819 135 
43819 106 
43819 66 
43820 34 
43822 116 
43824 50 
43828 34 
43835 128 
43836 180 
43842 1162 
43844 373 
43845 258 
43847 506 
43849 101 
43855 120 
43858 346 
43860 97 
43862 137 
43862 42 
43863 48 
43865 228 
43867 17 
43869 235 
43870 30 
43872 233 
43874 13 
43875 191 
43878 303 
43882 48 
43889 50 
43893 105 
43896 138 
43898 334 
43903 166 
43906 128 
43912 312 
43915 17 
43918 113 
43920 101 
43930 250 
43936 26 
43957 301 
44032 120 
44043 32 
44048 37 
44055 553 
44057 66 
44059 107 
44061 118 
44064 76 
44076 73 
44080 26 
44080 27 
44082 100 
44084 141 
44088 151 
44089 87 
44093 69 
44094 40 
44096 326 
44112 47 
44125 201 
44134 32 
44134 54 
44136 71 
44137 93 
44139 155 
44155 540 
44158 73 
44175 294 
44177 104 
44198 23 
44200 579 
44206 25 
44209 116 
44214 598 
44226 113 
44226 90 
44226 102 
44227 85 
44227 277 
44228 17 
44259 33 
44259 755 
44260 207 
44263 42 
44267 237 
44269 410 
44271 154 
44291 201 
44299 171 
44302 154 
44304 120 
44308 453 
44311 102 
44325 156 
44334 13 
44337 244 
44351 278 
44369 142 
44371 11 
44390 208 
44412 182 
44413 199 
44422 46 
44436 121 
44450 106 
44455 19 
44458 39 
44475 142 
44483 1223 
44491 63 
44498 30 
44505 62 
44506 182 
44513 287 
44533 50 
44535 28 
44539 292 
44539 20 
44543 43 
44557 66 
44559 88 
44576 67 
44581 20 
44603 64 
44605 81 
44610 90 
44613 22 
44618 132 
44624 79 
44653 261 
44658 232 
44728 227 
44736 38 
44746 9 
44759 107 
44773 76 
44784 4 
44798 14 
44816 53 
44819 23 
44819 95 
44831 65 
44839 928 
44847 28 
44859 26 
44860 34 
44871 6 
44874 429 
44894 93 
44914 98 
44930 161 
44967 205 
44990 55 
44999 18 
45056 48 
45097 437 
45113 80 
45172 148 
45179 104 
45204 66 
45223 139 
45268 101 
45537 63 
45570 66 
45643 4 
45690 21 
45784 228 
45800 327 
46322 80 
46612 351 
46613 26 
46764 140 
47342 9 
47389 51 
47958 1380 
48026 66 
48211 82 
48797 90 
49913 112 
49986 375 
50200 73954 
50236 61 
50239 159 
50263 359 
50277 1245 
50283 36 
50284 466 
50288 123 
50306 59 
50348 312 
50361 7 
50364 170 
50367 691 
50383 221 
50419 441 
50419 137 
50430 625 
50431 55 
50438 416 
50476 218 
50477 370 
50477 121 
50494 98 
50544 316 
50562 170 
50590 92 
50635 560 
50640 195 
50665 224 
50724 85 
50781 310 
50810 110 
50894 9 
51182 59 
51408 59 
53301 1480 
53404 783 
53589 1058 
53615 326 
53628 551 
53673 53 
53674 218 
53774 46 
53784 54 
53892 283 
53983 169 
56219 138 
56356 257 
56491 234 
67274 89 
83204 42 
85604 10 
88265 135 
92387 149 
97010 143041 
97033 361 
97038 617 
97063 170 
97084 380 
97118 188 
97119 252 
97135 233 
97139 78 
97143 143 
97171 168 
97197 1867 
97236 434 
97236 1050 
97240 237 
97394 51 
97443 1143 
97446 198 
97457 12 
97535 644 
98231 157 
98610 518908 
98623 89 
98625 640 
98642 96 
98645 45 
98646 261 
98648 888 
98650 78 
98652 562 
98653 235 
98654 224 
98655 109 
98660 56 
98660 99 
98661 419 
98661 455 
98663 17 
98664 134 
98665 120 
98669 209 
98670 757 
98670 112 
98674 30 
98675 187 
98676 130 
98676 69 
98680 262 
98684 125 
98686 70 
98686 60 
98690 57 
98690 458 
98692 75 
98693 197 
98693 83 
98693 149 
98702 120 
98703 358 
98706 41 
98707 37 
98707 81 
98709 95 
98710 1252 
98717 97 
98719 61 
98721 215 
98722 20 
98724 116 
98728 139 
98733 195 
98737 63 
98739 125 
98746 125 
98755 246 
98756 107 
98756 69 
98756 30 
98759 73 
98763 704 
98770 373 
98773 306 
98775 58 
98780 39 
98788 178 
98789 244 
98805 57 
98811 169 
98814 16 
98824 45 
98834 42 
98838 18 
98843 34 
98846 202 
98849 153 
98860 124 
98873 14 
98875 328 
98884 93 
98892 59 
98922 640 
98938 144 
98943 68 
98946 262 
98950 10 
98953 160 
98971 126 
98994 253 
99020 6 
99027 30 
99032 161 
99041 225 
99073 531 
99110 141 
99151 45 
99172 82 
99179 58 
99192 290 
99194 17 
99199 68 
99201 290 
99224 98 
99230 69 
99276 193 
99308 59 
99373 173 
99374 18 
99377 97 
99385 148 
99399 92 
99462 33 
99482 82 
99534 23 
99548 13 
99610 85 
99649 49 
99707 115 
99711 5 
99723 7 
99734 143 
99760 14 
99780 8 
99867 74 
99873 24 
99913 248 
99935 302 
99939 42 
99942 36 
100000 7 
100094 172 
100125 116 
100138 28 
100185 38 
100188 53 
100190 271 
100241 34 
100287 43 
100299 118 
100300 51 
100346 144 
100420 61 
100440 32 
100592 89 
100710 65 
100979 52 
101058 115 
101086 53 
101107 564 
101162 213 
101238 614199 
101252 371 
101259 84 
101260 93 
101268 23 
101272 135 
101279 271 
101282 54 
101286 24 
101286 96 
101288 866 
101289 177 
101291 150 
101292 416 
101292 175 
101293 201 
101295 50 
101300 110 
101301 84 
101301 20 
101308 35 
101312 184 
101313 521 
101315 1101 
101318 64 
101327 118 
101327 162 
101338 142 
101339 80 
101339 200 
101340 83 
101345 49 
101349 148 
101351 104 
101352 79 
101352 168 
101352 235 
101353 171 
101360 77 
101369 425 
101371 90 
101377 535 
101391 97 
101394 157 
101394 27 
101398 9 
101412 35 
101416 115 
101422 36 
101426 131 
101429 36 
101429 111 
101439 47 
101443 23 
101445 70 
101457 127 
101460 75 
101463 47 
101478 76 
101485 84 
101488 212 
101491 42 
101500 190 
101520 1077 
101539 207 
101558 783 
101568 38 
101570 141 
101586 81 
101623 282 
101634 117 
101644 62 
101645 30 
101645 214 
101648 87 
101654 35 
101662 79 
101666 120 
101675 65 
101695 126 
101695 144 
101695 215 
101696 201 
101697 187 
101698 42 
101699 35 
101700 61 
101705 231 
101724 53 
101735 51 
101737 231 
101759 59 
101768 485 
101774 89 
101787 87 
101789 21 
101843 8 
101884 63 
101888 149 
101917 284 
101925 213 
101930 165 
101940 99 
101968 345 
102003 25 
102012 397 
102077 339 
102108 172 
102124 760 
102147 51 
102162 102 
102193 115 
102214 96 
102220 399 
102221 227 
102242 43 
102249 10 
102265 1818 
102281 151 
102283 477 
102286 131 
102294 75 
102295 936 
102297 73 
102349 335 
102352 296 
102361 32 
102375 138 
102445 36 
102449 293 
102461 74 
102529 28 
102535 17 
102551 269 
102560 370 
102579 42 
102611 158 
102691 27 
102712 20 
102721 202 
102762 25 
102779 31 
102808 34 
102831 29 
102833 148 
102975 16 
103027 38 
103068 12 
103109 88 
103139 13 
103175 232 
103198 191 
103237 25 
103240 40 
103312 34 
103367 17 
103376 76 
103389 300 
103455 12 
103491 102 
103570 1 
103616 15 
103659 64 
103676 81 
103731 35 
103734 61 
103759 114 
103779 53 
103843 31 
103844 8 
103875 58 
103963 39 
103993 455 
104000 96 
104172 21 
104210 70 
104240 63 
104480 61 
104503 42 
104588 123 
104630 30 
104721 125 
104769 57 
104876 75 
105306 57 
105673 29 
105744 32 
105822 71 
105999 5 
106296 197 
106539 71 
106539 71 
106571 145 
106860 173 
107212 49 
107433 19 
107687 104 
107704 280 
108030 30 
108045 36 
108204 29 
109223 1 
109532 72 
109766 78 
110053 32 
111095 117 
111557 361478 
111584 639 
111593 69 
111593 109 
111596 179 
111596 191 
111601 216 
111602 439 
111604 49 
111607 370 
111620 117 
111623 206 
111636 1359 
111646 82 
111652 382 
111654 156 
111664 613 
111671 40 
111671 764 
111671 157 
111677 85 
111687 151 
111691 110 
111700 339 
111706 299 
111710 164 
111710 38 
111724 176 
111728 54 
111751 26 
111759 248 
111767 585 
111771 80 
111773 220 
111773 470 
111786 1148 
111808 97 
111811 98 
111813 20 
111830 197 
111832 114 
111844 35 
111852 60 
111856 10 
111858 551 
111871 79 
111875 306 
111877 5 
111884 405 
111884 73 
111884 329 
111897 175 
111898 121 
111899 220 
111919 73 
111926 182 
111945 57 
111947 146 
111963 135 
111974 187 
111985 25 
112004 195 
112013 71 
112025 84 
112029 28 
112033 98 
112044 85 
112047 268 
112059 98 
112067 227 
112069 297 
112075 36 
112083 273 
112144 746 
112158 246 
112215 77 
112217 389 
112241 49 
112253 29 
112383 119 
112389 188 
112440 306 
112455 134 
112505 511 
112554 435 
112580 260 
112687 50 
112696 131 
112716 33 
112740 78 
112781 19 
112841 107 
112926 83 
112941 28 
112982 153 
113336 24 
114713 64 
114759 15 
114892 40 
114930 156 
114940 75 
115249 52 
116109 19 
116672 135 
117076 233 
117951 76985 
117983 79 
117999 344 
118025 145 
118137 211 
118150 54 
118188 28 
118248 58141 
118272 343 
118288 2103 
118304 86 
118349 61 
118355 207 
118388 89 
118395 81 
118420 427 
118437 141 
118460 130 
118463 178 
118484 114 
118525 387 
118557 221 
118572 1289 
118575 25 
118606 216 
118612 8 
118627 39 
118628 458 
118633 80 
118659 252 
118739 639 
118741 152 
118815 61 
118824 132 
118825 147 
118827 203 
118854 19 
118896 73 
118911 191 
118926 349 
119009 421 
119081 302 
119217 104 
119235 60281 
119258 216 
119262 475 
119286 307 
119335 127 
119344 115 
119353 128 
119368 79 
119437 117 
119440 170 
119524 849 
119537 170 
119553 164 
119647 487 
119697 243 
119794 141 
119798 164 
119815 454 
120059 51 
120285 424 
120370 346 
120815 166 
121655 59 
121836 543 
121867 136 
121869 254 
122961 389 
124581 78218 
124592 151 
124601 162 
124602 253 
124636 46 
124641 325 
124645 50 
124656 64 
124658 244 
124663 554 
124690 221 
124693 200 
124726 432 
124741 423 
124766 59 
124774 693 
124814 21 
124817 94 
124872 976 
124915 501 
125058 54 
125206 49 
125645 279 
127663 77 
129109 430 
129340 8 
129746 84 
129992 20 
131418 66937 
131451 394 
131454 67 
131459 384 
131466 267 
131472 308 
131475 450 
131489 1112 
131500 457 
131505 237 
131519 629 
131523 994 
131534 361 
131539 629 
131554 114 
131557 6828 
131565 236 
131567 175 
131585 183 
131593 240 
131597 69 
131615 40 
131639 97 
131668 24 
131674 177 
131682 1330 
131687 847 
131693 154 
131732 70 
131745 211 
131762 389 
131774 869 
131789 581 
131794 195 
131818 91 
131818 81 
131902 251 
131922 241 
131964 110068 
131975 192 
131988 205 
131996 450 
132003 139 
132008 70 
132078 178 
132105 343 
132126 63 
132138 173 
132147 84 
132174 155 
132175 142 
132176 412 
132194 114 
132207 144 
132209 223 
132217 150 
132219 64 
132249 532 
132318 166 
132329 733 
132373 69 
132396 64 
132431 329 
132494 1194 
132505 128 
132659 536 
132683 368 
132774 111 
132860 296 
132913 220 
133095 50 
133253 117 
133449 64 
133771 524 
134472 113 
134602 157 
135097 167 
135219 80 
135342 143168 
135363 307 
135363 413 
135366 883 
135366 661 
135371 170 
135381 502 
135407 139 
135410 612 
135412 445 
135431 1036 
135436 180 
135437 2915 
135451 100 
135453 31 
135457 2776 
135458 289 
135460 800 
135492 147 
135494 771 
135542 265 
135548 181 
135556 372 
135570 626 
135620 508 
135628 1383 
135639 481 
135666 1038 
135705 367 
135706 113 
135727 190 
135752 503 
135761 110 
135806 324 
135829 320 
135842 240 
135862 145 
135888 219 
135940 822 
135959 1260 
135987 622 
136051 771 
136069 2704 
136178 252 
136334 472 
136406 123 
136494 60 
136550 62 
136550 62 
136559 9 
136559 9 
136704 137 
137124 441 
137366 58 
138602 106 
138874 10 
139061 13 
139177 363166 
139189 145 
139199 1701 
139205 294 
139206 155 
139226 192 
139226 156 
139229 880 
139239 2041 
139240 238 
139245 108 
139250 114 
139251 855 
139253 411 
139255 111 
139257 128 
139257 52 
139261 344 
139270 1745 
139271 122 
139272 161 
139275 65 
139279 290 
139283 702 
139285 212 
139285 59 
139287 202 
139292 380 
139303 274 
139303 263 
139310 21 
139310 24 
139311 147 
139313 87 
139328 50 
139333 318 
139340 170 
139344 62 
139359 2300 
139359 91 
139369 1268 
139377 41 
139394 191 
139396 177 
139398 596 
139403 126 
139411 21 
139413 1415 
139421 208 
139437 103 
139439 59 
139441 109 
139445 32 
139453 20 
139467 109 
139472 87 
139473 175 
139478 80 
139481 70 
139489 97 
139495 154 
139508 95 
139512 379 
139515 229 
139519 145 
139529 102 
139581 28 
139590 104 
139594 112 
139595 99 
139618 110 
139622 234 
139628 115 
139629 440 
139690 8 
139701 227 
139722 33 
139723 605 
139726 165 
139733 58 
139795 41 
139799 173 
139805 29 
139836 225 
139837 260 
139840 303 
139846 134 
139881 100 
139924 46 
139948 51 
139985 1029 
139999 38 
140001 99 
140078 41 
140102 59 
140112 694 
140133 11 
140153 105 
140161 230 
140220 94 
140247 64 
140320 7 
140368 13 
140784 213 
140862 254 
140904 17 
141029 43 
141162 54 
141268 97 
141312 66 
141492 4 
141941 32 
142363 4427 
142828 37 
142944 45 
143047 553 
143414 179 
143633 253 
143930 32 
144717 44 
144890 11 
145059 47 
145197 94 
146062 348 
146229 73 
147445 62 
147563 395 
148372 161 
154848 62 
155398 79 
159563 188 
160127 254 
160855 86 
162845 36 
167214 1007 
167486 47 
172128 5 
178892 246 
182006 18 
186260 363873 
186276 75 
186287 275 
186293 274 
186300 61 
186308 300 
186308 305 
186309 139 
186311 67 
186316 306 
186317 262 
186321 51 
186321 92 
186328 109 
186328 101 
186334 87 
186335 220 
186338 212 
186347 124 
186349 445 
186351 206 
186356 374 
186363 168 
186364 123 
186366 53 
186367 253 
186370 74 
186373 55 
186375 259 
186376 193 
186376 104 
186377 68 
186377 284 
186384 149 
186386 19 
186395 572 
186396 104 
186398 374 
186400 123 
186405 1368 
186406 142 
186416 552 
186418 64 
186426 249 
186433 97 
186434 286 
186434 258 
186438 15 
186442 124 
186448 9 
186458 118 
186460 341 
186468 16 
186469 46 
186476 183 
186481 585 
186482 112 
186486 539 
186487 154 
186492 41 
186495 44 
186497 70 
186504 180 
186513 385 
186513 1176 
186524 670 
186530 166 
186537 49 
186537 66 
186561 266 
186579 131 
186593 69 
186593 71 
186613 222 
186619 398 
186624 22 
186627 41 
186629 152 
186652 358 
186656 12 
186664 82 
186709 532 
186726 237 
186766 82 
186804 209 
186824 247 
186833 17 
186839 24 
186857 1293 
186861 373 
186873 108 
186887 119 
186890 31 
186891 50 
186960 256 
186963 31 
187005 174 
187044 281 
187048 76 
187061 26 
187071 106 
187111 77 
187120 75 
187184 63 
187186 27 
187212 111 
187305 26 
187343 103 
187343 28 
187414 42 
187447 209 
187474 55 
187493 128 
187531 50 
187565 61 
187589 91 
187782 76 
187813 3 
188071 135 
188115 70 
188115 58 
188120 21 
188506 87 
189556 35 
190195 63 
190470 31 
190686 82 
190957 108 
191184 17 
192055 177 
199228 363835 
199245 1531 
199246 100 
199266 144 
199268 565 
199269 347 
199271 284 
199287 106 
199290 138 
199299 364 
199299 621 
199311 322 
199314 362 
199314 409 
199318 1326 
199319 34 
199320 81 
199334 114 
199338 24 
199345 499 
199352 188 
199352 14 
199365 43 
199370 442 
199376 391 
199402 70 
199425 33 
199484 12 
199536 187 
199570 350 
199597 150 
199640 129 
199754 576 
199754 143 
199868 112 
199983 21 
200515 89 
200719 25 
200825 272 
200916 337 
200928 170 
201046 7 
201340 51 
201836 58 
203222 47 
203307 105 
204742 114 
205331 125249 
205370 239 
205373 128 
205379 398 
205380 421 
205387 158 
205387 180 
205399 456 
205424 437 
205426 138 
205440 214 
205451 286 
205463 122 
205464 84 
205475 39 
205480 247 
205481 24 
205539 170 
205549 247 
205592 255 
205605 55 
205614 267 
205616 859 
205622 212 
205631 492 
205641 112 
205649 10 
205656 25 
205666 230 
205715 22 
205717 263 
205735 285 
205766 259 
205777 239 
205812 126 
205819 51 
205934 710 
205957 31 
205989 80 
206007 142 
206101 68 
206156 73 
206187 141 
206241 190 
206347 732 
206476 74 
206583 77305 
206612 95 
206624 608 
206635 105 
206637 68 
206660 216 
206670 61 
206691 396 
206733 225 
206829 724 
206897 115 
207008 88 
207042 91 
207056 179 
207172 60 
207318 88 
207339 102 
207446 155 
207544 109 
207715 64 
208078 93 
209197 44 
209474 734 
210407 26 
210535 225 
210539 317 
210544 354 
210551 235 
210561 230 
210568 109 
210575 60 
210586 527 
210588 98 
210589 154 
210596 26 
210602 325 
210606 259 
210607 182 
210609 380 
210619 145 
210628 607 
210634 435 
210638 134 
210664 96 
210684 204 
210697 235 
210706 155 
210753 194 
210806 388 
210815 139 
210833 210 
210841 117 
210857 553 
210926 263 
210933 205 
210946 23 
211061 97 
211165 80 
211248 76 
211293 53 
211337 284 
211338 61 
211345 102 
211404 124 
211411 39 
211465 138 
211479 82 
211499 38 
211558 186 
211582 210 
211757 9 
211886 154 
212546 300 
213434 141 
213651 26 
214965 69 
216608 104 
223694 906 
224122 203 
228226 13 
228497 473 
234085 75 
259288 75 
263106 309 
285863 26 
294642 187 
309679 681 
309739 379 
310440 332 
359952 261 
369011 12 
371391 195 
375430 42 
380064 1292 
380617 13 
387489 3 
420202 125 
426436 63 
428025 22 
440575 835 
447373 76 
459696 528 
558525 14 
