2403 4.87296296296
0 733085 
7 411 
7 489 
10 566 
11 358 
11 1213 
14 49 
15 571 
17 5762 
17 379 
18 148 
19 1502 
19 370 
19 177 
20 386 
20 94 
21 206 
22 315 
22 73 
22 185 
22 926 
22 219 
23 890 
23 343 
23 1181 
23 1054 
24 165 
24 130 
24 26 
24 41 
24 3394 
24 5162 
25 3229 
25 2460 
25 525 
25 73 
25 69 
27 2122 
27 6 
27 1236 
27 296 
27 597 
28 1108 
28 659 
28 810 
29 31 
29 13 
29 251 
29 804 
29 1143 
30 29 
30 3071 
30 1234 
30 6 
30 1275 
30 1279 
31 212 
31 92 
31 28 
32 59 
32 733 
32 4568 
32 166 
32 24 
33 201 
33 1234 
33 1363 
33 495 
34 70 
34 11 
34 278 
34 502 
34 247 
35 315 
35 1070 
35 138 
35 2448 
35 65 
35 1491 
35 1012 
35 718 
37 1372 
37 3150 
37 156 
37 330 
38 102 
38 37 
38 817 
38 60 
39 2148 
39 5 
39 678 
39 696 
39 11743 
40 189 
40 766 
41 937 
41 65 
42 7 
42 132 
42 186 
43 304 
43 402 
43 397 
43 64 
43 382 
43 5 
44 335 
44 64 
44 5042 
45 659 
45 539 
46 148 
46 1 
47 77 
47 728 
47 487 
47 269 
47 639 
47 197 
47 120 
47 52 
48 269 
49 1810 
49 494 
50 90 
50 488 
50 141 
51 61 
52 93 
52 1660 
53 1824 
54 240 
54 665 
54 1094 
54 1719 
55 39 
55 304 
55 132 
56 926 
56 21 
56 175 
56 115 
56 393 
56 583 
57 286 
57 2157 
57 268 
58 132 
58 510 
60 16 
61 2873 
61 906 
62 158 
62 501 
63 101 
64 3059 
64 467 
64 97 
64 93 
64 96 
64 53 
65 2034 
66 16031 
66 191 
66 1876 
66 321 
66 2003 
67 4208 
68 127 
68 617 
69 322 
69 74 
70 2682 
70 209 
71 676 
71 881 
72 49 
73 159 
74 513 
74 118 
75 1144 
75 22 
75 106 
75 1964 
75 37 
76 2696 
76 952 
77 163 
77 943 
77 414 
77 848 
78 62 
78 180 
78 2569 
79 99 
81 223 
81 61 
82 798 
82 79 
84 2839 
85 914 
86 28 
86 2423 
87 220 
87 894 
87 43 
87 319 
87 11 
87 993 
87 17349 
88 3021 
88 228 
89 326 
89 110 
90 67 
90 1309 
90 1510 
90 13 
91 184 
91 47 
91 1251 
92 65 
93 46 
93 52 
93 3044 
94 724 
94 73 
94 200 
94 95 
96 493 
98 1236 
99 1887 
99 202 
99 944 
100 1006 
100 345 
101 729 
101 648 
102 53 
102 351 
102 28 
103 57 
104 140 
105 399 
107 218 
107 153 
107 212 
108 92 
108 58 
108 1165 
109 49 
110 211 
110 127 
110 1599 
111 388 
112 465 
112 261 
113 46 
113 267 
113 9 
114 39 
114 1572 
114 469 
115 286 
116 4 
117 825 
117 81 
117 612 
117 1316 
118 358 
118 271 
118 218 
118 107 
120 657 
121 5 
121 151 
121 156 
123 20 
123 20 
123 1744 
124 144 
124 1000 
124 286 
125 612 
125 52 
125 93 
126 794 
127 396 
129 79 
130 8 
130 58 
131 1598 
131 2947 
132 1055 
133 138 
133 241 
133 1051 
135 1958 
136 489 
137 256 
138 97 
139 627 
139 586 
139 607 
139 1314 
140 38 
140 36 
141 227 
142 274 
142 97 
142 141 
142 168 
142 551 
143 65 
144 399 
144 596 
145 851 
146 22 
146 24 
146 37 
147 146 
148 7 
148 429 
148 1575 
149 126 
151 494 
152 3669 
153 155 
154 967 
155 203 
156 235 
156 18 
156 3729 
157 277 
157 907 
157 307 
157 1395 
158 40 
158 345 
158 3 
158 752 
158 461 
159 1243 
159 33 
159 1138 
160 31 
161 1576 
161 276 
161 1203 
161 97 
162 306 
162 151 
164 10 
165 1060 
165 69 
166 31 
166 55 
166 498 
167 829 
168 1309 
168 356 
169 149 
169 348 
169 814 
170 508 
171 115 
172 60 
172 1174 
172 259 
174 301 
174 70 
174 231 
174 24 
175 111 
175 71 
175 103 
176 90 
177 581 
177 307 
178 1213 
179 29 
179 497 
181 882 
182 2069 
182 9 
183 80 
184 192 
184 611 
184 360 
187 15 
187 482 
189 294 
190 303 
190 317 
190 1371 
191 351 
191 176 
192 91 
194 514 
194 427 
195 1852 
195 111 
196 57 
197 474 
197 706 
197 196 
200 696 
200 16432 
200 257 
205 644 
205 1830 
207 25 
207 243 
207 2147 
208 1947 
208 70 
208 959 
210 231 
211 486 
211 56 
212 29 
212 65 
213 459 
214 3522 
214 76 
216 576 
220 3116 
221 276 
222 238 
223 1226 
225 1112 
226 107 
228 3591 
229 1152 
229 61 
230 27 
232 658 
235 884 
235 246 
237 74 
240 129 
240 221 
241 143 
241 102 
241 90 
243 57 
246 572 
249 124 
249 2855 
249 375 
249 1023 
250 576 
250 54 
251 417 
252 5392 
252 257 
253 15 
254 369 
257 11 
258 151 
259 14 
260 1256 
261 542 
261 792 
261 85 
263 78 
265 120 
265 2176 
267 2145 
267 826 
270 47 
272 1230 
273 46 
274 1910 
275 457 
276 21 
277 1547 
279 654 
281 890 
281 3630 
281 12 
282 723 
284 332 
292 717 
294 26 
294 1905 
295 341 
296 135 
300 5428 
302 467 
303 127 
304 232 
304 5847 
306 194 
307 172 
307 883 
308 128 
309 1800 
310 857 
310 1972 
310 359 
311 25 
312 861 
318 759 
320 79 
321 376 
325 854 
325 4 
326 2160 
328 584 
330 156 
331 399 
332 455 
333 153 
334 910 
335 27 
335 1133 
337 168 
339 30 
339 1787 
339 535 
346 294 
347 478 
347 422 
348 316 
349 749 
350 5 
350 96 
352 141 
352 441 
353 547 
354 19 
356 333 
356 124 
356 84 
357 306 
358 47 
360 907 
360 3354 
361 2267 
363 31 
363 93 
365 146 
366 605 
366 377 
367 1478 
367 48 
367 55 
367 77 
367 530 
368 39 
370 158 
370 66 
376 719 
377 39 
378 1133 
380 36 
381 80 
382 9 
382 275 
384 142 
384 77 
384 3797 
388 4617 
389 754 
389 324 
393 1110 
397 56 
397 304 
399 3262 
400 292 
403 3205 
405 912 
406 115 
408 152 
408 1271 
408 1051 
413 304 
414 360 
414 1528 
416 553 
417 357 
417 96 
420 552 
424 1478 
424 616 
425 191 
426 2098 
427 49 
429 670 
429 1890 
430 1590 
433 53 
433 664 
435 263 
436 872 
438 1212 
438 12 
439 738 
440 774 
441 861 
441 538 
441 11 
447 1044 
447 531 
448 75 
452 87 
453 50 
453 927 
456 1547 
457 16 
460 2578 
465 1396 
467 109 
468 25 
468 51 
469 60 
469 82 
469 556 
469 248 
470 849 
474 901 
474 1076 
481 319 
482 1911 
482 696 
483 1265 
483 1233 
485 970 
488 145 
488 1625 
492 891 
494 1217 
494 158 
495 1230 
499 145 
501 96 
503 815 
505 653 
509 686 
510 910 
512 47 
512 41 
514 1526 
514 1531 
515 606 
515 51 
519 291 
519 129 
526 608 
528 567 
530 298 
531 674 
531 106 
531 119 
532 53 
534 1122 
541 509 
542 911 
543 112 
546 196 
546 238 
547 141 
548 667 
552 167 
555 229 
558 159 
558 2026 
559 700 
560 82 
561 96 
564 20 
568 26 
568 13337 
572 94 
573 640 
573 546 
574 164 
576 170 
590 1021 
593 190 
602 640 
602 77 
603 5790 
607 100 
608 365 
609 13 
610 163 
617 41 
618 197 
618 94 
619 205 
621 530 
622 1369 
623 1006 
624 257 
627 384 
630 2061 
636 281 
638 3159 
638 1516 
638 666 
639 924 
643 38 
645 1006 
649 1846 
650 226 
650 685 
650 419 
652 945 
652 36 
657 588 
658 189 
659 1431 
660 803 
661 238 
661 148 
663 113 
675 3909 
678 123 
681 934 
682 247 
684 20 
687 5 
693 1290 
694 489 
707 1210 
707 541 
709 225 
710 2398 
718 1108 
718 1501 
720 2712 
720 726 
727 2043 
729 216 
732 878 
733 1366 
740 527 
741 557 
742 161 
744 475 
746 3609 
748 51 
751 484 
753 3792 
754 2221 
756 134 
756 565 
759 1743 
762 1276 
762 344 
765 1856 
768 2413 
769 1490 
770 200 
771 1150 
776 364 
778 4 
784 940 
789 63 
790 5370 
796 775 
798 773 
802 863 
807 6 
809 111 
809 916 
812 46 
816 1612 
816 204 
823 195 
824 2 
826 1325 
826 30 
826 291 
830 507 
835 299 
849 731 
852 164 
857 1617 
859 158 
859 4 
860 767 
863 400 
867 390 
870 309 
873 1731 
874 2488 
879 125 
880 1756 
888 676 
896 1326 
906 232 
910 625 
913 72 
916 1185 
919 1156 
921 396 
926 344 
940 22 
941 127 
943 1331 
945 464 
954 1787 
955 684 
963 655 
965 83 
970 1297 
970 289 
978 63 
982 197 
984 73 
992 241 
997 112 
1011 1099 
1012 902 
1014 95 
1016 65 
1016 415 
1017 195 
1023 248 
1027 251 
1031 149 
1032 361 
1036 5 
1036 250 
1037 1375 
1038 250 
1040 1486 
1045 326 
1047 1488 
1048 736 
1048 422 
1055 14805 
1056 2714 
1070 686 
1070 318 
1071 352 
1081 536 
1081 234 
1082 527 
1088 1149 
1089 229 
1094 2167 
1095 978 
1098 7 
1099 36 
1105 1034 
1111 45 
1114 127 
1114 315 
1116 13 
1117 894 
1121 205 
1121 525 
1121 1689 
1130 549 
1131 1822 
1131 40 
1134 3164 
1135 921 
1138 320 
1141 541 
1142 139 
1146 1145 
1148 1009 
1152 257 
1154 32 
1156 232 
1156 1543 
1157 32 
1162 1276 
1163 889 
1166 1689 
1170 269 
1171 36 
1171 253 
1182 235 
1183 38 
1191 124 
1192 456 
1193 10 
1201 104 
1208 1283 
1213 322 
1215 315 
1216 367 
1217 817 
1218 172 
1221 970 
1224 156 
1228 214 
1240 308 
1240 139 
1240 206 
1242 214 
1247 151 
1249 38 
1250 692 
1253 990 
1253 406 
1257 1026 
1263 26 
1268 93 
1277 7800 
1277 9168 
1281 1348 
1282 1242 
1291 45 
1301 10378 
1306 1745 
1315 27 
1315 1265 
1316 56 
1322 410 
1329 100 
1331 10 
1333 872 
1334 209 
1345 833 
1361 406 
1362 174 
1362 3851 
1366 2010 
1366 936 
1367 19 
1374 40 
1375 392 
1375 54 
1376 1164 
1378 44 
1387 33 
1393 74 
1407 52 
1409 1410 
1424 599 
1425 3502 
1426 315 
1427 906 
1433 86 
1441 352 
1441 300 
1445 2211 
1446 32 
1455 40 
1469 644 
1480 475 
1480 582 
1484 1235 
1488 492 
1498 57 
1501 77 
1505 145 
1506 100 
1509 728 
1510 1792 
1516 1047 
1534 407 
1543 1152 
1550 1068 
1555 2923 
1561 1024 
1562 19 
1572 1181 
1573 559 
1604 190 
1609 156 
1613 764 
1618 38 
1627 810 
1635 979 
1643 384 
1654 209 
1669 129 
1682 57 
1685 1185 
1687 45 
1690 663 
1696 95 
1718 780 
1724 246 
1729 1125 
1734 479 
1737 117 
1763 1454 
1764 1004 
1768 244 
1776 4360 
1780 597 
1782 1359 
1791 672 
1792 423 
1793 1687 
1795 481 
1798 97 
1811 274 
1812 1334 
1813 685 
1815 254 
1817 559 
1828 45 
1830 75 
1852 209 
1854 335 
1858 254 
1859 2993 
1881 244 
1895 1598 
1896 7958 
1908 207 
1908 2280 
1915 1127 
1924 213 
1928 44 
1931 2173 
1931 601 
1932 153 
1940 29 
1941 237 
1944 120 
1962 55 
1971 184 
1977 1236 
1981 195 
1989 553 
2003 682 
2014 648 
2018 21 
2020 1124 
2024 1057 
2036 788 
2036 838 
2055 3213 
2070 431 
2075 805 
2081 92 
2081 441 
2083 4272 
2084 9 
2089 3022 
2091 847 
2116 579 
2120 276 
2123 164 
2127 511 
2129 88 
2131 83 
2131 688 
2148 714 
2151 847 
2170 27 
2173 86 
2178 467 
2180 566 
2192 227 
2195 323 
2209 287 
2211 1116 
2213 64 
2213 926 
2218 126 
2222 1961 
2227 335 
2241 150 
2249 65 
2250 3293 
2250 145 
2253 89 
2268 499 
2269 513 
2317 227 
2320 9249 
2320 521 
2327 290 
2338 1272 
2342 2409 
2358 1151 
2366 331 
2383 1094 
2387 71 
2392 737 
2394 240 
2394 477 
2407 254 
2410 934 
2411 114 
2419 60 
2424 12583 
2430 498 
2437 296 
2458 481 
2464 2726 
2479 334 
2485 1116 
2485 43 
2497 277 
2499 2837 
2500 710 
2505 123 
2510 251 
2517 57 
2517 51 
2535 739 
2547 68 
2560 779 
2572 360 
2577 109 
2587 44 
2588 798 
2589 562 
2596 345 
2597 4115 
2602 242 
2604 8 
2611 378 
2613 9 
2649 978 
2653 17 
2655 1312 
2662 1709 
2683 6177 
2691 218 
2700 2814 
2700 1056 
2703 1738 
2720 1373 
2730 786 
2741 248 
2741 165 
2765 1818 
2769 16 
2773 703 
2777 1242 
2792 22 
2793 2094 
2806 4884 
2808 2963 
2810 267 
2833 256 
2834 97 
2852 917 
2854 390 
2862 404 
2862 609 
2870 254 
2876 305 
2883 1695 
2887 1177 
2896 1740 
2899 493 
2903 434 
2916 438 
2926 323 
2932 1457 
2934 1897 
2934 6998 
2950 672 
2954 158 
2966 77 
2968 120 
2978 140 
2980 1708 
3005 499 
3023 116 
3038 28 
3065 141 
3072 407 
3088 843 
3099 119 
3174 612 
3187 151 
3191 35 
3215 3539 
3233 5 
3234 616 
3240 1069 
3252 279 
3255 36 
3268 335 
3283 190 
3287 265 
3297 936 
3303 79 
3322 1154 
3329 2708 
3332 7 
3369 219 
3373 47 
3383 1521 
3388 1339 
3423 90 
3431 266 
3470 898 
3480 47 
3486 62 
3508 104 
3553 97 
3591 81 
3619 988 
3620 213 
3624 6 
3641 1177 
3669 2129 
3723 113 
3738 75 
3753 54 
3753 943 
3766 458 
3769 188 
3778 177 
3820 380 
3831 1047 
3832 333 
3859 3305 
3860 389 
3867 8 
3870 83 
3900 296 
3902 124 
3915 263 
3926 1353 
3930 1144 
3930 139 
3944 559 
3946 98 
3963 566 
3966 1048 
3975 346 
3984 20 
3987 689 
3992 1322 
4012 93 
4019 179 
4023 56 
4042 34 
4063 10568 
4106 22 
4109 185 
4111 719 
4142 3618 
4167 2595 
4211 233 
4230 19 
4265 7 
4272 12 
4290 49 
4306 357 
4313 1776 
4334 160 
4335 1095 
4338 567 
4344 122 
4347 373 
4347 42 
4364 6 
4369 151 
4432 854 
4440 613 
4451 304 
4475 93 
4483 235 
4500 546 
4513 28 
4515 413 
4528 73 
4537 12253 
4538 217 
4571 443 
4618 347 
4626 301 
4634 2 
4645 777 
4726 304 
4767 145 
4777 3753 
4841 929 
4850 116 
4853 193 
4856 697 
4859 333 
4872 442 
4891 6571 
4934 71 
4963 94 
5005 1346 
5005 1593 
5070 8 
5091 33 
5102 209 
5141 2212 
5146 1731 
5158 1499 
5165 749 
5175 1182 
5185 5205 
5189 426 
5203 114 
5207 638 
5259 191 
5262 240 
5270 668 
5280 1365 
5281 35 
5283 673 
5301 930 
5305 278 
5317 5186 
5318 3903 
5332 29797 
5345 550 
5381 1691 
5389 1517 
5423 1367 
5447 1457 
5456 2015 
5462 902 
5478 363 
5483 238 
5553 1200 
5602 619 
5651 5 
5658 35 
5659 603 
5676 12 
5694 65 
5712 423 
5715 200 
5726 92 
5731 2215 
5807 1012 
5820 1447 
5874 1769 
5916 248 
5977 677 
5980 31 
5985 852 
6018 474 
6021 31 
6057 1357 
6114 430 
6171 280 
6185 88 
6190 3195 
6231 2094 
6261 214 
6306 126 
6365 1795 
6447 188 
6452 628 
6502 5129 
6528 97 
6565 149 
6626 616 
6634 107 
6639 85 
6661 25 
6759 1658 
6796 1185 
6839 168 
6841 1240 
6926 1441 
6950 116 
6951 119 
7013 584 
7023 1259 
7029 2 
7060 21 
7068 165 
7097 2164 
7106 275 
7134 423 
7144 2938 
7145 274 
7166 126 
7274 546 
7327 212 
7334 148 
7341 1136 
7390 250 
7416 277 
7418 2163 
7448 558 
7451 17 
7459 462 
7477 329 
7512 603 
7610 669 
7622 10 
7652 114 
7653 602 
7725 42 
7747 1534 
7753 20 
7771 1162 
7778 66 
7861 156 
7866 132 
7868 15 
7894 299 
7906 286 
8001 508 
8042 1523 
8063 203 
8325 890 
8435 129 
8523 1843 
8703 886 
8720 322 
8731 20 
8797 180 
8801 235 
8809 5348 
8956 191 
9004 227 
9022 33 
9024 993 
9085 84 
9176 632 
9202 1036 
9260 542 
9339 219 
9380 2311 
9509 1213 
9516 1041 
9602 3267 
9682 17 
9728 1271 
9780 1806 
9804 178 
9812 931 
9887 2604 
9930 570 
9947 30 
10035 111 
10043 1 
10187 704 
10309 888 
10334 1308 
10339 104 
10342 251 
10364 91 
10384 1767 
10444 54 
10558 1586 
10590 323 
10605 3886 
10610 520 
10625 1332 
10640 2454 
10662 238 
10722 18 
10734 1833 
10826 1429 
10830 2849 
10861 92 
10897 531 
10939 1249 
10945 533 
10971 284 
11033 34 
11144 504 
11150 226 
11167 925 
11170 638 
11278 916 
11333 80 
11569 2220 
11590 2868 
11603 1539 
11611 288 
11692 104 
11708 665 
11724 193 
11922 689 
11983 273 
12083 5584 
12162 525 
12333 933 
12434 2325 
12504 180 
12764 5043 
12971 2312 
12981 203 
13359 1344 
13490 1682 
13506 607 
13555 423 
13562 413 
13735 2955 
14198 1464 
14379 1 
14426 139 
14603 56 
14612 249 
14865 380 
14923 48 
14925 137 
15058 6345 
15080 311 
15339 2541 
15377 1060 
15611 135 
15655 481 
15788 126 
15969 1394 
16115 1192 
16256 112 
16265 3421 
16457 726 
16655 1576 
16763 424 
16763 424 
16786 27 
16849 119 
17000 1063 
17139 70 
17245 1930 
17467 37 
17743 643 
17975 19 
18038 1773 
18117 190 
18167 903 
18299 466 
18382 715 
18388 139 
18565 545 
18701 852 
18889 679 
19255 663 
19490 2607 
19641 1060 
19854 1903 
20082 473 
20227 1383 
20330 129 
20367 782 
20491 2792 
20508 879 
20738 3488 
20827 223 
20966 168 
20967 358 
21180 1051 
21308 1069 
21692 171 
21946 1754 
21970 26 
22021 146 
22041 1729 
22086 585 
22173 1895 
22264 179 
22305 576 
22466 1663 
22513 300 
22609 292 
22745 1128 
22765 134 
22778 1119 
22835 436 
22861 898 
22995 933 
23020 207 
23465 738 
23635 603 
23962 173 
24092 156 
24285 1051 
24408 742 
24596 222 
24727 195 
24788 2240 
24935 498 
25100 13 
25111 2662 
25214 813 
25245 165 
25278 2 
25373 838 
25436 131 
25561 836 
25652 1214 
25674 394 
25677 1073 
25836 4 
26343 6 
26439 337 
26478 53 
26779 128 
26978 139 
27134 1656 
27206 399 
27224 334 
27363 32 
27881 38 
28005 185 
28033 1845 
28390 183 
28395 178 
28703 77 
28739 649 
28788 938 
28805 605 
28823 28 
28823 28 
28985 382 
29285 109 
29297 164 
29381 1878 
29567 33 
29604 23 
29720 827 
29913 1587 
30003 1268 
30356 269 
30427 959 
30637 1710 
30801 69 
30801 834 
30818 1061 
30911 107 
30938 395 
31118 1916 
31239 87 
31242 480 
31437 31 
31477 590 
31528 2359 
31562 86 
31625 980 
31674 1313 
31766 68 
31804 563 
31874 152 
31944 805 
32017 351 
32191 1968 
32201 1081 
32255 2309 
32256 1427 
32277 246 
32394 621 
32591 2044 
32813 825 
32860 1188 
32881 1299 
32929 98 
32989 654 
33119 1027 
33426 1611 
33525 189 
33532 152 
33556 34 
33573 228 
33603 131 
33656 283 
33729 20 
33740 14 
33766 453 
33806 493 
33921 672 
34146 2942 
34678 448 
34706 629 
34826 256 
34897 885 
35300 827 
35477 870 
35485 1772 
35566 2064 
35572 277 
35630 4231 
35685 180 
35956 255 
36165 3504 
36338 898 
36625 125 
36728 429 
36742 789 
36773 1249 
36812 957 
36820 135 
36970 1017 
36974 37 
37008 3125 
37093 361 
37207 1113 
37251 1233 
37261 358 
37427 44 
37524 15 
37560 65 
38163 229 
38316 1699 
38616 1655 
38681 16 
38857 1031 
39009 129 
39524 161 
39665 49 
39698 2385 
39731 20994 
39773 1239 
39926 710 
39968 31 
39989 501 
40218 614 
40230 2619 
40296 97 
40528 5 
40775 769 
40820 2130 
41451 22 
41849 895 
41932 1209 
42024 436 
42438 497 
42619 203 
42731 176 
42768 811 
42919 258 
43361 163 
43609 978 
43658 550 
43798 21 
44213 7 
44420 305 
44487 348 
44525 6601 
44555 1174 
44578 469 
44788 939 
44904 1434 
45228 586 
45276 259 
45481 1051 
45503 1129 
45825 1247 
45985 79 
46108 7 
46229 1042 
46363 278 
46479 1139 
46671 346 
46700 259 
46709 98 
46797 343 
46823 714 
46971 2743 
47132 174 
47502 50 
47507 574 
47637 732 
47649 42 
47693 319 
47700 46 
47854 555 
47896 1089 
48254 4 
48268 838 
48316 4076 
48366 1066 
48583 118 
48609 123 
48661 86 
48696 5 
48820 19 
48830 67 
48853 302 
48994 798 
49051 3579 
49172 134 
49319 428 
49423 524 
49673 1637 
49677 673 
49755 647 
50099 1276 
50436 200 
50438 165 
50443 415 
50468 638 
50487 51 
50609 6 
50731 143 
50767 9 
50955 1199 
51115 767 
51163 964 
51253 283 
51325 154 
51485 28 
51510 657 
51514 765 
51551 578 
51621 1057 
51631 1133 
51812 1298 
51867 173 
52261 1203 
52404 693 
52574 511 
52709 739 
52772 144 
52875 301 
52924 2675 
52991 1075 
53233 1709 
53262 762 
53311 1655 
53357 348 
53372 998 
53434 1327 
53488 830 
53509 1060 
53609 1290 
53764 1693 
53802 1345 
53820 157 
54025 1667 
54081 2331 
54178 2082 
54315 1953 
54360 347 
54390 1376 
54457 910 
54466 962 
54486 743 
54596 414 
54616 1491 
54764 281 
54773 594 
54847 907 
54955 166 
54978 765 
55385 1442 
55402 230 
55498 2071 
55738 1192 
55817 455 
55904 18 
56186 118 
56443 236 
56449 1154 
56610 531 
56641 280 
56651 197 
56963 221 
57093 97 
57385 384 
57488 2359 
57569 782 
57962 177 
58086 1479 
58116 4287 
58221 198 
58317 1033 
58584 373 
58720 1255 
58743 108 
59314 97 
59363 1643 
59480 548 
59548 408 
59549 818 
60006 240 
60096 1863 
60186 75 
60233 149 
60249 219 
60257 200 
60792 661 
60922 760 
61086 568 
61143 709 
61171 2878 
61196 1931 
61273 70 
61343 452 
61388 436 
61400 252 
61417 392 
61503 331 
61505 100 
61530 35 
61545 3425 
61594 84 
61637 415 
61817 2749 
61853 268 
61881 970 
61942 1962 
62046 95 
62142 7962 
62261 2220 
62371 915 
62631 627 
62831 80 
63349 853 
63545 64 
63596 1580 
63635 168 
63709 2396 
63760 592 
63809 1630 
63897 1093 
63925 403 
63928 1004 
63936 837 
63984 5870 
64135 2053 
64187 492 
64199 1577 
64201 161 
64260 1345 
64261 90 
64262 12 
64296 1592 
64335 122 
64432 2255 
64471 2617 
64480 1627 
64496 4062 
64602 304 
64605 581 
64607 617 
64715 389 
64838 600 
64841 1334 
64856 97 
64942 320 
64985 631 
64988 135 
65139 197 
65149 607 
65187 832 
65290 333 
65376 530 
65576 372 
65603 565 
65606 264 
65617 2396 
65732 188 
65752 5018 
65763 2340 
65786 2559 
65995 72 
66254 11454 
66267 117 
66336 31 
66337 65 
66367 457 
66394 1760 
66404 1326 
66446 1824 
66456 141 
66481 15 
66493 259 
66606 356 
66615 1314 
66626 430 
66768 90 
66929 995 
66966 3523 
66973 177 
67023 909 
67098 1645 
67130 1713 
67199 714 
67207 784 
67293 2061 
67449 174 
67638 85 
67661 1265 
67686 256 
67694 852 
67721 1030 
67770 1470 
67847 1751 
67897 461 
67925 55 
67966 814 
68052 528 
68089 337 
68124 8121 
68160 2431 
68182 1464 
68295 486 
68323 353 
68337 5 
68601 1876 
68604 517 
68723 338 
68795 433 
68841 719 
68851 521 
68869 83 
68870 1048 
68906 23637 
68925 85 
68927 199 
68972 1083 
69075 1250 
69117 51 
69146 316 
69409 1067 
69516 731 
69526 448 
69792 126 
69904 1052 
70123 38 
70136 106 
70192 456 
70257 1407 
70310 808 
70402 711 
70629 1025 
70799 954 
70820 504 
70854 395 
70954 331 
71096 315 
71160 287 
71189 1004 
71301 42 
71348 1309 
71372 841 
71379 173 
71631 1280 
71653 1148 
71692 1201 
71760 2598 
71811 2662 
71884 1515 
71950 431 
72019 335 
72232 414 
72293 817 
72488 1229 
72522 37 
72597 1151 
72610 488 
72726 1047 
72818 242 
72883 651 
73081 92 
73137 186 
73235 970 
73250 3891 
73296 1960 
73468 98 
73554 36 
73593 14 
73886 1036 
73945 883 
74391 1583 
74734 3170 
74940 1818 
74953 666 
75023 3944 
75140 614 
75309 1104 
75332 339 
75437 4180 
75443 1448 
75473 265 
75518 0 
75525 472 
75552 137 
75688 322 
75864 87 
75942 1060 
76148 3532 
76239 1030 
76528 208 
76653 3355 
76661 433 
76685 1346 
76801 139 
76811 75 
76820 3014 
76833 333 
77100 410 
77105 140 
77144 1252 
77193 344 
77452 1152 
77554 739 
77733 190 
77949 1385 
78075 154 
78302 45 
78525 298 
78659 987 
78763 2041 
78978 95 
79088 98 
79238 1105 
79248 723 
79275 79 
79303 582 
79777 65 
79864 321 
79892 1480 
80137 1357 
80213 564 
80734 176 
80815 131 
80987 4 
81097 625 
81220 79 
81354 469 
81359 340 
81444 307 
81488 67 
81735 172 
81838 430 
81843 14 
81966 679 
82101 746 
82353 295 
82378 1047 
82651 565 
82822 1477 
82837 349 
83590 19 
83674 3 
83948 695 
84188 921 
84313 843 
84406 687 
84505 103 
84716 611 
84897 43 
85064 217 
85454 102 
85626 88 
85718 1450 
85898 91 
85924 152 
85930 1107 
85941 2335 
86532 40 
86590 274 
86787 94 
87075 933 
87509 1361 
87564 860 
87882 68 
87941 221 
88152 277 
88266 520 
88492 690 
89370 1651 
89417 8 
89809 556 
90282 810 
90317 80 
90364 12 
90446 933 
90551 72 
90667 1207 
90752 84 
90964 675 
91609 2504 
91995 1554 
92222 349 
92543 854 
92839 144 
93588 16 
93679 161 
93719 1049 
93826 20 
93955 1816 
93975 541 
94033 126 
94065 2527 
94547 90 
95598 234 
95843 653 
96191 3 
96342 2757 
96430 3690 
96855 26 
97165 503 
97227 227 
97302 864 
97367 3431 
97378 1785 
97655 627 
98642 449 
99904 527 
101445 13 
101790 625 
103472 1367 
103536 1476 
103960 1064 
105034 1376 
105184 2194 
105253 2255 
106578 408 
107011 185 
107616 145 
107649 67 
108085 53 
108817 1434 
108924 1105 
109869 2015 
110595 145 
110951 477 
111551 766 
114301 959 
114821 1238 
116042 617 
116461 588 
116473 1045 
116695 0 
118524 2074 
119285 443 
119451 909 
120259 303 
120306 536 
120381 7664 
120412 1498 
120420 813 
120611 290 
121020 1008 
123014 438 
123304 2418 
123326 1089 
123698 72 
126919 1149 
127149 76 
128304 20184 
128927 473 
128942 134 
129012 132 
129091 220 
132806 124 
133425 2709 
134607 599 
137416 994 
137463 3390 
139585 22 
140247 1422 
140458 125 
141612 565 
141801 1258 
141812 850 
143488 1128 
144210 161 
146450 55 
146948 197 
147430 256 
148637 1905 
151213 365 
151231 1042 
151650 733 
152541 619 
152665 524 
153262 1059 
155025 20 
156780 2619 
156836 136 
157159 340 
157612 765 
158373 903 
159795 7 
161699 1775 
162232 1258 
162346 807 
163868 148 
164111 366 
164923 1964 
165175 515 
166831 601 
167033 205 
169100 913 
169308 329 
170532 660 
170779 3402 
171021 1088 
171439 284 
171895 59 
172306 2 
172557 44 
172589 509 
172793 176 
173228 1883 
173537 3571 
174121 346 
174307 1001 
176797 147 
177394 48 
178491 175 
178645 282 
178987 24 
189880 1150 
190224 335 
190404 334 
191908 4 
193269 1091 
194969 1222 
195648 471 
196621 74 
197570 1048 
201985 228 
204461 1092 
205436 28 
206605 14 
208650 365 
210531 557 
212924 928 
212986 1066 
213933 845 
214206 419 
215708 133 
217053 1620 
218059 223 
225455 975 
226314 769 
226488 1440 
235387 189 
236639 255 
238586 1313 
238684 3511 
242414 599 
243587 531 
245135 1066 
245428 567 
245481 1459 
246288 2361 
247063 2163 
247272 193 
248738 1401 
251504 615 
252201 2020 
252922 881 
254416 1177 
254969 1038 
262007 3670 
265088 3653 
265244 700 
265608 1277 
275432 561 
279485 243 
280012 854 
282796 305 
287168 50 
288762 347 
296038 223 
297331 2798 
299483 7 
311176 46 
311797 47 
313158 156 
313912 143 
314045 1200 
318052 170 
318438 366 
322503 379 
322600 12 
330232 380 
333328 35 
334234 958 
339024 1030 
343030 554 
349057 217 
349128 302 
351645 41 
358486 1465 
370850 1583 
370985 2238 
381312 2527 
389407 463 
396773 243 
404295 6 
412122 565 
413453 737 
415155 168 
417282 1504 
422109 34 
422929 193 
425209 3 
425230 22 
425933 839 
439203 1955 
450282 1188 
455875 742 
466236 605 
473061 135 
498781 338 
516984 3975 
537481 68 
543934 37 
572455 52 
584125 623 
584165 92 
584173 373 
585362 415 
599941 209 
