2110 4.08747685185
0 2980988 
7 473 
10 268 
10 596 
11 159 
12 1024 
13 253 
19 191 
19 55 
20 261 
21 196 
22 49 
22 86 
23 152 
23 134 
25 136 
26 91 
27 130 
28 367 
30 664 
30 505 
30 185 
31 256 
32 531 
33 81 
33 19 
33 652 
34 154 
34 205 
35 49 
35 75 
35 211 
36 204 
36 70 
36 139 
37 415 
37 237 
37 373 
37 144 
39 80 
41 1036 
41 490 
41 243 
41 76 
41 180 
41 616 
41 260 
41 62 
42 28 
43 498 
44 164 
44 1925 
44 352 
44 118 
45 146 
45 4864 
46 465 
46 942 
46 1395 
47 14 
48 102 
48 113 
48 438 
49 430 
49 1719 
49 205 
50 405 
50 162 
50 337 
50 339 
51 135 
51 257 
51 327 
51 7 
51 254 
52 2649 
52 263 
53 183 
53 38 
53 36 
53 9 
53 165 
54 250 
54 95 
54 360 
54 88 
54 18 
56 177 
57 753 
57 852 
58 84 
58 43 
59 262 
59 52 
59 1990 
59 605 
60 638 
62 120 
63 78 
64 30 
64 257 
64 240 
64 120 
64 473 
64 188 
65 86 
65 45 
65 299 
66 323 
66 142 
67 279 
67 447 
68 106 
69 719 
69 143 
69 181 
70 208 
70 148 
70 56 
71 218 
71 564 
71 32 
72 36 
72 146 
72 287 
72 282 
73 974 
75 207 
75 108 
75 141 
75 1052 
77 429 
78 251 
78 178 
78 151 
78 110 
79 256 
79 559 
80 94 
81 639 
81 202 
81 112 
81 13 
82 100 
82 23 
82 333 
83 83 
84 10 
84 360 
84 98 
85 163 
85 102 
86 134 
86 471 
86 49 
87 492 
87 216 
88 471 
88 279 
88 72 
88 133 
89 113 
90 60 
90 478 
90 426 
90 66 
90 231 
91 44 
91 367 
91 109 
91 180 
91 101 
92 276 
92 29 
92 36 
92 56 
93 1523 
93 128 
93 136 
93 360 
93 348 
94 431 
94 48 
95 75 
95 100 
95 83 
95 737 
95 271 
96 109 
96 126 
96 35 
97 163 
97 57 
98 95 
98 101 
98 141 
98 116 
98 169 
99 256 
99 108 
100 37 
100 51 
101 100 
101 550 
102 334 
102 228 
103 768 
104 11 
104 135 
104 441 
104 205 
105 125 
105 47 
106 163 
106 254116 
106 224 
106 460 
107 638 
107 2056 
107 329 
108 234 
108 122 
108 35 
108 106 
108 131 
109 96 
109 7 
109 51 
109 97 
109 398 
109 1419 
109 467 
111 15 
112 1022 
112 798 
113 413 
114 37 
114 782 
115 13 
115 270 
115 4 
115 83 
115 237 
116 85 
116 100 
116 157 
117 20 
117 20 
117 278 
118 668 
118 299 
118 40 
119 168 
119 95 
120 1836 
120 182 
120 755 
121 219 
124 191 
124 1190 
124 164 
125 4313 
126 224 
127 40 
127 158 
127 1137 
127 287 
127 160 
128 83 
129 250 
129 369 
130 303 
130 486 
130 162 
130 1027 
130 101 
132 376 
132 15 
132 276 
133 1164 
133 186 
133 263 
133 293 
134 160 
134 5391 
134 111 
134 50 
134 46 
136 62 
136 186 
136 101 
137 81 
137 246 
137 296 
137 205 
138 125 
138 66 
140 69 
140 32 
140 109 
141 47 
141 100 
142 142 
142 521 
143 80 
143 36 
143 41 
144 152 
145 381 
145 139 
147 123 
147 390 
147 77 
148 107 
148 440 
149 186 
149 78 
150 83 
150 197 
151 49 
151 44 
152 52 
207 280 
208 398 
209 137 
211 236 
213 112 
215 99 
215 542 
215 9 
216 159 
216 238 
217 140 
217 126 
218 125 
219 245 
221 120 
221 212 
223 68 
223 227 
224 431 
224 29 
224 125 
224 159 
225 407 
225 524 
226 230 
226 230 
227 92 
227 37 
227 371 
227 83 
227 385 
227 12 
229 80 
229 167 
230 39 
230 125 
231 902 
231 26 
232 437 
232 189 
234 146 
234 42 
234 365 
235 1046 
235 73 
236 675 
239 85 
241 58 
241 202 
241 74 
242 696 
242 313 
243 54 
243 55 
244 90 
245 437 
245 172 
246 351 
247 258 
251 58 
251 1535 
251 117 
251 550 
253 242 
253 252 
254 681 
254 169 
255 9 
255 17 
256 210 
257 835 
258 75 
259 679 
259 316 
259 43 
259 893 
260 30 
261 1631 
261 283 
263 760 
263 81 
264 19 
264 46 
264 175 
265 757 
265 252 
265 62 
268 124 
269 12252 
270 356 
270 121 
271 493 
271 117 
274 500 
274 135 
274 569 
278 473 
279 753 
279 132 
280 1 
281 106 
281 161 
281 332 
284 892 
284 539 
286 421 
287 207 
287 161 
287 243 
288 159 
289 169 
290 40 
292 128 
293 165 
294 309 
296 1314 
297 211 
298 115 
298 338 
300 24 
301 574 
301 153 
303 78 
303 254 
303 175 
303 19 
303 117 
304 413 
304 326 
304 85 
304 56 
305 63 
306 280 
307 704 
307 24 
307 100 
311 92 
311 846 
311 113 
311 484 
312 185 
314 36 
315 167 
315 156 
316 118 
319 230 
319 317 
319 290 
320 83 
320 290 
320 69 
321 248 
321 439 
322 47 
322 1833 
323 679 
323 1266 
324 1146 
325 86 
327 113 
328 2 
328 205 
331 194 
332 86 
332 107 
333 222 
333 229 
333 435 
333 157 
334 97 
336 24 
337 92 
337 371 
337 186 
339 26 
340 998 
340 141 
340 135 
342 66 
347 10119 
347 15 
347 118 
349 833 
349 202 
350 100 
351 746 
352 226 
354 571 
355 113 
356 41 
357 1111 
357 96 
357 82 
358 267 
363 423 
364 66 
365 127 
365 145 
366 402 
366 262 
368 626 
370 247 
370 50 
372 129 
373 651 
373 386 
373 88 
376 54 
376 122 
378 307 
380 164 
381 790 
382 132 
383 1383 
384 3567 
384 261 
386 127 
387 220 
388 247 
388 20 
388 27 
389 89 
389 208 
390 368 
390 175 
391 139 
393 96 
393 143 
396 668 
397 155 
399 172 
400 157 
400 521 
402 87 
403 30 
404 72 
404 471 
407 42 
407 203 
407 1094 
407 106 
408 90 
408 146 
409 189 
409 57 
409 28 
410 11 
410 153 
410 169 
410 94 
412 218 
412 41 
412 3997 
413 205 
413 114 
417 54 
417 258 
417 79 
420 276 
421 226 
422 2915 
422 126 
425 323 
426 474 
426 101 
428 310 
428 111 
428 200 
428 76 
430 130 
431 148 
433 80 
433 404 
439 423 
439 79 
440 622 
441 271 
443 230 
444 178 
444 422 
445 57 
447 41 
448 264 
449 941 
452 95 
452 7 
453 206 
454 10 
463 11 
463 10 
464 171 
464 334 
464 418 
465 145 
465 563 
465 64 
465 5 
465 247 
466 181 
468 146 
469 50 
470 60 
472 896 
472 180 
474 165 
475 79 
475 30 
475 76 
476 211 
478 68 
478 974 
479 97 
479 82 
481 130 
481 30 
481 48 
481 143 
482 537 
483 192 
483 2003 
485 416 
485 198 
487 183 
488 65 
488 117 
488 269 
489 421 
490 143 
490 1176 
491 223 
491 95 
491 149 
493 109 
493 79 
494 228 
495 141 
495 371 
498 281 
498 86 
499 218 
499 684 
499 83 
500 81 
502 460 
502 722 
502 121 
503 999 
503 52 
503 123 
507 586 
507 25 
508 85 
509 529 
510 565 
511 40 
511 68 
512 47 
512 15 
512 173 
512 106 
514 105 
514 191 
514 123 
514 54 
516 707 
516 51 
516 20 
516 801 
517 1027 
520 243 
520 566 
522 334 
522 211 
523 153 
525 1190 
525 164 
526 135 
526 48 
529 1296 
529 298 
529 89 
530 47 
532 14 
533 123 
535 100 
537 165 
538 66 
539 295 
540 24 
541 403 
541 55 
543 635 
543 38 
544 532 
546 279 
546 26 
547 562 
547 3 
552 276 
552 27 
553 107 
555 48 
555 501 
555 837 
558 152 
559 27 
559 244 
559 371 
560 40 
567 146 
567 180 
567 82 
568 259 
569 563 
569 84 
572 118 
573 92 
574 770 
576 378 
578 55 
578 267 
579 381 
638 67 
641 223 
642 121 
642 123 
645 166 
646 599 
646 77 
648 581 
650 206 
651 263 
652 32 
652 21 
655 178 
655 398 
656 84 
657 480 
660 27 
663 135 
663 213 
664 774 
666 223 
669 9201 
669 158 
670 570 
672 1097 
674 220 
678 93 
679 401 
679 336 
681 677 
681 220 
683 1809 
686 40 
688 607 
688 186 
689 14667 
689 238 
689 111 
689 323 
689 28 
690 542 
691 44 
693 10 
694 572 
695 93 
695 372 
696 68 
698 63 
700 48 
704 33 
704 86 
704 124 
708 9 
709 150 
712 269 
713 151 
713 1801 
713 130 
714 466 
715 463 
715 82 
715 2199 
718 17 
718 18 
718 71 
720 480 
721 1280 
721 290 
722 155 
725 78 
725 689 
725 105 
725 74 
726 69 
727 96 
728 36 
731 46 
733 1230 
733 72 
734 107 
735 94 
740 102 
741 263 
741 627 
744 805 
745 57 
746 53 
746 172 
751 66 
751 724 
751 190 
753 307 
753 333 
753 268 
754 52 
754 1382 
755 217 
755 1064 
756 18 
757 278 
757 229 
758 99 
758 180 
765 105 
767 424 
768 104 
768 53 
768 100 
770 281 
770 2 
773 54 
774 601 
776 175 
776 24 
782 132 
782 529 
783 201 
788 448 
789 91 
789 118 
790 498 
794 107 
798 94 
798 212 
799 1242 
800 8 
800 141 
804 160 
809 85 
811 122 
812 197 
814 755 
814 119 
818 346 
819 607 
820 281 
824 239 
827 196 
827 68 
827 2014 
828 159 
829 450 
830 2358 
831 648 
832 245 
832 1182 
834 445 
836 70 
839 29 
843 40 
850 186 
853 87 
853 339 
854 35 
856 196 
856 68 
858 29 
861 77 
862 109 
863 246 
866 293 
868 52 
869 273 
871 260 
872 105 
876 1909 
879 198 
881 153 
882 30 
883 377 
886 72 
887 13926 
888 18 
891 397 
892 201 
895 83 
898 66 
951 100 
954 291 
955 248 
955 172 
955 20 
956 163 
957 208 
960 250 
963 218 
963 369 
964 85 
964 119 
967 60 
970 24 
972 76 
973 710 
973 89 
979 110 
980 14 
984 690 
986 637 
988 154 
989 243 
992 30 
997 295 
999 80 
1001 11 
1001 86 
1006 147 
1008 86 
1011 6 
1016 10 
1018 261 
1025 10 
1026 84 
1029 927 
1037 269 
1037 262 
1041 45 
1041 74 
1043 369 
1049 51 
1049 138 
1049 130 
1051 93 
1053 6 
1053 34 
1057 36 
1061 90 
1065 44 
1067 261 
1071 2247 
1080 845 
1081 59 
1081 152 
1083 123 
1092 1297 
1094 242 
1100 106 
1100 243 
1104 190 
1105 53 
1106 154 
1109 35 
1110 595 
1113 141 
1114 207 
1116 155 
1116 134 
1119 91 
1120 240 
1128 282 
1135 119 
1138 67 
1141 56 
1143 77 
1144 17 
1146 15 
1149 342 
1151 32 
1153 317 
1155 248 
1174 309 
1181 267 
1181 870 
1182 268 
1190 140 
1194 110 
1201 199 
1202 4703 
1205 208 
1206 174 
1222 510 
1226 170 
1228 145 
1229 58 
1229 37 
1234 399 
1242 171 
1244 2495 
1245 1381 
1245 88 
1249 47 
1251 1021 
1263 224 
1264 107 
1268 65 
1270 96 
1278 154 
1279 262 
1282 3 
1284 273 
1284 66 
1286 112 
1288 55 
1290 0 
1296 577 
1297 972 
1302 363 
1302 57 
1303 43 
1309 87 
1313 127 
1316 304 
1318 30 
1319 175 
1321 36 
1322 71 
1324 194 
1327 223 
1327 515 
1337 343 
1338 101 
1338 56 
1340 78 
1342 154 
1344 4 
1403 256 
1409 4 
1409 517 
1413 42 
1413 490 
1417 351 
1420 24 
1427 53 
1431 27 
1434 451 
1439 302 
1441 17 
1449 383 
1454 79 
1456 155 
1461 53 
1473 49 
1478 136 
1480 9 
1484 86 
1502 248 
1512 151 
1516 61 
1525 84 
1525 164 
1527 475 
1531 269 
1531 32 
1563 112 
1564 3765 
1569 69 
1572 118 
1576 1562 
1579 40 
1581 346 
1585 186 
1589 409 
1590 317 
1599 47 
1601 285 
1606 207 
1622 152 
1625 92 
1627 75 
1637 37 
1641 153 
1641 74 
1643 88 
1644 151 
1649 99 
1654 93 
1659 17 
1659 37 
1673 105 
1674 22 
1678 109 
1687 289 
1693 78 
1693 0 
1696 33876 
1720 409 
1722 64 
1726 10 
1726 160 
1727 116 
1731 743 
1742 64 
1747 12 
1750 1321 
1752 100 
1756 824 
1757 28 
1759 408 
1761 167 
1761 96 
1762 173 
1762 1614 
1778 216 
1789 87 
1789 38 
1793 32 
1821 27 
1822 4457 
1824 23 
1837 69 
1838 451 
1838 582 
1846 244 
1852 2 
1864 109 
1864 68 
1864 232 
1864 44 
1865 43 
1868 15 
1870 59 
1872 51 
1874 82 
1878 452 
1879 71 
1880 34 
1881 635 
1889 15 
1895 130 
1918 120 
1929 15 
1931 595 
1932 274 
1943 21 
1951 108 
1954 114 
1957 2206 
1970 106 
1980 172 
1981 1510 
1986 39 
1996 156 
2001 43 
2008 1746 
2014 682 
2014 69 
2016 42 
2018 67 
2022 74 
2024 359 
2037 18 
2038 733 
2039 63 
2040 773 
2041 99 
2050 187 
2052 355 
2053 86 
2055 21 
2058 431 
2062 257 
2064 86 
2072 6 
2074 57 
2078 689 
2082 72 
2083 38 
2083 81 
2084 35 
2086 40 
2090 61 
2092 63 
2094 250 
2103 375 
2105 102 
2107 37 
2107 783 
2110 1407 
2175 1281 
2176 526 
2185 157 
2193 26 
2193 347 
2194 155 
2195 59 
2196 122 
2200 1272 
2202 579 
2221 277 
2226 85 
2230 602 
2237 208 
2238 179 
2239 131 
2242 18 
2246 21 
2246 293 
2248 161 
2250 25 
2261 68 
2261 103 
2264 110 
2273 14 
2282 113 
2286 718 
2286 521 
2304 32 
2318 94 
2319 57 
2330 71 
2336 121 
2346 265 
2354 322 
2356 345 
2362 63 
2368 210 
2370 451 
2387 455 
2402 168 
2404 207 
2415 24 
2428 260 
2430 181 
2432 1121 
2443 6 
2450 1702 
2464 52 
2470 18 
2478 54 
2493 107 
2508 55 
2522 167 
2539 309 
2542 252 
2553 18 
2553 473 
2558 13 
2563 277 
2565 63958 
2576 151 
2584 64 
2587 79 
2590 94 
2598 57 
2601 607 
2603 48 
2614 25 
2615 642 
2622 847 
2623 73 
2624 256 
2626 88 
2630 21 
2651 161 
2652 72 
2657 216 
2661 55 
2663 12 
2664 119 
2664 91 
2669 862 
2670 660 
2672 33 
2674 83 
2686 206 
2688 289 
2690 42 
2693 1794 
2702 255 
2705 30 
2705 637 
2710 83 
2716 413 
2718 58 
2725 1458 
2728 117 
2729 95 
2730 663 
2740 322 
2741 253 
2746 569 
2753 1185 
2760 243 
2762 73 
2767 970 
2775 34 
2845 330 
2849 67 
2865 171 
2868 105 
2870 185 
2873 79 
2886 35 
2906 15 
2918 70 
2926 327 
2941 30 
2955 477 
2958 30 
2958 41 
2961 848 
2969 20971 
2970 740 
2973 185 
2988 11 
2991 46 
2992 28 
2993 2656 
2994 74 
3005 40 
3018 329 
3024 92 
3027 48 
3041 166 
3048 167 
3076 2229 
3089 351 
3104 681 
3108 294 
3108 581 
3123 140 
3154 325 
3158 66 
3171 1057 
3176 356 
3188 15 
3206 288 
3217 52 
3228 252 
3239 343 
3245 106 
3289 82 
3293 75 
3295 3702 
3303 43 
3323 53 
3324 96 
3329 164 
3341 37 
3341 265 
3350 64 
3361 61 
3366 28331 
3375 311 
3380 290 
3387 97 
3396 238 
3410 71 
3419 10 
3421 297 
3426 92 
3429 1029 
3438 599 
3445 671 
3548 146 
3549 262 
3554 205 
3564 545 
3564 235 
3574 1160 
3579 2268 
3585 222 
3603 67 
3608 701 
3626 235 
3627 52 
3634 934 
3635 101 
3642 1203 
3648 494 
3662 1475 
3673 210 
3677 2689 
3679 65 
3679 228 
3687 104 
3688 508 
3693 88 
3694 32 
3698 117 
3701 208 
3712 44 
3712 1706 
3713 639 
3716 842 
3719 48 
3729 35 
3734 31 
3740 46 
3745 52 
3747 266 
3761 202 
3795 10 
3802 315 
3806 36 
3806 47 
3809 448 
3846 214 
3862 42 
3877 32 
3884 126 
3891 22 
3903 35 
3905 788 
3908 57 
3909 361 
3916 413 
3928 51 
3957 6 
3966 96 
3968 42 
3982 422 
3990 30 
3992 127 
4000 106 
4007 391 
4021 320 
4024 11 
4028 566 
4033 124 
4042 88 
4058 59 
4072 308 
4075 142 
4078 88 
4088 198 
4119 830 
4132 148 
4136 92 
4148 111 
4150 121 
4150 465 
4189 6 
4191 10 
4200 45 
4226 210 
4236 121 
4245 75 
4248 52 
4255 167 
4261 73 
4262 495 
4263 31615 
4316 86 
4330 211 
4351 39 
4361 5 
4384 43 
4393 57 
4430 55 
4434 444 
4444 21 
4456 18 
4468 72 
4490 113 
4498 60 
4540 508 
4565 339 
4572 275 
4594 24 
4622 1865 
4633 8 
4655 106 
4670 392 
4709 360 
4714 170 
4715 379 
4737 695 
4752 93 
4870 60 
4892 12 
4906 72 
4925 395 
4949 66 
4999 30 
5017 71 
5046 4 
5053 33 
5101 101 
5108 114 
5238 124 
5258 122 
5259 27 
5260 29053 
5296 258 
5341 412 
5342 184 
5373 24 
5425 30 
5427 343 
5443 20 
5457 116 
5482 111 
5543 52 
5571 48 
5600 15 
5616 98 
5644 100 
5667 847 
5669 358 
5680 230 
5693 263 
5693 263 
5709 36 
5709 36 
5723 105 
5723 105 
5755 41 
5767 302 
5776 107 
5834 38 
5879 337 
5887 185 
5921 130 
5948 55 
5953 12 
5965 343 
5986 77 
6004 56 
6013 153 
6059 228 
6262 27 
6302 45 
6304 180 
6348 516 
6352 32 
6352 885 
6362 89 
6444 201 
6465 86 
6481 77 
6489 582 
6513 45 
6528 332 
6533 56 
6539 70 
6580 76 
6581 16 
6590 834 
6610 15 
6641 39 
6671 26 
6692 16 
6706 41 
6716 115 
6721 188 
6776 142 
6877 188 
6912 404 
6914 36 
6919 9 
6920 5 
6924 81 
6994 50 
6996 7 
7008 32 
7016 242 
7113 717 
7113 370 
7159 48 
7167 25 
7184 14 
7226 20 
7240 30 
7259 26 
7282 2054 
7282 132 
7323 44 
7400 53 
7407 7771 
7416 4363 
7425 21 
7430 477 
7452 11 
7488 333 
7488 9 
7489 16 
7514 1028 
7567 294 
7692 70 
7764 29 
7810 5151 
7884 66 
7899 123 
8055 133 
8079 20 
8091 232 
8139 489 
8246 125 
8273 559 
8299 623 
8347 160 
8358 104 
8401 18 
8438 42 
8440 56 
8514 1054 
8562 10 
8588 43 
8605 30 
8626 127 
8646 57 
8658 31 
8705 39 
8730 383 
8757 62 
8761 30 
8766 125 
8767 67 
8827 46 
8882 914 
8934 41 
8987 15 
8990 1483 
9105 354 
9273 96 
9346 108 
9372 2045 
9407 89 
9441 1459 
9452 64 
9518 10 
9661 99 
9780 39 
9824 12 
9825 62 
10056 308 
10155 116 
10179 143 
10217 236 
10234 110 
10236 15 
10301 287 
10331 80 
10370 69 
10445 212 
10577 213 
10706 678 
10743 29 
10828 6 
10881 682 
10892 503 
10911 346 
10917 93 
11003 79 
11015 11 
11034 104 
11060 1173 
11090 159 
11229 78 
11238 464 
11287 18 
11341 143 
11426 162 
11472 41 
11550 90 
11829 10 
11854 20 
11932 1 
12042 358 
12390 211 
12577 194 
12828 95 
12890 48 
13089 62 
13099 314 
13181 19 
13235 136 
13247 61 
13332 90 
13355 146 
13385 26 
13467 1215 
13560 645 
13595 14 
13701 454 
13712 41 
13714 8 
13733 247 
13760 1116 
13846 28 
13915 330 
14002 84 
14037 78 
14092 278 
14169 989 
14447 34 
14741 108 
14747 10 
14761 148 
14913 21 
14946 18 
15057 45 
15172 16 
15353 180 
15514 26 
15542 208 
15554 94 
15564 51 
15902 14 
16021 1 
16081 9 
16171 44 
16200 9 
16341 66 
16831 43 
16884 511 
17209 46 
17295 37 
17361 67 
17435 60 
17488 65 
17783 8 
18293 143 
18442 80 
18515 104 
18641 18 
18867 3 
18922 992 
18971 14 
19026 174 
19132 42 
19140 57 
19155 132 
19405 27 
19528 85 
19589 30 
19700 315 
19760 42 
19785 78 
19897 41 
20131 187 
20334 1168 
20431 685 
21445 56 
21652 77 
21845 112 
21883 25 
21935 24 
22046 4 
22669 195 
22713 312 
22764 9 
23259 1370 
23270 7 
23292 50 
23296 53 
23640 14306 
23769 14306 
24386 144 
24673 543 
24734 46 
24774 21 
24892 49 
24899 30 
25224 370 
25737 397 
26189 51 
26198 13 
26232 95 
26506 26 
26697 980 
27132 14 
27209 13 
27336 54 
27451 11 
27481 93 
27694 113 
27800 51 
28007 75 
28143 206 
28716 6 
28863 105 
29103 350 
29291 19 
29313 72 
29696 76 
30229 65 
30372 32 
30669 7 
30707 85 
31067 16 
31238 562 
31265 1090 
31590 59 
32512 223 
32947 404 
32974 265 
33712 443 
34993 3 
35285 48 
35389 12 
35395 4 
35479 1679 
36054 39 
36319 173 
36575 11 
36650 49 
36724 279 
36770 370 
36827 11 
37113 1793 
37211 5 
37261 11005 
37785 10 
37969 188008 
37990 317 
37998 5039 
38003 71 
38007 74 
38008 289 
38012 230 
38019 3 
38020 1292 
38029 973 
38033 355 
38042 361 
38047 399 
38047 262 
38050 77 
38050 198 
38070 361 
38094 258 
38094 166 
38095 620 
38097 321 
38109 350 
38115 412 
38127 239 
38127 31 
38156 114 
38222 323 
38239 308 
38275 542 
38279 633 
38287 75168 
38318 95 
38328 2373 
38328 2487 
38344 196 
38347 79 
38352 156 
38361 1176 
38362 277 
38386 814 
38410 50 
38411 353 
38426 330 
38443 78 
38459 263 
38470 46 
38472 70 
38474 1264 
38499 352 
38507 150 
38508 52 
38520 1440 
38567 221 
38568 926 
38604 0 
38646 153 
38652 469 
38654 190 
38762 110 
38783 342 
38790 91 
38827 94 
38913 175 
38914 12 
38932 129 
38933 39 
38989 181 
39082 162 
39092 626 
39104 170 
39244 26 
39247 34 
39251 178 
39251 331 
39260 232 
39330 713 
39333 36 
39355 44 
39376 130 
39399 748 
39424 55 
39515 124 
39516 89 
39523 34 
39587 166 
39655 125 
39742 151 
39748 31 
39801 41 
39997 365 
40098 50 
40142 60 
40147 24 
40216 141 
40244 123 
40272 198 
40363 225 
40551 32 
40579 318 
40682 430 
40694 18 
40707 83 
40780 2081 
40800 520 
40905 182 
40917 604 
40922 269 
40998 203 
41007 349 
41155 750 
41242 423 
41245 1491 
41261 614 
41281 577 
41426 3011 
41566 21 
41686 70 
41738 84 
41820 108 
41827 61 
41959 109 
42148 24 
42187 90 
42188 133 
42310 11 
42544 17 
42580 68 
42648 103 
42727 186 
42773 478 
42780 179 
42875 160 
42886 105 
42911 1414 
43401 5 
43467 231 
43541 323 
43638 0 
43719 222 
43873 439 
43929 838 
44161 146 
44512 12287 
44771 119 
44778 364 
44806 219 
44836 153 
45104 7 
45427 306 
45973 43 
46004 1651 
46085 9033 
46240 188 
46533 20 
46895 64 
46937 186 
47037 45 
47130 6626 
47152 957 
47177 409 
47219 240 
47376 82 
47444 290 
47447 324 
47455 185 
47504 98 
47526 3728 
47544 261 
47545 1665 
47575 523 
47601 66 
47611 334 
47991 21 
48063 997 
48194 482 
48367 121 
48382 41 
48490 0 
48684 69 
48810 61 
48873 70 
49355 264 
49488 3 
49550 6878 
49565 1794 
49581 125 
49838 3 
50243 250 
50247 191 
50267 107 
50601 1768 
50705 1401 
50862 14 
50962 488 
51106 19 
51267 50 
51657 144 
52075 39 
52417 60 
52791 36 
53019 1059 
53402 21 
53706 56 
54332 84 
54491 220 
57715 105 
58525 0 
58658 176 
59662 217 
60243 65 
61007 161 
61764 55 
62283 163 
62542 58 
64471 48 
64582 108 
64725 296 
66357 1 
66628 438 
66740 7 
67664 74 
68649 1626 
69445 26 
70483 16 
71673 519 
71784 1 
72106 28 
72560 105 
77187 2524 
77931 263 
78356 131 
81884 253 
83782 47 
84888 4 
85478 192 
86127 82 
86641 218 
92077 26 
92364 27 
92639 664 
93916 684 
95149 2 
96046 130 
96190 1054 
96298 543 
97468 273 
97622 73 
99382 1061 
109322 1376 
110247 3213 
122142 139 
122481 73 
127217 8 
136128 276 
139246 1 
140739 2727 
150062 192 
150301 392 
156541 0 
171503 1 
175561 0 
203159 0 
274554 179 
309108 22 
316753 117 
333880 2060 
351642 226 
402958 2 
471290 124 
474459 2 
481147 1297 
490359 0 
496396 152 
