2272 3.86163194444
0 3188127 
11 39 
11 217 
12 115 
17 112 
18 123 
19 879 
20 99 
21 62 
22 17 
23 354 
25 235 
25 527 
25 74 
25 60 
26 165 
26 71 
26 407 
27 124 
28 779 
29 194 
30 112 
30 113 
31 154 
31 138 
32 143 
32 222 
32 274 
32 233 
33 151 
33 236 
33 89 
34 42 
35 328 
35 291 
35 165 
35 28 
35 194 
35 198 
36 85 
36 748 
36 179 
36 289 
36 59 
37 139 
37 59 
37 37 
38 89 
38 20 
38 178 
38 346 
38 56 
39 166 
39 151 
39 124 
39 644 
40 186 
40 14 
40 363 
41 20 
41 48 
41 135 
41 124 
42 432 
42 556 
42 64 
42 295 
42 322 
43 45 
43 215 
43 87 
43 131 
43 79 
44 97 
44 47 
44 138 
45 171 
45 95 
45 218 
45 237 
45 179 
46 183 
46 211 
46 68 
46 20 
46 107 
47 334 
47 23 
47 87 
47 286 
47 186 
47 147 
48 224 
48 138 
48 435 
48 75 
49 463 
50 1127 
50 666 
50 689 
51 114 
51 120 
51 116 
51 643 
51 22 
51 307 
52 14 
52 9 
52 45 
52 80 
52 453 
52 764 
53 49 
53 204 
53 100 
53 763 
54 128 
54 124 
54 79 
54 110 
54 146 
54 62 
54 74 
55 196 
55 64 
55 146 
55 159 
55 207 
55 561 
56 719 
56 150 
56 96 
56 26 
56 101 
56 340 
56 538 
57 50 
57 83 
57 189 
57 81 
57 486 
57 52 
58 108 
58 149 
58 213 
59 72 
59 132 
59 26 
60 464 
60 31 
60 105 
61 62 
62 88 
62 17 
62 27 
62 225 
62 72 
62 172 
62 151 
62 69 
62 121 
63 49 
64 1198 
64 158 
64 20 
65 64 
65 129 
65 185 
65 29 
65 862 
66 47 
66 197 
66 197 
66 109 
67 175 
67 260 
67 41 
67 68 
67 39 
67 331 
67 148 
68 113 
68 167 
68 251 
69 97 
69 192 
69 49 
70 49 
70 116 
70 47 
70 295 
71 77 
71 181 
72 128 
72 142 
73 102 
73 773 
73 191 
73 198 
73 73 
74 76 
74 32 
74 265 
75 115 
75 74 
75 562 
77 327 
77 54 
77 78 
78 40 
78 445 
78 442 
78 33 
78 70 
79 35 
79 1741 
79 488 
80 311 
80 265 
80 278 
80 173 
81 139 
81 202 
81 94 
81 139 
81 135 
81 126 
81 3 
82 215 
82 170 
82 105 
82 80 
82 40 
82 261 
82 201 
82 98 
83 68 
83 153 
83 207 
84 231 
84 178 
84 294 
84 26 
84 200 
85 299 
85 140 
85 90 
85 374 
86 72 
86 48 
86 105 
86 65 
86 351 
86 111 
87 112 
87 129 
87 268 
88 72 
88 156 
89 128 
89 225 
89 78 
90 111 
91 185 
91 137 
91 17 
91 278 
91 197 
92 49 
92 35 
92 348 
92 50 
92 183 
92 167 
92 156 
92 34 
93 75 
94 125 
94 294 
94 599 
95 98 
95 45 
95 102 
95 68 
95 28 
96 103 
96 148 
96 32 
96 696 
96 25 
96 559 
96 103 
97 270 
97 158 
97 219 
97 408 
98 79 
98 142 
98 167 
98 17 
99 103 
99 298 
99 108 
99 114 
100 919 
100 63 
100 137 
100 66 
100 122 
100 47 
101 227 
101 145 
101 435 
101 635 
101 253 
101 177 
102 87 
102 134 
102 195 
102 91 
104 115 
105 27 
105 267 
105 94 
106 181 
106 57 
107 125 
107 354 
107 146 
107 1670 
109 39 
109 586 
109 384 
110 70 
110 70 
110 128 
110 212 
111 631 
111 195 
111 121 
112 180 
112 110 
112 104 
112 102 
112 158 
113 80 
113 258 
113 27 
113 44 
113 295 
114 249 
114 154 
114 126 
115 596 
116 74 
116 275 
116 1750 
116 514 
116 254 
116 102 
116 17 
117 143 
117 8 
118 106 
118 216 
119 223 
119 34 
119 117 
119 104 
119 128 
119 60 
120 440 
121 61 
121 190 
121 124 
123 130 
123 487 
123 19 
123 72 
124 24 
124 165 
124 149 
125 476 
125 333 
125 71 
126 59 
127 95 
127 168 
128 97 
129 34 
129 314 
130 246 
130 2 
131 175 
131 108 
132 60 
132 53 
133 200 
133 19 
133 17 
133 551 
134 81 
134 26 
134 462 
134 382 
134 188 
134 78 
135 471 
135 110 
135 31 
135 152 
135 327 
136 737 
136 54 
136 43 
136 172 
137 30 
137 272 
138 33 
138 145 
138 233 
138 91 
139 333 
139 89 
139 241 
140 55 
140 167 
140 231 
140 165 
141 1138 
141 149 
141 77 
141 348 
141 63 
141 872 
143 164 
143 174 
143 582 
144 37 
144 320 
145 318 
145 48 
146 67 
147 166 
147 129 
148 270 
148 74 
148 137 
149 309 
149 100 
150 198 
151 145 
151 41 
151 211 
151 38 
151 70 
151 125 
152 162 
152 131 
152 97 
153 121 
154 49 
155 236 
155 247 
155 93 
156 250 
157 116 
157 76 
157 299 
157 351 
157 28 
157 49 
158 217 
159 117 
159 194 
160 734 
160 295 
160 171 
160 69 
160 78 
160 278 
162 228 
162 110 
163 76 
163 107 
163 1202 
164 145 
164 227 
164 135 
165 20 
165 67 
166 495 
166 81 
167 153 
167 29 
168 165 
168 53 
168 57 
168 33 
168 225 
169 286 
169 242 
170 107 
170 248 
170 174 
171 123 
171 86 
172 117 
172 149 
173 114 
173 59 
173 223 
174 128 
174 156 
175 458 
175 48 
177 640 
177 138 
177 60 
177 88 
178 109 
179 302 
179 254 
180 266 
181 296 
181 86 
181 73 
182 90 
183 12 
183 81 
183 169 
183 16 
183 340 
184 624 
185 148 
185 142 
185 159 
186 97 
186 100 
186 268 
186 73 
186 351 
187 66 
188 138 
188 139 
188 60 
188 145 
189 649 
190 73 
191 228 
191 169 
192 83 
193 524 
193 230 
194 53 
194 110 
195 25 
195 267 
196 245 
196 229 
197 60 
197 158 
197 465 
197 219 
198 131 
199 366 
201 45 
203 22 
205 164 
205 11 
205 85 
205 54 
205 295 
206 38 
206 76 
206 147 
207 492 
207 87 
208 549 
209 30 
209 117 
209 63 
210 970 
210 167 
210 80 
210 99 
211 313 
214 218 
214 112 
214 263 
215 543 
217 139 
217 119 
217 214 
219 164 
219 89 
219 108 
220 115 
221 95 
221 1021 
221 168 
222 425 
223 233 
225 80 
228 101 
228 274 
229 34 
229 134 
229 77 
231 29 
233 74 
234 824 
235 28 
237 70 
237 155 
237 180 
237 86 
238 77 
239 24 
240 122 
240 143 
240 102 
241 55 
242 118 
242 180 
242 63 
243 114 
243 10 
244 217 
248 148 
248 409 
248 136 
250 58 
251 25 
252 46 
253 133 
254 90 
256 84 
257 238 
258 44 
258 18 
259 38 
260 1256 
260 138 
261 160 
262 169 
264 296 
264 29 
265 215 
265 172 
265 59 
265 226 
268 67 
269 40 
270 43 
271 79 
272 45 
272 27 
273 125 
276 58 
276 60 
276 566 
278 70 
279 293 
280 34 
281 40 
281 263 
282 252 
283 202 
284 75 
285 308 
285 114 
285 56 
285 150 
286 149 
286 3 
287 847 
288 184 
288 18 
289 485 
290 150 
290 139 
291 98 
291 55 
291 55 
292 15 
292 61 
293 139 
293 48 
294 83 
297 282 
297 208 
297 148 
298 124 
298 91 
299 107 
299 60 
299 282 
299 406 
300 78 
300 148 
300 51 
301 58 
303 244 
303 51 
303 200 
304 19 
306 61 
307 111 
307 34 
307 119 
307 411 
309 82 
310 37 
312 263 
313 141 
313 62 
314 30 
314 2 
315 113 
316 34 
316 69 
316 110 
316 123 
316 213 
317 72 
319 85 
320 135 
320 218 
321 105 
321 294 
321 93 
321 101 
322 264 
322 46 
322 102 
324 175 
324 73 
324 89 
325 25 
326 6 
327 302 
328 1011 
330 169 
331 345 
331 112 
332 134 
332 74 
333 29 
333 215 
333 38 
335 40 
335 368 
335 283 
337 156 
338 358 
340 316 
341 53 
341 29 
343 53 
345 125 
345 77 
346 79 
348 130 
348 24 
350 78 
352 168 
352 92 
353 79 
356 121 
356 45 
357 26 
357 25 
357 66 
358 53 
358 150 
359 16 
360 58 
361 162 
362 204 
363 39 
363 216 
366 14 
366 10 
366 65 
366 88 
367 12 
368 62 
368 141 
371 211 
372 49 
373 92 
376 105 
376 110 
378 106 
380 80 
382 80 
382 87 
382 363 
384 168 
384 197 
386 995 
386 167 
386 256 
387 96 
387 399 
388 271 
389 228 
392 16 
393 29 
393 296 
393 44 
395 321 
395 86 
395 115 
396 409 
396 152 
396 91 
399 59 
403 97 
404 101 
405 41 
405 58 
406 58 
406 280 
408 78 
409 113 
410 35 
414 19 
415 80 
417 145 
420 1008 
422 51 
422 77 
423 15 
423 81 
423 33 
424 169 
424 86 
427 85 
429 282 
429 216 
430 246 
431 1022 
432 99 
433 519 
435 438 
438 122 
439 94 
442 84 
442 66 
443 366 
444 52 
444 435 
445 329 
447 114 
449 59 
451 249 
451 26 
452 238 
452 220 
453 163 
453 58 
453 154 
455 190 
456 138 
458 526 
458 229 
459 184 
461 87 
461 176 
461 114 
463 91 
463 687 
464 320 
464 32 
465 156 
466 37 
470 87 
470 54 
471 78 
471 32 
472 103 
473 87 
478 57 
481 36 
487 207 
490 86 
493 11 
494 341 
496 133 
499 38 
501 487 
503 282 
505 81 
506 1021 
508 120 
509 261 
509 99 
510 64 
510 169 
511 99 
511 26 
511 370 
514 34 
514 83 
515 76 
516 201 
519 161 
520 413 
528 48 
531 146 
531 117 
535 113 
536 47 
538 92 
542 30 
542 17 
543 55 
545 36 
545 43 
547 410 
548 182 
549 36 
549 275 
549 30 
549 255 
550 957 
551 105 
552 252 
554 189 
555 90 
558 204 
558 45 
560 205 
560 328 
562 52 
565 71 
566 253 
566 216 
566 71 
566 121 
567 1721 
568 23 
568 32 
570 83 
570 53 
571 160 
573 97 
573 47 
574 275 
576 171 
577 105 
582 129 
583 818 
585 199 
588 62 
590 98 
591 55 
592 103 
593 86 
596 809 
596 114 
596 2017 
605 97 
605 99 
606 26 
608 638 
609 140 
611 64 
614 149 
617 222 
620 124 
623 105 
625 20 
625 101 
625 52 
626 112 
627 23 
627 358 
630 29 
630 271 
631 101 
639 75 
639 50 
642 49 
642 61 
643 322 
645 81 
647 33 
647 6 
649 130 
650 214 
651 11 
652 80 
652 177 
653 68 
655 18 
657 67 
658 187 
658 247 
664 63 
665 85 
665 21 
668 39 
669 208 
673 29 
673 30 
675 211 
679 29 
680 1 
681 189 
685 46 
686 93 
689 872 
689 76 
690 58 
690 42 
691 205 
693 177 
694 101 
701 313 
702 129 
703 29 
704 150 
704 85 
706 197 
708 9 
710 75 
713 99 
714 23 
716 17 
718 36 
724 199 
724 68 
726 77 
727 60 
728 105 
733 76 
734 686 
738 12 
741 59 
743 37 
743 212 
745 586 
745 85 
746 88 
749 231 
751 29 
751 265 
751 61 
752 333 
754 8 
758 505 
758 88 
761 125 
762 77 
762 73 
764 39 
767 63 
768 139 
768 265 
774 13 
774 5579 
780 203 
782 210 
782 184 
784 65 
785 212 
788 81 
794 59 
798 81 
798 159 
799 39 
803 72 
805 12 
805 40 
809 166 
811 429 
815 82 
815 412 
816 91 
818 130 
820 79 
820 69 
822 184 
824 89 
825 31 
827 165 
828 53 
830 73 
833 33 
839 9 
841 78 
844 614 
845 376 
845 67 
849 214 
852 83 
856 660 
857 213 
859 125 
861 13 
864 125 
866 340 
873 28 
874 108 
877 155 
877 71 
879 59 
879 120 
889 5 
892 102 
893 141 
894 196 
896 321 
900 79 
901 163 
912 43 
915 394 
915 325 
915 251 
921 50 
925 272 
926 104 
927 22 
928 80 
929 61 
930 206 
933 100 
939 95 
941 68 
944 430 
949 149 
952 97 
953 87 
954 89 
954 60 
958 138 
962 144 
964 1403 
969 76 
970 115 
970 531 
971 412 
972 50 
973 142 
974 212 
977 84 
978 117 
985 84 
986 41 
988 106 
994 151 
996 69 
997 64 
997 95 
1000 20 
1001 127 
1001 622 
1007 49 
1007 104 
1010 82 
1016 69 
1016 146 
1017 9 
1021 134 
1031 113 
1033 92 
1034 97 
1048 13 
1049 62 
1052 33 
1052 67 
1059 78 
1064 138 
1069 41 
1070 91 
1078 260 
1079 79 
1082 423 
1083 57 
1084 17 
1091 123 
1092 82 
1095 95 
1095 75 
1099 225 
1099 168 
1100 98 
1100 27 
1100 231 
1103 104 
1103 180 
1106 121 
1108 49 
1109 102 
1113 14 
1117 246 
1120 67 
1120 80 
1121 80 
1124 220 
1129 150 
1134 448 
1140 93 
1148 286 
1153 332 
1154 1008 
1158 88 
1158 88 
1160 158 
1166 94 
1169 5 
1174 109 
1176 30 
1180 45 
1181 87 
1182 117 
1183 106 
1184 108 
1186 26 
1186 71 
1187 119 
1195 66 
1201 43 
1202 37 
1210 43 
1214 48 
1216 71 
1231 184 
1235 0 
1236 106 
1237 33 
1238 68 
1245 216 
1247 33 
1256 97 
1262 218 
1267 84 
1286 41 
1292 45 
1296 31 
1297 65 
1307 63 
1308 110 
1313 197 
1315 54 
1318 137 
1328 12 
1328 76 
1328 129 
1332 29 
1332 147 
1338 192 
1339 312 
1340 143 
1340 168 
1350 106 
1354 73 
1356 108 
1357 76 
1362 22 
1365 45 
1379 72 
1380 15 
1381 216 
1395 112 
1395 177 
1399 127 
1400 321 
1408 196 
1416 186 
1420 68 
1422 12 
1423 84 
1431 31 
1432 43 
1433 67 
1436 273 
1436 34 
1437 7 
1442 108 
1442 58 
1448 133 
1449 95 
1449 502 
1453 219 
1458 93 
1472 15 
1475 181 
1475 638 
1490 63 
1492 360 
1494 166 
1500 507 
1503 173 
1510 88 
1511 26 
1512 266 
1520 131 
1523 69 
1525 122 
1530 46 
1532 212 
1532 132 
1535 181 
1543 195 
1546 354 
1548 90 
1548 48 
1549 148 
1550 27 
1552 42 
1554 153 
1560 32 
1564 46 
1564 155 
1572 21 
1577 30 
1578 36 
1587 96 
1596 198 
1601 137 
1613 163 
1615 207 
1620 114 
1620 34 
1621 30 
1623 30 
1626 54 
1633 213 
1634 55 
1636 57 
1655 58 
1663 326 
1671 305 
1677 108 
1688 306 
1712 77 
1716 34 
1720 55 
1725 73 
1744 5 
1750 104 
1751 86 
1757 221 
1768 14 
1778 24 
1781 86 
1781 28 
1787 67 
1796 90 
1796 33 
1802 36 
1805 140 
1808 77 
1810 134 
1812 24 
1826 130 
1828 52 
1828 25 
1836 39 
1842 70 
1842 53 
1856 70 
1872 199 
1873 80 
1876 43 
1880 6 
1890 52 
1900 53 
1909 0 
1909 133 
1916 68 
1926 122 
1930 213 
1931 149 
1938 50 
1942 1052 
1942 193 
1944 5 
1946 72 
1947 170 
1953 147 
1962 923 
1974 199 
1974 31 
1981 5 
1985 182 
1999 310 
2003 195 
2005 74 
2012 200 
2029 15 
2030 36 
2031 22 
2056 90 
2056 180 
2058 237 
2067 53 
2068 299 
2070 155 
2073 9 
2076 28 
2080 50 
2091 1064 
2108 101 
2122 57 
2122 113 
2122 22 
2127 58 
2129 53 
2136 36 
2183 156 
2183 192 
2184 36 
2185 228 
2200 80 
2201 24 
2206 1188 
2218 223 
2229 46 
2230 29 
2235 93 
2237 38 
2238 33 
2243 591 
2248 76 
2254 303 
2258 193 
2262 30 
2275 44 
2277 326 
2284 10 
2292 47 
2303 78 
2318 31 
2331 102 
2338 152 
2348 282 
2352 33 
2369 33 
2377 153 
2401 389 
2404 30 
2408 118 
2414 5 
2414 2 
2422 46 
2424 80 
2427 24 
2428 58 
2437 101 
2438 135 
2477 30 
2486 0 
2504 15 
2509 75 
2524 68 
2535 116 
2544 142 
2545 39 
2545 81 
2549 274 
2553 82 
2556 213 
2564 108 
2572 118 
2574 159 
2577 33 
2582 62 
2583 24 
2604 40 
2606 171 
2615 78 
2617 67 
2618 27 
2627 713 
2627 16 
2632 224 
2666 210 
2676 110 
2683 117 
2688 127 
2698 105 
2716 43 
2755 118 
2757 34 
2773 123 
2775 48 
2777 0 
2777 94 
2780 47 
2781 30 
2798 18 
2839 83 
2875 139 
2882 154 
2903 46 
2907 115 
2928 81 
2954 137 
2977 60 
2988 11 
3007 21 
3015 7 
3029 49 
3052 96 
3058 58 
3085 25 
3095 100 
3103 106 
3108 160 
3114 280 
3128 70 
3133 55 
3137 100 
3140 40 
3141 50 
3159 17 
3182 119 
3201 160 
3205 95 
3229 58 
3237 76 
3239 28 
3249 72 
3253 39 
3264 55 
3271 91 
3290 71 
3294 168 
3294 85 
3346 52 
3352 57 
3354 81 
3375 433 
3389 894 
3389 132 
3394 13 
3398 419 
3410 67 
3417 117 
3421 25 
3445 7 
3471 92 
3472 507 
3491 299 
3509 47 
3513 119 
3525 108 
3528 34 
3530 166 
3530 79 
3543 94 
3546 55 
3561 90 
3589 12 
3610 122 
3616 42 
3619 7 
3639 125 
3649 12 
3674 62 
3675 98 
3687 158 
3687 31 
3697 18 
3697 44 
3700 163 
3711 93 
3732 123 
3746 16 
3766 52 
3774 73 
3778 29 
3783 3227 
3793 153 
3805 606 
3823 130 
3825 20 
3862 183 
3865 33 
3872 335 
3890 39 
3911 9 
3913 71 
3923 51 
3987 150 
3989 99 
3991 1086 
3995 0 
4014 342 
4018 109 
4023 156 
4035 37 
4058 62 
4061 67 
4065 117 
4068 125 
4087 63 
4090 56 
4115 48 
4116 205 
4130 92 
4160 164 
4162 24 
4164 6 
4172 8 
4173 65 
4183 41 
4191 95 
4213 69 
4242 26 
4243 56 
4246 36 
4259 121 
4279 109 
4308 20 
4309 43 
4343 186 
4343 51 
4344 93 
4365 259 
4369 90 
4373 116 
4374 63 
4390 71 
4423 39 
4425 10 
4427 13 
4433 84 
4450 8 
4456 102 
4496 28 
4502 10 
4517 21 
4528 97 
4547 1191 
4551 26 
4569 122 
4574 23 
4592 1 
4624 17 
4653 46 
4658 4 
4678 31 
4720 7 
4723 12 
4748 18 
4759 133 
4768 6 
4784 32 
4810 109 
4819 910 
4824 157 
4826 111 
4826 95 
4842 47 
4894 27 
4907 43 
4921 14 
4926 40 
4934 22 
4955 21 
4962 44 
4974 31 
4978 136 
5016 26 
5032 15 
5046 45 
5049 155 
5057 60 
5081 26 
5083 24 
5104 29 
5135 78 
5149 39 
5158 68 
5189 36 
5211 106 
5216 101 
5237 112 
5242 17 
5242 58 
5259 160 
5266 48 
5343 164 
5394 69 
5416 53 
5429 14 
5450 74 
5454 1686 
5488 81 
5503 2 
5556 104 
5592 78 
5597 2 
5608 7 
5644 52 
5660 40 
5677 2 
5776 25 
5781 93 
5829 52 
5832 67 
5849 30 
5861 153 
5862 148 
5863 120 
5893 35 
5900 41 
5940 8 
6032 74 
6053 0 
6072 98 
6113 34 
6124 21 
6207 165 
6212 36 
6251 268 
6297 2547 
6334 87 
6342 80 
6367 26 
6384 10 
6496 197 
6497 39 
6533 35 
6583 1197 
6590 97 
6634 18 
6636 6 
6697 495 
6727 74 
6728 83 
6780 295 
6781 44 
6856 115 
6887 195 
6896 97 
6911 376 
6965 12 
6981 148 
7076 99 
7094 182 
7109 200 
7131 43 
7140 133 
7156 121 
7163 32 
7211 46 
7214 18 
7214 64 
7214 66 
7239 80 
7286 108 
7439 72 
7449 7 
7504 85 
7544 101 
7573 181 
7764 80 
7766 33 
7768 6 
7774 22 
7775 49 
7810 30 
7821 23 
7982 77 
7983 139 
7984 36 
8104 33 
8125 61 
8205 208 
8342 64 
8352 117 
8360 42 
8385 26473 
8405 34 
8408 21 
8431 46 
8457 1022 
8495 16 
8498 32 
8551 5 
8616 57 
8646 42 
8712 29 
8719 278 
8732 540 
8755 115 
8768 2279 
8913 2 
8962 1035 
8976 112 
9075 33 
9143 28 
9172 51 
9199 67 
9291 133 
9417 21 
9435 825 
9458 29 
9670 16 
9698 47 
9748 143 
9929 139 
9943 26 
10064 55 
10107 64 
10136 35 
10158 7 
10187 48 
10245 842 
10263 235 
10275 589 
10339 10 
10401 298 
10552 128 
10759 45 
10947 64 
10964 116 
11361 30 
11377 15 
11402 18 
11407 37 
11530 44 
11591 1530 
11607 651 
11767 172 
11949 87 
11958 10 
12081 13 
12096 25 
12115 18 
12195 62 
12273 32 
12333 41 
12340 161 
12403 11 
12419 5 
12577 8 
12591 12 
12616 146 
12836 114 
12884 28 
13070 144 
13084 622 
13098 38 
13102 1578 
13120 443 
13403 137 
13407 196 
13538 5 
13572 8 
13634 316 
13698 0 
13819 56 
13957 88 
13988 97 
14026 81 
14034 88 
14102 110 
14299 48 
14446 796 
14534 29 
14574 164 
14618 4 
14641 42 
14700 253 
14808 470 
14825 78 
14885 93 
14927 113 
14939 28 
14992 13 
15124 42 
15149 47 
15178 13 
15314 23 
15339 238 
15532 76 
15621 33 
15751 1234 
15782 725 
15790 140 
15984 41 
15999 115 
16021 56 
16059 965 
16203 74 
16311 17 
16363 54 
16382 617 
16397 54 
16459 37 
16463 10 
16473 371 
16616 293 
16723 116 
17017 60 
17112 137 
17170 90 
17297 17 
17306 64 
17313 33 
17316 6 
17433 274 
17733 46 
17877 26 
17960 26 
18157 1 
18207 30 
18289 15 
18482 154 
18873 1 
19284 178 
19391 16 
19470 167 
19477 33 
19496 10 
20004 76 
20156 176 
20258 127 
20539 0 
20752 3 
20976 142 
21124 120 
21427 6 
21839 16 
21901 427 
21928 1367 
21963 220 
22088 197 
22205 252 
22368 54 
22670 1070 
22785 87 
22964 58 
23488 2 
23526 15 
23534 13 
24096 306 
24802 1382 
24920 212 
24924 192 
24931 376 
25148 102 
25275 32 
25306 595 
25478 49 
25596 270 
26141 71 
26200 655 
26212 79 
26360 569 
26737 61 
26776 45 
26791 809 
26846 21 
26869 75 
26951 9 
27198 1532 
27223 915 
27244 4 
27482 32 
27621 72 
29079 339 
29147 29 
29308 32 
29692 1302 
29878 35 
29925 2461 
29985 760 
30519 242 
30860 179 
30982 379 
31877 68 
32307 421 
33507 14 
33664 375 
33814 225 
34696 98 
34762 34 
34948 39 
36456 311 
36507 51 
37027 149 
38507 12 
39750 31 
40929 6 
41738 792 
42258 40 
45427 32 
47461 1031 
48947 561 
49128 968 
49526 39 
50190 78 
50628 99 
51779 412 
52947 572 
54853 427 
56183 5236 
56190 2067 
56355 142 
57116 33 
59292 3 
59762 315 
60129 1 
60869 3 
61959 6 
63558 249 
63709 26 
64067 255 
64489 456 
66142 70 
66160 385 
66262 226 
66472 36 
66682 97 
67049 30 
68309 89 
68925 72 
69605 47 
70002 65 
70910 359 
71396 231 
71721 29 
71821 518 
71833 15 
71872 62 
71894 234 
71998 375 
72102 23 
72217 38 
72311 289 
72403 69 
72639 185 
73178 88 
73389 215 
73691 98 
73786 443 
73912 277 
74491 687 
74871 4 
74875 163 
75111 39 
76498 118 
76862 32 
79107 4 
81650 103 
81770 14 
82567 111 
84214 4 
84458 10 
84491 71 
84736 444 
85815 256 
86567 151 
86694 28 
87185 8201 
87261 388 
87281 39 
88014 22 
88117 45 
88641 303 
89008 48 
89014 499 
89745 53 
89765 778 
90743 146 
90760 5 
90785 1145 
92222 133 
92289 97 
92393 206 
93597 40 
94139 141 
94242 499 
94477 281 
95019 247 
95453 409 
95774 365 
96012 238 
96027 603 
96302 19 
96703 80 
96858 90 
96961 284 
97458 447 
98104 1321 
99725 230 
99916 942 
99923 308 
100066 78 
100159 66 
101622 201 
101896 91 
101971 551 
102312 439 
104264 390 
105400 633 
106452 327 
106617 27 
107192 150 
107367 58 
107464 12 
107714 57 
107760 191 
107902 32 
107938 253 
108092 11 
108465 233 
108494 475 
108938 0 
109263 285 
109321 151 
109570 457 
109708 62 
110276 1568 
110322 808 
110701 86 
110727 149 
110732 778 
110784 615 
110962 606 
111044 242 
111352 159 
112143 59 
112430 482 
112685 1626 
113192 267 
113397 111 
114371 73 
114959 102 
115974 97 
116428 125 
116535 23 
119911 45 
120160 165 
121547 170 
122329 147 
122943 21 
125341 94 
126013 2 
127125 91 
130714 4 
133617 16 
140314 23 
141377 146 
141481 1043 
144386 396 
146341 139 
148739 249 
153212 4 
156193 451 
157379 171 
159016 208 
159637 644 
159649 698 
160563 316 
162728 1122 
164909 117 
165056 122 
165107 292 
165166 119 
166083 189 
166511 59 
170382 179 
171000 126 
171266 190 
171298 495 
172057 536 
172097 333 
172121 27 
172206 188 
172245 623 
172794 2260 
172820 425 
172920 197 
172931 182 
173119 138 
173486 10 
174272 205 
174653 102 
175973 15 
178788 561 
181991 283 
183521 11 
183938 347 
184648 54 
185749 258 
186671 236 
190351 101 
190674 206 
191492 1624 
191846 963 
192167 395 
192373 413 
192625 96 
193118 107 
199719 133 
200448 102 
200860 201 
201104 920 
217261 32 
220460 37 
221182 31 
222720 41 
227685 271 
227907 188 
228658 126 
229270 24 
229791 92 
237271 69 
238243 57 
250804 50 
253381 36 
253664 541 
257753 103 
258007 54 
258445 65 
258845 210 
260795 92 
261391 36 
263157 41 
264658 417 
264752 28 
264982 663 
266789 160 
278133 36 
282786 136 
283982 555 
296501 97 
314558 192 
336357 284 
338104 105 
338309 51 
340330 233 
341727 247 
346198 231 
353244 33 
360804 421 
365006 190 
368287 101 
374582 43 
375535 272 
407388 88 
409020 149 
421082 39 
422593 60 
429227 287 
429580 373 
430021 248 
431737 77 
431966 212 
467109 0 
476941 17 
484866 292 
505692 432 
513561 10 
531442 1170 
536907 7 
541959 3871 
555023 30 
570470 778 
574788 81 
588390 2 
599939 884 
601730 572 
