4643 2.98347222222
0 1978506 
12 74 
13 151 
17 257 
19 601 
19 59 
22 86 
23 479 
27 17 
27 86 
29 89 
30 61 
30 187 
30 100 
31 37 
31 58 
31 214 
31 56 
31 168 
32 1949 
32 32 
32 500 
32 262 
32 214 
33 27 
34 217 
34 32 
35 149 
36 77 
36 26 
36 25 
36 262 
37 526 
37 143 
37 91 
38 147 
38 177 
39 53 
39 913 
39 58 
40 443 
40 65 
41 93 
42 485 
42 33 
42 21 
42 107 
42 3 
42 114 
42 672 
43 249 
43 98 
43 72 
43 438 
44 14 
44 27 
44 237 
45 73 
45 10 
45 1157 
45 155 
46 48 
46 1518 
46 190 
46 513 
46 105 
46 409 
47 46 
47 91 
47 355 
47 184 
48 72 
48 84 
49 23 
49 57 
50 183 
51 131 
51 431 
51 138 
52 262 
52 207 
52 124 
52 144 
52 104 
53 43 
53 34 
54 125 
54 95 
54 274 
54 105 
54 79 
55 67 
55 131 
55 226 
55 467 
56 411 
56 1228 
56 444 
56 20 
57 119 
57 27 
57 137 
58 329 
58 112 
58 89 
58 92 
59 22 
60 59 
60 124 
60 113 
60 17 
61 312 
63 168 
63 354 
63 127 
64 33 
64 34 
64 114 
65 200 
65 19 
65 18 
65 114 
65 30 
65 525 
66 709 
66 36 
66 273 
66 13 
66 111 
66 324 
67 72 
67 12 
67 94 
67 37 
67 72 
67 59 
68 180 
68 63 
68 21 
69 22 
69 58 
69 66 
69 152 
69 29 
70 72 
70 148 
71 197 
72 81 
72 202 
72 3 
72 103 
72 30 
73 438 
73 142 
73 280 
73 9 
74 75 
74 219 
75 192 
75 18 
75 571 
76 18 
76 86 
76 191 
76 316 
77 74 
77 111 
77 33 
77 635 
77 1391 
77 84 
78 15 
78 140 
78 90 
79 146 
79 118 
79 133 
79 977 
80 316 
80 71 
80 87 
80 363 
81 156 
81 146 
81 144 
81 45 
81 149 
82 20 
82 36 
82 104 
82 62 
83 67 
83 292 
83 139 
84 127 
84 45 
84 1805 
84 115 
84 86 
85 235 
85 88 
85 71 
86 88 
86 98 
86 772 
86 1036 
87 279 
87 40 
88 177 
88 163 
89 148 
89 190 
89 80 
89 67 
89 12 
89 77 
89 97 
89 530 
90 895 
91 19 
91 151 
91 43 
92 27 
92 160 
92 34 
92 22 
92 143 
93 123 
93 29 
93 2689 
93 81 
94 118 
94 47 
94 66 
94 314 
95 116 
95 75 
95 104 
96 186 
96 45 
97 92 
97 90 
97 37 
97 50 
97 55 
98 139 
98 56 
98 176 
98 155 
98 288 
98 14 
98 215 
99 197 
99 101 
99 35 
99 243 
99 104 
99 4 
99 88 
99 87 
100 276 
100 86 
100 348 
101 238 
101 8 
102 89 
102 12 
103 92 
103 78 
103 56 
103 113 
104 48 
104 136 
104 61 
105 133 
105 41 
105 371 
105 185 
106 64 
106 141 
106 168 
106 31 
107 107 
107 68 
107 20 
108 135 
108 127 
108 48 
109 88 
109 136 
110 14 
110 28 
111 86 
111 65 
111 288 
112 63 
112 92 
113 13 
113 130 
114 16 
114 128 
114 117 
114 116 
114 303 
114 144 
115 177 
115 126 
116 1593 
116 111 
116 195 
116 34 
116 35 
116 47 
117 68 
117 110 
117 898 
117 39 
117 21 
118 570 
118 263 
118 219 
118 79 
118 114 
119 155 
119 1585 
119 42 
119 59 
119 207 
120 74 
120 772 
120 155 
122 63 
122 152 
123 73 
124 178 
125 31 
125 92 
125 157 
125 72 
126 33 
126 59 
126 32 
127 171 
128 41 
128 36 
129 26 
129 100 
129 140 
130 170 
130 34 
131 150 
131 255 
131 286 
132 56 
132 58 
132 316 
132 318 
133 155 
133 118 
133 54 
133 120 
133 108 
135 5 
135 126 
136 68 
136 192 
136 82 
136 234 
136 42 
136 53 
137 54 
137 125 
137 69 
137 172 
137 147 
138 11 
138 67 
138 97 
139 181 
139 144 
139 180 
139 130 
139 4 
140 53 
140 59 
141 61 
141 25 
142 791 
142 810 
142 184 
142 43 
142 83 
142 302 
142 62 
142 57 
143 28 
143 100 
143 124 
143 155 
144 582 
144 23 
145 186 
145 128 
145 143 
145 149 
145 37 
145 89 
145 231 
145 26 
145 30 
145 123 
145 99 
146 69 
147 76 
147 192 
147 322 
147 113 
147 315 
147 102 
148 272 
148 269 
149 77 
149 40 
149 45 
150 983 
150 748 
151 36 
151 41 
151 177 
152 232 
153 125 
154 321 
154 25 
154 254 
154 73 
155 63 
155 109 
155 68 
156 179 
156 16 
157 262 
158 1175 
158 52 
158 207 
158 214 
159 104 
159 24 
160 47 
160 33 
162 68 
162 200 
162 77 
162 166 
163 69 
163 233 
164 237 
164 155 
164 58 
164 127 
164 92 
164 43 
166 282 
167 82 
167 84 
167 42 
167 23 
168 200 
168 67 
169 57 
170 336 
170 69 
170 16 
170 152 
171 51 
172 44 
172 46 
173 393 
173 55 
173 376 
175 121 
175 104 
176 77 
177 39 
177 140 
177 539 
177 136 
177 166 
178 31 
178 119 
178 132 
179 38 
179 13 
179 199 
179 110 
179 162 
179 67 
179 75 
180 41 
180 66 
180 343 
180 107 
181 160 
181 169 
181 300 
181 111 
181 23 
182 56 
182 161 
183 40 
183 62 
183 389 
184 30 
184 57 
185 136 
185 67 
185 83 
186 144 
186 82 
187 32 
187 25 
187 23 
188 102 
188 76 
189 455 
189 62 
189 53 
192 56 
192 92 
192 85 
193 157 
194 38 
194 74 
194 136 
195 2845 
196 27 
196 93 
196 162 
197 81 
198 53 
198 174 
199 243 
199 107 
199 56 
199 91 
200 25 
200 152 
200 17 
201 67 
201 652 
201 132 
202 151 
202 19 
202 4 
203 163 
203 0 
203 464 
204 43 
204 228 
205 111 
205 117 
205 70 
206 195 
206 126 
206 42 
207 125 
208 7 
208 52 
208 53 
209 76 
209 121 
209 236 
210 43 
211 95 
211 164 
211 536 
212 82 
212 39 
212 133 
213 87 
213 204 
213 18 
213 89 
213 129 
214 4 
214 59 
214 97 
215 269 
215 796 
216 46 
216 93 
217 600 
217 28 
217 38 
218 118 
218 128 
218 170 
218 25 
219 22 
219 172 
219 90 
219 35 
220 37 
220 84 
221 78 
221 23 
222 43 
222 12 
222 93 
223 165 
223 22 
224 149 
224 578 
224 6 
225 244 
225 132 
225 82 
226 144 
226 237 
226 101 
227 64 
227 92 
227 42 
227 47 
228 8 
228 62 
229 75 
230 167 
230 18 
231 17 
231 51 
231 139 
231 32 
231 12 
231 161 
232 8 
232 101 
232 16 
233 7 
233 144 
233 198 
234 43 
235 160 
235 80 
235 80 
236 15 
237 7 
237 144 
238 75 
238 54 
238 217 
238 95 
238 19 
238 128 
238 83 
238 1314 
238 245 
239 116 
239 230 
239 547 
240 211 
240 22 
240 230 
241 845 
241 122 
241 250 
241 49 
242 349 
243 269 
243 21 
244 12 
244 297 
245 309 
245 192 
246 685 
247 14 
248 49 
248 19 
248 18 
248 71 
249 40 
249 262 
249 321 
250 217 
250 77 
251 40 
252 40 
252 5 
253 23 
253 48 
253 48 
253 22 
254 21 
254 363 
255 120 
255 60 
256 101 
257 90 
257 56 
259 102 
259 258 
260 101 
260 647 
261 8 
261 90 
261 57 
263 68 
264 224 
264 122 
264 43 
265 87 
266 50 
267 83 
267 106 
268 166 
268 15 
269 150 
269 109 
269 10 
270 87 
270 78 
271 615 
271 73 
271 1152 
271 96 
272 32 
272 2 
274 122 
274 36 
274 134 
274 45 
275 58 
277 126 
278 65 
280 23 
280 169 
280 96 
282 142 
283 1032 
283 51 
284 44 
284 79 
285 56 
286 155 
287 33 
287 115 
288 143 
288 67 
288 170 
288 19 
289 104 
289 37 
289 186 
289 130 
289 133 
290 23 
290 115 
291 189 
291 81 
292 389 
292 96 
293 49 
293 81 
293 57 
295 14 
295 11 
296 390 
297 123 
297 390 
298 65 
298 49 
299 71 
299 106 
299 38 
300 101 
301 96 
301 101 
301 42 
303 240 
303 57 
304 46 
305 91 
305 205 
305 19161 
309 49 
310 35 
310 228 
310 35 
311 58 
311 40 
311 103 
312 136 
312 60 
313 221 
313 25 
313 108 
314 34 
314 288 
314 473 
314 33 
315 115 
316 99 
316 38 
316 5 
317 223 
319 34 
319 31 
320 20 
321 22 
321 45 
323 136 
323 49 
323 59 
324 58 
324 102 
326 171 
326 13 
326 431 
327 81 
328 15 
328 24 
329 74 
329 111 
330 84 
330 311 
331 122 
331 368 
332 10 
332 20 
333 372 
333 102 
335 15 
335 61 
336 302 
336 133 
337 32 
338 48 
339 209 
339 120 
340 258 
340 177 
341 141 
341 60 
342 30 
342 132 
343 192 
344 158 
346 66 
346 82 
346 95 
347 131 
348 226 
350 246 
351 55 
352 70 
352 71 
352 49 
353 30 
353 345 
354 31 
354 78 
355 112 
356 388 
356 53 
358 45 
358 250 
358 27 
358 142 
358 123 
362 19 
362 90 
362 84 
362 206 
362 264 
363 168 
363 55 
363 53 
365 95 
367 668 
367 94 
367 47 
367 62 
368 31 
370 85 
370 67 
370 96 
371 2463 
373 61 
374 66 
374 13 
374 181 
374 333 
374 60 
375 332 
376 10 
376 517 
378 323 
379 9 
379 28 
379 316 
380 215 
381 52 
381 254 
381 177 
382 75 
382 93 
383 156 
383 235 
383 114 
384 47 
385 9 
385 36 
386 164 
386 129 
386 114 
387 455 
387 113 
388 115 
388 107 
388 127 
388 7 
388 154 
388 145 
389 40 
390 80 
391 41 
391 337 
391 22 
392 49 
392 447 
392 135 
393 278 
394 31 
394 68 
394 135 
394 19 
395 29 
396 141 
397 50 
398 268 
400 54 
400 221 
401 66 
402 33 
402 67 
402 112 
403 64 
404 54 
405 297 
405 26 
406 431 
407 56 
407 368 
407 92 
407 58 
408 310 
408 23 
409 153 
409 365 
411 76 
411 176 
413 35 
413 141 
415 14 
415 36 
415 328 
416 115 
417 56 
417 23 
417 147 
417 197 
418 116 
418 133 
419 125 
419 18 
419 330 
421 60 
421 197 
422 301 
423 90 
423 57 
423 156 
424 52 
424 133 
425 27 
425 20 
426 49 
426 74 
428 30 
428 117 
428 51 
428 92 
429 171 
429 266 
429 141 
429 367 
431 62 
431 78 
434 150 
434 234 
434 23 
438 80 
438 58 
438 22 
439 7458 
439 86 
440 94 
440 211 
440 228 
441 216 
441 141 
442 58 
443 75 
443 145 
443 54 
444 17 
444 68 
445 174 
446 77 
446 85 
446 38 
446 16 
446 139 
447 88 
448 25 
448 74 
451 57 
451 162 
451 123 
451 72 
452 116 
452 111 
452 58 
452 86 
453 60 
453 227 
453 28 
453 359 
453 113 
454 85 
454 76 
455 18 
455 57 
457 47 
458 48 
458 43 
461 115 
461 274 
461 99 
462 162 
462 43 
463 14 
463 73 
463 61 
464 72 
466 47 
468 23 
468 399 
468 42 
468 42 
469 51 
469 53 
471 71 
475 107 
475 149 
476 180 
476 22 
476 22 
478 60 
479 12 
480 113 
483 112 
483 39 
484 436 
484 327 
485 23 
486 35 
488 83 
488 166 
488 60 
489 111 
490 82 
491 114 
492 20 
492 454 
493 14 
494 12 
495 158 
496 122 
496 134 
496 62 
498 155 
499 586 
500 94 
500 67 
501 2033 
501 126 
502 145 
503 148 
505 35 
505 75 
505 109 
506 48 
507 22 
508 113 
509 35 
509 341 
509 419 
510 4 
510 239 
511 90 
511 323 
512 120 
514 169 
514 42 
515 135 
516 65 
516 25 
516 91 
516 251 
518 86 
519 49 
521 40 
521 201 
524 237 
524 189 
524 172 
524 61 
524 74 
525 154 
525 196 
525 83 
525 21 
526 65 
527 149 
527 19 
527 35 
528 163 
528 142 
529 55 
531 174 
534 119 
534 213 
535 35 
536 304 
536 118 
536 509 
536 19 
537 258 
537 77 
537 183 
537 21 
538 18 
538 40 
540 63 
541 155 
542 144 
542 520 
542 69 
543 38 
543 163 
543 40 
543 91 
543 41 
544 46 
544 358 
546 18 
548 258 
548 57 
550 80 
550 79 
550 55 
551 237 
551 31 
552 58 
553 15 
554 15 
555 27 
556 111 
556 110 
556 17 
556 63 
557 17 
560 113 
560 52 
561 171 
562 167 
563 21 
565 384 
565 145 
567 72 
567 84 
569 291 
570 108 
572 133 
573 97 
574 127 
576 27 
577 73 
578 173 
578 352 
581 94 
584 58 
584 149 
585 1319 
585 130 
586 142 
586 20 
586 83 
588 75 
589 48 
591 110 
591 250 
592 67 
593 76 
593 161 
594 108 
594 67 
594 68 
594 604 
594 4 
594 53 
595 57 
595 83 
599 103 
600 47 
601 38 
601 73 
602 352 
602 107 
603 186 
603 122 
606 17 
607 88 
613 178 
614 53 
615 61 
615 285 
615 154 
616 8 
618 20 
618 386 
620 214 
622 153 
622 304 
622 23 
623 134 
623 551 
624 59 
624 98 
625 370 
627 26 
628 21 
628 74 
629 52 
630 63 
631 163 
632 50 
632 35 
633 49 
633 199 
633 74 
634 22 
635 148 
635 99 
636 122 
637 70 
638 6 
638 130 
639 192 
641 99 
641 71 
641 69 
641 15 
643 103 
644 226 
646 151 
646 51 
647 73 
650 90 
651 29 
651 10 
651 51 
652 113 
653 271 
653 102 
654 32 
655 16 
655 50 
655 42 
657 31 
658 144 
661 53 
661 12 
661 201 
661 67 
663 6 
663 15 
664 8 
664 327 
664 184 
664 75 
665 264 
670 82 
673 136 
674 17 
675 1261 
675 57 
675 165 
676 148 
677 678 
679 22 
683 107 
684 52 
684 93 
684 135 
684 17 
686 91 
689 159 
690 192 
690 71 
691 75 
691 378 
692 41 
692 45 
692 73 
695 273 
695 93 
696 173 
698 52 
700 29 
700 153 
701 100 
703 129 
705 145 
705 40 
706 196 
706 111 
707 14 
708 61 
708 21 
709 46 
711 61 
716 37 
717 102 
719 214 
723 26 
726 154 
726 31 
727 59 
728 229 
728 769 
729 12 
729 107 
732 49 
732 823 
732 297 
733 233 
733 53 
737 58 
737 295 
738 407 
740 79 
740 67 
741 234 
741 17 
742 21 
743 347 
744 122 
745 77 
745 252 
746 20 
747 123 
749 55 
751 106 
752 34 
754 80 
755 4 
758 26 
758 69 
758 139 
759 99 
760 170 
762 18 
763 90 
766 88 
769 55 
775 245 
775 739 
776 59 
778 149 
779 179 
781 50 
783 98 
785 123 
786 46 
788 277 
788 54 
788 164 
789 145 
791 116 
791 2430 
791 226 
792 41 
792 5 
792 58 
793 100 
793 49 
794 49 
795 49 
795 323 
795 339 
796 177 
796 206 
799 161 
799 122 
802 87 
803 408 
807 61 
807 211 
808 55 
809 105 
809 375 
809 78 
810 52 
811 43 
813 175 
814 93 
816 83 
816 411 
818 59 
818 32 
818 75 
819 79 
820 170 
822 262 
823 126 
823 87 
823 24 
824 120 
824 40 
825 276 
827 114 
828 8 
829 61 
830 94 
830 50 
831 74 
833 432 
833 33 
834 143 
837 125 
838 76 
839 85 
841 133 
842 178 
842 60 
845 939 
845 103 
846 169 
847 56 
849 34 
849 123 
850 54 
854 99 
854 86 
854 118 
855 67 
855 53 
857 45 
857 195 
860 70 
862 73 
863 120 
863 206 
864 60 
868 74 
868 6 
868 121 
871 318 
871 167 
872 109 
873 1103 
875 56 
876 52 
877 60 
878 167 
880 119 
882 155 
884 45 
886 74 
887 659 
892 93 
893 198 
893 42 
895 14 
897 59 
897 98 
897 12 
898 9 
901 450 
903 49 
903 171 
910 63 
911 185 
912 46 
913 66 
913 15 
914 261 
915 62 
916 171 
916 46 
917 12 
917 154 
920 74 
921 52 
921 112 
921 238 
927 72 
927 47 
930 61 
930 35 
932 57 
934 3 
935 83 
939 116 
942 1072 
944 169 
946 69 
950 1552 
952 77 
954 389 
958 101 
959 134 
962 50 
962 2089 
963 64 
963 175 
963 45 
966 34 
967 273 
971 126 
972 92 
974 126 
974 112 
975 119 
975 84 
976 110 
978 247 
983 141 
986 90 
987 79 
987 843 
990 104 
993 10 
994 186 
995 549 
995 7 
995 11 
997 96 
998 5 
1000 66 
1001 95 
1001 97 
1002 25 
1002 98 
1003 75 
1003 49 
1003 119 
1004 148 
1008 162 
1009 112 
1011 145 
1011 50 
1012 42 
1014 15 
1015 479 
1015 53 
1015 67 
1016 13 
1022 81 
1024 193 
1024 113 
1025 155 
1026 51 
1026 49 
1027 32 
1028 75 
1028 34 
1030 74 
1031 74 
1032 169 
1033 83 
1034 116 
1035 179 
1035 109 
1036 50 
1036 48 
1037 279 
1037 77 
1037 189 
1039 84 
1042 68 
1043 19 
1043 24 
1043 85 
1043 162 
1046 93 
1046 95 
1048 102 
1048 23 
1049 405 
1051 177 
1052 490 
1053 411 
1053 66 
1053 84 
1055 224 
1056 44 
1057 53 
1057 59 
1058 153 
1062 76 
1062 80 
1062 62 
1063 33 
1065 78 
1065 10 
1068 72 
1068 169 
1069 10 
1070 132 
1070 18 
1070 42 
1071 43 
1071 82 
1071 48 
1075 198 
1078 89 
1081 17 
1082 146 
1083 2806 
1083 21 
1085 13 
1086 137 
1087 672 
1089 137 
1090 400 
1090 334 
1091 12 
1092 66 
1094 66 
1095 123 
1096 331 
1096 224 
1096 27 
1097 149 
1100 123 
1100 155 
1101 256 
1105 326 
1106 71 
1106 190 
1108 335 
1109 120 
1109 100 
1111 218 
1112 166 
1116 87 
1120 77 
1120 61 
1122 55 
1122 76 
1123 56 
1124 113 
1127 49 
1133 62 
1134 100 
1135 45 
1135 63 
1135 12 
1136 40 
1139 47 
1139 174 
1144 211 
1146 73 
1146 288 
1146 71 
1148 147 
1149 6 
1149 110 
1150 92 
1153 45 
1155 39 
1157 193 
1158 143 
1159 98 
1160 64 
1160 24 
1163 52 
1163 90 
1163 103 
1163 1090 
1165 3 
1167 30307 
1168 107 
1170 92 
1171 44 
1172 238 
1172 91 
1174 40 
1174 174 
1174 303 
1176 105 
1176 2889 
1177 68 
1178 47 
1180 68 
1181 652 
1183 43 
1188 128 
1190 29 
1192 132 
1194 365 
1197 62 
1197 138 
1198 148 
1198 55 
1201 52 
1201 54 
1204 114 
1205 16 
1209 147 
1209 190 
1210 46 
1211 101 
1212 44 
1216 88 
1216 39 
1218 72 
1219 188 
1220 2079 
1223 128 
1230 149 
1234 40 
1234 192 
1234 58 
1235 215 
1239 173 
1239 33 
1242 58 
1243 60 
1244 127 
1245 259 
1246 405 
1251 262 
1256 102 
1257 8 
1258 203 
1259 52 
1260 20 
1264 423 
1264 148 
1267 97 
1268 56 
1272 36 
1272 293 
1279 301 
1282 130 
1285 59 
1286 150 
1289 132 
1289 249 
1289 49 
1289 790 
1290 66 
1290 135 
1294 42 
1296 148 
1297 501 
1298 51 
1298 1036 
1298 706 
1300 65 
1300 74 
1300 137 
1303 32 
1304 140 
1305 52 
1305 103 
1306 40 
1308 53 
1310 167 
1310 41 
1312 236 
1313 44 
1318 99 
1319 56 
1320 209 
1322 52 
1324 331 
1324 232 
1325 42 
1326 35 
1327 34 
1330 34 
1336 91 
1337 71 
1343 63 
1345 30 
1346 97 
1347 10 
1348 21 
1351 293 
1352 291 
1352 8 
1353 61 
1354 23 
1355 116 
1357 15 
1361 16 
1361 28 
1363 55 
1363 84 
1364 32 
1368 42 
1372 172 
1372 348 
1384 201 
1387 54 
1387 42 
1394 41 
1398 124 
1399 114 
1402 158 
1402 100 
1408 102 
1413 1563 
1416 20 
1420 289 
1421 140 
1421 18 
1423 114 
1428 16 
1429 1169 
1429 30 
1437 84 
1442 148 
1444 140 
1445 267 
1447 83 
1452 206 
1454 131 
1456 21 
1457 231 
1460 15 
1462 160 
1466 11 
1468 49 
1469 84 
1470 12 
1470 26 
1472 17 
1473 532 
1474 271 
1475 417 
1475 104 
1477 4523 
1483 53 
1490 47 
1491 92 
1500 44 
1503 281 
1504 94 
1505 13 
1506 9 
1506 55 
1514 137 
1514 862 
1517 27 
1517 65 
1521 173 
1523 56 
1525 114 
1527 78 
1531 213 
1534 162 
1535 81 
1536 27 
1544 173 
1548 67 
1554 8 
1555 84 
1557 80 
1561 153 
1564 56 
1566 214 
1567 40 
1572 145 
1572 97 
1575 48 
1585 161 
1585 39 
1590 157 
1591 41 
1593 120 
1597 154 
1600 364 
1603 168 
1610 76 
1612 26 
1614 201 
1622 759 
1622 66 
1628 92 
1631 155 
1632 43 
1633 103 
1634 94 
1635 70 
1639 98 
1639 79 
1642 614 
1645 89 
1648 13 
1656 7 
1657 156 
1666 29 
1669 284 
1679 75 
1679 22 
1680 122 
1681 112 
1682 18 
1683 75 
1684 174 
1688 67 
1691 139 
1694 9 
1702 13 
1705 68 
1705 169 
1713 151 
1714 42 
1715 155 
1726 237 
1728 154 
1729 126 
1729 40 
1731 18 
1735 14 
1737 227 
1744 17 
1749 637 
1753 75 
1758 27 
1760 124 
1763 33 
1766 692 
1776 2 
1777 40 
1777 890 
1779 68 
1782 39 
1789 65 
1791 63 
1796 247 
1800 21 
1800 214 
1803 1580 
1806 34 
1809 30 
1810 353 
1814 47 
1815 206 
1815 1645 
1817 74 
1820 836 
1820 74 
1821 241 
1821 78 
1822 37 
1824 91 
1824 292 
1826 133 
1829 133 
1831 1156 
1835 296 
1836 16 
1839 37 
1843 67 
1843 255 
1843 55 
1843 46 
1844 146 
1846 23 
1846 82 
1852 251 
1857 124 
1858 20 
1870 2833 
1871 31 
1877 13 
1879 67 
1879 20 
1880 115 
1882 25 
1883 51 
1886 47 
1888 146 
1890 57 
1893 30 
1896 173 
1896 140 
1898 3 
1901 41 
1903 48 
1903 145 
1903 152 
1907 189 
1911 128 
1914 217 
1914 55 
1915 67 
1920 39 
1922 59 
1923 169 
1926 93 
1927 4 
1927 172 
1930 52 
1935 62 
1936 134 
1940 103 
1941 506 
1941 63 
1942 342 
1943 256 
1948 28 
1950 38 
1951 48 
1952 512 
1953 42 
1954 88 
1955 26 
1956 119 
1960 115 
1964 221 
1967 11 
1967 103 
1967 106 
1972 35 
1974 98 
1979 281 
1979 1327 
1982 74 
1983 29 
1983 55 
1985 4 
1988 11 
1988 111 
1990 48 
1991 168 
1998 77 
1999 69 
2003 38 
2003 121 
2007 114 
2010 1213 
2010 303 
2015 91 
2017 88 
2018 340 
2024 41 
2025 42 
2028 14 
2029 46 
2030 64 
2030 89 
2035 31 
2038 53 
2038 69 
2038 74 
2040 211 
2040 112 
2052 26 
2055 4 
2066 127 
2066 128 
2068 125 
2068 328 
2071 235 
2077 77 
2078 43 
2079 98 
2080 116 
2085 404 
2092 25 
2094 67 
2097 167 
2099 37 
2101 90 
2103 62 
2104 52 
2104 34 
2106 220 
2106 17 
2107 85 
2110 99 
2110 1 
2110 102 
2111 808 
2112 318 
2113 16 
2113 196 
2118 27 
2128 45 
2129 286 
2129 41 
2129 21 
2131 153 
2132 31 
2133 32 
2137 795 
2139 68 
2140 52 
2143 24 
2143 71 
2149 46 
2150 144 
2150 41 
2151 162 
2161 21 
2161 78 
2162 225 
2166 1172 
2168 425 
2176 92 
2179 62 
2180 33 
2181 90 
2183 6 
2185 22 
2190 315 
2191 94 
2192 112 
2193 124 
2194 60 
2200 47 
2202 65 
2204 38 
2207 94 
2209 287 
2211 11 
2211 82 
2212 28 
2214 34 
2217 36 
2218 952 
2224 118 
2226 47 
2227 24 
2228 127 
2229 166 
2230 79 
2232 7493 
2245 40 
2246 6 
2246 22 
2248 1233 
2251 39 
2252 126 
2253 65 
2253 61 
2253 33 
2256 61 
2260 135 
2261 312 
2262 128 
2262 33 
2264 41 
2270 5 
2270 60 
2271 66 
2271 33 
2277 65 
2277 57 
2280 48 
2281 38 
2282 29 
2284 46 
2284 3220 
2284 77 
2286 53 
2288 19 
2289 49 
2289 141 
2295 113 
2299 52 
2299 127 
2300 459 
2300 37 
2301 43 
2302 25 
2313 10 
2321 86 
2324 114 
2324 38 
2333 60 
2335 140 
2344 27 
2346 33 
2347 98 
2347 128 
2349 31 
2349 31 
2350 46 
2352 0 
2355 131 
2361 35 
2362 39 
2369 254 
2373 1262 
2379 80 
2381 11 
2390 39 
2396 89 
2397 12 
2399 79 
2406 76 
2406 94 
2411 23 
2414 80 
2415 169 
2417 256 
2419 15 
2423 18 
2427 81 
2429 40 
2429 49 
2442 82 
2450 127 
2459 59 
2460 87 
2462 36 
2464 216 
2475 154 
2475 134 
2477 64 
2482 94 
2483 19 
2483 132 
2507 67 
2513 19 
2517 21 
2532 63 
2536 86 
2536 40 
2547 72 
2558 995 
2560 115 
2567 21 
2568 96 
2569 747 
2575 109 
2575 134 
2583 308 
2590 30 
2592 77 
2602 63 
2620 264 
2624 119 
2628 283 
2630 252 
2630 112 
2632 35 
2633 83 
2633 38 
2640 52 
2640 82 
2646 13 
2651 69 
2652 82 
2659 41 
2662 65 
2677 136 
2678 732 
2683 35 
2685 793 
2704 24 
2719 14 
2719 130 
2719 299 
2724 19 
2726 141 
2728 110 
2730 101 
2732 22 
2741 175 
2744 62 
2747 92 
2750 90 
2750 28 
2750 26 
2751 11 
2761 11 
2777 107 
2779 1137 
2779 194 
2785 53 
2786 8 
2790 86 
2791 66 
2791 5 
2796 15 
2798 7 
2799 101 
2800 138 
2805 1608 
2809 171 
2810 76 
2820 253 
2829 77 
2830 58 
2833 18 
2835 16 
2842 139 
2846 59 
2860 211 
2861 75 
2862 2483 
2863 231 
2865 78 
2872 21 
2872 55 
2872 413 
2875 2 
2881 26 
2894 816 
2905 69 
2905 2345 
2908 45 
2908 12 
2910 25 
2915 340 
2916 100 
2916 15 
2925 120 
2927 15 
2936 94 
2945 1134 
2949 71 
2951 23 
2953 165 
2956 324 
2959 14 
2963 53 
2971 72 
2987 84 
2989 36 
2993 228 
2994 29 
2995 50 
2999 123 
3000 142 
3010 41 
3012 37 
3013 75 
3013 77 
3014 219 
3016 19 
3021 34 
3021 9 
3023 21 
3024 225 
3038 123 
3038 62 
3044 148 
3061 83 
3063 532 
3067 56 
3069 41 
3074 7407 
3076 42 
3093 1174 
3096 36 
3099 199 
3100 36 
3100 76 
3111 41 
3117 30 
3144 282 
3155 22 
3157 1633 
3159 341 
3166 8 
3166 64 
3171 77 
3183 298 
3186 30 
3187 23 
3193 48 
3204 94 
3204 235 
3221 66 
3221 156 
3236 14 
3238 109 
3238 65 
3249 163 
3250 432 
3251 151 
3259 5 
3271 91 
3275 55 
3284 135 
3284 227 
3288 59 
3291 150 
3300 23 
3300 12 
3300 39 
3303 16 
3304 87 
3305 101 
3305 5 
3309 56 
3311 268 
3313 131 
3314 160 
3318 28 
3320 227 
3321 191 
3332 17 
3340 2070 
3342 67 
3343 239 
3345 22 
3349 55 
3353 59 
3356 458 
3357 39 
3363 33 
3366 46 
3371 254 
3375 18 
3386 1286 
3389 63 
3391 35 
3403 28 
3410 15 
3412 925 
3414 235 
3416 124 
3425 72 
3433 59 
3436 327 
3444 93 
3450 19 
3453 134 
3455 394 
3459 69 
3459 30 
3459 15 
3461 226 
3465 42 
3466 21 
3468 97 
3470 76 
3479 1217 
3481 446 
3482 31 
3490 77 
3492 5 
3495 195 
3500 18 
3502 141 
3503 52 
3506 88 
3507 114 
3507 10 
3508 27525 
3514 83 
3529 3 
3530 29 
3534 88 
3535 9 
3536 82 
3537 11 
3538 101 
3543 29 
3550 58 
3551 19 
3558 115 
3560 12 
3571 85 
3575 69 
3576 36 
3587 102 
3587 142 
3590 55 
3593 71 
3598 70 
3610 14 
3616 32 
3618 25 
3630 47 
3635 45 
3639 776 
3648 14 
3648 40 
3649 89 
3651 1663 
3657 79 
3659 106 
3668 9 
3668 108 
3671 62 
3675 50 
3676 126 
3686 1052 
3694 86 
3701 58 
3708 107 
3714 202 
3728 16 
3735 65 
3741 75 
3743 73 
3745 18 
3749 49 
3751 150 
3755 64 
3769 1607 
3776 192 
3799 49 
3806 159 
3813 23 
3814 151 
3828 195 
3831 29 
3849 59 
3856 11 
3857 50 
3862 81 
3866 299 
3866 26 
3871 58 
3873 45 
3876 12 
3886 68 
3893 40 
3896 45 
3896 11 
3899 162 
3904 89 
3905 5 
3905 586 
3913 23 
3918 22 
3919 76 
3948 214 
3956 42 
3960 163 
3982 1018 
3989 6 
3997 45 
3998 6 
4004 35 
4016 97 
4019 109 
4027 79 
4031 34 
4037 115 
4038 34 
4043 29 
4047 2 
4056 27 
4063 26 
4064 1 
4071 29 
4077 113 
4077 94 
4080 31 
4088 3 
4088 12 
4090 33 
4091 254 
4118 169 
4126 63 
4127 49 
4133 39 
4133 80 
4134 36 
4139 29 
4140 6 
4151 260 
4170 52 
4170 26 
4171 48 
4181 258 
4191 7 
4193 9 
4193 53 
4194 54 
4198 15 
4202 39 
4207 86 
4210 17 
4210 111 
4211 15 
4213 120 
4226 1019 
4226 54 
4228 33 
4228 67 
4241 68 
4243 12 
4251 51 
4252 69 
4260 39 
4263 119 
4264 121 
4272 18 
4273 19 
4276 1103 
4292 86 
4294 43 
4296 193 
4297 148 
4300 55 
4321 11 
4322 41 
4333 56 
4343 63 
4344 151 
4351 113 
4355 18 
4365 55 
4393 71 
4396 60 
4402 16 
4410 183 
4412 17 
4419 61 
4424 58 
4431 31 
4440 14 
4440 19 
4444 36 
4446 57 
4448 459 
4452 24 
4458 117 
4465 171 
4467 54 
4474 71 
4475 127 
4479 32 
4486 13 
4493 17 
4494 47 
4498 73 
4508 95 
4512 24 
4519 57 
4525 39 
4531 42 
4536 2 
4555 29 
4579 111 
4581 74 
4590 64 
4606 73 
4608 60 
4609 31 
4626 185 
4642 65 
4645 81 
4646 11 
4646 82 
4652 122 
4654 27 
4667 76 
4680 37 
4684 27 
4702 112 
4711 94 
4713 14 
4730 218 
4741 35 
4742 40 
4745 406 
4749 125 
4755 129 
4775 56 
4779 77 
4791 20 
4804 28 
4810 35 
4820 843 
4821 20 
4837 367 
4844 1536 
4847 293 
4851 137 
4861 30 
4867 1145 
4871 57 
4891 84 
4897 22 
4899 30 
4900 34 
4901 577 
4901 40 
4914 12 
4917 42 
4922 600 
4923 65 
4931 246 
4934 1054 
4935 118 
4936 90 
4946 62 
4950 10 
4956 34 
4960 428 
4964 541 
4966 59 
4967 33 
4967 69 
4973 53 
5001 111 
5002 85 
5007 67 
5015 76 
5026 61 
5034 1164 
5037 222 
5047 8 
5065 33 
5066 84 
5067 20 
5075 12 
5085 169 
5091 84 
5093 8 
5094 72 
5104 105 
5108 16 
5110 145 
5112 36 
5116 29 
5118 68 
5141 122 
5146 26 
5160 532 
5160 36 
5171 976 
5183 86 
5185 35 
5219 32 
5230 32 
5238 898 
5245 97 
5250 39 
5254 84 
5258 363 
5259 94 
5262 87 
5271 79 
5282 132 
5289 149 
5296 49 
5308 47 
5308 49 
5312 15 
5316 75 
5322 21 
5328 5115 
5334 21 
5338 76 
5344 280 
5348 544 
5350 17 
5366 76 
5370 280 
5372 28 
5376 50 
5379 375 
5381 33 
5382 40 
5388 40 
5389 120 
5389 23 
5400 167 
5403 1198 
5404 190 
5406 308 
5426 114 
5436 1129 
5510 49 
5514 27 
5520 2196 
5522 30 
5523 8945 
5528 329 
5535 94 
5538 399 
5542 7 
5544 70 
5551 21 
5559 183 
5559 43 
5562 27 
5572 21 
5576 62 
5584 48 
5585 24 
5589 68 
5590 30 
5596 91 
5610 50 
5624 182 
5630 61 
5646 130 
5648 1174 
5654 34 
5665 33 
5674 667 
5679 164 
5696 28 
5701 20 
5701 36 
5711 539 
5712 44 
5713 6 
5725 10 
5725 58 
5726 41 
5726 190 
5736 9 
5739 94 
5757 102 
5762 80 
5763 83 
5776 17 
5776 43 
5777 47 
5778 23 
5784 50 
5793 158 
5795 101 
5796 1862 
5806 435 
5807 355 
5828 53 
5833 222 
5844 213 
5857 40 
5864 104 
5872 24 
5878 27 
5884 44 
5888 101 
5907 17109 
5907 69 
5908 32 
5910 94 
5914 76 
5924 21 
5924 26 
5933 51 
5951 27 
5953 619 
5963 75 
5966 180 
5967 3 
5974 62 
5975 29 
5978 329 
5982 37 
5983 65 
5988 24 
5996 16 
5998 13 
6004 75 
6007 41 
6009 944 
6018 120 
6025 173 
6030 25 
6031 70 
6043 30 
6049 82 
6051 36 
6053 7 
6055 58 
6055 22 
6058 59 
6060 8 
6062 109 
6066 370 
6069 71 
6071 4 
6078 24 
6080 35 
6113 44 
6115 31 
6120 39 
6136 75 
6140 10 
6143 62 
6144 115 
6148 68 
6148 42 
6167 1249 
6168 130 
6169 81 
6169 14 
6172 6 
6175 9 
6177 7 
6178 64 
6181 6 
6192 90 
6200 58 
6210 8 
6211 1137 
6214 4 
6217 74 
6237 128 
6243 29 
6245 195 
6248 31 
6257 51 
6264 167 
6287 982 
6298 115 
6302 388 
6309 93 
6335 43 
6342 163 
6362 41 
6370 40 
6377 94 
6380 1261 
6385 124 
6390 45 
6391 662 
6404 27 
6410 29 
6420 369 
6432 57 
6433 60 
6434 255 
6448 88 
6459 270 
6460 20 
6463 73 
6479 45 
6490 40 
6500 19 
6504 25 
6507 158 
6508 5 
6509 51 
6513 467 
6515 54 
6517 64 
6523 131 
6528 1231 
6530 57 
6540 78 
6547 161 
6550 59 
6553 80 
6553 572 
6564 6 
6565 19 
6565 85 
6582 23 
6584 156 
6587 44 
6588 184 
6598 82 
6612 64 
6612 14 
6621 563 
6622 113 
6625 33 
6638 46 
6640 68 
6640 2274 
6641 7 
6662 21 
6666 45 
6669 25 
6669 215 
6671 2 
6673 15 
6673 43 
6683 39 
6691 55 
6709 68 
6716 1908 
6720 431 
6724 78 
6736 684 
6738 129 
6740 37 
6742 60 
6751 91 
6754 19 
6757 21 
6760 58 
6763 43 
6785 53 
6800 57 
6808 64 
6815 35 
6824 43 
6827 45 
6833 174 
6855 125 
6866 160 
6908 127 
6928 8 
6929 41 
6936 53 
6939 1181 
6943 29 
6945 13 
6951 13 
6958 5 
6966 44 
6970 119 
6971 18 
6986 22 
6988 21 
6997 28 
7001 94 
7008 239 
7011 903 
7023 35 
7028 57 
7047 683 
7053 50 
7063 1031 
7146 158 
7165 156 
7168 39 
7183 23 
7191 81 
7192 70 
7201 197 
7211 41 
7215 45 
7218 127 
7225 193 
7229 97 
7237 56 
7240 1195 
7249 272 
7250 42 
7259 37 
7262 65 
7267 15 
7291 57 
7295 32 
7304 19 
7337 57 
7341 349 
7342 47 
7349 73 
7385 60 
7395 2 
7405 34 
7407 53 
7420 48 
7421 41 
7438 24 
7444 131 
7446 31 
7449 48 
7450 59 
7467 110 
7469 98 
7487 54 
7505 74 
7520 143 
7526 22 
7527 120 
7550 187 
7554 146 
7561 40 
7562 39 
7573 64 
7577 10 
7586 4310 
7586 60 
7586 129 
7607 124 
7613 125 
7627 20 
7637 36 
7649 36 
7661 138 
7688 198 
7696 26 
7696 120 
7701 68 
7725 1396 
7730 25 
7755 95 
7769 71 
7776 34 
7797 46 
7804 98 
7815 15 
7816 1269 
7816 25 
7831 5 
7870 114 
7881 90 
7892 51 
7892 62 
7905 34 
7908 39 
7917 58 
7918 96 
7934 72 
7945 206 
7947 31 
7950 40 
7990 0 
7997 47 
8008 6 
8024 6 
8035 62 
8063 50 
8067 6309 
8074 82 
8090 41 
8116 34 
8122 72 
8130 43 
8151 802 
8180 526 
8192 66 
8192 147 
8196 31 
8197 129 
8204 48 
8204 54 
8213 31 
8214 14 
8218 25 
8231 20 
8236 72 
8266 66 
8269 51 
8285 290 
8285 232 
8300 43 
8302 34 
8343 65 
8358 10 
8358 4 
8369 1358 
8370 154 
8371 219 
8373 33 
8379 121 
8382 16 
8392 8 
8395 106 
8405 70 
8416 10 
8423 94 
8428 15 
8433 37 
8449 804 
8451 35 
8474 21 
8475 209 
8486 56 
8487 92 
8495 32 
8497 3 
8506 131 
8510 9 
8521 39 
8523 606 
8540 90 
8551 13 
8554 91 
8562 30 
8569 48 
8608 28 
8612 33 
8627 192 
8629 9 
8644 129 
8662 15 
8672 31 
8679 32 
8692 10 
8704 31 
8712 311 
8720 13 
8729 75 
8735 118 
8741 13 
8747 41 
8803 393 
8805 38 
8806 118 
8818 2101 
8822 125 
8831 35 
8833 72 
8846 102 
8849 117 
8863 2146 
8864 299 
8878 247 
8880 19 
8881 93 
8882 104 
8885 133 
8885 69 
8895 54 
8898 1157 
8899 9 
8903 59 
8923 50 
8931 121 
8939 66 
8974 30 
8979 22 
8989 44 
9059 582 
9065 28 
9075 42 
9084 322 
9088 14 
9090 47 
9107 143 
9134 40 
9137 4 
9148 47 
9154 93 
9209 59 
9213 19 
9220 372 
9221 36 
9233 22 
9235 26 
9260 71 
9265 175 
9270 38 
9273 38 
9275 34 
9280 12 
9288 48 
9290 3 
9307 155 
9319 103 
9324 12 
9327 450 
9328 63 
9329 123 
9355 67 
9357 53 
9357 69 
9358 123 
9383 33 
9386 78 
9387 51 
9396 8 
9403 22 
9412 21 
9431 85 
9438 86 
9441 12 
9465 32 
9489 113 
9490 19 
9493 39 
9507 49 
9529 40 
9539 55 
9633 92 
9638 177 
9666 88 
9673 127 
9688 184 
9707 29 
9731 93 
9731 8 
9739 1785 
9742 22 
9785 8345 
9791 97 
9800 22 
9801 152 
9808 16475 
9810 989 
9830 40 
9861 75 
9864 769 
9870 87 
9877 216 
9885 41 
9889 69 
9896 17 
9897 39 
9899 120 
9910 48 
9911 39 
9920 16 
9937 16 
9939 13 
9950 10 
9956 79 
9995 126 
10007 342 
10015 33 
10016 53 
10019 718 
10026 48 
10037 164 
10042 26 
10051 25 
10069 127 
10070 21 
10070 18 
10083 203 
10101 100 
10114 1296 
10115 48 
10124 59 
10126 125 
10149 23 
10155 199 
10162 330 
10174 230 
10183 52 
10190 79 
10193 75 
10204 43 
10249 59 
10260 1043 
10266 16 
10268 190 
10297 17 
10347 7 
10347 58 
10368 87 
10368 91 
10379 557 
10379 539 
10385 78 
10389 47 
10391 26 
10431 89 
10451 46 
10460 133 
10461 81 
10466 68 
10480 49 
10495 41 
10515 211 
10523 88 
10530 138 
10535 446 
10547 61 
10559 57 
10576 84 
10608 19 
10622 52 
10633 282 
10634 481 
10659 92 
10662 14 
10667 64 
10676 21 
10688 78 
10698 31 
10709 316 
10793 13 
10814 21 
10814 21 
10827 86 
10827 86 
10835 64 
10838 109 
10844 21 
10912 143 
10931 17 
10940 10 
10945 39 
10945 17 
10961 69 
10999 36 
11004 15 
11010 17 
11011 35 
11015 118 
11022 120 
11025 31 
11030 27 
11040 62 
11056 171 
11069 27 
11076 172 
11106 1330 
11108 107 
11138 31 
11141 187 
11159 80 
11170 21 
11238 462 
11247 235 
11254 126 
11256 67 
11257 242 
11263 16 
11277 21 
11288 361 
11298 158 
11306 29 
11310 16 
11342 61 
11369 12 
11375 76 
11381 849 
11384 38 
11394 196 
11398 44 
11399 60 
11409 15 
11421 185 
11424 145 
11428 85 
11431 125 
11438 110 
11439 33 
11453 31 
11458 208 
11466 2343 
11467 42 
11496 53 
11498 100 
11536 58 
11559 417 
11561 28 
11567 193 
11574 42 
11591 20 
11604 133 
11631 14 
11647 119 
11710 399 
11725 86 
11732 28 
11769 2215 
11785 39 
11798 26 
11807 66 
11859 5065 
11859 480 
11868 8 
11885 18 
11897 14 
11902 3 
11923 116 
11942 96 
11953 9 
12019 56 
12021 147 
12037 111 
12051 106 
12105 74 
12113 36 
12129 63 
12131 58 
12132 15 
12132 11 
12136 9 
12139 39 
12173 242 
12195 23 
12210 33 
12219 188 
12220 39 
12232 39 
12246 51 
12251 26 
12268 33 
12341 380 
12376 484 
12385 59 
12450 31 
12453 96 
12453 144 
12469 67 
12479 77 
12516 89 
12520 49 
12521 18 
12525 3 
12526 856 
12531 28 
12559 105 
12570 10 
12586 227 
12588 1017 
12591 173 
12593 24 
12620 9 
12625 86 
12645 250 
12652 597 
12669 137 
12671 38 
12674 47 
12719 968 
12725 57 
12754 208 
12761 0 
12772 769 
12793 5411 
12802 84 
12821 504 
12886 478 
12898 9 
12907 17 
12907 23 
12907 12 
12910 41 
12913 53 
12916 17 
12919 145 
12950 149 
12953 105 
12962 279 
12998 55 
13009 51 
13030 27 
13055 100 
13055 113 
13057 68 
13058 65 
13081 128 
13094 93 
13096 1510 
13186 64 
13211 8 
13260 188 
13282 76 
13288 463 
13289 235 
13301 44 
13316 164 
13350 30 
13350 969 
13354 8 
13374 18 
13381 634 
13384 21 
13389 147 
13415 69 
13441 25 
13462 203 
13465 6 
13481 41 
13486 17 
13505 63 
13510 31 
13518 68 
13525 730 
13540 416 
13547 690 
13548 60 
13550 83 
13556 3 
13560 266 
13580 21 
13605 539 
13644 26 
13646 507 
13666 107 
13676 39 
13678 655 
13679 23 
13685 63 
13687 740 
13692 24 
13705 59 
13708 73 
13853 59 
13916 15 
13947 68 
13965 156 
13972 34 
13981 64 
13984 33 
13991 1104 
14030 105 
14034 270 
14085 70 
14114 1 
14121 36 
14123 106 
14150 87 
14152 26 
14155 35 
14159 83 
14162 80 
14167 39 
14210 15 
14220 31 
14235 153 
14240 279 
14248 12 
14293 53 
14299 42 
14305 164 
14317 3 
14324 8 
14338 136 
14380 158 
14388 150 
14392 30 
14422 255 
14433 1364 
14434 79 
14466 11 
14470 61 
14471 135 
14492 39 
14507 64 
14511 22 
14532 24 
14538 19 
14554 278 
14554 37 
14585 128 
14596 38 
14606 17 
14646 75 
14684 54 
14838 38 
14838 11 
14961 12 
14995 605 
14996 1133 
15024 30 
15029 137 
15059 67 
15127 15 
15143 38 
15205 49 
15207 48 
15214 22 
15336 60 
15448 2 
15487 74 
15569 54 
15597 4 
15611 51 
15615 34 
15646 18 
15648 22 
15803 26 
15821 54 
15870 64 
15913 33 
15920 94 
15949 86 
15994 54 
16012 152 
16082 27 
16091 90 
16134 32 
16190 25 
16276 130 
16283 38 
16335 244 
16355 70 
16359 145 
16361 14 
16381 52 
16386 7 
16453 210 
16556 8 
16557 84 
16595 3 
16617 51 
16680 2 
16685 25 
16696 27 
16715 90 
16767 72 
16830 313 
16848 25 
16909 49 
16928 123 
16941 6 
16945 102 
16984 16 
17013 4 
17013 32 
17111 34 
17148 44 
17251 55 
17286 39 
17314 28 
17356 46 
17368 41 
17379 38 
17414 14 
17419 126 
17482 16 
17498 80 
17508 269 
17539 57 
17604 25 
17637 56 
17650 13 
17701 61 
17730 26 
17752 1863 
17756 20 
17876 27 
17907 83 
17914 1100 
17942 86 
17971 251 
17986 669 
17988 102 
17999 65 
18029 27 
18047 152 
18088 57 
18184 25 
18191 168 
18257 26 
18288 39 
18296 12 
18326 38 
18346 227 
18374 56 
18405 19 
18407 227 
18424 173 
18454 79 
18475 31 
18478 11 
18497 16 
18509 188 
18564 342 
18643 63 
18687 54 
18702 27 
18736 38 
18756 22 
18800 100 
18803 51 
18815 58 
18826 5 
18851 82 
18918 168 
18947 74 
18972 26 
19030 43 
19037 505 
19179 19 
19279 121 
19325 14 
19417 24 
19655 71 
19705 11 
19775 60 
19804 4 
19911 600 
20006 29 
20142 32 
20163 86 
20176 36 
20233 127 
20386 9 
20408 66 
20440 11 
20443 11 
20563 1026 
20596 182 
20667 84 
20738 154 
20803 32 
20815 256 
20880 50 
20923 49 
21017 95 
21067 134 
21308 53 
21335 5 
21376 107 
21385 227 
21404 14 
21623 107 
21666 66 
21684 57 
21711 147 
21855 122 
21900 14 
21919 11 
21967 46 
22037 3792 
22065 125 
22107 20 
22175 101 
22339 4019 
22914 38 
23015 1503 
23077 975 
23084 20 
23124 26 
23197 20 
23246 36 
23504 24 
23547 109 
23664 47 
23692 90 
23841 36 
23844 102 
23904 40 
23921 473 
24017 90 
24023 194 
24028 1282 
24086 2143 
24101 13 
24112 48 
24124 117 
24155 61 
24198 20 
24237 498 
24259 176 
24270 86 
24366 67 
24453 17 
24572 12 
24706 15 
25023 12 
25043 82 
25054 7 
25342 8 
25358 125 
25362 53 
25598 16 
25907 89 
25907 89 
26020 25 
26066 278 
26163 8 
26213 21 
26524 56 
26533 62 
26554 44 
26602 45 
26751 108 
26755 8 
26851 127 
26959 24 
26961 47 
27073 10 
27120 10 
27173 39 
27236 2 
27310 416 
27478 97 
27536 215 
27552 145 
27583 46 
27858 6 
28090 44 
28174 62 
28469 33 
28477 91 
28529 8 
28764 1 
29035 69 
29207 22 
29216 390 
29390 3232 
29517 1141 
29594 21 
29779 14 
29822 39 
29977 18 
30477 7 
30795 161 
30813 10 
30898 22 
31607 502 
31634 184 
31735 87 
31783 181 
32029 148 
32222 0 
32354 51 
32442 222 
32446 103 
32509 239 
32640 971 
32872 18 
33486 58 
33545 18 
35359 69 
35842 66 
36701 22 
36958 357 
39105 79 
39325 35 
40091 110 
40582 156 
40870 230 
41124 139 
41486 9 
41494 20 
41547 13 
41568 11 
42733 180 
43132 69 
43772 6 
44285 55 
45310 20 
45444 80 
45949 132 
46102 11 
46539 153 
46697 17 
46914 157 
46936 34 
46938 55 
46978 486 
47318 10 
47353 8 
47387 44 
47411 66 
47558 0 
48052 29 
48736 30 
48765 82 
48998 16 
49282 12 
49359 39 
49447 87 
49574 498 
49716 285 
49752 165 
49903 200 
50021 38 
50058 52 
50131 18 
50131 258 
50200 50 
50299 30 
50392 25 
50715 19 
50753 58 
50911 156 
51013 112 
51216 1504 
51271 24 
51272 71 
51302 96 
51428 401 
51507 46 
51615 6 
51661 5 
51903 35 
52047 179 
52072 88 
52113 10 
52128 82 
52241 785 
52305 150 
52363 2048 
52370 831 
52539 289 
52672 38 
52698 14 
52701 82 
52702 46 
52806 319 
52837 169 
52926 103 
52972 163 
53027 267 
53049 684 
53067 173 
53098 263 
53104 850 
53127 834 
53273 835 
53286 73 
53298 171 
53512 24 
53513 458 
53740 27 
53757 556 
53808 1169 
53852 18 
54018 373 
54022 33 
54145 16 
54212 114 
54246 560 
54536 123 
54823 152 
54874 178 
54911 10 
55087 4 
55127 22 
55308 118 
55397 10 
55405 11 
55667 77 
55723 133 
55754 230 
55776 4 
55867 35 
56040 84 
56236 14 
56273 310 
56345 80 
56430 26 
56466 54 
57004 13 
57011 46 
57123 91 
57183 163 
57188 83 
57322 317 
57327 131 
57379 85 
57469 18 
57494 104 
57631 36 
57635 1 
57707 39 
57754 42 
57762 198 
57843 47 
57864 108 
57993 84 
58095 16 
58106 25 
58125 36 
58313 53 
58326 92 
58616 222 
58648 261 
58670 406 
58696 347 
58720 2261 
58746 41 
58782 1993 
58877 482 
58902 149 
58927 92 
59004 42 
59084 243 
59092 148 
59099 15 
59145 1119 
59166 5 
59291 179 
59323 380 
59463 189 
59474 119 
59477 646 
59488 157 
59503 65 
59723 201 
59785 29 
60022 131 
60095 78 
60146 30 
60279 154 
60554 76 
60568 90 
60630 159 
60644 50 
60738 221 
60741 34 
60750 404 
60810 21 
61016 607 
61044 197 
61065 250 
61281 15 
61339 706 
61523 23 
61675 195 
61823 93 
61851 9 
61944 21 
61966 750 
62047 11 
62139 221 
62382 99 
62476 47 
62523 286 
62549 87 
62596 33 
62614 229 
62655 794 
62661 21 
62760 122 
62979 47 
63155 21 
63159 44 
63232 51 
63320 1132 
63326 163 
63349 257 
63440 63 
63620 109 
63631 169 
63747 4 
63831 218 
63892 17 
63925 13 
64020 154 
64212 255 
64263 66 
64361 78 
64426 55 
64625 123 
64833 142 
64852 32 
65023 33 
65373 152 
65417 446 
65500 28 
65505 102 
65522 14 
65558 47 
65711 11 
65742 17 
65775 40 
66001 1299 
66052 24 
66213 28 
66283 34 
66354 112 
66355 18 
66380 263 
66528 32 
66620 616 
66656 23 
66682 48 
66739 5 
66775 122 
66943 1116 
66967 320 
67019 405 
67103 175 
67122 59 
67179 432 
67235 21 
67262 264 
67271 190 
67420 495 
67570 44 
67598 51 
67641 165 
67906 218 
67920 5 
68050 274 
68089 157 
68190 62 
68214 60 
68329 60 
68350 250 
68385 105 
68505 847 
68564 37 
68711 36 
68987 32 
68992 381 
69010 247 
69028 172 
69040 293 
69059 121 
69162 254 
69227 0 
69324 131 
69407 1 
69426 77 
69525 48 
69549 190 
69610 25 
69674 14 
69715 164 
69732 137 
69765 206 
69781 55 
69960 109 
70258 8 
70471 63 
70518 96 
70605 103 
70793 90 
70862 50 
71471 101 
71483 60 
71599 110 
71829 34 
71944 92 
71958 66 
72166 89 
72324 20 
72385 60 
72714 122 
72912 144 
72929 17 
72987 35 
73019 51 
73080 1305 
73116 0 
73217 69 
73265 43 
73360 24 
73421 23 
73442 12 
73476 894 
73489 756 
73541 415 
73556 648 
73638 2910 
73645 1045 
73653 51 
73666 61 
73670 402 
73681 134 
73813 58 
73820 41 
73917 62 
73943 291 
73959 174 
74106 93 
74119 231 
74208 34 
74274 109 
74378 354 
74418 6 
74555 29 
74616 111 
74665 177 
74686 167 
74716 18 
74742 882 
74761 51 
74826 746 
74903 301 
74987 9074 
75004 310 
75026 1080 
75082 731 
75118 318 
75231 54 
75301 70 
75539 361 
75582 666 
75712 652 
75754 66 
75777 10 
75888 111 
76400 40 
76515 54 
76582 245 
76659 392 
76713 37 
76813 87 
76899 269 
76974 137 
76998 287 
77078 66 
77498 352 
77575 76 
77661 103 
77704 143 
77736 135 
77869 317 
77949 46 
78108 78 
78223 4 
78250 106 
78384 68 
78542 3450 
78599 92 
78610 21 
78626 55 
78814 137 
78831 42 
79085 87 
79101 4 
79161 163 
79526 94 
79692 148 
80108 37 
80110 72 
80114 49 
80117 93 
80155 49 
80386 7 
80612 272 
80639 6 
81431 35 
81528 129 
81683 9 
81815 177 
81834 10 
81870 24 
82395 15 
82670 34 
82935 800 
82965 783 
82978 525 
83043 1136 
83049 213 
83071 114 
83264 118 
83338 90 
83370 12 
83546 69 
83578 75 
83792 6 
83881 47 
83925 304 
84406 25 
84589 195 
84593 169 
84835 99 
84930 33 
85056 68 
85100 119 
85287 102 
85317 93 
85459 36 
85525 131 
85635 20 
85665 253 
85768 87 
85880 276 
86395 20 
86498 5 
86562 13 
86611 30 
86669 213 
87130 221 
87284 7 
87380 77 
87419 72 
88032 30 
88058 560 
88241 748 
88313 101 
88321 40 
88342 279 
88360 123 
88461 87 
88730 103 
88804 420 
88833 96 
88933 194 
89133 90 
89475 29 
89616 223 
89690 327 
89750 588 
89784 33 
89799 142 
89813 224 
89872 86 
89878 231 
90046 15 
90051 196 
90074 267 
90186 211 
90309 124 
90378 38 
90389 459 
90451 207 
90808 78 
91031 50 
91058 38 
91077 14 
91158 79 
91188 43 
91451 225 
91647 24 
92034 29 
92293 59 
92530 73 
92893 32 
93406 20 
93573 7 
93602 2 
93690 30 
93711 336 
94043 217 
94219 15 
94494 51 
94551 232 
94641 666 
94813 67 
94869 200 
94917 49 
95026 350 
95078 142 
95139 15 
95175 423 
95366 42 
95781 169 
95936 156 
96645 12 
96720 68 
97737 56 
97737 214 
97993 13 
98028 99 
98354 186 
98443 11 
98665 17 
98744 10 
98777 81 
98858 55 
98939 14 
98996 90 
99003 504 
99113 265 
99184 174 
99321 325 
99350 134 
99505 133 
99793 60 
99812 26 
99997 218 
100303 934 
100383 18 
100615 65 
100739 38 
100786 85 
100809 145 
100918 63 
101305 68 
101341 237 
101486 219 
101651 63 
102127 154 
102421 52 
102647 98 
103040 37 
103579 20 
103746 67 
104092 47 
104716 32 
105428 51 
105599 163 
105926 107 
106100 143 
106136 375 
106598 22 
106986 48 
107134 174 
107294 26 
107446 45 
107650 17 
108052 7 
108152 79 
108302 147 
108325 56 
108394 166 
108520 49 
108717 31 
108803 319 
109233 1051 
109354 1593 
109413 332 
109811 86 
110068 50 
110080 51 
110205 49 
110663 179 
111187 105 
112072 30 
112590 1 
113438 62 
113488 22 
116615 31 
116615 31 
118899 32 
119338 31 
119960 149 
127620 107 
129621 25 
130094 281 
130231 57 
130437 9 
131275 37 
131275 37 
132533 321 
133169 21 
133394 167 
139376 133 
139549 57 
139682 117 
140801 236 
140955 51 
141142 21 
143181 153 
145295 16 
146829 20 
148709 69 
148749 138 
149675 16 
149903 146 
149961 102 
150487 1447 
150680 117 
150750 110 
151565 47 
151724 502 
151773 40 
152202 107 
154010 350 
154191 313 
155004 37 
155279 149 
158008 88 
158860 14 
159967 33 
160398 731 
160773 56 
164104 16 
164176 112 
164677 566 
166280 32 
167183 78 
167357 163 
167625 21 
167777 112 
168315 70 
168787 953 
169497 111 
172574 100 
173521 36 
174519 39 
175823 92 
176215 10 
176808 71 
178708 40 
178843 6 
179687 31 
180215 25 
184831 14 
185179 80 
190464 31 
193304 129 
193490 367 
193536 191 
195624 2096 
196560 656 
204217 85 
218757 22 
220399 381 
234005 13 
237868 9 
244375 42 
248678 112 
250650 68 
250761 714 
255464 12 
259804 146 
262815 253 
263133 483 
264812 57 
265194 19 
266558 39 
266752 96 
268455 129 
270569 339 
271967 64 
274156 83 
275322 143 
277159 29 
277241 54 
277766 80 
278622 5 
278643 110 
278869 19 
287535 91 
299368 96 
307349 52 
308716 47 
315690 107 
320018 151 
327683 1189 
327856 194 
329152 53 
336450 108 
338114 87 
353128 7 
356056 8 
356655 37 
357209 83 
357998 3769 
359104 88 
359336 22 
363999 41 
368639 10 
380978 55 
397837 87 
402541 112 
420772 48 
425919 27 
437931 1605 
451611 100 
460605 132 
480736 175 
484228 559 
484459 47 
489334 452 
499588 5 
507929 43 
509332 14 
544388 106 
567947 205 
