2431 6.23467592593
0 175936 
27 93 
30 134 
32 45 
40 450 
41 1223 
41 135 
43 216 
43 453 
44 139 
44 381 
45 323 
48 712 
48 535 
49 46 
50 160 
51 32 
51 371 
51 286 
51 2072 
52 1032 
54 71 
55 714 
55 754 
55 252 
59 53 
59 155 
60 37 
60 2944 
61 35 
62 171 
66 106 
66 698 
66 235 
67 1012 
70 112 
71 147 
71 783 
72 138 
72 102 
75 199 
77 50 
79 234 
79 69 
85 96 
87 110 
88 217 
91 124 
96 366 
98 187 
101 26 
105 156 
106 143 
107 191 
111 164 
112 23 
114 590 
114 130 
118 266 
122 21 
123 231 
125 87 
128 8359 
129 112 
132 29 
136 3337 
136 321 
138 379 
138 21 
139 278 
139 16 
141 63 
145 440 
147 3177 
149 73 
149 1628 
149 31 
151 536 
152 55 
152 1795 
153 31 
155 140 
155 600 
156 49 
156 48 
158 1091 
161 552 
163 55 
163 640 
165 995 
166 1233 
172 170 
173 77 
181 49 
181 78 
182 7396 
182 55 
183 300 
184 33 
186 97 
187 75 
188 187 
191 58 
192 64 
192 902 
198 15 
200 295 
200 305 
201 12 
201 153 
204 25 
208 487 
208 178 
211 35 
211 11 
213 1078 
214 158 
217 156 
218 36 
219 20 
222 26 
225 15 
225 114 
226 306 
226 1004 
228 38 
228 5 
231 7 
231 47 
232 459 
232 375 
233 8 
234 880 
234 375 
235 128 
235 72 
235 26 
236 27 
236 57 
242 760 
242 104 
243 232 
243 129 
245 96 
246 24 
247 595 
247 378 
248 37 
248 315 
251 15 
253 2558 
257 72 
257 236 
260 52 
261 468 
262 1380 
262 21 
263 659 
264 221 
265 20 
265 38 
266 369 
270 199 
273 92 
273 56 
275 17 
275 88 
276 55 
276 376 
276 52 
278 1019 
280 292 
280 46 
282 59 
284 615 
287 115 
288 63 
292 492 
293 60 
293 951 
295 239 
295 164 
295 243 
296 303 
297 111 
298 153 
302 32 
305 38 
308 667 
310 15 
311 17 
311 50 
316 61 
316 55 
317 2447 
320 575 
321 71 
322 1 
324 12 
326 48 
328 58 
330 25 
335 409 
336 427 
337 75 
339 118 
340 141 
340 648 
343 198 
344 103 
344 72 
351 1747 
353 92 
356 89 
358 195 
360 707 
361 42 
363 3 
365 47 
369 215 
369 108 
369 878 
371 62 
372 57 
378 194 
378 113 
385 24 
386 59 
387 90 
387 20 
388 23 
389 4330 
391 158 
392 4 
392 711 
404 314 
406 299 
408 253 
409 79 
409 189 
410 359 
410 12 
411 53 
412 48 
412 218 
413 42 
414 89 
418 926 
420 82 
421 567 
425 142 
433 120 
433 152 
436 15 
440 16 
442 7 
443 320 
444 275 
447 3264 
453 841 
455 89 
457 188 
459 317 
461 88 
461 35 
462 107 
467 94 
468 318 
470 105 
473 179 
473 1080 
475 23 
476 103 
476 152 
477 1379 
478 14 
480 118 
481 440 
484 57 
486 48 
493 100 
494 189 
501 53 
501 35 
501 38 
512 50 
513 98 
517 128 
524 36 
526 12 
527 27 
527 63 
531 47 
531 100 
536 2467 
536 46 
538 62 
540 55 
540 2540 
543 104 
544 215 
546 58 
550 36 
550 47 
556 90 
561 5 
563 806 
564 706 
570 66 
573 34 
577 46 
580 41 
581 93 
587 28 
592 12 
592 221 
592 8 
598 54 
611 631 
612 545 
613 48 
615 92 
616 1052 
618 70 
618 87 
623 89 
624 79 
625 133 
626 386 
627 86 
627 100 
640 411 
645 17 
646 3551 
648 7 
650 107 
654 164 
655 220 
657 387 
660 39 
661 93 
661 165 
662 43 
664 60 
672 1769 
673 174 
673 70 
676 52 
677 146 
678 230 
681 101 
681 218 
682 110 
683 51 
683 113 
686 163 
686 15 
687 112 
690 107 
691 365 
693 21 
697 92 
698 116 
702 121 
703 144 
704 130 
705 83 
714 73 
715 101 
723 552 
726 10 
730 53 
731 27 
731 104 
735 105 
738 140 
746 12 
746 81 
747 295 
754 156 
754 61 
755 5 
756 55 
762 41 
765 712 
768 378 
771 70 
773 27 
773 915 
773 17 
780 51 
780 37 
781 43 
783 125 
785 16 
785 92 
787 107 
787 26 
787 49 
794 19 
795 108 
796 250 
798 101 
799 42 
799 58 
800 344 
805 76 
807 114 
808 11 
811 19 
811 114 
812 63 
813 281 
814 304 
815 23 
816 112 
816 83 
817 140 
818 224 
821 25 
822 36 
825 44 
825 309 
827 150 
829 14 
834 187 
835 1 
839 239 
842 137 
844 48 
846 141 
848 59 
858 48 
859 135 
860 166 
872 60 
876 831 
878 306 
879 22 
880 125 
881 143 
881 275 
881 14 
885 338 
888 48 
888 113 
889 46 
890 420 
893 62 
894 55 
898 62 
901 285 
903 325 
904 29 
907 33 
915 69 
916 104 
917 22 
918 14 
918 79 
919 436 
920 105 
923 31 
924 844 
924 396 
924 83 
924 26 
925 60 
928 46 
928 37 
928 25 
929 89 
933 202 
933 72 
933 476 
939 125 
941 213 
943 71 
943 44 
946 165 
947 17 
948 203 
962 207 
965 85 
967 12 
972 6 
979 89 
981 944 
984 151 
986 272 
995 59 
996 556 
997 36 
997 19 
1000 36 
1000 121 
1006 36 
1009 63 
1010 54 
1013 149 
1019 58 
1021 463 
1025 12 
1029 99 
1030 189 
1038 38 
1043 7 
1047 42 
1051 122 
1054 438 
1056 576 
1066 141 
1070 42 
1073 206 
1074 1412 
1078 52 
1079 34 
1082 1 
1083 57 
1084 39 
1086 868 
1086 355 
1091 26 
1100 45 
1100 92 
1103 74 
1107 1448 
1109 336 
1109 64 
1110 28 
1111 21 
1114 1154 
1120 868 
1122 65 
1123 254 
1124 865 
1125 21 
1127 40 
1128 31 
1130 80 
1135 71 
1141 1640 
1142 301 
1149 90 
1152 41 
1152 44 
1153 332 
1156 2 
1158 569 
1159 111 
1160 16 
1165 40 
1166 231 
1168 24 
1168 22 
1179 83 
1179 25 
1181 27 
1181 52 
1183 78 
1184 136 
1184 6 
1185 16 
1187 911 
1198 131 
1204 9 
1204 69 
1207 779 
1211 11 
1214 1052 
1215 65 
1215 78 
1218 57 
1222 538 
1222 50 
1223 3 
1226 373 
1226 30 
1227 343 
1228 68 
1229 21 
1234 116 
1234 214 
1241 46 
1241 95 
1241 66 
1243 128 
1244 117 
1246 245 
1248 9 
1249 59 
1252 68 
1254 145 
1261 31 
1263 1339 
1266 199 
1267 77 
1268 26 
1270 121 
1273 1579 
1274 78 
1275 28 
1286 13 
1288 50 
1293 42 
1294 111 
1296 91 
1296 56 
1298 4 
1299 31 
1301 284 
1309 77 
1310 189 
1310 18 
1311 1122 
1312 66 
1313 71 
1321 67 
1321 147 
1322 79 
1322 66 
1327 135 
1329 109 
1335 28 
1337 121 
1339 501 
1339 681 
1340 40 
1343 75 
1346 9 
1346 21 
1356 25 
1359 51 
1359 88 
1360 154 
1361 155 
1362 49 
1367 19 
1367 27 
1369 2 
1370 140 
1375 44 
1382 17 
1383 69 
1384 12 
1387 361 
1398 15 
1404 36 
1407 120 
1411 742 
1415 35 
1416 324 
1417 23 
1418 52 
1420 23 
1421 149 
1422 118 
1423 11 
1423 20 
1425 223 
1428 82 
1430 74 
1437 6 
1438 34 
1439 106 
1442 223 
1442 92 
1446 127 
1448 51 
1449 157 
1449 2 
1452 13 
1452 136 
1453 261 
1453 22 
1455 68 
1457 161 
1457 1131 
1457 202 
1459 127 
1463 110 
1464 143 
1465 18 
1470 89 
1470 31 
1472 3 
1474 156 
1474 74 
1476 409 
1477 20 
1478 6 
1479 32 
1488 82 
1489 482 
1490 298 
1490 100 
1492 77 
1495 21 
1497 7 
1504 14 
1510 78 
1513 130 
1516 75 
1517 84 
1517 551 
1518 16 
1529 31 
1532 57 
1534 34 
1534 7 
1545 12 
1547 83 
1549 139 
1549 31 
1550 355 
1551 3630 
1554 29 
1554 65 
1560 414 
1562 446 
1566 31 
1567 9 
1571 71 
1576 93 
1576 310 
1583 319 
1585 124 
1591 21 
1591 88 
1593 77 
1605 85 
1607 23 
1608 47 
1609 40 
1611 128 
1614 14 
1618 169 
1620 25 
1620 7 
1623 3 
1623 71 
1629 25 
1630 48 
1630 69 
1645 213 
1648 2 
1649 93 
1651 83 
1652 312 
1654 188 
1657 94 
1661 115 
1662 27 
1666 1 
1666 20 
1667 129 
1668 17 
1677 41 
1678 24 
1679 147 
1684 27 
1685 7 
1686 51 
1689 97 
1689 1488 
1695 51 
1696 215 
1703 38 
1703 57 
1709 2 
1710 39 
1710 128 
1720 183 
1723 86 
1726 23 
1726 1725 
1727 37 
1732 43 
1732 55 
1738 61 
1742 39 
1743 1092 
1743 19 
1743 58 
1744 76 
1748 51 
1756 27 
1756 23 
1757 21 
1760 80 
1765 17 
1765 47 
1765 91 
1778 487 
1780 33 
1781 44 
1781 234 
1782 121 
1784 4 
1785 957 
1788 133 
1796 67 
1798 136 
1800 33 
1802 80 
1805 296 
1807 124 
1813 512 
1816 45 
1817 9 
1825 162 
1827 47 
1831 8 
1832 6 
1836 168 
1846 12 
1846 29 
1854 193 
1855 781 
1856 108 
1856 98 
1857 45 
1857 19 
1861 55 
1862 17 
1862 22 
1865 408 
1866 85 
1876 47 
1876 202 
1877 266 
1878 11 
1881 78 
1882 143 
1884 61 
1886 34 
1889 6 
1891 77 
1897 68 
1899 885 
1899 32 
1901 132 
1905 307 
1910 980 
1911 26 
1915 62 
1915 1 
1916 21 
1916 180 
1918 44 
1920 67 
1921 145 
1928 197 
1930 120 
1934 84 
1934 27 
1944 90 
1946 30 
1949 68 
1952 22 
1954 35 
1955 23 
1960 559 
1963 21 
1964 87 
1967 106 
1968 936 
1973 15 
1985 132 
1985 40 
1988 44 
1990 88 
1991 15 
1991 36 
1994 11 
1999 193 
2004 38 
2004 24 
2008 80 
2010 217 
2010 926 
2011 32 
2012 15 
2012 25 
2022 46 
2023 228 
2025 66 
2027 47 
2028 10 
2031 47 
2034 71 
2034 160 
2035 47 
2037 66 
2048 165 
2049 16 
2054 20 
2056 304 
2060 27 
2061 3 
2064 53 
2064 60 
2070 9 
2071 26 
2071 207 
2072 168 
2074 18 
2079 26 
2082 20 
2086 100 
2090 82 
2093 103 
2094 177 
2103 47 
2104 28 
2105 38 
2106 1498 
2108 7 
2108 77 
2109 59 
2112 89 
2113 23 
2117 841 
2123 145 
2124 99 
2125 25 
2134 84 
2143 11 
2143 54 
2145 167 
2148 354 
2148 44 
2149 35 
2152 22 
2155 128 
2157 237 
2160 114 
2160 10 
2168 34 
2169 104 
2170 59 
2175 46 
2178 39 
2185 19 
2186 35 
2192 1056 
2199 362 
2200 134 
2202 149 
2202 346 
2203 132 
2203 35 
2203 13 
2204 57 
2206 250 
2212 7 
2214 40 
2215 173 
2216 107 
2217 99 
2217 20 
2218 105 
2219 118 
2222 21 
2225 14 
2227 42 
2229 24 
2231 34 
2233 894 
2235 1345 
2236 44 
2241 40 
2242 49 
2247 32 
2248 308 
2249 174 
2252 50 
2259 186 
2266 11 
2267 118 
2267 46 
2270 27 
2272 256 
2275 91 
2277 601 
2278 16 
2283 139 
2295 8 
2303 136 
2310 30 
2311 17 
2320 15 
2320 15 
2323 48 
2323 48 
2326 134 
2326 233 
2326 233 
2326 134 
2327 851 
2327 851 
2328 181 
2328 181 
2330 71 
2330 71 
2333 6 
2333 6 
2334 57 
2334 57 
2336 98 
2336 98 
2336 8 
2336 8 
2338 17 
2338 17 
2339 67 
2339 67 
2344 36 
2344 36 
2348 14 
2348 14 
2350 139 
2350 139 
2351 102 
2351 154 
2351 154 
2351 102 
2353 42 
2353 42 
2356 53 
2356 161 
2356 53 
2356 161 
2364 78 
2364 78 
2373 92 
2373 92 
2374 13 
2374 13 
2378 12 
2378 12 
2379 424 
2379 424 
2383 215 
2383 215 
2387 59 
2387 59 
2398 694 
2398 694 
2399 236 
2399 236 
2400 133 
2400 133 
2401 159 
2401 159 
2412 519 
2412 519 
2421 475 
2422 15 
2425 396 
2431 198 
2439 23 
2440 21 
2440 100 
2445 44 
2447 5 
2447 49 
2448 85 
2448 45 
2449 22 
2449 200 
2450 133 
2453 119 
2456 23 
2457 61 
2458 974 
2461 9 
2462 2 
2462 79 
2463 45 
2471 240 
2472 297 
2475 19 
2476 572 
2493 589 
2493 45 
2495 70 
2499 186 
2501 425 
2502 33 
2510 20 
2513 19 
2514 26 
2522 483 
2523 5 
2530 31 
2533 123 
2534 64 
2539 8 
2540 21 
2549 53 
2549 11 
2550 72 
2552 72 
2552 20 
2553 19 
2555 100 
2556 228 
2558 55 
2558 13 
2560 16 
2561 955 
2564 93 
2564 38 
2566 74 
2571 78 
2571 119 
2573 15 
2574 16 
2575 16 
2576 494 
2579 80 
2580 1141 
2601 8 
2602 294 
2607 314 
2611 1051 
2614 12 
2617 25 
2617 79 
2619 156 
2627 2272 
2627 319 
2632 56 
2634 60 
2639 7 
2642 153 
2643 74 
2645 91 
2646 194 
2651 424 
2662 96 
2663 38 
2665 28 
2666 39 
2674 1 
2675 24 
2677 78 
2677 1317 
2684 52 
2689 63 
2692 20 
2694 131 
2694 129 
2697 11 
2703 35 
2709 27 
2709 28 
2710 105 
2712 137 
2722 21 
2722 14 
2728 170 
2731 8 
2734 4 
2737 93 
2739 74 
2742 40 
2745 11 
2747 12 
2748 27 
2757 25 
2759 64 
2760 10 
2762 118 
2768 246 
2773 96 
2785 97 
2785 76 
2786 1992 
2792 37 
2798 341 
2801 59 
2803 111 
2803 122 
2809 89 
2813 101 
2814 89 
2816 1349 
2817 104 
2817 86 
2829 22 
2829 24 
2839 22 
2841 708 
2843 4476 
2845 596 
2848 883 
2848 57 
2850 50 
2855 1407 
2858 4 
2866 32 
2870 37 
2872 1941 
2875 33 
2882 19 
2893 7 
2896 49 
2897 126 
2899 46 
2900 31 
2908 55 
2909 698 
2913 41 
2918 66 
2926 64 
2928 25 
2928 35 
2929 483 
2933 58 
2935 1608 
2939 39 
2943 75 
2948 31 
2949 25 
2949 5 
2960 79 
2965 82 
2965 155 
2969 39 
2975 37 
2976 66 
2981 1295 
2984 160 
2986 291 
2988 62 
2991 70 
2994 65 
2994 46 
2995 47 
2995 15 
2999 55 
2999 55 
3002 10 
3004 8 
3007 17 
3008 9 
3009 27 
3014 93 
3019 87 
3033 873 
3037 234 
3038 62 
3039 71 
3042 96 
3050 16 
3051 174 
3055 0 
3056 45 
3056 36 
3062 93 
3064 8 
3068 38 
3069 48 
3070 16 
3078 8 
3085 28 
3086 117 
3086 104 
3087 495 
3094 8 
3095 39 
3098 101 
3100 104 
3100 22 
3102 61 
3103 115 
3106 56 
3110 271 
3114 13 
3120 7 
3126 56 
3131 2 
3133 54 
3141 407 
3142 192 
3145 23 
3157 3 
3170 213 
3176 43 
3178 76 
3181 118 
3182 2190 
3184 73 
3188 233 
3188 22 
3189 133 
3191 69 
3193 425 
3195 7 
3195 12 
3198 55 
3210 55 
3219 12 
3219 90 
3222 24 
3222 118 
3225 116 
3228 81 
3228 30 
3239 10 
3239 8 
3240 46 
3240 80 
3248 2 
3249 32 
3249 21 
3255 54 
3272 53 
3275 12 
3279 86 
3282 1198 
3284 16 
3290 29 
3292 151 
3296 24 
3300 83 
3303 67 
3308 15 
3308 106 
3309 10 
3311 44 
3313 7 
3317 36 
3320 21 
3322 47 
3323 136 
3328 166 
3333 47 
3334 112 
3337 57 
3344 37 
3344 107 
3350 159 
3351 77 
3352 88 
3354 28 
3359 54 
3363 13 
3377 17 
3381 183 
3383 62 
3392 48 
3395 8 
3400 31 
3401 66 
3403 272 
3411 11 
3412 9 
3422 123 
3424 62 
3426 2 
3427 150 
3428 66 
3437 143 
3440 9 
3453 35 
3455 212 
3460 1490 
3462 38 
3471 52 
3472 176 
3474 536 
3475 60 
3480 73 
3481 54 
3481 47 
3486 257 
3490 496 
3491 0 
3491 11 
3500 77 
3502 27 
3503 48 
3510 169 
3521 57 
3522 23 
3524 31 
3528 31 
3535 39 
3536 155 
3540 10 
3542 108 
3547 116 
3556 64 
3556 11 
3561 234 
3565 17 
3569 141 
3571 4 
3574 22 
3575 28 
3579 1539 
3581 0 
3582 22 
3584 87 
3592 221 
3595 178 
3599 668 
3602 23 
3603 99 
3603 548 
3604 48 
3606 417 
3608 36 
3610 46 
3612 21 
3613 84 
3615 1415 
3615 60 
3618 293 
3620 569 
3623 90 
3624 28 
3629 25 
3629 50 
3630 16 
3632 36 
3634 35 
3638 147 
3639 56 
3640 368 
3640 47 
3642 39 
3643 703 
3647 9 
3651 2 
3654 193 
3660 49 
3682 61 
3686 9 
3688 39 
3699 235 
3702 10 
3707 80 
3717 17 
3720 1441 
3727 111 
3743 4 
3744 10 
3747 24 
3749 137 
3750 90 
3759 57 
3760 35 
3765 15 
3774 201 
3784 79 
3787 16 
3790 14 
3795 97 
3811 7 
3811 17 
3815 127 
3816 38 
3821 13 
3822 3 
3828 11 
3833 747 
3841 21 
3844 31 
3845 22 
3859 2890 
3863 178 
3874 79 
3874 3 
3877 1073 
3885 76 
3888 80 
3890 22 
3894 42 
3901 31 
3908 71 
3911 213 
3927 163 
3945 44 
3951 69 
3960 103 
3975 18 
3977 302 
3977 11 
3978 3 
3978 279 
3991 63 
3995 47 
3996 60 
4000 78 
4000 77 
4011 21 
4021 47 
4025 121 
4026 14 
4031 14 
4032 4 
4032 10 
4039 120 
4039 80 
4041 764 
4047 112 
4048 205 
4049 149 
4054 356 
4060 21 
4063 51 
4069 45 
4079 17 
4080 264 
4082 7 
4083 12 
4091 39 
4097 119 
4106 138 
4111 214 
4116 76 
4123 6 
4126 12 
4138 10 
4149 8 
4162 738 
4173 591 
4175 513 
4182 0 
4185 39 
4188 21 
4195 33 
4197 107 
4198 108 
4200 38 
4200 17 
4203 32 
4207 33 
4218 15 
4226 28 
4235 16 
4237 54 
4241 178 
4244 41 
4244 56 
4245 87 
4253 35 
4256 30 
4258 53 
4258 40 
4266 92 
4267 40 
4272 44 
4288 92 
4289 35 
4292 22 
4300 41 
4315 36 
4318 25 
4330 69 
4334 30 
4343 12 
4347 12 
4354 68 
4354 19 
4359 30 
4361 33 
4364 102 
4368 6 
4377 19 
4381 72 
4382 23 
4402 15 
4405 31 
4406 113 
4411 163 
4422 193 
4432 61 
4437 42 
4440 14 
4449 23 
4457 15 
4460 16 
4467 77 
4468 42 
4469 86 
4478 48 
4486 38 
4487 80 
4487 230 
4492 29 
4495 5 
4499 48 
4503 17 
4507 112 
4512 47 
4513 5 
4516 31 
4531 56 
4532 115 
4536 14 
4536 206 
4542 44 
4559 12 
4564 4 
4581 53 
4583 84 
4584 5 
4588 75 
4588 4 
4600 126 
4603 11 
4612 26 
4612 17 
4614 85 
4620 44 
4621 37 
4637 13 
4642 47 
4653 105 
4654 22 
4659 8 
4661 68 
4666 51 
4668 7 
4676 0 
4687 13 
4688 6 
4688 45 
4694 1 
4695 1 
4720 105 
4725 120 
4731 16 
4732 29 
4733 33 
4746 238 
4764 85 
4778 181 
4782 2 
4792 59 
4795 7 
4795 82 
4795 6 
4796 21 
4802 80 
4819 58 
4820 21 
4824 62 
4826 19 
4839 9 
4842 21 
4845 27 
4851 129 
4876 27 
4880 28 
4881 52 
4888 420 
4890 50 
4893 16 
4894 8 
4895 36 
4900 65 
4900 8 
4901 125 
4908 3 
4909 112 
4909 10 
4914 141 
4914 57 
4917 31 
4924 2 
4928 14 
4935 32 
4940 82 
4944 3 
4954 6 
4955 56 
4955 31 
4958 224 
4963 56 
4966 8 
4967 67 
4990 66 
4996 11 
4996 3079 
5002 48 
5002 59 
5011 41 
5018 4 
5040 110 
5043 68 
5082 47 
5084 32 
5107 42 
5119 78 
5121 2385 
5133 38 
5139 108 
5139 2 
5149 31 
5168 193 
5169 35 
5174 59 
5183 17 
5194 53 
5196 35 
5211 5 
5247 30 
5249 85 
5259 57 
5266 18 
5277 60 
5278 17 
5279 16 
5282 2418 
5286 30 
5289 177 
5290 14 
5302 343 
5322 2 
5323 885 
5336 5 
5338 25 
5353 47 
5353 6 
5356 166 
5356 636 
5365 14 
5375 95 
5398 170 
5399 50 
5409 91 
5410 55 
5412 31 
5415 39 
5415 23 
5423 6 
5423 21 
5473 18 
5484 30 
5492 21 
5494 17 
5499 35 
5516 49 
5523 18 
5539 75 
5552 41 
5562 2 
5564 64 
5565 58 
5575 12 
5600 105 
5601 22 
5607 26 
5608 69 
5610 40 
5611 1310 
5629 23 
5631 35 
5635 75 
5641 51 
5642 27 
5645 39 
5654 71 
5678 98 
5680 179 
5690 112 
5700 0 
5717 153 
5718 11 
5727 44 
5757 45 
5767 19 
5772 132 
5780 13 
5787 33 
5791 24 
5822 50 
5824 40 
5829 173 
5830 27 
5831 12 
5835 71 
5837 58 
5843 39 
5845 22 
5846 70 
5851 21 
5893 68 
5895 44 
5897 2 
5897 18 
5906 21 
5915 1 
5930 167 
5939 180 
5940 77 
5953 10 
5960 39 
5962 120 
5964 9 
5970 102 
5971 3 
5977 142 
5987 45 
5993 8 
5994 71 
6014 8 
6021 39 
6030 50 
6032 96 
6032 122 
6042 59 
6044 92 
6046 94 
6074 27 
6074 10 
6082 12 
6091 25 
6092 3 
6118 124 
6121 10 
6125 46 
6133 50 
6153 8 
6154 47 
6157 80 
6167 70 
6176 16 
6177 120 
6183 46 
6189 41 
6204 75 
6219 15 
6225 19 
6227 50 
6234 161 
6235 5 
6235 97 
6246 4 
6262 31 
6270 67 
6291 11 
6299 15 
6304 140 
6322 49 
6340 71 
6346 38 
6362 6 
6366 29 
6373 44 
6385 204 
6391 19 
6398 14 
6409 3 
6413 63 
6450 4 
6452 22 
6463 173 
6481 58 
6485 41 
6485 37 
6501 291 
6516 24 
6519 59 
6532 1366 
6541 14 
6564 19 
6567 11 
6570 425 
6574 67 
6576 81 
6592 6 
6598 45 
6624 69 
6635 40 
6637 7 
6646 1 
6664 26 
6668 227 
6687 38 
6687 12 
6692 149 
6752 36 
6753 14 
6754 44 
6761 1178 
6775 50 
6793 28 
6794 80 
6795 309 
6796 25 
6812 71 
6818 8 
6843 30 
6849 73 
6850 7 
6851 66 
6851 61 
6861 70 
6874 532 
6902 23 
6903 44 
6939 9 
6950 61 
6951 92 
6954 105 
6964 31 
6973 91 
6986 40 
6995 206 
7031 7 
7039 33 
7040 110 
7043 18 
7056 89 
7066 153 
7086 8 
7095 279 
7096 54 
7130 269 
7132 15 
7151 94 
7165 35 
7174 27 
7185 15 
7188 52 
7195 57 
7200 7 
7207 19 
7208 51 
7226 7 
7228 105 
7241 39 
7241 17 
7245 19 
7253 19 
7291 41 
7294 89 
7326 71 
7328 294 
7343 26 
7348 49 
7353 59 
7355 15 
7366 67 
7376 69 
7379 1036 
7395 70 
7406 26 
7410 76 
7416 75 
7451 46 
7452 69 
7457 45 
7460 12 
7461 13 
7462 53 
7462 34 
7482 40 
7483 44 
7514 40 
7543 12 
7567 39 
7570 8 
7591 37 
7597 66 
7621 74 
7708 102 
7713 88 
7751 9 
7755 3 
7756 279 
7762 21 
7776 9 
7780 11 
7783 11 
7784 48 
7798 23 
7812 23 
7852 74 
7896 969 
7942 9 
7998 8 
8031 86 
8036 14 
8039 3 
8053 38 
8060 53 
8061 166 
8067 12 
8068 76 
8084 59 
8111 22 
8133 6 
8150 160 
8188 30 
8192 74 
8196 27 
8209 217 
8217 11 
8234 15 
8277 23 
8297 5 
8318 173 
8319 17 
8331 46 
8355 139 
8361 8 
8373 8 
8408 40 
8425 6 
8441 100 
8457 30 
8484 9 
8527 31 
8689 18 
8716 57 
8721 4 
8787 37 
8805 31 
8883 62 
8962 61 
9054 27 
9132 16 
9145 91 
9166 45 
9189 34 
9207 44 
9325 55 
9369 30 
9394 65 
9431 415 
9433 21 
9458 24 
9468 18 
9506 5951 
9511 59 
9525 55 
9530 15 
9547 42 
9578 89 
9601 925 
9705 51 
9712 92 
9713 419 
9726 555 
9839 40 
9860 3 
9871 96 
9877 48 
9895 27 
9965 46 
9990 7 
10023 126 
10045 47 
10106 166 
10107 92 
10159 475 
10208 15 
10212 15 
10215 155 
10223 76 
10225 12 
10277 159 
10390 37 
10457 31 
10481 12 
10537 28 
10699 29 
10764 7 
10781 4 
10795 512 
10797 40 
10873 193 
10878 65 
10926 534 
10934 250 
11005 5 
11064 34 
11123 8 
11280 21 
11286 34 
11341 51 
11382 187 
11439 56 
11502 115 
11511 48 
11585 238 
11592 22 
11616 29 
11811 41 
11814 404 
11895 53 
11952 4 
11961 3 
12025 47 
12075 17 
12089 6 
12117 14 
12222 119 
12266 119 
12331 75 
12371 62 
12405 2 
12614 59 
12618 29 
12714 75 
12850 36 
12858 19 
12889 40 
13045 13 
13054 1327 
13099 50 
13323 154 
13339 295 
13399 16 
13450 13 
13474 12 
13536 15 
13608 73 
13676 94 
13722 501 
13751 196 
13797 10 
13864 9 
13987 179 
13992 8 
14064 21 
14115 27 
14152 249 
14199 31 
14227 2460 
14235 16 
14249 13 
14306 18 
14373 51 
14416 396 
14498 0 
14512 18 
14526 32 
14582 26 
14725 6 
14814 57 
15117 387 
15128 28 
15295 46 
15296 10 
15665 3827 
15872 1614 
15923 311 
15939 28 
15991 57 
16113 9 
16115 41 
16140 18 
16214 4956 
16239 66 
16288 618 
16343 77 
16462 600 
16487 124 
16497 59 
16514 57 
16518 135 
16643 101 
16707 30 
16727 101 
16760 13 
16775 66 
17053 875 
17257 132 
17316 35 
17378 229 
17463 105 
17464 98 
17500 23 
17548 178 
17577 5 
17588 174 
17594 47 
17615 12 
17772 52 
17772 52 
17815 855 
17815 855 
18330 30 
18427 226 
18429 191 
18497 8 
18584 40 
18687 121 
19136 63 
19187 96 
19216 115 
19331 38 
19336 90 
19631 72 
19756 20 
19824 1274 
19837 106 
19936 431 
19995 44 
20031 51 
20440 7 
20670 48 
20672 138 
20960 4 
21070 9 
21382 31 
21451 2 
21568 94 
21678 27 
21841 107 
21850 46 
21890 25 
22026 7 
22107 40 
22286 37 
22347 104 
22983 169 
23003 9 
23296 193 
23396 6 
23490 45 
23657 52 
23726 21 
23733 9 
23885 111 
24031 777 
24144 118 
24173 266 
24248 483 
24323 6 
24420 7 
24579 1053 
24694 9 
25185 21 
25260 8 
25668 15 
25923 49 
26031 28 
27178 243 
28180 21 
29119 3 
29313 8 
29477 22 
32071 140 
32516 9 
32565 332 
32757 2 
32931 697 
32944 821 
33023 2053 
33064 403 
33143 2 
33143 2 
33252 106 
33264 89 
33487 69 
33534 20 
33618 59 
33821 801 
33911 115 
34081 24 
34389 18 
34461 36 
35246 6 
35310 10 
35447 174 
35454 2471 
35501 1 
36689 56 
37063 24 
37187 0 
37201 365 
37424 28 
37892 8 
37894 22 
37944 66 
39210 41 
39802 118 
39907 691 
40037 137 
40831 212 
41185 157 
41801 499 
42177 195 
42370 2 
42682 188 
42995 1010 
43246 151 
43259 17 
43304 229 
43450 726 
43817 4 
43969 433 
44279 1285 
44328 2752 
44397 163 
44437 794 
44758 124 
44779 883 
45481 78 
46156 583 
46226 62 
46438 911 
46456 107 
46460 166 
46556 9 
46876 1504 
47133 340 
47202 444 
47289 41 
47346 965 
47359 2653 
47399 865 
47422 90 
47432 749 
47456 235 
47498 170 
47591 394 
47699 1340 
47815 1722 
47821 1096 
48164 939 
48336 47 
48487 20 
48906 37 
49055 404 
49090 240 
49292 45 
49311 825 
49393 1310 
49419 142 
49420 1297 
49441 68 
49494 471 
49540 244 
50074 12 
50206 886 
50607 413 
50756 626 
50761 301 
51586 89 
53860 9 
54063 252 
54354 25 
55029 1066 
55513 64 
56140 83 
56261 340 
57069 104 
58415 4 
59014 1437 
59446 462 
60262 867 
60444 657 
60648 322 
60660 167 
61123 205 
87124 26 
89346 285 
96063 87 
102615 17 
104042 402 
108321 209 
122566 195 
124443 31 
125323 32 
125976 49 
127248 931 
127307 1241 
128218 373 
129679 398 
130075 12 
130192 4876 
130213 113 
130284 377 
130320 56 
130408 370 
130419 80 
130468 216 
130759 2 
132049 270 
136297 10 
138627 351 
140088 23 
140947 370 
146308 58 
184332 0 
190513 677 
191703 356 
192643 224 
206879 245 
209441 42 
214531 101 
215753 267 
224674 32 
227796 1254 
262101 1608 
269302 426 
275010 85 
276733 24 
276969 316 
277141 564 
277531 1383 
278099 1008 
278627 131 
278751 1832 
279599 1333 
279642 564 
280000 3841 
280040 472 
288171 1637 
290003 229 
300132 395 
300938 4 
312335 413 
313626 1853 
313650 19 
313871 122 
313944 50 
315656 6 
460652 137 
466206 239 
537417 44 
