2181 2.08378472222
0 486030 
11 46 
15 277 
18 26 
19 77 
19 93 
19 118 
20 158 
20 161 
21 48 
21 71 
21 301 
22 558 
24 37 
24 670 
24 394 
25 438 
30 272 
32 1051 
32 188 
32 33 
32 927 
33 273 
33 540 
33 156 
34 43 
35 264 
35 597 
36 59 
37 75 
38 156 
38 337 
39 229 
40 575 
40 159 
41 260 
43 108 
44 44 
45 708 
46 20 
49 93 
50 232 
51 348 
51 392 
52 351 
52 193 
54 86 
54 129 
55 138 
56 278 
56 295 
56 122 
57 278 
57 95 
59 246 
60 286 
62 73 
62 268 
62 32 
63 223 
64 102 
64 362 
65 272 
66 228 
66 35 
67 199 
67 267 
69 399 
69 158 
70 353 
71 123 
73 7 
76 511 
77 35 
77 53 
80 31 
81 34 
83 220 
84 193 
85 75 
85 94 
87 253 
87 534 
89 55 
90 185 
92 227 
92 67 
93 287 
95 86 
97 88 
99 65 
99 100 
99 367 
99 134 
103 159 
104 97 
106 167 
107 51 
107 33 
108 581 
108 77 
109 987 
111 109 
112 231 
112 365 
112 77 
113 223 
113 132 
114 29 
114 102 
115 66 
115 122 
115 112 
115 325 
116 1134 
117 34 
117 40 
117 511 
118 94 
119 315 
120 30 
120 261 
122 576 
124 113 
124 47 
124 289 
128 49 
129 41 
129 327 
130 109 
131 167 
133 337 
134 157 
135 190 
136 293 
138 83 
139 81 
139 42 
140 159 
142 106 
142 524 
145 310 
146 52 
146 972 
147 279 
148 597 
153 75 
153 290 
154 61 
154 644 
156 80 
159 187 
160 81 
162 81 
162 539 
163 160 
164 35 
164 151 
165 207 
165 512 
167 339 
168 36 
168 65 
169 395 
169 371 
171 36 
172 81 
173 22 
174 54 
176 86 
176 144 
177 136 
179 242 
179 105 
181 189 
184 110 
184 13 
186 195 
187 113 
189 28 
191 200 
192 98 
193 235 
193 48 
194 140 
198 1112 
200 344 
201 51 
201 120 
202 206 
203 98 
205 69 
205 118 
205 184 
207 111 
208 74 
212 72 
212 50 
213 406 
214 83 
215 110 
219 139 
221 74 
226 105 
229 47 
231 163 
231 143 
231 77 
231 32 
232 112 
234 322 
235 57 
235 84 
235 5 
239 573 
239 878 
240 586 
242 135 
243 255 
246 185 
252 3317 
255 27 
257 196 
265 155 
268 97 
269 80 
270 137 
277 17 
281 112 
281 491 
283 122 
288 107 
289 293 
294 626 
297 48 
298 121 
299 536 
299 192 
300 48 
301 38 
304 206 
306 185 
307 62 
311 146 
312 757 
314 249 
314 184 
317 40 
326 783 
327 22 
327 711 
328 46 
330 174 
331 188 
333 1015 
333 53 
339 1041 
339 91 
343 159 
344 99 
350 46 
352 161 
354 1252 
354 34 
360 268 
361 559 
367 716 
371 82 
378 71 
383 16 
387 96 
388 339 
389 46 
390 704 
390 201 
396 340 
397 73 
399 13 
402 613 
405 818 
408 16 
411 809 
417 151 
419 77 
420 140 
426 134 
427 341 
427 115 
427 308 
432 43 
433 46 
434 150 
434 602 
436 381 
439 63 
440 204 
448 149 
448 145 
449 35 
449 111 
450 53 
450 158 
460 686 
464 100 
475 30 
476 36 
477 59 
481 112 
481 102 
482 87 
484 42 
490 34 
497 505 
501 314 
501 115 
507 100 
508 303 
509 319 
513 104 
516 270 
517 133 
525 56 
531 124 
534 92 
536 372 
539 566 
539 235 
544 138 
544 89 
545 127 
545 56 
546 177 
554 244 
554 186 
557 37 
558 399 
559 211 
562 87 
567 84 
568 723 
570 127 
571 102 
575 125 
578 57 
578 245 
580 58 
581 87 
581 80 
583 649 
586 76 
590 172 
597 13 
603 703 
605 133 
609 75 
611 82 
612 317 
613 117 
621 27 
626 17 
630 100 
633 45 
636 370 
636 9 
637 17 
640 79 
644 745 
647 283 
652 417 
652 57 
652 27 
653 69 
660 240 
667 115 
674 39 
681 99 
696 125 
698 82 
701 100 
702 20 
706 42 
713 199 
718 66 
718 54 
722 73 
733 343 
744 52 
751 15 
766 123 
774 128 
783 34 
784 61 
787 373 
795 105 
797 142 
798 521 
798 50 
804 253 
809 267 
810 151 
811 29 
812 109 
814 166 
815 346 
816 139 
822 100 
833 661 
837 82 
844 46 
847 139 
848 328 
855 74 
866 97 
866 54 
872 133 
879 42 
882 9 
886 182 
890 67 
898 29 
915 170 
924 57 
926 144 
931 212 
944 67 
947 172 
947 248 
952 240 
953 329 
958 45 
959 108 
972 214 
984 54 
994 149 
995 96 
996 15 
1008 291 
1013 124 
1018 123 
1022 80 
1029 64 
1034 228 
1041 298 
1045 99 
1048 148 
1051 10 
1066 65 
1072 162 
1085 66 
1098 194 
1113 38 
1129 56 
1141 24 
1148 199 
1168 74 
1176 223 
1177 22 
1179 793 
1180 28 
1191 45 
1198 147 
1202 119 
1203 118 
1221 15 
1227 55 
1235 335 
1243 22 
1250 80 
1251 8 
1251 138 
1254 67 
1262 176 
1272 265 
1272 35 
1280 64 
1282 80 
1290 89 
1299 374 
1303 18 
1305 92 
1307 35 
1310 48 
1314 152 
1322 69 
1327 77 
1329 50 
1334 219 
1336 26 
1338 69 
1347 12 
1354 16 
1355 21 
1359 31 
1363 86 
1374 111 
1380 10 
1384 168 
1390 125 
1402 84 
1415 61 
1421 683 
1423 14 
1434 248 
1436 22 
1439 59 
1443 17 
1452 199 
1456 8 
1465 10 
1471 19 
1482 46 
1491 33 
1495 170 
1500 27 
1510 79 
1517 37 
1525 21 
1542 43 
1551 72 
1560 106 
1561 70 
1562 48 
1574 16 
1575 56 
1598 21 
1602 154 
1608 103 
1611 16 
1615 28 
1616 103 
1617 7 
1618 25 
1618 33 
1653 98 
1675 84 
1689 46 
1691 22 
1712 187 
1724 63 
1724 5 
1729 121 
1730 184 
1737 117 
1757 62 
1779 201 
1781 158 
1800 135 
1801 74 
1802 35 
1826 41 
1828 236 
1828 7 
1834 29 
1835 70 
1835 21 
1843 50 
1848 372 
1851 26 
1859 164 
1870 1069 
1871 30 
1873 527 
1881 216 
1901 74 
1908 50 
1940 194 
1944 89 
1963 28 
1966 32 
1969 57 
1972 228 
1979 68 
2006 50 
2006 14 
2017 158 
2022 2 
2027 60 
2055 48 
2066 165 
2086 42 
2115 581 
2155 383 
2162 30 
2172 188 
2177 551 
2188 600 
2192 32 
2197 73 
2219 187 
2220 132 
2226 128 
2227 18 
2247 394 
2248 201 
2280 89 
2283 213 
2292 92 
2295 145 
2306 84 
2313 64 
2332 90 
2332 90 
2333 62 
2352 57 
2364 233 
2382 718 
2415 17 
2454 121 
2492 169 
2505 227 
2507 8 
2509 124 
2513 38 
2521 87 
2525 24 
2533 116 
2551 26 
2554 76 
2564 11 
2568 48 
2642 32 
2680 30 
2702 62 
2739 75 
2762 28 
2781 70 
2832 31 
2834 109 
2849 79 
2879 40 
2894 73 
2922 441 
2937 171 
2938 523 
2951 54 
2958 188 
2960 25 
2963 18 
2971 13 
2991 1145 
3031 12 
3034 121 
3088 18 
3096 29 
3105 16 
3109 74 
3165 72 
3171 73 
3176 62 
3184 56 
3196 119 
3197 711 
3211 5 
3214 10 
3219 29 
3230 109 
3243 57 
3259 13 
3260 31 
3280 79 
3286 7 
3326 42 
3330 376 
3349 226 
3367 82 
3383 15 
3394 213 
3417 203 
3448 157 
3448 240 
3461 96 
3467 178 
3494 16 
3505 225 
3506 46 
3507 153 
3508 156 
3510 273 
3519 278 
3531 96 
3535 72 
3544 28 
3614 65 
3615 125 
3669 98 
3674 48 
3693 452 
3699 131 
3760 345 
3784 53 
3801 374 
3816 24 
3834 8 
3861 46 
3891 170 
3910 95 
3968 32 
3974 1523 
3974 482 
3985 20 
4030 116 
4077 39 
4083 73 
4112 1371 
4124 187 
4151 170 
4218 27 
4232 213 
4348 101 
4373 31 
4459 37 
4521 17 
4575 203 
4638 26 
4641 33 
4682 58 
4694 91 
4717 18 
4747 58 
4790 45 
4816 411 
4869 583 
4899 25 
4914 57 
4933 77 
4940 28 
5041 82 
5066 47 
5067 20 
5093 53 
5183 178 
5246 40 
5248 76 
5272 27 
5295 91 
5310 254 
5345 266 
5395 224 
5406 20 
5409 210 
5451 998 
5527 367 
5544 176 
5551 11 
5630 44 
5635 17 
5638 800 
5645 222 
5836 200 
5910 65 
5923 91 
5963 22 
5987 88 
6012 42 
6016 200 
6179 117 
6181 56 
6223 125 
6250 502 
6273 63 
6292 260 
6331 184 
6355 76 
6386 68 
6405 49 
6405 17 
6460 140 
6500 148 
6500 11 
6513 58 
6598 36 
6600 13 
6617 189 
6782 28 
6837 32 
6847 456 
6857 82 
6866 20 
6949 44 
6983 54 
7091 27 
7166 103 
7166 60 
7204 34 
7234 29 
7251 30 
7279 70 
7321 131 
7358 71 
7362 10 
7413 19 
7415 40 
7433 11 
7535 39 
7558 89 
7571 67 
7840 39 
7953 58 
8040 87 
8045 83 
8050 214 
8099 85 
8131 122 
8304 28 
8399 47 
8446 17 
8460 15 
8507 111 
8547 26 
8600 39 
8620 29 
8635 55 
8753 60 
8806 113 
8848 29 
8892 88 
8925 64 
9066 44 
9122 51 
9152 76 
9199 69 
9314 7 
9386 98 
9441 26 
9472 31 
9489 109 
9662 96 
9751 177 
9811 214 
9872 27 
9918 86 
9928 39 
10267 67 
10325 31 
10370 44 
10474 52 
10588 86 
10646 47 
10691 27 
10700 7 
10713 321 
10775 36 
10863 993 
11070 8 
11116 111 
11124 103 
11163 254 
11340 16 
11393 74 
11492 297 
11598 65 
11768 9 
11800 59 
11884 324 
11902 1018 
12076 266 
12431 55 
12453 11 
12473 122 
12507 17 
12571 154 
12598 46 
12656 296 
12953 22 
13049 1887 
13049 1887 
13477 132 
13612 368 
13634 9 
13778 143 
14574 232 
14817 105 
14904 43 
14911 72 
14912 212 
14920 2143 
14922 152 
14925 152 
14928 667 
14928 58 
14929 37 
14932 237 
14936 146 
14937 521 
14941 658 
14941 66 
14943 25 
14946 75 
14953 56 
14961 647 
14961 89 
14962 69 
14966 691 
14969 283 
14973 77 
14974 291 
14979 101 
14979 37 
14985 43 
14986 298 
14993 220 
15003 28 
15014 164 
15022 168 
15025 108 
15028 75 
15029 881 
15030 164 
15032 113 
15033 12 
15036 42 
15042 75 
15045 830 
15046 99 
15050 231 
15053 169 
15077 129 
15082 186 
15098 190 
15102 194 
15103 51 
15103 131 
15109 52 
15114 96 
15115 107 
15124 112 
15126 41 
15132 699 
15154 166 
15158 6 
15175 8 
15181 405 
15185 292 
15186 138 
15190 175 
15204 176 
15204 154 
15209 272 
15244 181 
15247 123 
15254 67 
15267 712 
15287 48 
15311 341 
15321 26 
15328 219 
15359 56 
15372 114 
15373 41 
15374 147 
15412 57 
15452 915 
15464 319 
15465 140 
15478 36 
15482 57 
15484 29 
15501 104 
15523 168 
15529 216 
15530 29 
15534 188 
15550 540 
15560 132 
15567 191 
15571 134 
15576 67 
15579 123 
15620 41 
15644 68 
15653 227 
15681 235 
15702 115 
15708 134 
15766 255 
15767 91 
15795 20 
15796 44 
15809 70 
15875 188 
15896 158 
15908 151 
15918 117 
15922 31 
15924 33 
15928 154 
15932 34 
15975 99 
16045 103 
16052 77 
16068 419 
16114 715 
16148 97 
16156 105 
16157 24 
16230 178 
16237 51 
16268 118 
16278 41 
16282 375 
16284 54 
16286 15 
16335 81 
16347 115 
16375 119 
16426 148 
16436 69 
16436 102 
16437 236 
16466 140 
16469 70 
16492 92 
16532 56 
16540 55 
16565 101 
16576 16 
16640 210 
16688 97 
16726 275 
16757 107 
16891 130 
16918 55 
17043 1233 
17048 73 
17055 128 
17081 29 
17114 311 
17118 288 
17166 434 
17211 73 
17211 43 
17353 108 
17371 143 
17387 387 
17390 150 
17405 168 
17562 81 
17599 111 
17606 56 
17654 1077 
17703 66 
17892 32 
17911 90 
17944 147 
17984 247 
18076 125 
18078 22 
18211 210 
18241 161 
18315 3 
18347 221 
18355 22 
18375 14 
18394 12 
18411 73 
18433 46 
18561 17 
18669 25 
18733 137 
18754 72 
18864 17 
18875 59 
19099 110 
19101 10 
19264 396 
19308 388 
19403 71 
19423 195 
19452 46 
19648 8 
19680 116 
19831 71 
19910 46 
19979 37 
20035 45 
20152 3 
20203 237 
20229 63 
20630 157 
20681 13 
20851 6 
20860 21 
21064 87 
21070 79 
21131 16 
21184 32 
21372 21 
21439 44 
21459 94 
21575 320 
21670 105 
21714 16 
21776 107 
22132 12 
22211 21 
22302 231 
22311 125 
22511 44 
22527 62 
22532 118 
22619 263 
22735 218 
22755 221 
23155 118 
23303 54 
23360 53 
23393 159 
23474 41 
23540 13 
23785 431 
24016 9 
24017 68 
24319 2160 
24447 73 
24567 227 
24659 361 
24727 33 
24727 33 
24799 119 
24920 54 
24988 79 
25095 126 
25114 169 
25362 35 
26045 405 
26669 41 
26954 51 
27049 23 
28433 9 
28550 152 
29211 48 
29440 28 
29461 23 
29978 5 
30217 34 
30564 12 
31179 12 
31978 248 
32789 121 
32821 36 
33123 219 
33818 66 
34404 44 
34594 19 
34628 41 
35876 24 
36890 55 
37114 203 
38362 5 
38512 119 
38638 58 
39358 45 
39736 84 
40221 80 
40247 37 
40302 214 
40679 46 
40717 89 
40991 12 
41042 99 
41577 228 
41686 208 
41868 69 
42499 154 
42644 118 
43168 51 
43338 351 
43619 99 
43721 79 
43753 41 
43819 28 
44098 191 
44367 38 
44424 150 
44442 31 
44701 20 
44918 16 
44954 78 
45070 78 
45386 323 
45472 380 
45533 87 
45608 523 
45632 727 
45642 2857 
45670 204 
45690 255 
45692 161 
45713 171 
45722 71 
45776 142 
45782 237 
45795 29 
45802 296 
45983 190 
46041 85 
46216 116 
46220 189 
46324 26 
46387 409 
46455 60 
46615 78 
47045 115 
47063 64 
47179 585 
47225 161 
47314 216 
47368 10405 
47584 38 
47604 63 
47792 181 
48235 42 
48250 6807 
48385 168 
48475 84 
48537 117 
48566 65 
48650 0 
48795 379 
48926 151 
48955 258 
49085 143 
49152 168 
49478 296 
49683 163 
49868 87 
50073 11 
50504 73 
50727 9 
50928 76 
51038 15 
51132 383 
51157 3 
51328 152 
51609 39 
51623 84 
51751 208 
51818 7 
51901 216 
52825 207 
53096 104 
53687 62 
53716 96 
54536 101 
54934 126 
55018 48 
55502 1557 
55543 452 
55553 16 
55615 2790 
56179 0 
56227 89 
56229 19 
56266 1701 
56564 58 
56679 13 
56748 127 
56875 352 
57068 309 
57145 90 
57526 427 
57553 639 
57910 86 
58128 16 
59504 116 
60208 30 
61184 16 
61245 35 
61436 194 
61828 52 
61918 144 
62777 145 
64076 38 
64355 86 
65110 141 
66108 8 
66274 349273 
66294 139 
66295 584 
66300 215 
66302 165 
66306 237 
66306 61 
66307 181 
66309 41 
66311 336 
66321 247 
66325 883 
66325 35 
66332 51 
66332 49 
66338 600 
66347 227 
66352 54 
66352 46 
66355 334 
66356 898 
66357 306 
66358 1301 
66358 227 
66359 167 
66359 630 
66360 169 
66363 236 
66372 54 
66372 272 
66375 124 
66376 297 
66381 190 
66381 201 
66381 81 
66385 3 
66385 391 
66386 215 
66387 115 
66399 136 
66404 212 
66404 1150 
66405 114 
66405 295 
66412 311 
66413 313 
66413 87 
66423 117 
66424 613 
66425 152 
66436 60 
66439 193 
66440 106 
66447 60 
66448 273 
66454 262 
66460 62 
66463 103 
66464 321 
66467 185 
66467 25 
66470 1401 
66471 238 
66477 160 
66485 175 
66486 781 
66487 166 
66495 136 
66495 324 
66499 46 
66502 88 
66508 224 
66509 227 
66511 44 
66520 245 
66522 258 
66526 108 
66531 30 
66546 26 
66549 18 
66552 50 
66554 185 
66560 171 
66563 669 
66574 145 
66577 65 
66582 235 
66593 368 
66639 780 
66642 625 
66660 204 
66663 260 
66671 691 
66685 59 
66694 60 
66705 32 
66705 82 
66715 506 
66735 70 
66766 141 
66773 130 
66789 71 
66802 583 
66820 51 
66824 53 
66827 128 
66859 94 
66866 84 
66870 14 
66876 106 
66886 334 
66893 76 
66895 93 
66932 38 
66934 43 
66946 70 
66947 31 
66948 245 
66960 195 
66962 230 
66963 164 
66970 25 
66991 20 
67002 277 
67019 89 
67025 68 
67048 94 
67057 324 
67068 72 
67069 266 
67075 11 
67078 253 
67083 420 
67107 92 
67109 133 
67116 480 
67141 89 
67153 165 
67154 60 
67157 74 
67179 186 
67183 67 
67212 330 
67214 322 
67254 169 
67268 55 
67290 37 
67326 49 
67328 1141 
67346 265 
67354 463 
67381 357 
67426 33 
67448 164 
67449 75 
67454 10 
67461 252 
67466 108 
67579 122 
67653 281 
67710 127 
67727 13 
67753 38 
67763 124 
67901 10 
67974 90 
67984 208 
68020 125 
68024 144 
68085 539 
68189 63 
68327 201 
68355 161 
68415 327 
68422 11 
68467 158 
68489 117 
68539 157 
68772 186 
69237 204 
69263 57 
69433 305 
69482 95 
69726 301322 
69738 206 
69748 153 
69751 745 
69751 1820 
69752 312 
69755 938 
69756 552 
69757 209 
69758 319 
69762 168 
69766 660 
69767 229 
69775 125 
69778 70 
69779 16 
69785 15 
69786 784 
69788 134 
69792 133 
69792 63 
69792 227 
69798 2366 
69798 202 
69807 121 
69807 128 
69811 36 
69812 135 
69814 194 
69819 218 
69822 441 
69824 462 
69832 699 
69834 401 
69834 177 
69844 451 
69846 1161 
69849 108 
69854 328 
69857 537 
69859 648 
69859 231 
69866 46 
69879 28 
69881 93 
69888 176 
69891 463 
69892 36 
69903 195 
69903 131 
69907 14 
69907 225 
69908 125 
69916 11 
69919 48 
69919 1675 
69926 276 
69930 137 
69939 12 
69940 766 
69951 555 
69956 129 
69968 870 
69982 45 
69993 71 
69995 39 
69999 65 
70003 88 
70008 110 
70009 68 
70013 48 
70021 47 
70024 817 
70034 55 
70060 127 
70061 49 
70077 122 
70082 62 
70114 1453 
70128 456 
70137 128 
70137 3 
70143 110 
70150 47 
70171 9 
70182 453 
70184 302 
70206 294 
70207 57 
70209 101 
70209 267 
70223 72 
70224 277 
70229 27 
70250 171 
70254 265 
70304 224 
70305 340 
70370 256 
70398 44 
70410 257 
70431 77 
70434 440 
70447 136 
70448 39 
70451 420 
70457 100 
70469 36 
70482 53 
70501 166 
70510 44 
70546 38 
70704 372 
70740 203 
70852 354 
70852 157 
70856 495 
70960 179 
71011 186 
71114 115 
71163 63 
71470 339 
71507 244 
71585 373 
71690 547 
71795 32 
72021 1417 
72080 877 
72101 50 
72141 1399 
72153 417 
72619 105 
72823 424 
72893 54 
72961 26 
73068 274 
73119 70 
73177 897 
73320 329 
73676 71 
73901 137 
74037 161 
74083 122 
74416 50 
74430 93 
74738 21 
75058 39 
75271 221 
75328 246 
75525 126 
75576 391 
75642 135 
76199 3 
76215 270 
76381 296 
76988 6 
77073 7 
77303 104 
77458 51 
77458 51 
77801 72 
78382 79 
78401 497 
78627 456 
78862 263 
78939 10 
79517 63 
80512 117 
80767 674 
83103 528 
83276 100 
83373 149 
83617 248004 
83638 480 
83639 864 
83640 1072 
83645 111 
83647 102 
83647 1171 
83648 437 
83654 266 
83659 299 
83661 293 
83664 63 
83664 78 
83664 82 
83672 96 
83673 333 
83676 424 
83678 2195 
83691 135 
83695 674 
83696 62 
83705 564 
83705 75 
83711 96 
83716 134 
83717 103 
83718 78 
83720 1178 
83732 517 
83736 111 
83739 76 
83741 131 
83742 23 
83751 754 
83751 129 
83753 27 
83753 29 
83774 468 
83803 609 
83813 216 
83827 192 
83827 48 
83838 341 
83843 293 
83844 77 
83847 191 
83857 142 
83866 1739 
83873 318 
83874 842 
83881 197 
83893 124 
83914 76 
83921 229 
83931 82 
83934 76 
83938 87 
83943 376 
83947 75 
83956 181 
83969 274 
83970 15 
83976 62 
83981 76 
83981 153 
83994 304 
84011 462 
84028 57 
84029 255 
84038 77 
84040 60 
84062 9 
84069 122 
84096 88 
84107 420 
84113 54 
84120 191 
84135 146 
84180 28 
84180 1065 
84190 162 
84190 282 
84190 142 
84203 53 
84216 27 
84266 174 
84282 51 
84288 40 
84293 794 
84299 72 
84311 321 
84338 340 
84353 82 
84395 154 
84398 73 
84398 228 
84420 74 
84427 44 
84444 19 
84450 219 
84477 96 
84490 69 
84503 214 
84509 104 
84531 208 
84567 160 
84598 68 
84599 258 
84643 78 
84656 57 
84660 61 
84685 4 
84754 71 
84755 196 
84795 22 
84799 109 
84883 19 
84943 622 
84951 159 
84983 120 
84986 73 
84989 26 
85015 91 
85022 151 
85024 68 
85029 41 
85053 112 
85068 2497 
85130 1626 
85130 143 
85158 674 
85165 67 
85168 469 
85183 704 
85194 1269 
85268 20 
85278 54 
85334 181 
85335 159 
85373 879 
85383 2 
85462 315 
85471 64 
85518 520 
85574 65 
85600 705 
85740 124 
85742 138 
85760 128 
85765 28 
85863 82 
86088 172 
86316 86 
86334 121 
86623 182 
87054 87 
87098 99 
87719 70 
87737 36 
88114 27 
88130 80 
88421 336 
88570 73 
88721 180 
88842 187 
89161 31 
89756 197 
91318 57 
91360 9 
91613 80 
91981 33 
92027 51 
92191 36 
92485 27 
93078 8 
93655 8 
94414 170 
94877 92 
96397 15 
98375 1183 
99081 28 
99869 196 
99942 307 
100355 84 
100390 178 
103077 26 
104031 1663 
105003 150 
105049 232 
106158 12 
106432 29 
107160 904 
107202 44 
107204 113 
107371 335 
107601 217 
107964 320 
109246 685 
111924 295 
113085 106 
116961 94 
122356 124 
128001 639 
128677 73 
130515 1314 
133570 872 
133606 26 
135424 99 
135728 262 
136623 361 
136635 416 
136673 447 
137005 98 
137668 221 
137863 252 
140125 95 
140241 363 
140281 322 
140315 58 
141341 54 
141671 44 
143653 22 
143772 70 
149229 184 
151652 20 
153579 43 
153731 36 
159609 23 
163275 130 
163602 194 
163790 48 
164944 37 
165015 14 
165326 390 
165602 18 
166635 111 
167525 185 
168027 232 
170209 88 
172608 468 
172969 136 
174685 142 
174952 1174 
179785 170 
181343 51 
195068 1156 
197650 1053 
212888 178 
214246 133 
225035 374766 
225050 37 
225054 948 
225061 196 
225061 182 
225061 212 
225064 268 
225065 136 
225066 56 
225069 130 
225072 366 
225075 269 
225076 254 
225084 80 
225084 194 
225086 174 
225089 111 
225090 127 
225093 82 
225096 177 
225104 317 
225104 126 
225108 326 
225117 107 
225118 90 
225118 54 
225119 490 
225120 194 
225120 54 
225122 55 
225123 90 
225128 7 
225129 51 
225131 131 
225131 240 
225132 135 
225133 83 
225133 58 
225138 87 
225144 162 
225149 86 
225149 39 
225151 78 
225155 209 
225156 196 
225160 80 
225160 215 
225161 175 
225164 95 
225164 197 
225167 324 
225170 164 
225173 238 
225176 198 
225178 314 
225186 412 
225192 624 
225193 74 
225203 506 
225206 318 
225209 85 
225210 193 
225211 7 
225217 459 
225218 123 
225218 52 
225219 49 
225222 68 
225222 31 
225230 218 
225238 299 
225242 132 
225243 217 
225244 75 
225246 178 
225249 207 
225254 445 
225255 90 
225256 123 
225276 741 
225280 68 
225293 816 
225304 32 
225308 376 
225309 142 
225311 432 
225314 199 
225330 212 
225336 227 
225341 312 
225347 92 
225349 478 
225356 51 
225361 59 
225380 681 
225385 129 
225389 374 
225389 36 
225393 45 
225393 126 
225394 57 
225394 111 
225420 129 
225421 298 
225422 64 
225424 172 
225437 712 
225438 86 
225459 737 
225460 153 
225461 73 
225477 502 
225490 46 
225499 210 
225503 404 
225507 70 
225507 725 
225515 86 
225523 1208 
225530 251 
225542 517 
225553 524 
225558 1066 
225562 393 
225565 344 
225578 63 
225579 29 
225588 78 
225600 340 
225615 352 
225618 58 
225636 171 
225639 138 
225650 55 
225658 517 
225672 324 
225686 254 
225695 69 
225709 366 
225714 96 
225717 109 
225726 193 
225756 312 
225784 141 
225789 515 
225790 2588 
225794 176 
225803 1203 
225810 42 
225826 327 
225830 1412 
225834 66 
225839 132 
225854 50 
225883 357 
225898 25 
225902 60 
225912 10727 
225917 272 
225926 458 
225938 73 
225978 159 
225979 60 
225992 206 
226036 18 
226044 35 
226055 36 
226073 47 
226091 16 
226092 81 
226113 182 
226128 74 
226173 47 
226245 159 
226275 73 
226280 503 
226296 368 
226337 672 
226379 424 
226479 38 
226516 92 
226517 270 
226565 69 
226567 40 
226570 96 
226579 68 
226583 231 
226612 72 
226621 121 
226712 163 
226757 86 
226839 83 
226889 66 
226895 53 
226911 142 
226926 94 
226926 151 
226937 118 
226965 21 
227042 30 
227055 20 
227061 237 
227111 80 
227267 217 
227334 48 
227337 135 
227508 94 
227668 120 
227711 195 
227945 79 
227989 55 
228328 77 
228621 14 
228634 181 
228772 90 
228904 199 
228912 115 
229482 61 
232072 135 
232155 47 
232339 649 
232580 54 
233839 42 
234277 37 
234609 123 
234676 49 
236924 46 
237500 83 
238257 61 
239092 610 
239092 610 
239317 68 
239338 66 
240245 317 
241598 190 
241655 76 
243742 205 
243783 53 
244001 1144 
244737 88 
245210 26 
246817 43 
247003 185 
247939 88 
248479 511 
248556 2539 
248578 3217 
248598 1527 
249010 391 
259185 18 
259468 23 
260891 231 
262066 206 
262261 52 
262356 154 
263276 63 
264345 15 
264974 77 
267895 80 
268843 465 
269887 160 
269887 160 
275581 63 
276622 85 
280353 218 
281486 3203 
283967 144 
292586 147 
300147 1235 
300168 1431 
301196 151 
309297 82 
309330 170 
312718 70 
314216 21 
324210 53 
331818 203 
331852 241 
337954 123 
346134 75 
348755 306 
362026 32 
392396 136 
396746 59 
409930 421 
409977 138 
410048 243 
410115 146 
411254 196 
419326 64 
431523 304 
431582 484 
437212 326 
437753 157 
445851 17 
448402 51 
480674 65 
507475 181 
513166 4562 
525265 39 
565063 57 
565428 80 
