3635 1.69597222222
0 500477 
7 210 
9 238 
10 535 
12 1668 
13 827 
14 4944 
14 663 
14 125 
14 204 
15 196 
15 1875 
16 758 
17 1560 
18 385 
18 1129 
19 76 
19 302 
20 338 
20 66 
20 286 
20 1844 
20 1921 
21 118 
21 707 
21 224 
21 1004 
22 897 
22 210 
23 263 
24 235 
24 303 
24 546 
24 772 
25 452 
25 158 
26 157 
27 801 
27 162 
27 256 
28 137 
28 102 
28 118 
28 116 
28 1059 
28 863 
28 141 
28 1046 
28 2846 
29 2715 
29 861 
29 1551 
30 848 
30 1185 
31 184 
31 582 
31 2079 
31 1132 
31 1185 
31 20 
31 926 
32 353 
32 195 
33 557 
33 928 
33 880 
34 1726 
34 9 
34 584 
34 228 
35 155 
35 1657 
35 836 
35 131 
35 20 
35 2837 
35 169 
35 378 
35 28 
36 933 
36 184 
36 72 
36 209 
36 537 
37 931 
37 1267 
37 497 
37 539 
38 1116 
38 491 
38 2042 
39 81 
39 276 
39 983 
39 2220 
40 992 
40 1709 
40 65 
42 797 
42 75 
43 127 
43 202 
43 311 
43 1053 
43 385 
44 893 
44 236 
44 275 
44 107 
44 465 
44 387 
44 919 
44 1484 
45 406 
45 348 
45 488 
46 685 
46 973 
46 55 
46 279 
46 304 
46 112 
46 186 
47 5 
47 89 
47 626 
47 1167 
48 180 
48 631 
48 1307 
49 461 
50 633 
51 138 
51 308 
52 1088 
52 204 
52 148 
53 668 
53 1443 
53 75 
54 648 
54 302 
54 87 
55 558 
55 43 
55 926 
55 452 
56 1384 
56 750 
56 892 
57 974 
58 68 
58 2331 
59 97 
59 250 
60 158 
60 949 
60 540 
60 427 
60 81 
60 893 
60 1501 
60 909 
61 68 
61 1472 
62 9 
62 2698 
62 120 
63 142 
63 279 
63 237 
63 319 
64 454 
64 361 
64 111 
65 76 
65 34 
65 342 
65 2547 
66 173 
66 322 
66 701 
67 220 
68 263 
68 575 
68 1691 
69 82 
69 845 
69 524 
70 13547 
70 347 
70 376 
70 825 
71 729 
71 683 
71 118 
71 807 
72 405 
72 427 
72 712 
72 349 
72 1929 
73 249 
73 170 
74 94 
74 237 
74 6116 
75 73 
75 1672 
75 1501 
76 199 
76 281 
76 209 
77 123 
77 1015 
78 200 
78 790 
79 510 
80 1211 
80 619 
81 432 
81 1797 
81 650 
81 72 
83 482 
83 180 
84 2567 
84 8422 
84 489 
85 1312 
85 2817 
85 231 
86 566 
86 79 
86 184 
87 162 
87 2652 
87 209 
88 944 
89 154 
89 1546 
90 635 
90 63 
90 155 
90 326 
91 945 
91 1412 
91 41 
92 710 
92 713 
93 646 
93 116 
93 2567 
93 609 
94 99 
95 176 
95 3660 
95 1588 
96 1949 
96 513 
97 3650 
97 249 
98 25 
98 1304 
98 1975 
98 879 
99 66 
99 828 
99 2263 
100 1029 
100 272 
100 976 
101 202 
102 560 
102 1118 
103 2575 
103 452 
103 357 
103 1497 
104 239 
104 275 
104 30 
104 153 
105 25 
105 627 
106 450 
108 78 
108 137 
109 170 
109 402 
109 342 
111 391 
112 1473 
112 393 
113 580 
113 2660 
113 244 
114 1003 
114 988 
115 112 
115 352 
115 1468 
115 489 
115 911 
116 946 
117 349 
117 42 
118 127 
118 155 
118 62 
118 765 
118 688 
119 64 
119 365 
119 1749 
119 1435 
120 312 
120 412 
120 160 
121 153 
121 381 
121 653 
122 352 
123 857 
124 1043 
124 343 
124 867 
124 1483 
124 149 
125 185 
125 1400 
125 193 
126 1349 
126 418 
126 504 
126 424 
126 1082 
127 95 
127 28 
127 100 
127 914 
128 395 
128 164 
128 192 
129 517 
129 1383 
129 3400 
130 1358 
130 1247 
130 344 
131 324 
131 116 
133 466 
134 266 
134 1901 
134 109 
134 518 
135 303 
135 5790 
136 2597 
136 441 
136 101 
137 33 
137 256 
137 209 
138 2854 
138 122 
139 1473 
140 100 
141 1393 
141 361 
142 1555 
143 544 
144 870 
144 691 
145 592 
145 309 
146 511 
147 2299 
147 512 
147 337 
148 1257 
148 221 
149 163 
150 380 
150 158 
151 10572 
152 1222 
152 324 
152 313 
154 116 
156 776 
156 24 
156 245 
156 3184 
158 46 
158 253 
158 41 
158 615 
160 206 
162 96 
162 2414 
163 1227 
163 732 
165 844 
166 744 
166 3169 
167 167 
169 166 
169 212 
169 1056 
169 429 
170 1193 
171 4201 
172 1981 
172 145 
172 328 
173 1458 
173 215 
173 222 
174 23319 
174 530 
174 1058 
175 636 
176 3720 
176 461 
177 1009 
178 1384 
179 939 
179 364 
180 764 
181 1154 
181 254 
182 1314 
183 1061 
183 648 
183 319 
184 1052 
187 393 
187 332 
187 428 
188 3568 
188 284 
191 125 
194 122 
195 582 
195 164 
196 2250 
199 764 
201 29 
202 148 
203 1013 
203 445 
204 3498 
204 354 
204 69 
205 464 
208 189 
208 866 
208 811 
213 1801 
215 749 
215 354 
215 3541 
215 266 
215 1183 
216 432 
217 1049 
217 93 
218 1724 
218 2124 
218 96 
219 162 
219 1291 
219 709 
220 21 
220 354 
222 978 
222 75 
223 2797 
225 182 
227 309 
228 189 
228 410 
228 1436 
230 819 
231 424 
231 333 
231 84 
233 3842 
234 641 
234 829 
237 135 
237 149 
238 1785 
238 68 
240 30 
242 139 
243 722 
244 357 
245 2754 
246 39 
247 2 
248 796 
248 1103 
250 125 
251 717 
252 235 
252 160 
252 542 
253 1152 
253 2009 
253 2642 
255 483 
257 536 
257 677 
257 61 
258 58 
261 569 
262 3805 
264 605 
264 349 
264 191 
265 1377 
267 71 
267 3130 
268 837 
269 237 
270 2874 
270 1765 
270 89 
271 148 
272 84 
273 7411 
273 196 
274 166 
274 334 
275 890 
276 688 
277 1043 
279 352 
279 166 
280 350 
281 105 
281 38 
285 63 
290 361 
291 512 
294 533 
294 1226 
295 75 
295 8215 
295 212 
295 78 
296 368 
297 509 
298 1207 
298 1260 
300 1535 
300 817 
302 1569 
302 287 
303 409 
303 696 
305 493 
305 73 
305 605 
305 745 
306 65 
309 376 
309 1265 
310 72 
316 1221 
316 465 
316 86 
316 256 
317 261 
317 21 
317 960 
322 476 
323 221 
324 127 
325 152 
326 7253 
326 376 
326 2608 
328 263 
329 271 
329 698 
331 840 
333 243 
333 1542 
337 1094 
337 17 
338 823 
338 319 
338 155 
338 4542 
340 1472 
340 41 
341 380 
342 128 
342 461 
347 1008 
348 1230 
349 1856 
349 507 
350 107 
350 14975 
354 62 
357 3124 
358 196 
359 2347 
361 755 
361 102 
362 138 
362 369 
363 3000 
364 100 
364 3805 
365 4631 
365 879 
366 167 
368 66 
370 1076 
371 1961 
371 2683 
373 1573 
377 364 
378 609 
380 60 
380 1086 
383 1549 
384 109 
385 479 
385 1615 
387 221 
389 3883 
391 3598 
396 890 
396 354 
398 971 
401 1149 
401 130 
403 3539 
406 3839 
410 941 
412 49640 
412 1137 
412 526 
412 1138 
413 7613 
414 532 
416 2537 
416 403 
423 1063 
423 1877 
429 1656 
434 473 
435 158 
437 77 
437 1486 
438 274 
438 693 
440 28 
440 6173 
446 152 
446 445 
449 343 
452 3845 
453 2339 
455 426 
457 477 
460 65 
460 12 
461 75 
464 25 
466 35 
468 225 
469 276 
470 561 
472 1085 
472 2291 
475 1757 
476 180 
477 47 
478 3237 
478 131 
480 208 
480 128 
484 1499 
487 10798 
487 2014 
488 262 
488 3071 
489 375 
490 401 
491 1268 
493 178 
496 128 
498 177 
500 225 
500 103 
501 1533 
501 4528 
503 221 
504 451 
507 882 
509 111 
511 176 
512 19 
516 99 
518 878 
519 2169 
519 237 
520 585 
520 1835 
521 113 
521 93 
521 1621 
523 1149 
524 2694 
525 10056 
527 449 
530 3634 
532 1296 
534 94 
535 187 
537 371 
538 1007 
540 1732 
541 264 
542 140 
543 72 
544 1357 
545 3695 
547 6045 
548 194 
553 213 
554 569 
557 946 
560 198 
562 183 
563 944 
565 50 
566 4074 
567 222 
571 2938 
572 442 
572 1263 
573 449 
577 618 
577 460 
580 236 
582 180 
582 1369 
584 2153 
588 1265 
588 347 
588 681 
590 2156 
590 161 
592 20 
597 1204 
598 147 
600 700 
602 51 
603 199 
610 85 
613 3735 
613 189 
624 53 
628 88 
629 717 
631 839 
637 1251 
637 2974 
644 361 
647 250 
647 107 
651 1311 
654 239 
654 449 
655 2483 
656 323 
657 34 
658 581 
662 44 
663 265 
664 1147 
665 5012 
672 248 
675 321 
676 32 
679 56 
682 1554 
683 56 
683 567 
686 461 
688 1415 
689 307 
693 921 
694 192 
705 389 
708 1623 
709 1790 
710 1071 
711 256 
712 184 
713 526 
714 343 
721 1020 
721 3137 
723 1915 
727 617 
727 324 
728 1532 
732 580 
736 547 
743 894 
744 243 
750 1059 
750 687 
753 132 
755 108 
755 3867 
758 130 
758 590 
764 254 
768 1669 
768 489 
769 306 
769 905 
772 2258 
776 641 
778 210 
781 295 
783 282 
786 330 
788 168 
792 211 
793 605 
795 8 
796 348 
797 93 
799 2506 
799 1045 
802 576 
804 541 
807 4669 
808 205 
809 582 
811 873 
814 369 
815 236 
817 2 
819 116 
821 5814 
823 1394 
829 275 
831 630 
832 913 
833 647 
834 5477 
835 573 
838 1390 
838 1623 
840 184 
842 388 
844 2758 
849 2176 
849 348 
851 2010 
851 615 
854 125 
854 1319 
855 205 
858 490 
861 577 
863 610 
866 76 
867 2566 
868 1726 
868 781 
869 2883 
871 476 
875 332 
877 488 
878 516 
878 1052 
878 32 
880 65 
881 1219 
886 1661 
886 9 
888 78 
890 3576 
890 8 
891 660 
891 580 
892 188 
892 1661 
893 361 
896 531 
897 240 
897 763 
897 904 
899 13453 
900 2981 
901 361 
902 206 
904 338 
907 283 
913 95 
913 518 
918 556 
920 284 
921 2739 
923 1361 
923 2255 
927 3388 
928 611 
929 433 
930 678 
930 528 
932 2416 
933 12353 
934 2390 
935 138 
937 430 
937 531 
940 603 
944 408 
946 525 
946 36 
950 543 
952 1133 
954 482 
960 1119 
961 492 
962 1258 
963 1573 
964 1385 
967 410 
970 431 
973 1485 
974 180 
974 786 
979 0 
982 516 
986 216 
989 227 
994 1721 
995 855 
996 492 
999 135 
1000 1027 
1000 7727 
1005 92 
1012 450 
1016 139 
1017 918 
1019 3818 
1023 726 
1025 824 
1029 148 
1029 1172 
1033 1575 
1035 1278 
1036 1600 
1038 91 
1040 477 
1040 435 
1042 433 
1050 2484 
1053 506 
1054 1098 
1056 385 
1059 41 
1066 253 
1067 1595 
1073 71 
1074 3666 
1074 55 
1074 243 
1075 354 
1076 380 
1077 134 
1078 311 
1078 1667 
1079 654 
1082 857 
1083 2497 
1085 805 
1085 536 
1086 2441 
1088 41 
1090 894 
1093 882 
1094 182 
1096 524 
1103 1171 
1105 97 
1105 75 
1109 440 
1116 967 
1116 319 
1116 640 
1119 240 
1119 493 
1121 386 
1122 3055 
1122 318 
1125 660 
1125 935 
1131 2202 
1131 1291 
1133 43 
1135 214 
1140 123 
1143 158 
1146 2415 
1152 571 
1152 323 
1153 96 
1167 2373 
1168 135 
1175 64 
1181 9217 
1182 471 
1186 1525 
1190 212 
1192 2369 
1192 629 
1194 0 
1195 3031 
1196 627 
1197 84 
1197 851 
1210 1181 
1211 237 
1214 756 
1217 1931 
1229 1272 
1231 758 
1232 232 
1237 554 
1240 425 
1243 535 
1243 224 
1245 1998 
1264 4324 
1266 4470 
1267 4101 
1268 623 
1270 18907 
1273 520 
1273 95 
1275 879 
1276 639 
1278 187 
1283 30 
1287 1853 
1292 1405 
1294 540 
1296 9107 
1298 13801 
1300 514 
1308 1131 
1309 1837 
1313 78 
1319 2336 
1322 2222 
1324 1206 
1336 818 
1337 265 
1339 1048 
1343 1855 
1349 187 
1350 522 
1356 15 
1360 481 
1360 849 
1364 1733 
1365 773 
1365 47 
1366 98 
1367 869 
1368 168 
1374 786 
1375 24 
1378 5 
1380 98 
1384 92 
1387 6776 
1388 1397 
1388 576 
1399 36 
1400 1521 
1400 5705 
1402 501 
1407 589 
1411 1578 
1412 1216 
1414 2435 
1415 1064 
1417 275 
1420 557 
1421 1689 
1425 1317 
1427 49 
1430 3960 
1433 1898 
1435 473 
1436 1257 
1438 28 
1438 462 
1443 675 
1444 1030 
1449 652 
1453 432 
1463 1010 
1464 575 
1473 198 
1476 915 
1487 137 
1488 2882 
1489 1418 
1496 408 
1497 106 
1498 34 
1500 1074 
1501 257 
1515 219 
1524 34 
1528 828 
1536 491 
1539 863 
1544 310 
1549 1453 
1550 607 
1555 1792 
1558 568 
1559 278 
1564 454 
1565 320 
1569 61 
1573 1135 
1576 328 
1579 1457 
1580 32 
1581 539 
1585 2244 
1601 1356 
1611 1154 
1614 1391 
1622 765 
1638 1640 
1639 56 
1640 233 
1644 867 
1654 196 
1660 925 
1664 71 
1667 3371 
1667 2127 
1676 576 
1689 621 
1689 1204 
1690 1777 
1691 257 
1693 37 
1697 495 
1698 702 
1709 6340 
1719 1 
1728 231 
1731 2925 
1740 3218 
1744 3218 
1749 1125 
1749 1125 
1750 1441 
1750 1441 
1765 2573 
1765 2573 
1769 115 
1769 115 
1771 986 
1771 986 
1778 453 
1778 453 
1788 884 
1788 884 
1788 136 
1788 136 
1801 1905 
1801 1905 
1809 136 
1812 146 
1816 447 
1828 63 
1830 27 
1833 260 
1835 1528 
1837 7670 
1838 1074 
1839 6219 
1843 461 
1845 506 
1847 507 
1847 93 
1861 114 
1863 588 
1874 759 
1887 208 
1896 893 
1896 5197 
1906 28 
1909 1064 
1911 669 
1912 1269 
1914 1127 
1915 2800 
1918 3022 
1924 1423 
1925 819 
1930 256 
1931 96 
1941 1440 
1942 2695 
1949 1194 
1951 164 
1951 1195 
1953 576 
1963 101 
1971 164 
1976 1007 
1982 16960 
1983 41 
1983 337 
1991 28 
1995 1884 
2009 81 
2018 1406 
2030 205 
2032 445 
2034 932 
2034 628 
2036 2376 
2049 3580 
2051 3396 
2053 4132 
2059 3910 
2070 24 
2072 674 
2072 1807 
2090 2739 
2095 2913 
2115 2338 
2120 63 
2133 191 
2133 1831 
2143 485 
2146 150 
2151 518 
2155 1375 
2158 914 
2159 328 
2159 487 
2163 473 
2166 847 
2167 422 
2170 1668 
2172 725 
2177 275 
2177 476 
2178 1164 
2178 924 
2180 604 
2181 597 
2184 847 
2184 242 
2184 14334 
2193 1271 
2195 586 
2213 1425 
2218 6 
2225 686 
2229 3674 
2233 20 
2234 309 
2239 1418 
2254 892 
2256 24 
2257 812 
2262 828 
2279 510 
2283 281 
2285 889 
2288 25 
2297 583 
2300 653 
2301 763 
2302 961 
2325 153 
2330 1086 
2331 1042 
2339 4351 
2348 1565 
2355 424 
2358 763 
2362 106 
2363 57 
2375 84 
2378 1217 
2384 340 
2390 240 
2396 804 
2403 19 
2404 2060 
2411 713 
2414 198 
2415 944 
2418 949 
2439 926 
2442 2705 
2445 95 
2449 1125 
2452 1658 
2457 2528 
2469 20463 
2471 574 
2483 439 
2485 1174 
2487 560 
2492 157 
2494 33 
2496 1163 
2497 128 
2498 198 
2499 833 
2500 806 
2504 449 
2510 875 
2515 164 
2520 1667 
2524 1588 
2534 1265 
2535 548 
2543 813 
2548 401 
2552 21 
2555 306 
2566 2065 
2568 280 
2569 383 
2569 1695 
2573 756 
2583 244 
2586 4327 
2589 258 
2590 922 
2598 1317 
2602 114 
2607 109 
2614 990 
2614 1480 
2617 466 
2637 1371 
2639 2237 
2640 1382 
2647 1000 
2655 476 
2672 322 
2675 1747 
2691 1401 
2694 997 
2696 310 
2699 635 
2705 1953 
2705 27307 
2719 634 
2734 1633 
2738 163 
2739 1920 
2740 1013 
2754 658 
2758 355 
2767 2057 
2774 2868 
2781 126 
2785 434 
2792 32 
2795 1668 
2801 586 
2803 199 
2806 189 
2808 64 
2816 1692 
2825 494 
2827 136 
2835 884 
2835 508 
2840 3408 
2842 945 
2848 547 
2850 289 
2858 49 
2873 813 
2877 358 
2883 878 
2885 3177 
2904 3541 
2912 182 
2925 1122 
2937 942 
2953 88 
2954 1171 
2961 772 
2965 707 
2973 2677 
2981 283 
2981 1521 
3001 2800 
3007 16 
3008 13 
3015 41 
3020 319 
3023 1434 
3026 8125 
3026 25 
3050 194 
3050 27 
3056 115 
3057 704 
3057 1747 
3065 1384 
3072 177 
3084 2964 
3084 781 
3106 504 
3107 1564 
3110 200 
3122 70 
3139 2276 
3143 414 
3151 764 
3155 1688 
3166 1708 
3174 16021 
3177 786 
3184 1121 
3185 4121 
3192 1785 
3196 920 
3198 443 
3201 244 
3205 166 
3208 373 
3213 51 
3213 132 
3222 842 
3226 2488 
3228 11 
3228 260 
3238 4838 
3256 355 
3258 131 
3258 4551 
3261 168 
3276 174 
3280 1589 
3281 61 
3286 45 
3291 1567 
3291 324 
3291 1440 
3294 426 
3296 212 
3318 447 
3319 607 
3321 1245 
3326 90 
3328 3142 
3334 1006 
3336 333 
3343 613 
3353 842 
3364 292 
3373 1460 
3380 336 
3382 328 
3401 211 
3404 102 
3413 49 
3416 297 
3422 428 
3424 59 
3453 475 
3462 519 
3463 1385 
3465 972 
3474 530 
3477 1084 
3481 202 
3487 235 
3492 1240 
3496 513 
3500 122 
3507 1417 
3513 789 
3515 337 
3522 462 
3533 980 
3533 191 
3534 187 
3538 171 
3561 1001 
3562 643 
3565 3047 
3569 62 
3571 1328 
3575 762 
3598 411 
3601 121 
3628 944 
3633 330 
3638 553 
3639 1369 
3646 254 
3647 1518 
3652 497 
3659 5601 
3667 1187 
3672 242 
3673 65 
3677 1609 
3677 41 
3679 1603 
3684 124 
3693 101 
3694 733 
3709 550 
3710 94 
3714 430 
3719 1694 
3724 203 
3726 177 
3733 55 
3737 805 
3746 494 
3751 639 
3758 2186 
3765 166 
3767 528 
3792 817 
3800 784 
3818 381 
3824 1196 
3826 3180 
3830 147 
3832 366 
3839 1043 
3847 1045 
3850 253 
3852 444 
3869 2941 
3875 188 
3877 500 
3878 775 
3881 2486 
3882 456 
3884 3335 
3894 1016 
3900 610 
3903 1480 
3906 1606 
3912 745 
3918 16 
3923 560 
3934 1107 
3937 2598 
3952 1030 
3953 1628 
3961 1857 
3965 1852 
3985 108 
3997 377 
4024 1329 
4028 187 
4031 159 
4042 107 
4043 2600 
4052 810 
4059 1271 
4069 6403 
4077 150 
4091 142 
4112 207 
4118 616 
4126 467 
4135 13 
4174 347 
4176 668 
4177 140 
4193 6670 
4204 743 
4215 131 
4215 844 
4218 1164 
4222 1238 
4222 36 
4242 149 
4245 3317 
4264 129 
4290 2278 
4303 2499 
4305 912 
4322 263 
4328 617 
4329 18 
4335 183 
4350 2245 
4354 2794 
4369 138 
4372 590 
4387 820 
4390 1430 
4409 214 
4419 19 
4426 2116 
4434 380 
4437 24 
4437 70 
4452 23 
4462 445 
4475 44 
4491 21 
4492 742 
4497 71 
4537 56 
4551 159 
4551 1310 
4555 352 
4574 306 
4585 551 
4593 884 
4618 446 
4635 175 
4647 2060 
4648 167 
4663 206 
4675 164 
4681 541 
4690 488 
4702 587 
4703 378 
4704 244 
4716 1680 
4729 4040 
4732 326 
4738 239 
4748 1733 
4753 215 
4754 941 
4776 523 
4779 344 
4785 778 
4798 1537 
4802 18 
4805 1003 
4808 1595 
4809 2357 
4819 1499 
4831 923 
4831 620 
4844 1277 
4853 2752 
4873 3572 
4885 272 
4898 3779 
4901 1261 
4903 1240 
4939 2433 
4941 333 
4956 62 
4967 2308 
4968 379 
5000 42 
5020 1243 
5025 235 
5033 144 
5046 580 
5053 284 
5054 1560 
5054 309 
5059 3373 
5073 1503 
5082 143 
5091 600 
5097 247 
5119 1792 
5123 952 
5129 677 
5133 1566 
5144 1444 
5150 1445 
5153 2130 
5177 714 
5205 543 
5215 405 
5231 16 
5237 318 
5238 1774 
5246 408 
5246 72 
5250 646 
5251 1062 
5257 3797 
5271 332 
5274 639 
5278 108 
5280 896 
5289 661 
5297 571 
5303 3631 
5312 52 
5319 2442 
5324 751 
5326 314 
5332 2188 
5334 859 
5340 45 
5362 3063 
5385 299 
5396 1833 
5430 322 
5437 73 
5438 596 
5457 249 
5470 3863 
5474 1761 
5491 176 
5500 1252 
5554 295 
5570 218 
5570 537 
5574 1036 
5589 892 
5619 171 
5631 191 
5634 746 
5672 1092 
5675 1206 
5697 1656 
5701 36 
5725 301 
5726 692 
5727 3348 
5740 401 
5754 1658 
5755 1385 
5760 526 
5761 445 
5770 1278 
5777 1143 
5800 1037 
5809 1346 
5836 533 
5848 1071 
5852 880 
5857 1890 
5861 2688 
5884 1548 
5891 351 
5892 189 
5898 5090 
5907 693 
5936 205 
5937 2055 
5938 354 
5940 615 
5981 671 
5993 1797 
5996 945 
6004 7218 
6014 1477 
6015 120 
6023 124 
6028 1465 
6045 3682 
6046 1158 
6046 3291 
6062 189 
6080 1394 
6087 2374 
6087 176 
6094 116 
6096 1125 
6108 158 
6124 386 
6143 399 
6157 377 
6164 468 
6165 2953 
6173 2330 
6187 205 
6188 32 
6205 764 
6216 371 
6218 64 
6229 5753 
6232 1158 
6274 127 
6282 928 
6282 840 
6299 980 
6306 956 
6317 246 
6320 1133 
6325 700 
6332 554 
6372 49 
6372 9679 
6389 1701 
6392 77 
6396 3450 
6410 1954 
6424 258 
6443 516 
6448 156 
6488 36 
6530 195 
6570 784 
6571 30 
6599 880 
6603 1051 
6642 1160 
6675 307 
6692 211 
6692 108 
6711 695 
6712 22991 
6718 479 
6720 939 
6727 1294 
6735 2097 
6741 1056 
6748 1654 
6776 2053 
6781 563 
6781 1582 
6798 2007 
6799 556 
6819 294 
6821 890 
6827 1028 
6836 67 
6845 306 
6845 436 
6846 762 
6847 1623 
6850 1619 
6863 1714 
6915 880 
6938 1085 
6991 1867 
7009 1759 
7014 409 
7019 1038 
7038 632 
7040 324 
7041 1104 
7056 20 
7090 329 
7090 361 
7100 4354 
7103 405 
7107 373 
7113 58 
7113 4512 
7126 732 
7177 142 
7179 48 
7194 975 
7194 197 
7194 919 
7196 2284 
7221 1780 
7232 1775 
7232 1176 
7234 1253 
7234 4222 
7238 304 
7242 1323 
7265 260 
7265 1478 
7271 2158 
7283 770 
7296 271 
7297 512 
7299 1750 
7299 827 
7300 1069 
7305 1211 
7316 425 
7323 350 
7325 80 
7329 2272 
7334 5536 
7349 317 
7354 1413 
7365 1067 
7367 1093 
7368 1685 
7374 1397 
7387 39 
7389 453 
7397 229 
7442 11278 
7448 436 
7461 200 
7461 1324 
7467 1692 
7469 1786 
7473 217 
7503 1853 
7516 734 
7524 346 
7596 65 
7599 313 
7602 1476 
7628 901 
7644 191 
7658 1343 
7661 264 
7667 442 
7670 1652 
7680 5 
7697 1143 
7726 1626 
7730 2855 
7738 1235 
7758 606 
7768 1113 
7784 1953 
7785 135 
7794 485 
7803 2183 
7813 724 
7819 118 
7825 9530 
7830 135 
7839 1998 
7842 858 
7846 158 
7868 2597 
7876 901 
7882 624 
7896 852 
7907 342 
7920 2044 
7960 1006 
7967 1452 
7974 2052 
7982 1271 
7986 2462 
8044 559 
8050 3171 
8069 185 
8100 2149 
8104 374 
8106 356 
8127 283 
8140 1899 
8157 2746 
8168 74 
8169 257 
8179 884 
8198 139 
8203 206 
8211 3757 
8216 2340 
8220 34 
8228 368 
8258 235 
8273 280 
8292 1347 
8312 2668 
8365 195 
8407 36 
8415 1951 
8417 1759 
8443 707 
8454 109 
8484 153 
8492 674 
8541 332 
8556 1627 
8574 1117 
8595 576 
8596 614 
8611 1308 
8617 2142 
8674 1575 
8686 1669 
8708 3687 
8710 1622 
8735 292 
8749 446 
8761 300 
8767 282 
8768 496 
8783 862 
8788 7896 
8807 12916 
8829 885 
8833 127 
8840 1248 
8840 285 
8847 360 
8856 483 
8867 858 
8870 693 
8873 1329 
8874 347 
8875 4 
8878 616 
8888 5654 
8890 3579 
8905 244 
8929 1807 
8944 285 
8964 154 
8985 506 
8988 343 
8998 760 
9001 123 
9005 581 
9021 116 
9024 439 
9034 213 
9076 359 
9123 303 
9133 1356 
9153 50 
9168 209 
9183 1828 
9191 408 
9209 423 
9210 19 
9214 217 
9224 2581 
9245 87 
9250 823 
9255 293 
9271 1589 
9280 108 
9299 733 
9300 760 
9312 43 
9317 18 
9333 71 
9336 8200 
9375 2895 
9392 608 
9439 834 
9445 812 
9453 142 
9475 405 
9480 171 
9540 1212 
9593 1307 
9615 2360 
9627 1739 
9628 885 
9650 249 
9662 24 
9673 1637 
9675 913 
9675 148 
9682 1812 
9685 87 
9696 1729 
9710 34 
9722 464 
9726 1967 
9732 2359 
9747 922 
9750 485 
9751 114 
9761 638 
9828 11357 
9838 407 
9840 9 
9849 359 
9852 793 
9859 2042 
9883 67 
9897 1445 
9930 6 
9935 1253 
9951 146 
9998 271 
10008 941 
10022 268 
10027 148 
10028 573 
10032 336 
10054 456 
10083 30 
10090 809 
10114 1129 
10145 2121 
10180 295 
10181 986 
10248 1584 
10262 284 
10369 857 
10391 190 
10411 79 
10435 243 
10467 4547 
10492 962 
10506 1356 
10506 74 
10520 314 
10521 153 
10529 1690 
10550 884 
10552 1676 
10570 340 
10617 1442 
10624 1363 
10634 97 
10638 2793 
10640 491 
10656 483 
10663 439 
10682 1815 
10691 295 
10710 8948 
10710 1507 
10726 523 
10757 2826 
10766 1500 
10784 1318 
10787 391 
10788 290 
10801 883 
10810 1143 
10815 2508 
10817 2206 
10818 334 
10825 370 
10828 728 
10836 1025 
10850 275 
10875 1313 
10878 160 
10878 642 
10884 1299 
10890 527 
10915 801 
10931 806 
10952 413 
10962 177 
10968 429 
10982 329 
11003 5930 
11006 527 
11011 126 
11015 273 
11015 1114 
11025 40 
11035 592 
11047 830 
11049 1984 
11050 472 
11056 3904 
11077 100 
11078 923 
11094 301 
11139 837 
11165 2391 
11192 104 
11200 1130 
11213 23 
11269 837 
11316 462 
11334 1735 
11363 663 
11377 116 
11379 983 
11513 491 
11557 299 
11566 289 
11585 666 
11608 1155 
11634 1657 
11635 1800 
11636 684 
11694 785 
11724 2135 
11729 343 
11752 185 
11765 776 
11773 1107 
11792 1416 
11807 4827 
11814 938 
11867 1903 
11882 783 
11888 290 
11951 1973 
11966 351 
11996 1674 
12007 527 
12046 947 
12070 294 
12084 78 
12085 376 
12089 604 
12091 502 
12097 350 
12206 1175 
12232 1455 
12239 6826 
12253 12146 
12270 9 
12273 427 
12281 310 
12302 1277 
12307 217 
12310 433 
12323 671 
12334 1064 
12388 1590 
12409 6701 
12420 786 
12445 1308 
12508 2426 
12542 639 
12547 602 
12581 218 
12591 800 
12626 197 
12640 8291 
12664 1057 
12738 1320 
12744 118 
12764 111 
12773 577 
12786 688 
12837 750 
12851 232 
12899 291 
12944 342 
12966 153 
12967 4 
13054 195 
13119 237 
13120 452 
13127 777 
13132 2512 
13169 274 
13183 503 
13205 813 
13241 10848 
13301 10 
13320 2721 
13335 50 
13354 2379 
13384 457 
13391 424 
13406 148 
13417 856 
13459 150 
13471 67 
13533 301 
13602 2056 
13611 513 
13683 2501 
13724 32 
13783 1915 
13799 2302 
13800 760 
13813 557 
13822 1313 
13867 1135 
13888 419 
13911 67 
13915 1559 
13927 318 
13947 125 
14041 211 
14065 468 
14086 2190 
14102 61 
14106 203 
14195 788 
14198 791 
14205 179 
14221 214 
14227 736 
14234 312 
14241 7467 
14261 6879 
14266 1146 
14275 1961 
14315 1918 
14330 1905 
14330 461 
14335 316 
14354 1287 
14368 5232 
14372 1142 
14372 257 
14380 91 
14390 1413 
14399 584 
14403 484 
14405 1468 
14427 851 
14439 1881 
14459 114 
14476 1513 
14477 259 
14504 2230 
14512 165 
14518 474 
14574 502 
14579 3110 
14591 69 
14608 572 
14639 24 
14692 914 
14730 60 
14731 3678 
14734 277 
14776 293 
14831 282 
14847 330 
14847 1843 
14860 7 
14863 205 
14863 406 
14874 96 
14887 491 
14898 1156 
15007 2936 
15049 1262 
15068 183 
15069 516 
15089 1600 
15092 628 
15131 728 
15133 1502 
15163 137 
15179 829 
15183 964 
15195 671 
15207 2729 
15247 1533 
15251 2566 
15269 1100 
15291 958 
15321 345 
15324 1738 
15333 67 
15335 265 
15337 355 
15341 337 
15350 561 
15372 1136 
15375 552 
15392 109 
15412 803 
15472 1073 
15478 153 
15524 224 
15539 245 
15551 3062 
15552 137 
15553 1119 
15580 2234 
15586 70 
15592 1569 
15643 83 
15644 110 
15703 397 
15714 4987 
15729 10818 
15741 1192 
15742 2372 
15758 1068 
15775 578 
15781 679 
15784 1226 
15792 554 
15794 86 
15813 249 
15819 155 
15828 360 
15834 265 
15840 1006 
15858 356 
15861 15 
15884 297 
15891 532 
15919 184 
15937 1256 
15978 1255 
16047 485 
16068 510 
16070 90 
16086 287 
16095 492 
16098 479 
16107 315 
16107 3810 
16121 301 
16132 1985 
16139 3223 
16147 1843 
16162 1109 
16175 138 
16200 1769 
16219 2193 
16233 156 
16237 1856 
16288 1627 
16294 556 
16307 1083 
16332 742 
16351 3265 
16357 712 
16411 3074 
16412 786 
16449 514 
16462 657 
16483 135 
16487 1169 
16512 4236 
16524 696 
16536 1707 
16561 1011 
16569 1295 
16612 1347 
16632 1822 
16637 963 
16644 215 
16649 553 
16661 408 
16670 3817 
16674 408 
16685 948 
16724 709 
16749 1219 
16753 957 
16762 805 
16793 721 
16808 311 
16825 97 
16859 186 
16880 1342 
16901 594 
16909 2605 
16963 7980 
16992 394 
17019 1188 
17029 2088 
17060 1378 
17147 1349 
17147 1349 
17164 516 
17164 516 
17177 1353 
17177 1353 
17229 1372 
17248 863 
17279 3912 
17302 1119 
17348 1002 
17371 3230 
17402 1426 
17412 1038 
17466 1020 
17478 467 
17495 782 
17503 128 
17511 648 
17543 1012 
17556 874 
17611 1222 
17687 2020 
17720 884 
17723 737 
17728 1293 
17750 1661 
17771 506 
17794 807 
17795 469 
17835 136 
17847 214 
17848 317 
17936 619 
17963 397 
17966 397 
18020 1363 
18034 30 
18036 1752 
18069 1241 
18096 147 
18159 410 
18297 436 
18311 1214 
18324 260 
18351 330 
18352 453 
18420 371 
18443 5123 
18462 547 
18473 659 
18473 1482 
18505 582 
18528 374 
18531 24 
18536 2258 
18613 634 
18652 43 
18688 603 
18877 1467 
18891 380 
18912 524 
18948 743 
19007 309 
19044 1569 
19089 324 
19171 459 
19205 202 
19291 653 
19334 963 
19354 1093 
19355 1364 
19359 1359 
19429 104 
19467 1401 
19484 658 
19496 618 
19530 2974 
19579 1200 
19621 26 
19654 1170 
19689 144 
19780 1008 
19835 142 
19846 894 
19887 6 
19897 107 
19958 287 
20028 386 
20041 825 
20086 1775 
20175 275 
20198 3921 
20234 114 
20348 354 
20411 91 
20452 420 
20455 393 
20473 6521 
20480 234 
20495 819 
20544 93 
20550 727 
20566 634 
20573 1054 
20588 154 
20601 251 
20635 532 
20646 1421 
20691 1134 
20701 579 
20725 692 
20727 694 
20773 1176 
20834 874 
20859 5067 
20871 173 
20961 662 
21061 326 
21222 648 
21222 2818 
21244 654 
21257 2960 
21294 1629 
21295 1482 
21301 299 
21327 3782 
21334 224 
21340 1712 
21346 1567 
21383 319 
21400 80 
21411 590 
21526 492 
21564 1627 
21662 735 
21671 1563 
21676 68 
21742 403 
21905 248 
21951 166 
21967 1971 
22009 21 
22018 242 
22027 2421 
22082 2156 
22088 1198 
22089 1338 
22117 779 
22132 743 
22187 1016 
22218 947 
22264 992 
22303 629 
22312 312 
22340 299 
22416 237 
22423 834 
22434 846 
22502 1395 
22548 680 
22745 407 
22802 1909 
22866 126 
22873 14816 
22879 575 
22911 635 
22926 441 
22930 479 
23030 870 
23075 2227 
23105 1486 
23120 4064 
23125 1212 
23141 964 
23143 329 
23154 1329 
23214 609 
23263 267 
23266 562 
23307 4835 
23362 271 
23383 416 
23418 701 
23448 214 
23494 3648 
23495 242 
23497 803 
23498 248 
23534 2579 
23553 93 
23554 1743 
23557 1283 
23557 465 
23625 342 
23781 251 
23974 225 
23996 1067 
24032 2211 
24067 3843 
24076 6968 
24126 300 
24256 1438 
24273 1566 
24360 5695 
24384 182 
24387 443 
24459 5220 
24497 813 
24537 98 
24567 579 
24598 4459 
24619 3619 
24624 470 
24734 4186 
24751 1201 
24783 345 
24789 454 
24800 271 
24834 721 
24846 1841 
24846 751 
24847 1835 
24877 117 
24886 1043 
24908 1367 
24937 442 
24977 92 
24982 527 
24985 119 
25160 71 
25207 1107 
25219 201 
25221 550 
25308 2142 
25559 1701 
25632 135 
25756 695 
25808 17 
25839 111 
25953 967 
25977 522 
25981 718 
26096 301 
26136 524 
26161 2056 
26186 139 
26257 137 
26379 1218 
26456 480 
26488 1244 
26551 292 
26557 531 
26567 1461 
26601 769 
26645 740 
26646 4397 
26670 95 
26859 69 
26863 583 
26887 613 
26971 637 
27013 164 
27050 1113 
27092 363 
27237 908 
27348 294 
27409 1353 
27456 1195 
27469 1708 
27472 3050 
27490 1732 
27528 3296 
27539 1103 
27544 67 
27581 1009 
27590 667 
27628 754 
27648 1513 
27710 1591 
27858 28 
27901 165 
27910 225 
27913 108 
28279 1253 
28421 11 
28423 1230 
28425 718 
28451 1602 
28481 834 
28485 506 
28509 1884 
28530 298 
28532 2577 
28591 125 
28615 1742 
28642 1269 
28672 109 
28677 448 
28708 481 
28727 509 
28735 59 
28972 1008 
29086 718 
29094 626 
29327 1750 
29466 477 
29544 35 
29640 34 
29694 2399 
29727 266 
29852 1054 
29883 36 
29974 304 
30184 779 
30303 47 
30513 651 
30583 1054 
30635 616 
30729 360 
30758 495 
30803 1352 
30831 752 
30882 3411 
31085 292 
31172 2572 
31172 274 
31238 445 
31394 1512 
31479 326 
31493 1034 
31577 806 
31594 184 
31614 653 
31639 559 
31692 94 
31740 98 
31747 512 
31747 512 
32012 1109 
32105 563 
32213 1001 
32221 212 
32258 241 
32407 892 
32918 3699 
32944 2341 
33064 851 
33068 37 
33149 41 
33172 710 
33202 168 
33299 176 
33462 479 
33464 344 
33466 1167 
33497 1926 
33524 136 
33613 801 
33719 1089 
33800 214 
33817 487 
33826 627 
33974 1354 
34331 6374 
34460 886 
34796 574 
34814 1049 
34828 619 
34828 146 
34841 776 
34867 1294 
34872 2355 
34914 264 
35043 2066 
35076 1848 
35155 141 
35212 1367 
35234 4274 
35246 3478 
35313 1736 
35332 3455 
35332 1192 
35461 1009 
35802 817 
35850 533 
35941 43 
36036 494 
36087 1620 
36119 987 
36263 895 
36267 255 
36389 2765 
36397 69 
36466 247 
36666 2566 
36712 1588 
36752 1025 
36801 235 
36802 1124 
36857 1178 
36957 37 
37018 245 
37072 25 
37099 1638 
37319 91 
37345 1649 
37442 193 
37495 250 
37511 535 
37546 8503 
37553 1532 
37613 1080 
37665 241 
37674 414 
37754 820 
37978 794 
37994 369 
38024 102 
38063 123 
38181 3889 
38400 122 
38607 654 
38639 861 
39282 733 
39290 2037 
39340 185 
39358 1088 
39391 176 
39411 35 
39425 210 
39485 63 
39568 1275 
39950 815 
39974 305 
40004 1733 
40107 1693 
40248 99 
40267 81 
40320 81 
40363 1956 
40419 16 
40811 1506 
41043 1584 
41069 644 
41241 54 
41511 622 
41523 709 
41569 828 
41593 236 
41652 252 
41741 950 
41765 46 
41924 1057 
42087 1444 
42135 148 
42146 2004 
42214 3487 
42238 2291 
42255 737 
42260 1003 
42597 9 
42806 192 
42935 1674 
43084 261 
43108 1363 
43271 127 
43401 42 
43478 1422 
43821 134 
43904 5468 
43915 5672 
44208 815 
44275 1111 
44405 52 
44425 871 
44461 1495 
44462 413 
44485 347 
44522 60 
44580 207 
44627 435 
44671 1296 
44732 452 
44800 141 
44875 169 
44898 626 
45156 1548 
45303 470 
45326 47 
45588 4495 
45689 643 
45725 238 
45729 815 
45987 729 
46335 100 
46358 133 
46660 2279 
46764 1448 
47253 399 
47499 242 
47611 122 
47831 359 
47853 210 
47855 127 
47898 4254 
47906 2060 
47953 513 
47960 1776 
47979 4723 
48101 1460 
48134 2122 
48648 2998 
48952 863 
49133 1288 
49281 1695 
49349 337 
49630 27 
49673 423 
49775 624 
49992 373 
50328 473 
50590 1339 
50733 1887 
50777 277 
50914 784 
51018 438 
51029 1755 
51940 239 
51957 500 
52279 202 
52477 2938 
52846 703 
52863 1072 
52929 901 
53007 261 
53028 8911 
53036 113 
53050 260 
53054 1143 
53195 153 
53198 2805 
53333 2765 
53354 255 
53658 137 
53833 1106 
53912 644 
53960 1161 
54033 1347 
54187 191 
54283 458 
54388 600 
54427 233 
54472 1304 
54500 264 
54555 1216 
54621 412 
54628 189 
54716 16 
54720 1906 
54728 149 
54762 762 
54770 1087 
55097 243 
55193 526 
55223 1631 
55228 1158 
55283 1132 
55395 530 
55452 71 
55689 524 
55805 769 
55854 1880 
56063 921 
56165 1134 
56311 413 
56351 99 
56429 537 
56432 90 
56480 4238 
56588 305 
56648 2680 
56700 592 
56827 135 
56887 202 
56975 15503 
57019 946 
57195 1408 
57315 25 
57492 12908 
57509 844 
57577 371 
57656 248 
57661 1981 
57753 1462 
57803 1053 
57879 2011 
57958 231 
58028 2166 
58090 1861 
58148 831 
58151 198 
58247 2153 
58510 232 
58585 76 
59160 357 
59440 890 
60049 252 
60125 2022 
60140 1210 
60362 233 
60479 421 
60524 184 
60719 186 
60831 262 
61040 479 
61060 3523 
61060 343 
61401 1295 
61401 1295 
61453 5949 
61487 496 
61506 1292 
61749 110 
62069 660 
62097 640 
62355 1617 
62534 919 
62661 3113 
62720 325 
62754 419 
62846 631 
62856 2591 
62916 212 
63306 210 
63558 397 
63696 3842 
63761 618 
63766 1755 
63787 153 
63823 682 
63883 589 
64171 1370 
64202 149 
64329 357 
64737 24 
64868 337 
64931 445 
64981 196 
65048 801 
65113 2567 
65185 277 
65231 160 
65403 719 
65512 323 
65790 3121 
65867 120 
65923 324 
66142 811 
66149 26 
66223 8048 
66301 753 
66316 1052 
66335 167 
66393 703 
66398 85 
66516 328 
67348 2 
67359 664 
67396 307 
67412 232 
67423 6699 
68372 51 
68414 746 
68432 746 
68674 1089 
68700 1156 
68711 457 
68954 1656 
68986 687 
68993 748 
69084 1020 
69121 381 
69145 5913 
69154 1144 
69182 694 
69204 116 
69314 1288 
69323 533 
69341 520 
69356 178 
69527 289 
69626 1107 
69784 452 
70110 81 
70554 1513 
70614 871 
70749 871 
71120 700 
71189 98 
71223 668 
71450 63 
71515 1500 
71532 2015 
71792 123 
71870 1429 
72151 805 
72210 114 
72248 173 
72283 1245 
72351 8743 
72409 176 
72411 2014 
72472 446 
72481 705 
72485 769 
72492 905 
72501 301 
72662 1124 
72724 671 
72963 112 
72987 101 
73101 116 
73118 585 
73170 0 
73251 196 
73388 350 
73403 1920 
73558 1113 
73640 107 
73713 1578 
74403 368 
74590 303 
74952 249 
74973 314 
75396 1039 
75675 910 
75750 657 
76587 237 
76915 6 
76915 6 
77187 1130 
77222 1186 
77442 1044 
77631 253 
78075 78 
78089 282 
78334 903 
78451 304 
78903 220 
78972 739 
79336 3673 
79426 762 
79988 354 
80292 329 
80315 2010 
80352 352 
80516 397 
80574 2165 
80661 1574 
80672 997 
80810 365 
80835 855 
81278 3886 
81636 1225 
81701 268 
81895 2066 
81924 886 
81944 699 
82200 650 
82228 2343 
82257 105 
82271 1581 
82370 771 
82554 1350 
82827 386 
82915 1668 
82924 2910 
82926 3035 
83075 2011 
83127 258 
83485 1147 
83737 559 
83793 842 
83849 1621 
83863 1423 
84084 1663 
84097 1708 
84246 2932 
84318 754 
84364 3123 
84443 106 
84620 2996 
84918 1186 
85122 1061 
85148 1899 
85159 1076 
85164 593 
85203 5583 
85267 395 
85433 846 
85478 83 
85580 1009 
85666 189 
85678 1518 
85776 238 
85863 895 
86603 114 
86691 105 
86961 258 
87350 23 
87855 1131 
87960 1763 
87989 2880 
88234 219 
88632 58 
88636 3704 
88826 845 
88859 1523 
89021 554 
89052 155 
89156 514 
89364 732 
89478 724 
89792 127 
89832 2032 
89924 1360 
90023 2585 
90161 501 
90175 13645 
90382 1095 
90648 0 
90664 894 
90681 282 
90684 567 
90723 194 
90834 2380 
91126 647 
91319 70 
91536 3110 
91557 732 
91587 1510 
91608 295 
91862 72 
92338 834 
92359 791 
92392 790 
92988 1271 
92990 454 
93105 84 
93171 205 
93235 30 
93247 1664 
93359 649 
93425 1496 
93781 58 
93799 458 
94102 257 
94407 976 
94470 283 
94497 1026 
94712 292 
94864 251 
95144 1305 
95165 795 
95311 3640 
95343 934 
95633 288 
95702 515 
95769 166 
96032 430 
96034 1408 
96100 564 
96127 264 
96421 2407 
96443 688 
96532 264 
96563 386 
96583 588 
96602 227 
96639 1173 
96815 457 
96823 335 
96897 576 
97452 420 
97628 2353 
97641 1726 
97742 1531 
97803 662 
97847 806 
98875 306 
99077 677 
99091 375 
99098 1048 
99189 46 
99294 308 
99423 178 
99582 218 
99673 106 
99839 768 
101041 202 
101283 3329 
101334 1064 
102214 1039 
103059 216 
103704 507 
103824 108 
103840 27 
105286 1502 
105362 7550 
105407 612 
105511 34 
106160 597 
106305 1430 
106997 1223 
107004 2571 
107464 220 
107490 298 
108817 384 
109431 177 
109821 761 
109879 549 
110388 3658 
110440 13761 
110446 1103 
110451 3516 
110898 6 
112043 298 
112112 443 
112885 124 
113238 195 
113493 1469 
113849 1051 
114304 271 
114660 3470 
117654 2924 
117681 679 
117686 722 
117686 679 
118852 448 
119407 1037 
120209 1096 
122245 1350 
122443 434 
123962 1456 
124047 1427 
124252 2020 
125591 441 
126273 808 
126447 1381 
128596 132 
129046 486 
130131 462 
130522 118 
131366 1234 
132708 1448 
138085 697 
143968 444 
146228 566 
146675 1511 
148136 2148 
148217 560 
148281 1709 
148544 275 
149540 683 
150806 390 
154728 49 
155048 145 
158198 42 
160883 278 
162770 386 
163191 733 
163321 79 
163723 272 
163794 977 
164513 1197 
164514 277 
165945 393 
166662 49 
166750 418 
167830 453 
167948 1096 
168031 883 
168669 290 
169080 270 
170853 184 
173496 1190 
173543 849 
173570 10037 
173584 612 
173588 1095 
173628 3629 
174129 700 
175603 561 
176035 1218 
176475 242 
176538 1061 
176835 213 
177412 526 
178085 1563 
178155 342 
180127 124 
180708 2788 
181682 632 
182513 11 
183286 3048 
183437 442 
184156 4554 
184473 1224 
184483 1573 
185237 171 
187600 1515 
190057 1494 
191686 1061 
193328 1371 
193702 958 
195563 610 
195741 1971 
196190 985 
196293 604 
196904 510 
197450 326 
198101 477 
198742 2054 
199495 646 
199995 641 
200027 352 
200027 576 
200074 792 
200165 416 
202413 1446 
202432 896 
202468 168 
207861 351 
207878 1066 
209472 284 
211678 121 
213046 687 
213107 2018 
214767 284 
215289 47 
221042 6238 
221409 224 
222943 189 
224110 858 
232823 91 
239198 907 
241237 1150 
242849 606 
253287 1464 
254803 1769 
256770 1205 
258961 2642 
259183 370 
260168 997 
260189 1715 
260239 333 
261091 354 
262513 73 
262519 54 
265569 1364 
266239 174 
266793 391 
266820 393 
266834 968 
267008 1067 
267045 284 
267130 189 
267181 980 
267200 623 
268966 74 
271377 141 
273718 757 
276085 395 
279099 120 
283516 227 
284133 194 
285676 26 
285990 666 
288208 1271 
288237 1344 
289701 1026 
290910 698 
290954 1857 
291234 2113 
291739 145 
295121 352 
295323 473 
298700 603 
298759 173 
311664 3479 
314943 132 
330545 1172 
333370 1061 
334047 734 
339290 782 
348195 536 
348424 970 
348462 1036 
349323 5612 
349464 3331 
356436 1 
356853 565 
358514 551 
361737 52 
364203 385 
364534 770 
366899 812 
368446 4891 
368471 224 
368479 466 
368486 470 
368822 545 
369535 1461 
371558 146 
373190 2500 
373454 572 
376187 1680 
381828 2287 
387826 534 
424948 6467 
431773 553 
431856 2544 
438745 1244 
447373 347 
447392 347 
451777 2953 
451797 2405 
451844 1892 
467988 21 
469121 401 
496331 2287 
501527 111 
517296 599 
519155 1066 
523751 2264 
525066 2688 
527368 1284 
527439 239 
530270 1437 
530305 1683 
533530 44 
542755 650 
547978 122 
551438 503 
557305 175 
558908 1923 
559080 516 
563598 284 
569132 6276 
569277 583 
579786 7 
584253 1236 
585336 1350 
586193 1571 
588211 237 
595793 58 
596735 789 
596781 3194 
597121 1 
603208 445 
603867 1887 
