2283 7.86487268519
0 161440 
8 640 
10 111 
13 330 
15 246 
15 392 
15 52 
16 749 
17 264 
17 166 
18 63 
19 270 
19 73 
19 56 
19 781 
20 159 
20 95 
20 375 
21 2162 
21 91 
21 453 
22 460 
24 419 
25 185 
26 173 
26 27 
26 1240 
26 3263 
26 188 
26 381 
27 107 
27 241 
28 133 
28 101 
28 37 
29 98 
29 152 
29 750 
30 143 
30 117 
31 133 
31 32 
32 698 
32 172 
32 344 
32 952 
32 202 
33 326 
34 156 
34 338 
34 80 
34 135 
34 96 
34 159 
35 167 
35 656 
36 356 
36 218 
37 75 
37 489 
37 1524 
37 1162 
38 97 
39 645 
39 493 
39 280 
39 89 
39 178 
40 1160 
40 242 
40 165 
41 296 
41 138 
41 62 
41 178 
42 70 
42 40 
42 112 
42 145 
43 386 
43 201 
44 81 
44 240 
44 516 
44 403 
44 64 
44 115 
45 87 
46 344 
46 68 
46 365 
47 116 
48 153 
48 271 
49 1058 
49 146 
49 143 
49 131 
49 230 
49 98 
49 320 
49 693 
50 1040 
51 90 
52 42 
52 138 
52 678 
53 152 
53 389 
53 106 
53 63 
53 185 
53 142 
53 269 
54 107 
54 242 
54 157 
54 315 
55 3864 
56 404 
56 188 
57 514 
57 18 
58 74 
58 204 
58 100 
59 164 
59 196 
59 1281 
60 634 
60 1360 
60 133 
60 93 
60 51 
61 104 
61 315 
61 263 
61 301 
62 540 
62 279 
63 425 
63 92 
64 1385 
64 574 
65 116 
65 143 
65 512 
66 600 
66 1164 
67 366 
68 53 
68 228 
68 41 
68 186 
69 239 
69 254 
69 40 
70 237 
71 209 
71 805 
71 672 
72 48 
73 223 
73 132 
73 318 
74 125 
74 338 
74 123 
74 489 
74 95 
75 1862 
75 204 
75 44 
75 333 
75 87 
77 1341 
77 705 
77 158 
77 139 
77 712 
78 288 
78 295 
78 533 
79 258 
80 605 
80 145 
80 101 
81 23 
82 118 
82 397 
83 210 
83 444 
84 85 
84 202 
85 65 
86 175 
87 37 
87 201 
87 182 
87 218 
87 827 
87 1326 
88 111 
88 217 
88 269 
90 168 
91 86 
91 262 
91 129 
92 594 
92 215 
92 134 
94 264 
94 73 
94 65 
94 129 
94 278 
95 68 
95 366 
96 102 
96 156 
96 662 
97 75 
97 207 
97 269 
97 114 
97 139 
97 80 
99 91 
99 45 
100 220 
100 675 
100 88 
100 340 
102 54 
102 261 
103 13 
104 44 
104 496 
104 140 
106 69 
106 329 
106 79 
107 0 
107 1246 
107 220 
108 134 
108 241 
109 3 
110 454 
110 366 
110 86 
110 141 
111 241 
111 120 
111 1486 
111 927 
111 308 
112 218 
112 511 
113 34 
113 225 
114 258 
114 117 
114 224 
114 85 
115 3 
115 18 
116 263 
116 565 
116 1040 
117 221 
118 96 
118 68 
119 154 
119 93 
120 184 
121 32 
121 175 
121 365 
121 407 
122 162 
123 102 
123 329 
124 75 
124 439 
125 118 
125 14 
126 339 
127 54 
127 442 
127 414 
127 155 
127 82 
127 529 
128 374 
128 28344 
129 142 
129 855 
129 174 
129 130 
130 93 
130 163 
130 32 
131 54 
132 108 
132 116 
132 247 
132 60 
133 121 
133 418 
133 177 
134 456 
135 435 
137 45 
139 65 
139 208 
140 1004 
140 72 
142 66 
142 236 
142 36 
144 433 
144 147 
145 144 
145 248 
146 248 
147 75 
147 876 
148 466 
149 227 
150 140 
151 271 
151 1006 
152 152 
154 63 
155 195 
155 49 
156 558 
157 203 
158 131 
158 571 
158 462 
158 213 
159 149 
159 119 
159 303 
159 406 
160 98 
161 253 
163 398 
163 153 
163 113 
163 66 
164 135 
164 349 
165 153 
165 104 
165 21 
167 111 
168 134 
168 288 
170 392 
171 454 
171 311 
171 362 
172 89 
173 171 
173 114 
174 239 
175 314 
175 448 
175 388 
176 215 
176 54 
177 44 
177 104 
177 103 
179 148 
179 1928 
179 111 
179 78 
179 512 
180 146 
180 362 
180 96 
180 343 
180 245 
180 128 
181 215 
183 107 
183 65 
183 291 
183 107 
186 279 
186 222 
187 112 
187 121 
189 55 
189 286 
189 182 
189 117 
190 431 
190 314 
191 139 
193 77 
193 123 
194 58 
196 269 
196 218 
196 54 
196 316 
197 180 
197 97 
197 111 
197 262 
197 320 
199 103 
199 282 
199 28 
199 239 
201 83 
201 220 
201 100 
201 544 
204 197 
204 139 
206 169 
206 41 
206 579 
207 81 
208 82 
208 722 
208 30 
208 332 
208 490 
210 705 
210 183 
212 1031 
212 31 
212 61 
215 85 
216 218 
217 222 
217 106 
218 218 
219 571 
219 161 
220 21 
220 204 
221 135 
222 264 
223 418 
224 1792 
225 2060 
227 50 
227 248 
228 13 
228 199 
228 56 
229 154 
230 91 
231 193 
232 1300 
232 833 
233 79 
233 140 
236 743 
236 100 
236 147 
236 127 
236 167 
237 150 
237 381 
238 255 
238 459 
239 149 
239 516 
240 134 
241 299 
241 389 
241 214 
242 247 
243 87 
243 260 
243 216 
245 366 
246 91 
248 15 
249 43 
250 71 
251 79 
251 198 
251 225 
251 189 
252 719 
252 128 
252 81 
256 105 
256 90 
256 106 
259 88 
260 62 
260 382 
260 45 
261 192 
262 504 
263 363 
264 1638 
265 190 
265 58 
267 134 
267 186 
269 153 
273 99 
274 132 
274 113 
275 19 
276 57 
276 134 
276 84 
277 245 
277 128 
279 59 
285 74 
286 100 
290 408 
292 81 
294 154 
294 259 
298 363 
300 172 
304 184 
305 142 
306 56 
306 94 
307 182 
308 298 
314 206 
314 85 
315 173 
317 232 
318 136 
318 70 
319 51 
320 905 
321 80 
322 382 
323 204 
325 163 
326 710 
327 207 
328 214 
330 149 
331 64 
334 57 
335 254 
336 307 
337 65 
340 67 
340 163 
340 215 
345 87 
346 65 
350 228 
350 385 
350 266 
352 105 
354 79 
355 97 
357 235 
361 360 
363 95 
364 155 
369 302 
371 135 
374 829 
374 109 
375 42 
375 130 
376 54 
377 422 
379 135 
382 274 
382 34 
386 50 
389 173 
389 671 
390 925 
391 131 
395 145 
397 349 
397 768 
398 60 
403 67 
403 355 
404 36 
405 147 
405 157 
406 98 
407 114 
407 178 
408 192 
408 76 
410 115 
410 158 
410 194 
410 95 
411 158 
415 127 
416 65 
418 19 
419 69 
420 109 
421 71 
427 107 
429 281 
431 108 
436 87 
439 89 
440 245 
441 121 
442 269 
444 32 
446 49 
446 310 
447 41 
448 45 
450 221 
452 59 
452 955 
453 123 
454 28 
454 344 
458 210 
459 280 
462 235 
464 27 
465 174 
465 644 
467 284 
468 121 
470 132 
474 41 
476 191 
476 19 
478 76 
479 150 
480 2 
480 200 
480 823 
482 560 
483 275 
486 112 
487 1387 
487 63 
488 586 
489 167 
491 202 
495 123 
495 83 
496 681 
501 20 
501 89 
503 99 
506 138 
507 195 
508 148 
509 14176 
510 394 
514 45 
514 129 
515 103 
516 148 
516 457 
517 666 
521 120 
521 146 
521 1499 
522 178 
525 134 
527 118 
527 264 
528 190 
530 94 
531 85 
532 408 
533 42 
535 83 
537 198 
538 64 
543 75 
544 144 
545 158 
546 79 
547 101 
548 727 
549 121 
549 88 
550 119 
550 323 
550 482 
554 59 
554 112 
556 311 
557 150 
562 300 
565 191 
566 105 
569 83 
569 284 
572 1518 
575 42 
575 75 
575 191 
575 51 
576 976 
576 188 
577 189 
580 101 
583 135 
584 131 
584 525 
585 124 
585 1030 
586 191 
587 346 
587 53 
590 244 
591 58 
595 143 
602 51 
606 100 
606 161 
609 136 
614 45 
614 54 
614 197 
614 193 
615 698 
619 519 
620 146 
620 145 
624 177 
632 25 
634 197 
635 144 
635 139 
640 80 
640 74 
640 63 
642 255 
644 680 
644 15 
645 154 
650 348 
650 196 
650 146 
652 61 
655 95 
657 37 
658 815 
659 91 
662 174 
665 148 
668 132 
668 92 
671 178 
673 232 
674 55 
675 105 
677 47 
677 187 
680 52 
685 59 
691 114 
693 254 
704 55 
706 845 
711 108 
713 120 
715 93 
715 102 
717 108 
719 88 
720 254 
720 133 
721 265 
723 93 
725 40 
730 182 
734 164 
736 254 
737 151 
739 63 
741 63 
741 139 
744 38 
746 96 
747 163 
753 115 
761 219 
762 34 
763 60 
763 1151 
763 137 
772 48 
780 196 
781 249 
791 48 
793 191 
794 0 
795 355 
802 255 
804 496 
805 134 
805 141 
808 1 
812 187 
815 147 
825 57 
830 90 
830 118 
832 102 
836 21 
840 79 
841 90 
847 146 
847 229 
848 221 
851 217 
858 359 
867 297 
870 124 
873 96 
879 140 
880 992 
882 713 
887 24 
893 13 
893 205 
893 117 
894 62 
901 4297 
905 176 
906 30 
907 651 
907 195 
909 64 
910 394 
910 194 
911 223 
912 73 
914 124 
917 136 
917 9 
923 154 
926 48 
927 51 
932 34 
933 70 
943 53 
947 1 
949 521 
951 129 
955 166 
960 46 
961 65 
961 532 
963 26 
963 53 
972 16 
973 36 
975 150 
977 126 
982 167 
983 132 
985 231 
986 152 
988 95 
991 26 
997 600 
997 73 
1008 190 
1010 64 
1010 141 
1012 121 
1015 788 
1015 274 
1021 49 
1022 69 
1028 1675 
1029 53 
1036 81 
1039 139 
1040 40 
1046 179 
1049 295 
1055 31 
1062 162 
1065 103 
1070 15 
1073 39 
1073 81 
1080 97 
1082 95 
1083 94 
1083 342 
1085 107 
1096 225 
1098 296 
1102 262 
1103 38 
1106 116 
1110 40 
1111 328 
1113 587 
1122 102 
1125 104 
1125 205 
1126 48 
1131 106 
1133 35 
1137 94 
1152 109 
1153 17 
1158 151 
1159 80 
1159 58 
1161 695 
1166 173 
1169 54 
1170 412 
1175 78 
1180 172 
1182 237 
1186 197 
1187 181 
1191 242 
1201 107 
1202 780 
1206 238 
1207 139 
1210 54 
1211 26 
1211 97 
1213 84 
1217 125 
1219 149 
1228 145 
1242 247 
1250 275 
1263 76 
1266 60 
1269 90 
1277 103 
1280 122 
1284 496 
1288 191 
1289 248 
1290 37 
1304 48 
1305 123 
1318 135 
1323 121 
1330 295 
1332 222 
1334 14 
1338 155 
1339 232 
1343 93 
1345 81 
1346 117 
1354 100 
1371 195 
1385 96 
1387 51 
1408 231 
1408 105 
1412 87 
1419 16 
1426 102 
1430 97 
1433 83 
1435 126 
1440 60 
1446 151 
1455 96 
1456 209 
1459 149 
1460 88 
1471 85 
1478 116 
1484 86 
1487 413 
1492 23 
1496 114 
1506 17 
1507 122 
1513 22 
1538 173 
1543 202 
1553 125 
1557 61 
1585 47 
1586 916 
1586 70 
1587 124 
1613 181 
1620 130 
1623 62 
1623 13 
1624 48 
1628 97 
1643 228 
1643 160 
1644 448 
1647 36 
1648 746 
1649 56 
1657 861 
1671 188 
1675 526 
1675 211 
1682 118 
1683 119 
1683 46 
1693 296 
1701 108 
1710 279 
1710 25 
1711 260 
1719 116 
1723 80 
1724 11 
1724 79 
1726 5 
1726 385 
1729 126 
1741 244 
1745 91 
1760 117 
1763 253 
1764 55 
1766 99 
1766 160 
1774 162 
1782 52 
1784 97 
1798 52 
1804 128 
1806 173 
1816 78 
1821 183 
1828 44 
1833 14 
1834 73 
1834 27 
1839 146 
1845 185 
1846 111 
1846 48 
1861 136 
1874 688 
1879 254 
1879 23 
1886 232 
1894 54 
1895 20 
1899 181 
1907 123 
1909 46 
1923 180 
1928 330 
1935 109 
1937 172 
1939 160 
1945 92 
1946 48 
1953 423 
1959 98 
1969 217 
1977 16 
1978 114 
1979 51 
1983 305 
1992 236 
1995 9 
1997 53 
2003 42 
2013 69 
2026 65 
2037 162 
2045 98 
2051 1766 
2058 116 
2068 196 
2085 259 
2090 155 
2095 168 
2115 109 
2118 84 
2127 152 
2159 71 
2171 102 
2177 3 
2195 67 
2201 101 
2212 12 
2218 17 
2231 155 
2242 79 
2250 144 
2266 130 
2268 206 
2275 42 
2288 85 
2310 36 
2312 46 
2315 3451 
2322 18 
2351 197 
2352 77 
2360 182 
2377 16 
2386 107 
2388 65 
2393 173 
2396 114 
2398 75 
2412 791 
2412 124 
2423 47 
2427 269 
2430 23 
2445 200 
2449 57 
2461 65 
2461 1000 
2475 312 
2491 123 
2494 60 
2496 17 
2500 33 
2500 97 
2512 309 
2518 324 
2519 100 
2529 18 
2536 753 
2539 304 
2544 138 
2552 226 
2554 114 
2558 502 
2561 38 
2566 15 
2568 67 
2569 564 
2569 65 
2575 479 
2578 234 
2594 86 
2596 242 
2597 55 
2603 105 
2606 139 
2639 185 
2641 13 
2650 50 
2651 178 
2662 900 
2677 66 
2702 84 
2708 131 
2716 177 
2723 929 
2724 25 
2744 163 
2751 141 
2780 207 
2807 501 
2809 87 
2845 361 
2846 62 
2849 64 
2912 160 
2918 175 
2938 40 
2945 300 
2946 962 
2952 72 
2954 134 
2973 116 
2982 146 
2999 103 
3004 152 
3008 67 
3012 32 
3012 23 
3013 3 
3014 195 
3024 228 
3025 152 
3051 75 
3058 21 
3062 42 
3062 135 
3067 100 
3068 93 
3078 58 
3088 62 
3115 130 
3129 43 
3150 37 
3160 95 
3164 388 
3178 64 
3182 33 
3188 69 
3190 157 
3195 43 
3254 40 
3256 119 
3257 217 
3260 272 
3267 35 
3268 60 
3310 130 
3345 109 
3355 22 
3360 48 
3364 260 
3365 101 
3369 232 
3380 635 
3381 9 
3383 29 
3400 93 
3401 254 
3404 65 
3414 264 
3418 247 
3425 131 
3432 54 
3435 101 
3437 73 
3457 237 
3459 4 
3462 80 
3479 46 
3484 141 
3488 49 
3490 2 
3492 105 
3498 260 
3503 25 
3530 86 
3543 63 
3551 59 
3572 217 
3600 71 
3644 20 
3645 36 
3655 70 
3662 551 
3665 61 
3665 580 
3722 554 
3724 187 
3726 131 
3731 53 
3754 594 
3773 323 
3794 38 
3805 51 
3841 171 
3850 25 
3860 554 
3862 85 
3891 138 
3892 329 
3935 122 
3948 25 
3983 565 
3987 113 
3993 77 
4007 175 
4017 24 
4022 130 
4038 30 
4046 16 
4054 105 
4065 22 
4075 57 
4076 154 
4079 54 
4097 163 
4106 131 
4168 122 
4199 136 
4216 85 
4217 18 
4227 586 
4231 117 
4246 87 
4262 108 
4311 125 
4314 48 
4327 39 
4334 67 
4341 433 
4345 140 
4351 42 
4359 90 
4359 47 
4404 92 
4412 36 
4452 77 
4456 2 
4483 876 
4493 78 
4573 148 
4606 32 
4613 22 
4702 44 
4725 3 
4732 132 
4754 57 
4781 119 
4825 28 
4831 202 
4858 262 
4865 45 
4867 9 
4887 81 
4890 160 
4985 141 
4988 12 
5003 20 
5008 26 
5033 314 
5036 26 
5077 118 
5100 172 
5111 83 
5115 204 
5183 56 
5211 45 
5247 186 
5317 58 
5318 242 
5320 58 
5334 98 
5337 2506 
5349 21 
5393 21 
5394 419 
5455 381 
5457 1382 
5475 101 
5523 35 
5531 63 
5532 1 
5587 50 
5603 36 
5716 87 
5721 193 
5723 139 
5743 171 
5755 80 
5810 16 
5825 361 
5850 605 
5852 1519 
5856 2507 
5871 42 
5912 30 
5913 215 
5914 266 
5921 139 
5921 235 
6004 52 
6022 4 
6051 238 
6055 622 
6179 83 
6199 35 
6208 127 
6245 68 
6260 204 
6271 36 
6294 192 
6316 19 
6338 132 
6355 32 
6370 105 
6374 16 
6380 57 
6406 71 
6430 28 
6557 15 
6606 1289 
6623 777 
6637 577 
6687 75 
6690 1027 
6701 231 
6719 204 
6725 23 
6726 84 
6750 46 
6797 64 
6823 7 
6866 114 
6885 40 
6899 32 
6907 145 
6921 40 
6936 163 
6960 84 
7002 114 
7052 40 
7081 30 
7094 60 
7105 12 
7112 4 
7223 19 
7224 55 
7245 108 
7253 867 
7341 86 
7354 11 
7375 241 
7376 21 
7441 54 
7452 210 
7496 73 
7534 81 
7625 374 
7637 358 
7669 28 
7686 62 
7693 197 
7738 354 
7773 516 
7799 56 
7844 73 
7985 243 
8012 805 
8017 161 
8077 234 
8144 3484 
8165 14 
8248 21 
8295 678 
8328 50 
8397 244 
8432 19 
8440 517 
8447 64 
8481 40 
8505 39 
8539 599 
8553 194 
8558 9 
8560 1122 
8599 57 
8640 149 
8653 128 
8690 64 
8734 88 
8772 48 
8860 113 
8946 601 
8950 245 
8968 88 
8969 243 
8975 542 
8984 576 
9004 410 
9005 175 
9094 196 
9146 533 
9213 60 
9232 288 
9317 96 
9323 25 
9357 100 
9360 12 
9402 60 
9412 95 
9426 18 
9491 23 
9499 68 
9532 51 
9634 24 
9636 327 
9658 101 
9679 1473 
9755 69 
9801 533 
9806 44 
9920 61 
9960 2837 
10046 383 
10184 561 
10246 326 
10251 380 
10255 13 
10256 142 
10260 127 
10284 200 
10296 43 
10308 16 
10357 1056 
10465 141 
10537 233 
10563 45 
10578 90 
10681 452 
10808 770 
10814 14 
10827 3265 
10841 96 
10887 55 
10984 95 
11106 192 
11139 54 
11164 51 
11171 59 
11228 125 
11232 204 
11240 186 
11242 52 
11265 60 
11336 85 
11372 1219 
11373 50 
11407 36 
11642 8707 
11736 13 
11736 13 
11744 38 
11744 38 
11761 401 
11761 401 
11831 63 
11832 133 
11851 88 
11955 128 
12025 151 
12240 489 
12252 1872 
12372 23 
12377 28 
12552 14 
12562 42 
12655 57 
12705 266 
12752 326 
12816 4843 
12878 118 
12880 196 
13182 363 
13207 253 
13556 80 
13660 33 
13781 189 
13795 314 
13817 7 
13859 83 
13867 106 
14008 46 
14169 40 
14201 142 
14269 24 
14274 45 
14321 49 
14466 18 
14529 106 
14597 68 
14711 42 
14713 77 
14741 11 
14788 34 
15072 23 
15156 5 
15192 39 
15196 91 
15243 776 
15332 12 
15486 43 
15546 456 
15621 60 
15647 54 
15764 56 
15952 30 
15988 42 
15994 225 
16136 27 
16660 84 
16758 70 
16789 777 
16805 135 
16943 2 
16989 50 
17227 175 
17622 77 
17760 209 
17790 140 
18296 61 
18337 150 
18447 80 
18502 967 
18677 80 
18926 1218 
18954 103 
19113 44 
19472 1213 
19673 322 
19738 68 
19840 468 
20062 140 
20071 1222 
20094 69 
20451 59 
20641 12 
20701 367 
20823 201 
20921 2 
20928 71 
21048 845 
21258 410 
21272 133 
21379 39 
21650 239 
21657 24 
22139 1778 
22141 72 
22144 106 
22222 56 
22364 360 
22453 324 
22581 577 
22618 83 
22910 35 
22952 150 
22992 582 
23327 92 
23402 157 
23834 256 
24191 601 
24552 98 
24584 150 
24790 462 
24888 743 
24909 28 
25039 50 
25049 314 
25178 84 
25191 173 
25337 76 
25347 7 
25669 991 
25765 139 
25856 129 
26032 282 
26046 138 
26063 6 
26110 67 
26155 429 
26308 47 
26554 1151 
26609 39 
26629 139 
26810 1104 
26896 141 
26992 1455 
26992 1455 
27061 8 
27305 141 
27859 89 
28216 40 
28265 1322 
28317 1012 
28438 117 
28693 139 
28737 708 
28868 26 
29573 218 
29845 221 
29920 319 
30075 368 
30110 270 
30131 23 
30378 120 
30484 69 
30628 193 
30928 247 
31201 27 
31372 131 
31376 461 
31618 10 
32012 120 
32324 269 
32329 872 
33006 65 
33021 567 
33916 57 
34119 84 
34424 121 
34597 506 
34874 50 
36239 8 
36600 350 
36890 5791 
36962 46 
38051 39 
38427 256 
38524 290 
39481 1123 
40155 26 
40999 1264 
41213 42 
41524 119 
43470 17 
44272 338 
44644 384 
45986 72 
47436 161 
48611 21 
49681 2855 
49942 97 
54350 58 
55751 333 
56368 313 
56750 271 
58223 213 
58784 19 
59729 254 
60144 680 
60893 300 
60957 157 
60991 451 
61012 1977 
61448 18 
62055 319 
62109 451 
62175 3491 
62530 195 
63138 91 
63237 176 
63739 80 
63933 549 
64212 2011 
64243 227 
64671 292 
65491 220 
66122 17 
66414 46 
67472 49 
67754 5354 
67886 81 
69340 19 
69454 87 
69598 4 
70313 55 
70498 951 
70498 951 
70499 145 
70499 145 
70551 286 
70576 205 
70801 272 
71448 619 
71864 40 
72061 83 
73245 268 
73271 23 
73281 165 
73410 59 
73479 42 
73617 45 
73927 75 
73937 45 
74008 63 
74118 83 
74312 144 
74356 71 
75475 142 
75549 59 
75596 259 
75708 1053 
75713 1685 
75728 121 
75732 120 
75733 618 
75733 268 
75735 294 
75743 772 
75752 250 
75754 105 
75765 27 
75774 215 
75776 104 
75778 800 
75785 39 
75786 576 
75793 132 
75795 227 
75812 48 
75814 268 
75844 354 
75859 403 
75861 133 
75862 424 
75872 741 
75876 464 
75890 1054 
75893 773 
75910 165 
75945 905 
75953 353 
75982 603 
75992 55 
75999 83 
76003 22 
76054 271 
76062 60 
76161 218 
76194 455 
76214 60 
76218 84 
76240 434 
76250 91 
76272 66 
76323 644 
76388 462 
76407 170 
76438 825 
76483 221 
76509 508 
76582 134 
76583 334 
76607 27 
76882 376 
77002 281 
77095 25 
77178 146 
77213 26 
77216 69 
77389 207 
77409 212 
77500 75 
77577 75 
77628 1827 
77906 64 
78133 136 
78191 56 
78197 333 
78210 1206 
78213 63 
78222 338 
78233 143 
78249 588 
78252 61 
78262 367 
78289 480 
78299 480 
78302 3038 
78305 258 
78305 228 
78322 322 
78337 133 
78342 205 
78352 72 
78372 83 
78387 90 
78387 57 
78395 81 
78559 71 
78559 495 
78600 254 
78646 129 
78691 147 
78806 320 
78893 518 
79014 136 
79041 97 
79192 192 
79332 361 
79336 223 
79349 55 
79382 165 
79457 142 
79459 114 
79509 995 
79759 326 
79819 139 
79885 57 
80141 112 
80379 89 
80541 253 
83763 10028 
83904 61 
84322 202 
84621 293 
85091 686 
85166 509 
85232 150 
85376 17 
85553 73 
85625 184 
85764 641 
85832 631 
85908 100 
86076 1211 
86832 199 
88050 90 
88095 70 
88238 67 
88533 44 
89437 275 
89609 105 
90965 216 
92039 85 
92720 118 
92766 118 
92805 99 
92913 27 
94215 304 
94364 108 
94581 118 
94605 47 
96023 1719 
96882 189 
97864 106 
99148 58 
99259 841 
99568 552 
99623 470 
99681 219 
99682 117 
99791 225 
99840 663 
99892 146 
100006 354 
100404 372 
101254 2477 
101544 128 
102235 132 
102562 102 
102692 182 
102961 402 
102986 332 
103027 65 
103777 278 
104611 338 
104693 72 
104706 517 
104958 21 
106429 525 
106889 145 
107546 186 
108274 207 
108573 158 
108874 980 
108899 193 
109255 444 
109299 405 
112332 214 
112473 6 
112500 185 
112677 426 
114480 149 
114705 458 
114852 11 
115810 43 
116100 532 
117058 113 
117176 260 
117213 189 
117509 38 
117971 73 
118727 20 
118800 84 
119023 96 
124160 195 
125239 191 
132371 207 
133733 33 
133733 33 
136545 93 
139003 237 
140986 710 
145706 663 
146134 342 
146134 342 
147522 354 
148546 94 
148593 242 
149433 26 
154652 18 
156632 89 
156809 893 
158054 136 
158074 671 
159210 134 
159505 516 
160995 409 
161197 121 
162175 147 
163970 164 
164464 941 
165587 223 
165783 1049 
165975 340 
166803 46 
167441 145 
168247 223 
168307 43 
168313 1276 
169161 25 
170227 215 
170936 459 
173307 277 
173647 215 
175139 447 
175934 97 
177913 265 
179069 149 
179335 218 
179336 218 
179506 203 
180662 47 
181240 99 
183370 181 
183679 209 
183706 39 
184383 270 
184736 251 
184952 330 
184970 209 
185050 224 
185980 57 
186061 831 
186163 305 
186344 99 
186712 195 
186724 195 
187689 1213 
189061 162 
189232 1111 
189281 54 
191139 212 
191689 259 
191764 347 
192444 378 
193210 185 
193692 29 
193800 111 
195020 81 
195456 203 
196535 367 
197468 90 
197849 1946 
201776 33 
203105 32 
204367 210 
204589 90 
206566 103 
217067 130 
217163 91 
219380 23 
219898 30 
221904 125 
222321 11 
224781 396 
226601 120 
231665 122 
232170 776 
233586 222 
233660 2049 
234570 41 
235330 94 
247202 677 
247562 410 
247591 121 
248541 221 
249944 18 
250779 116 
251488 17 
251726 481 
252356 147 
252846 943 
254586 956 
255142 118 
256990 773 
259982 84 
260044 172 
265023 59 
265149 195 
266332 20 
269748 1204 
270680 263 
273077 48 
273999 245 
274000 166 
274087 214 
274111 407 
274141 239 
274199 135 
274357 297 
274403 254 
274697 122 
275229 931 
275328 367 
275344 317 
275483 188 
275585 41 
275842 71 
276000 133 
276381 151 
276414 1331 
276901 667 
278580 63 
279082 770 
279591 784 
279742 102 
281274 71 
281587 685 
282673 175 
282818 429 
283596 202 
283621 416 
283710 183 
284389 337 
284576 134 
284597 163 
285478 354 
287326 9 
289038 355 
291445 66 
291804 376 
294235 39 
299366 104 
304579 990 
304838 480 
305524 95 
306540 54 
306694 266 
307537 359 
312748 46 
314809 164 
317337 212 
318849 835 
319516 102 
326264 59 
326839 42 
327983 337 
334332 134 
334340 48 
334353 136 
334355 55 
334389 93 
334408 138 
334467 159 
334481 292 
334565 377 
334572 506 
334578 122 
334610 43 
334629 77 
335014 300 
335129 178 
335276 214 
335618 327 
336042 96 
338439 263 
339392 334 
340089 119 
342613 413 
343718 132 
345429 586 
345775 50 
345904 22 
346267 657 
347924 29 
350283 837 
350948 1412 
351204 322 
354567 186 
360316 280 
363200 468 
364014 71 
366562 72 
367762 23 
368609 804 
368617 292 
369139 592 
370031 40 
370806 53 
370983 17 
371176 194 
377058 1150 
377103 227 
379700 14 
381322 531 
382676 2497 
382903 320 
383240 65 
384763 455 
384957 61 
403801 72 
405901 159 
410448 1213 
411818 264 
412081 230 
412669 104 
416922 464 
417458 1272 
421881 71 
422842 1296 
426283 82 
433454 312 
435171 131 
435536 390 
436455 483 
438551 7 
438661 215 
440343 80 
440464 232 
442331 105 
442787 323 
442836 65 
442963 214 
443074 126 
443484 203 
443653 327 
445738 516 
446201 42 
446889 52 
447504 96 
447983 67 
448301 202 
449814 186 
452230 353 
453092 744 
453666 2175 
455150 29 
456062 114 
458187 923 
460068 87 
463221 1041 
468737 128 
490039 153 
492583 256 
496297 302 
507884 144 
515853 242 
516128 302 
516365 182 
517757 238 
527160 435 
527266 185 
529386 160 
530029 218 
537530 305 
537569 29 
547469 80 
549566 133 
572664 62 
573420 538 
573991 130 
581430 174 
582603 138 
586764 226 
588934 802 
590861 136 
597810 390 
599188 46 
599378 85 
601251 198 
