5557 6.38986111111
0 2648232 
7 215 
10 361 
11 2429 
11 1858 
12 145 
13 111 
16 361 
17 835 
17 190 
17 580 
18 189 
21 132 
24 1280 
24 338 
24 31 
25 98 
33 536 
33 78 
34 236 
34 24 
41 9 
43 247 
43 44 
43 57 
43 929 
44 57 
45 352 
45 409 
46 103 
48 12 
49 277 
49 190 
49 112 
50 389 
50 24 
50 20 
52 42 
52 32 
53 215 
53 153032 
55 77 
56 1 
57 5 
57 50 
60 49 
61 477 
61 163 
61 67 
61 157 
61 73 
62 393 
63 190 
64 487 
64 26 
64 37 
65 167 
65 46 
66 391 
66 97 
66 2747 
66 826 
67 217 
68 88 
68 311 
68 163 
69 48 
69 312 
69 74 
70 927 
70 148 
72 23 
73 34 
73 39 
73 505 
73 282 
74 370 
75 10 
75 904 
76 32 
77 42 
77 303 
77 50 
79 59 
79 22 
79 114 
79 660 
80 260 
80 173 
81 606 
81 41 
81 129 
81 1084 
83 46 
84 334 
84 28 
84 130 
85 10 
86 8 
86 18 
86 284 
87 94 
87 60 
88 54 
88 247 
90 37 
91 177 
91 117 
91 49 
91 67 
91 82 
92 48 
92 48 
92 308 
93 33 
93 668 
93 217 
93 23 
95 24 
95 1 
95 25 
95 206 
95 123 
97 134 
97 3 
97 527 
98 30 
98 2160 
99 57 
100 6 
100 50 
101 157 
102 60 
102 278 
103 57 
103 120 
104 397 
105 122 
107 89 
108 223 
108 92 
108 968 
108 110 
108 27 
109 200 
109 170 
110 88 
110 227 
111 110 
111 2205 
112 19 
112 177 
113 309 
114 106 
114 689 
114 134 
115 291 
115 194 
117 126 
117 378 
117 155 
118 218 
119 642 
119 270 
119 299 
120 71 
120 134 
121 64 
122 272 
122 59 
122 285 
123 124 
124 37 
124 12886 
125 1394 
125 31 
126 427 
126 194 
126 83 
128 2175 
128 29 
129 4 
130 162 
131 720 
131 6077 
132 168 
132 148 
133 6 
133 150 
134 221 
134 16 
135 219 
135 718 
136 241 
137 57 
137 76 
138 34 
138 13 
138 28 
138 946 
138 407 
139 153 
140 155 
140 104 
141 75 
141 424 
141 117 
142 416 
144 48 
144 3 
145 32 
145 17 
146 25 
147 182 
147 452 
147 163 
149 15 
150 167 
150 124 
150 152 
150 48 
151 9 
151 51 
151 279 
153 7139 
154 29 
155 5 
155 441 
155 68 
156 82 
157 28 
158 713 
159 43 
159 101 
159 8 
160 214 
161 182 
163 1289 
164 736 
165 133 
166 15 
166 112 
168 779 
168 220 
168 34 
169 27 
169 116 
169 22 
170 29 
171 160 
171 599 
172 43 
172 112 
172 32 
172 29 
173 37 
174 181 
175 445 
176 180 
178 159 
178 81 
178 444 
180 351 
180 57 
181 246 
181 757 
182 128 
182 862 
182 59 
182 102 
182 80 
183 73 
185 43 
186 21 
187 109 
187 20 
189 171 
189 312 
190 59 
190 43 
190 167 
190 370 
191 175 
192 70 
193 91 
193 854 
193 69 
193 43 
193 13 
193 198 
194 72 
194 193 
194 26 
196 47 
196 269 
197 55 
197 318 
198 16 
198 143 
198 344 
199 322 
199 66 
200 8 
200 42 
202 97 
205 23 
208 67 
212 32 
213 11 
214 66 
215 445 
216 662 
216 46 
216 191 
217 165 
219 43 
220 120 
221 71 
221 728 
221 32 
221 68 
223 3 
223 3 
225 108 
225 488 
225 113 
227 48 
227 295 
228 504 
229 44 
229 87 
230 116 
231 235 
231 9 
232 351 
233 56 
235 6 
235 17 
236 60 
236 43 
237 86 
238 351 
238 37 
239 208 
241 131 
242 160 
247 136 
249 503 
250 83 
250 16 
250 327 
250 178 
251 134 
256 325 
257 478 
260 83 
261 46 
261 19 
261 41 
264 1785 
266 92 
266 4 
266 46 
266 148 
267 249 
267 13 
268 14 
270 34 
270 34 
271 820 
271 478 
274 255 
276 213 
276 57 
278 463 
280 144 
281 37 
282 38 
283 34 
283 17 
283 104 
284 427 
285 460 
286 15 
288 3 
289 39 
291 120 
291 151 
291 190 
292 243 
293 126 
294 23 
294 29 
295 870 
295 233 
295 17159 
297 26 
297 83 
298 39 
301 170 
302 70 
302 608 
304 16 
305 3 
305 53 
308 120 
308 42 
310 14 
310 15 
314 53 
314 38 
316 190 
317 14 
317 149 
318 86 
318 262 
319 119 
322 267 
323 90 
324 66 
325 13 
325 41 
325 14 
326 520 
326 374 
327 65 
327 665 
328 100 
328 146 
328 217 
329 1 
329 98 
333 1268 
333 31 
337 52 
339 5 
340 55 
341 83 
341 275 
342 19 
342 139 
343 21 
344 114 
345 136 
348 53 
352 488 
353 237 
354 39 
354 345 
354 172 
357 291 
364 44 
366 155 
367 98 
367 222 
372 113 
374 111 
375 185 
375 267 
376 41 
377 84 
378 236 
379 169 
382 7168 
382 88 
383 26 
384 285 
387 191 
388 40 
388 191 
388 26 
389 46 
391 64 
391 14 
392 41 
392 53 
393 20 
394 192 
394 601 
394 420 
395 76 
395 155 
396 215 
398 94 
398 3 
399 49 
401 34 
403 565 
404 82 
404 17 
406 0 
406 22 
407 83 
407 80 
408 18 
408 29 
410 51 
411 45 
412 5 
412 246 
414 65 
415 655 
415 554 
415 106 
415 68 
416 28 
418 126 
418 140 
418 280 
419 8 
420 306 
421 94 
424 289 
424 114 
424 179 
425 201 
426 131 
428 70 
428 126 
432 57 
432 4835 
433 1720 
433 29 
434 26 
434 615 
435 21 
435 1426 
436 40 
436 8 
437 572 
438 28 
438 467 
440 203 
440 173 
441 204 
442 120 
445 1664 
446 15 
446 112 
447 641 
447 89 
449 113 
451 362 
451 145 
453 94 
458 110 
463 25 
465 8 
468 36 
472 135 
472 6 
473 62 
475 10 
477 120 
477 142 
479 126 
479 161 
479 102 
483 186 
484 64 
486 160 
488 55 
489 580 
491 33 
493 5 
494 127 
495 81 
496 94 
497 23 
499 30 
499 34 
500 680 
501 215 
502 39 
506 168 
507 97 
507 121 
511 427 
512 131 
513 117 
514 167 
514 24 
515 82 
516 154 
517 51 
517 53 
518 27 
523 135 
523 2249 
524 15 
528 251 
529 43 
532 67 
532 193 
533 124 
537 75 
538 38 
540 44 
541 497 
542 352 
542 330 
544 50 
544 25 
545 134 
549 52 
550 79 
551 1 
552 27 
553 41 
554 30 
555 30 
555 1723 
555 105 
557 21 
558 391 
560 41 
560 34 
560 188 
561 4 
562 86 
566 12 
566 86 
568 91 
570 14 
570 26 
571 176 
572 722 
574 21 
576 61 
577 143 
577 10 
581 31 
582 32 
585 154 
585 198 
586 1084 
587 56 
590 244 
590 164 
592 242 
593 43 
595 38 
599 707 
602 277 
603 75 
604 329 
605 116 
606 61 
606 11 
607 65 
611 1331 
612 112 
613 48 
617 93 
618 330 
619 69 
622 114 
622 47 
625 266 
626 446 
628 4 
629 474 
630 193 
637 601 
639 13 
646 63 
646 14 
647 8 
647 38 
648 8 
650 198 
651 74 
652 53 
652 10 
653 11 
657 196 
657 148 
660 18 
664 50 
664 187 
666 154 
666 212 
666 104 
669 41 
670 163 
672 58 
672 852 
673 103 
676 69 
676 358 
680 0 
680 34 
680 10 
680 1782 
681 4 
685 23 
685 39 
686 41 
690 3 
690 333 
691 15 
692 172 
692 24 
693 30 
699 849 
701 77 
701 15 
705 82 
712 146 
712 32 
712 40 
716 27 
716 140 
717 81 
717 7 
718 1709 
720 176 
724 53 
730 76 
730 505 
732 48 
734 141 
736 7 
738 130 
740 1002 
741 2 
747 1012864 
747 14 
753 26 
756 49 
756 111 
763 48 
763 54 
766 653 
767 54 
767 1569 
767 36 
768 50 
770 143 
771 126 
773 5 
773 114 
775 180 
779 2 
780 54 
785 405 
785 9 
786 135 
786 504 
791 96 
792 151 
795 63 
795 86 
795 163 
796 151 
797 140 
798 39 
800 23 
801 238 
802 381 
802 342 
804 9 
806 146 
807 135 
807 4 
808 102 
809 6 
811 225 
813 59 
814 91 
816 73 
817 68 
818 202 
818 188 
819 262 
819 144 
826 57 
827 58 
830 16 
831 103 
835 87 
838 111 
839 264 
839 12 
841 53 
841 16 
842 10 
844 34 
845 82 
846 148 
848 191 
849 13 
850 1 
851 67 
856 92 
861 36 
861 99 
863 50 
866 12 
866 119 
868 92 
869 79 
872 125 
873 110 
876 425 
878 18 
880 48 
882 20 
882 9 
882 587 
883 114 
885 534 
886 259 
891 55 
896 22 
900 1651 
902 8 
903 63 
903 29 
907 439 
907 51 
908 294 
911 56 
912 8 
914 99 
916 46 
918 26 
923 26 
925 79 
930 439 
931 90 
933 112 
934 24 
936 157 
938 14 
939 61 
944 34430 
945 0 
946 703 
948 85 
950 85 
952 84 
954 14 
958 11 
958 497 
961 53 
964 37 
969 41 
971 139 
971 304 
972 204 
974 148 
981 13 
981 798 
982 43 
984 176 
985 34 
986 53 
987 310 
988 56 
989 49 
995 648 
997 1094 
998 13 
999 4 
1000 97 
1002 36 
1006 157 
1009 37 
1011 68 
1014 64 
1015 0 
1016 38 
1016 2 
1025 25 
1027 5 
1029 127 
1031 59 
1037 264 
1038 325 
1039 15471 
1039 516 
1043 26 
1045 331 
1053 64 
1054 211 
1055 358 
1059 225 
1063 125 
1063 32 
1064 76 
1066 20 
1067 4 
1069 6 
1069 10 
1069 62 
1069 115 
1070 96 
1070 523 
1071 232 
1071 48 
1071 16 
1075 655 
1076 2 
1077 16 
1079 88 
1081 45 
1088 28 
1093 75 
1094 703 
1094 58 
1099 8 
1100 56 
1102 102 
1107 122 
1108 798 
1109 49 
1110 103 
1111 50 
1112 379 
1115 203 
1120 27 
1127 379 
1128 4937 
1130 19699 
1130 23 
1130 12 
1132 20 
1134 244 
1135 25 
1139 12 
1139 1074 
1139 72 
1140 41 
1140 651 
1143 138 
1143 174 
1145 114 
1147 106 
1148 101 
1151 172 
1155 499 
1159 25 
1164 18 
1172 38 
1173 238 
1177 92 
1178 710 
1180 4 
1180 78 
1184 59 
1188 56 
1193 77 
1196 7 
1197 39 
1197 456 
1199 98 
1200 70 
1202 364 
1203 338 
1210 64 
1211 275 
1212 1631 
1212 5 
1213 1318 
1214 56 
1223 15 
1224 34 
1226 87 
1226 515 
1226 361 
1228 202 
1229 69 
1230 36 
1231 18 
1232 434 
1232 125 
1233 69 
1235 1619 
1236 129 
1237 9 
1243 191 
1244 136 
1245 410 
1246 363 
1248 141 
1251 13 
1255 1410 
1255 157 
1256 21 
1258 55 
1263 54 
1264 24 
1266 240 
1273 831 
1275 30 
1281 157 
1286 529 
1290 9 
1292 156 
1296 27 
1297 35 
1298 116 
1298 8 
1299 17 
1299 160 
1301 45 
1302 17 
1305 71 
1306 5 
1308 84 
1314 4607 
1314 37 
1315 234 
1315 240 
1318 110 
1322 36 
1324 152 
1324 97 
1326 112 
1327 89 
1329 7 
1330 108 
1335 26 
1335 222 
1335 67 
1336 17 
1336 14 
1336 15 
1345 3 
1347 1294 
1351 11 
1352 19 
1353 14 
1354 4594 
1355 20 
1356 2 
1361 135 
1364 47 
1366 466 
1369 153 
1375 13 
1379 85 
1382 121 
1383 3 
1385 28 
1388 55 
1390 55 
1391 142 
1393 206 
1396 55 
1397 135 
1397 1034 
1407 13 
1414 8 
1414 208 
1421 65 
1423 63 
1426 19 
1429 110 
1429 48 
1429 189 
1430 599 
1431 35 
1434 360 
1434 118 
1437 93 
1440 26 
1441 2803 
1441 39 
1446 61 
1446 35 
1449 194 
1450 185 
1451 70 
1452 7 
1454 407 
1457 8 
1458 22 
1459 114 
1463 139 
1463 402 
1466 57 
1466 42 
1473 97 
1475 157 
1476 332 
1477 26 
1487 307 
1489 7 
1490 34 
1492 25 
1496 90 
1499 159 
1499 126 
1501 18 
1501 71 
1503 58 
1508 48 
1509 268 
1510 168 
1512 33 
1517 236 
1519 36 
1520 47 
1536 21 
1537 199 
1537 78 
1540 458 
1541 27 
1541 16 
1547 205 
1558 64 
1560 84 
1568 54 
1571 9 
1573 341 
1574 24 
1583 26 
1586 6208 
1587 405 
1595 49 
1597 6 
1601 12039 
1608 52 
1609 16 
1610 194 
1611 74 
1613 29 
1614 64 
1614 213 
1615 595 
1617 13 
1618 737 
1621 12 
1625 5 
1626 12 
1628 118 
1630 32 
1630 85 
1633 156 
1633 109 
1636 7 
1637 18 
1638 34 
1641 47 
1641 12 
1645 145 
1652 15 
1656 38 
1658 1020 
1662 65 
1664 25 
1664 1077 
1668 288 
1669 15 
1671 346 
1674 30 
1680 75 
1682 118 
1683 396 
1684 69 
1688 58 
1689 4 
1693 509 
1698 294 
1699 974 
1700 7 
1700 3 
1702 399 
1704 87 
1711 212 
1712 7 
1713 847 
1716 86 
1718 281 
1722 61 
1724 50 
1731 26 
1734 153 
1735 33 
1738 96 
1742 38 
1743 32 
1748 40 
1749 7 
1759 107 
1759 338 
1760 5 
1760 39 
1771 86 
1775 12 
1775 21 
1780 15 
1787 7 
1788 7 
1794 421 
1795 787 
1796 87 
1802 463 
1811 474 
1811 8 
1817 1291 
1818 16 
1822 10 
1822 37 
1826 370 
1827 18 
1827 80 
1828 2493 
1830 250 
1832 119 
1834 29 
1838 35 
1838 31 
1839 225 
1846 1714 
1864 119 
1867 58 
1868 91 
1869 30 
1870 52 
1875 63 
1877 534 
1885 52 
1887 14 
1890 46 
1890 47 
1891 44 
1895 30 
1903 2254 
1905 25 
1907 28 
1908 38 
1909 16 
1911 812 
1916 27 
1917 28 
1920 115 
1921 165 
1921 15 
1927 23 
1928 70 
1931 17 
1933 76 
1941 10 
1943 594 
1945 5 
1951 19 
1951 66 
1952 64 
1952 64 
1956 716 
1956 285 
1957 107 
1962 203 
1968 19 
1969 98 
1973 9 
1974 141 
1980 207 
1982 28 
1992 604 
1993 183 
1995 98 
1997 4 
2006 90 
2010 308 
2011 31 
2011 4 
2013 134 
2015 146 
2015 16 
2017 16 
2021 236 
2029 1706 
2035 13 
2035 56 
2038 52 
2046 13 
2047 88 
2049 368 
2052 17 
2056 17 
2062 12 
2063 121 
2064 272 
2066 84 
2074 266 
2075 252 
2076 5 
2076 34 
2077 220 
2077 74 
2078 57 
2094 268 
2095 33 
2096 89 
2098 27 
2098 12 
2105 8 
2112 84 
2114 305 
2119 92 
2120 114 
2124 43 
2129 113 
2132 226 
2135 90 
2137 111 
2145 299 
2147 222 
2155 11 
2155 10 
2165 2847 
2174 252 
2181 94 
2182 2 
2188 10 
2192 369 
2207 3697 
2209 4 
2219 215 
2221 223 
2224 329 
2226 213 
2226 50 
2229 102 
2231 133 
2231 8 
2236 72 
2243 187 
2244 73 
2246 130 
2247 4 
2251 9 
2255 216 
2268 114 
2269 52 
2270 26 
2271 96 
2272 9 
2274 103 
2276 101 
2289 17 
2290 76 
2301 18 
2316 141 
2325 40 
2325 135 
2327 60 
2331 154 
2333 82 
2336 39 
2337 32 
2337 246 
2337 22 
2340 45 
2342 876 
2343 8715 
2358 44 
2365 2887 
2367 101 
2369 311 
2371 8 
2375 112 
2377 17 
2379 59 
2383 557 
2384 62 
2385 16 
2386 346 
2388 17 
2398 15 
2399 375 
2400 39 
2401 160 
2403 33 
2404 59 
2405 63 
2405 687 
2408 65 
2410 80 
2412 119 
2412 118 
2416 295 
2421 11 
2426 94 
2431 20 
2433 22 
2434 22 
2435 1285 
2438 118 
2438 38 
2442 190 
2443 149 
2451 28 
2452 53 
2459 20 
2460 6 
2463 49 
2466 129 
2466 24 
2468 469 
2474 10 
2475 523 
2481 20 
2484 10 
2492 16 
2493 41 
2493 59 
2495 19 
2496 63 
2497 22 
2504 42 
2513 31 
2515 18 
2525 63 
2529 115 
2536 224 
2536 91 
2538 0 
2542 30 
2545 232 
2546 52 
2548 518 
2549 53 
2549 975 
2559 13 
2560 9 
2568 7 
2573 52 
2575 121 
2577 10 
2587 19 
2589 643 
2591 67 
2599 61 
2610 21 
2611 32 
2612 15 
2619 5 
2619 13 
2624 61 
2625 20 
2635 226 
2636 160 
2644 139 
2645 40 
2655 10 
2657 66 
2659 113 
2665 28 
2667 30 
2673 24 
2674 50 
2675 32 
2676 90 
2694 59 
2700 40 
2700 170 
2700 39 
2707 200 
2711 30 
2727 7 
2731 62 
2733 155 
2733 47 
2736 87 
2751 223 
2756 39 
2767 37 
2770 7 
2770 245 
2775 83 
2777 125 
2782 133 
2783 247 
2787 133 
2794 146 
2795 166 
2797 156 
2799 1761 
2799 27 
2801 102 
2804 61 
2809 69 
2820 396 
2824 73 
2830 43 
2832 74 
2834 333 
2839 28 
2842 740 
2847 61 
2848 76 
2850 18 
2856 16 
2865 1065 
2866 130 
2867 90 
2869 91 
2876 1099 
2880 97 
2881 151 
2885 105 
2903 16 
2906 107 
2910 35 
2914 166 
2919 29 
2926 12 
2936 753 
2938 58 
2944 28 
2945 52 
2956 979 
2960 40 
2966 181 
2966 31 
2977 54 
2978 287 
2979 2 
2982 3 
2990 38 
2991 185 
2996 168 
2997 0 
3001 45 
3003 58 
3014 23 
3018 103 
3043 16 
3053 715 
3057 33 
3061 65 
3078 34 
3087 66 
3090 157 
3091 338 
3103 24 
3105 409 
3105 32 
3110 25 
3112 6 
3113 146 
3114 40 
3115 73 
3119 355 
3126 62 
3130 37 
3133 206 
3134 18 
3152 152 
3154 40 
3156 33 
3161 28 
3165 39 
3168 118 
3168 1212 
3170 220 
3175 5 
3179 10 
3189 18 
3190 44 
3199 1 
3201 82 
3207 36 
3207 51 
3216 168 
3222 99 
3226 413 
3232 49 
3239 86 
3239 169 
3262 47 
3262 13 
3263 6 
3264 60 
3265 241 
3265 104 
3277 126 
3281 1316 
3282 38 
3285 40 
3286 105 
3287 72 
3298 37 
3301 15 
3302 49 
3308 34 
3309 90 
3313 98 
3325 53 
3331 298 
3340 14 
3344 59 
3348 16 
3349 24 
3354 0 
3355 226 
3358 15 
3359 16 
3363 106 
3374 4 
3378 53 
3387 403 
3394 16 
3395 735 
3396 21 
3398 95 
3398 155 
3404 25 
3406 156 
3406 224 
3412 30 
3413 112 
3417 27 
3418 18 
3420 44 
3425 109 
3430 14 
3434 211 
3448 71 
3451 94 
3458 92 
3458 34 
3458 424 
3459 151 
3468 126 
3474 7 
3490 40 
3497 64 
3505 373 
3508 26 
3509 82 
3512 44 
3512 6 
3515 180 
3517 3 
3531 16 
3532 114 
3536 23 
3541 137 
3548 16 
3555 494 
3562 117 
3562 53 
3573 8 
3573 10 
3579 33 
3581 39 
3585 145 
3586 20 
3592 36 
3592 115 
3593 64 
3596 34 
3604 39 
3606 92 
3610 723 
3612 14 
3612 31 
3615 22 
3616 82 
3624 444 
3627 20 
3628 60 
3630 38 
3630 44 
3634 84 
3635 211 
3639 4833 
3642 123 
3642 78 
3646 10 
3651 425 
3652 24 
3659 43 
3663 311 
3673 9 
3696 34 
3697 7 
3700 24 
3705 259 
3711 771 
3716 18 
3718 8 
3719 146 
3727 29 
3731 174 
3737 81 
3744 75 
3754 373 
3762 43 
3766 1535 
3773 329 
3773 59 
3782 41 
3789 5 
3792 35 
3793 33 
3794 39 
3797 82 
3801 133 
3804 162 
3810 97 
3818 27 
3825 38 
3830 33 
3836 24 
3841 73 
3842 38 
3844 3 
3844 36 
3852 128 
3859 19 
3865 87 
3867 7 
3871 84 
3881 74 
3884 179 
3886 11 
3910 13 
3912 14 
3913 329 
3918 42 
3947 75 
3950 2 
3951 19 
3966 310 
3984 29 
4002 8 
4003 25 
4013 115 
4018 14 
4022 19 
4038 2 
4039 15 
4042 34 
4048 115 
4057 56 
4058 19 
4062 162 
4066 35 
4076 49 
4088 6 
4090 82 
4097 30 
4107 99 
4114 4 
4120 4 
4128 171 
4129 21 
4131 14 
4135 18 
4136 319 
4139 21 
4140 2 
4140 36 
4143 11 
4146 52 
4150 36 
4156 35 
4161 68 
4166 78 
4168 132 
4179 72 
4188 128 
4192 325 
4200 86 
4201 150 
4202 1 
4203 5 
4206 30 
4225 36 
4241 19 
4244 2487 
4260 15 
4261 16 
4263 85 
4267 41 
4271 15 
4300 83 
4306 416 
4323 45 
4336 26 
4337 128 
4340 1053 
4347 89 
4347 89 
4349 8 
4349 8 
4350 52 
4350 52 
4351 564 
4351 564 
4369 29 
4369 29 
4370 681 
4370 681 
4375 13 
4375 13 
4377 191 
4377 191 
4379 5 
4379 5 
4381 52 
4381 52 
4382 194 
4382 194 
4383 171 
4383 171 
4423 129 
4423 129 
4424 226 
4424 226 
4434 440 
4434 111 
4434 440 
4434 111 
4437 2 
4437 2 
4439 97 
4443 130 
4451 33 
4452 45 
4456 62 
4459 19 
4460 120 
4462 17 
4480 266 
4485 292 
4490 10 
4492 201 
4492 81 
4499 31 
4509 9 
4509 65 
4518 40 
4521 31 
4524 29 
4526 32 
4531 31 
4533 64 
4539 211 
4543 12 
4543 64 
4544 655 
4556 6 
4559 129 
4564 11 
4572 118 
4572 163 
4575 275 
4587 15 
4593 30 
4596 5 
4603 101 
4603 88 
4609 21 
4614 59 
4619 200 
4620 21 
4623 16 
4630 159 
4632 20 
4633 209 
4651 75 
4654 139 
4658 56 
4659 70 
4668 6 
4672 218 
4673 233 
4676 6 
4682 20 
4689 65 
4692 58 
4692 21 
4694 62 
4698 50 
4708 15 
4709 134 
4709 17 
4710 87 
4711 50 
4727 68 
4727 38 
4728 19 
4731 44 
4735 315 
4747 36 
4752 83 
4757 230 
4758 26 
4765 107 
4767 253 
4768 196 
4769 5 
4771 63 
4775 205 
4798 7 
4800 72 
4807 61 
4809 22 
4809 294 
4821 336 
4843 32 
4844 30 
4848 36 
4848 27 
4849 52 
4857 32 
4861 51 
4866 31 
4868 7 
4868 13 
4874 21 
4875 26 
4879 1162 
4881 8 
4890 144 
4893 15 
4894 5 
4898 67 
4900 24 
4907 1234 
4908 26 
4911 15 
4916 520 
4919 76 
4920 236 
4933 58 
4939 15 
4941 27 
4941 626 
4949 4 
4970 83 
4972 803 
4976 1022 
4984 58 
4989 25 
5003 116 
5008 9 
5018 55 
5023 3 
5026 45 
5044 59 
5050 75 
5051 63 
5052 10 
5061 243 
5068 27 
5080 3 
5084 45 
5084 391 
5096 214 
5104 47 
5107 46 
5117 251 
5121 160 
5127 29 
5135 430 
5138 3 
5139 13 
5140 17 
5146 2 
5158 25 
5160 40 
5165 134 
5166 76 
5167 0 
5168 23 
5196 17 
5199 14 
5201 32 
5204 16 
5204 163 
5207 106 
5208 13 
5212 41 
5215 569 
5222 40 
5224 202 
5228 36 
5229 181 
5232 140 
5240 388 
5242 2 
5247 167 
5249 228 
5264 182 
5280 589 
5285 20 
5286 74 
5298 0 
5304 462 
5316 20 
5316 27 
5326 47 
5329 152 
5336 49 
5348 20 
5349 101 
5349 6 
5349 623 
5355 2 
5355 114 
5356 113 
5370 59 
5374 4 
5378 61 
5379 114 
5382 100 
5392 295 
5394 126 
5399 81 
5401 32 
5401 398 
5404 8 
5425 18 
5426 32 
5436 29 
5442 16 
5446 134 
5447 11 
5449 9 
5452 49 
5455 28 
5455 60 
5457 39 
5462 4985 
5462 41 
5474 3 
5481 89 
5487 15 
5491 22 
5492 1514 
5493 1 
5498 19 
5498 7 
5503 203 
5511 4 
5511 414 
5517 19 
5521 120 
5526 24 
5538 13 
5545 65 
5546 56 
5549 56 
5553 130 
5553 726 
5567 2014 
5567 75 
5578 17 
5583 8 
5586 16 
5587 60 
5607 11 
5608 8 
5610 2 
5611 184 
5612 48 
5626 12 
5638 79 
5639 24 
5647 120 
5675 20 
5679 68 
5683 488 
5684 14 
5690 73 
5698 47 
5720 125 
5723 247 
5730 1050 
5742 219 
5743 17 
5746 13 
5753 55 
5754 129 
5757 40 
5761 11 
5773 247 
5775 426 
5790 643 
5791 47 
5803 7 
5808 78 
5815 35 
5821 54 
5822 68 
5822 29 
5823 1073 
5826 22 
5827 98 
5836 53 
5843 208 
5860 19 
5861 107 
5870 208 
5885 69 
5885 60 
5887 43 
5892 37 
5896 23 
5902 50 
5905 31 
5912 199 
5914 458 
5916 88 
5918 104 
5918 19 
5925 13 
5932 1 
5933 123 
5941 27 
5946 20 
5958 34 
5960 12 
5964 3 
5966 99 
5975 71 
5985 12 
5988 50 
5990 5 
5991 199 
5993 13 
6000 73 
6005 24 
6008 56 
6009 59 
6014 489 
6022 18 
6024 47 
6032 228 
6039 75 
6045 41 
6049 8 
6059 34 
6059 69 
6064 15 
6070 79 
6074 9 
6077 32 
6083 115 
6089 159 
6094 6 
6098 60 
6098 795 
6099 37 
6101 32 
6107 83 
6108 27 
6112 19 
6113 48 
6115 5 
6116 63 
6119 4 
6120 37 
6126 8 
6127 894 
6131 13 
6135 29 
6143 46 
6157 1780 
6163 120 
6175 346 
6176 62 
6178 139 
6180 91 
6191 83 
6196 893 
6198 113 
6213 617 
6220 29 
6221 147 
6225 446 
6231 26 
6243 28 
6246 56 
6257 7 
6261 6 
6269 359 
6276 142 
6293 34 
6294 226 
6298 13 
6302 16 
6308 659 
6322 92 
6323 15 
6323 30 
6324 87 
6326 48 
6326 17 
6331 733 
6356 6 
6359 43 
6363 222 
6369 30 
6369 113 
6370 0 
6372 49 
6381 8 
6383 51 
6388 9 
6391 54 
6396 1216 
6400 15470 
6406 304 
6408 185 
6415 70 
6421 5 
6422 52 
6434 3 
6440 136 
6450 98 
6461 92 
6477 6 
6479 57 
6480 28 
6486 12 
6495 67 
6496 6 
6497 7 
6499 12 
6503 24 
6508 44 
6513 199 
6516 18 
6531 42 
6532 292 
6544 14 
6547 197 
6565 182 
6578 34 
6579 325 
6585 35 
6590 900 
6594 104 
6602 7 
6604 16 
6608 10 
6616 120 
6618 209 
6618 192 
6623 149 
6626 1482 
6627 70 
6645 19 
6652 266 
6654 28 
6662 101 
6663 25 
6663 190 
6663 1 
6668 520 
6671 41 
6676 31 
6682 5 
6683 3698 
6690 9 
6697 7 
6698 39 
6701 49 
6705 273 
6722 331 
6724 205 
6727 4 
6729 53 
6731 10 
6732 37 
6736 88 
6737 23 
6737 27 
6738 27 
6743 80 
6744 100 
6750 41 
6755 28 
6760 382 
6765 47 
6768 2 
6769 7 
6772 14 
6774 42 
6780 3 
6784 40 
6789 17 
6790 3 
6795 32 
6796 30 
6803 148 
6808 87 
6810 35 
6821 16 
6823 21 
6830 9 
6839 598 
6846 56 
6866 154 
6869 81 
6870 30 
6871 407 
6871 25 
6876 64 
6884 38 
6888 22 
6893 53 
6894 49 
6901 18 
6903 95 
6906 65 
6909 156 
6914 12 
6917 52 
6929 31 
6938 81 
6938 286 
6949 34 
6954 6 
6955 10 
6965 18 
6974 9 
6978 60 
6981 6 
6989 71 
6999 17 
7003 49 
7014 33 
7015 35 
7028 77 
7035 124 
7043 226 
7044 119 
7049 149 
7061 3 
7062 2849 
7062 108 
7064 23 
7073 29 
7075 160 
7086 28 
7090 58 
7099 11 
7112 147 
7120 110 
7121 45 
7126 1298 
7135 367 
7137 84 
7141 35 
7148 29 
7153 115 
7160 41 
7163 71 
7178 29 
7180 60 
7180 25 
7181 3 
7182 20 
7185 69 
7186 138 
7213 1 
7213 122 
7220 45 
7225 89 
7234 293 
7248 14 
7260 95 
7261 137 
7267 21 
7268 45 
7272 313 
7273 65 
7285 11 
7286 68 
7287 466 
7287 30 
7294 62 
7295 494 
7298 35 
7300 342 
7308 84 
7311 1 
7312 272 
7322 12 
7358 19 
7362 535 
7366 16 
7373 39 
7378 252 
7382 55 
7385 8 
7386 88 
7390 127 
7390 41 
7391 26 
7394 19 
7403 12 
7410 613 
7416 10 
7420 25 
7428 69 
7455 10 
7460 230 
7463 20 
7466 30 
7466 11 
7467 19 
7473 49 
7474 12 
7476 7 
7477 95 
7486 21 
7490 88 
7493 227 
7501 125 
7525 24 
7537 303 
7548 19 
7552 221 
7555 86 
7558 9 
7559 39 
7563 49 
7567 41 
7587 98 
7589 99 
7597 106 
7601 208 
7602 60 
7608 21 
7609 833 
7611 19 
7611 48 
7616 12 
7628 19 
7628 147 
7630 161 
7654 19 
7655 19 
7655 46 
7656 70 
7672 184 
7672 253 
7674 133 
7684 22 
7684 23 
7685 23 
7689 29 
7691 30 
7695 143 
7699 11 
7701 186 
7701 37 
7707 25 
7714 23 
7716 29 
7718 11 
7719 90 
7720 29 
7742 13 
7748 85 
7749 370 
7751 152 
7755 38 
7762 32 
7762 18 
7767 70 
7773 198 
7784 17 
7812 8 
7815 57 
7823 122 
7827 47 
7837 10 
7837 37 
7842 43 
7850 100 
7852 100 
7856 43 
7864 19 
7868 9 
7869 95 
7880 19 
7884 42 
7885 54 
7901 23 
7902 167 
7906 17 
7919 100 
7919 115 
7920 3457 
7924 25 
7924 13 
7955 11 
7964 28 
7980 23 
7980 967 
7981 10 
7983 33 
7983 32 
7987 155 
7989 30 
7995 114 
8009 62 
8011 3 
8014 77 
8016 101 
8017 31 
8022 292 
8024 18 
8037 5 
8045 140 
8046 7 
8048 101 
8048 172 
8052 41 
8061 12 
8070 52 
8070 84 
8072 13 
8079 229 
8084 318 
8088 5 
8099 18 
8100 73 
8103 104 
8109 75 
8118 9 
8120 13 
8133 316 
8142 32 
8142 138 
8143 40 
8145 41 
8149 147 
8151 34 
8158 83 
8164 202 
8167 29 
8186 17 
8198 163 
8212 183 
8213 49 
8225 14 
8248 14 
8272 8 
8273 16 
8289 24 
8292 221 
8298 142 
8302 10 
8302 110 
8303 7 
8305 26 
8310 211 
8314 107 
8330 12 
8337 100 
8339 18 
8343 14 
8343 25 
8367 7 
8371 9 
8373 663 
8374 15 
8378 44 
8378 21 
8379 9 
8385 110 
8403 24 
8420 12 
8427 5 
8434 536 
8450 310 
8474 36 
8476 52 
8488 47 
8496 69 
8498 97 
8500 40 
8519 6 
8520 69 
8527 44 
8538 33 
8545 24 
8548 29 
8548 74 
8560 487 
8561 55 
8567 2879 
8589 213 
8594 88 
8601 34 
8605 123 
8614 34 
8624 788 
8626 42 
8633 46 
8635 7 
8637 30 
8644 31 
8649 18 
8651 8 
8668 281 
8680 0 
8695 63 
8700 113 
8704 12 
8709 56 
8732 13 
8736 114 
8739 2759 
8769 272 
8770 71 
8778 309 
8779 57 
8779 260 
8792 224 
8809 45 
8810 6012 
8814 9 
8834 11 
8835 53 
8845 206 
8855 12 
8862 6 
8874 18 
8875 136 
8878 33 
8881 542 
8890 29 
8890 42 
8918 185 
8927 21 
8939 81 
8952 230 
8957 14 
8958 5 
8961 111 
8964 38 
8966 81 
8967 631 
8988 61 
8998 9 
9002 87 
9015 30 
9017 145 
9025 195 
9042 64 
9047 37 
9049 28 
9057 42 
9060 4 
9063 427 
9079 73 
9083 95 
9085 300 
9095 216 
9098 111 
9108 8 
9111 102 
9130 9 
9130 37 
9136 97 
9142 46 
9142 563 
9146 95 
9147 26 
9185 40 
9204 40 
9208 32 
9212 26 
9214 234 
9216 12 
9217 7 
9223 6 
9249 34 
9250 134 
9265 28 
9267 68 
9274 29 
9283 122 
9288 36 
9300 429 
9301 20 
9301 2 
9311 180 
9320 203 
9324 2 
9337 44 
9343 29 
9358 12 
9379 45 
9381 80 
9382 6 
9384 1640 
9387 50 
9391 47 
9401 8 
9414 134 
9427 4 
9430 51 
9466 14 
9475 49 
9477 64 
9479 194 
9479 80 
9481 25 
9492 166 
9494 23 
9494 10 
9500 99 
9510 932 
9512 5 
9526 6 
9528 8 
9537 20 
9552 2 
9553 75 
9566 46 
9574 78 
9582 145 
9587 114 
9588 20 
9591 4 
9591 13 
9597 17 
9598 121 
9601 218 
9616 212 
9620 5 
9626 9 
9634 37 
9635 75 
9639 26 
9641 22 
9650 102 
9651 54 
9655 6 
9666 37 
9670 65 
9682 83 
9682 40 
9703 57 
9709 6 
9716 259 
9716 60 
9744 75 
9767 15 
9778 436 
9794 21 
9796 172 
9810 45 
9822 25 
9831 204 
9838 200 
9841 58 
9848 332 
9873 30 
9889 299 
9891 74 
9894 20 
9901 17 
9903 86 
9912 19 
9915 985 
9924 76 
9928 265 
9933 19 
9934 25 
9939 101 
9940 33 
9943 73 
9958 142 
9958 46 
9961 22 
9965 22 
9966 62 
9977 430 
9982 36 
9994 4790 
10003 2 
10008 121 
10018 51 
10021 50 
10041 78 
10044 9 
10052 102 
10053 14 
10053 1253 
10055 323 
10069 1511 
10073 13 
10078 19 
10081 14 
10082 135 
10083 332 
10099 6 
10100 20 
10100 7 
10117 103 
10130 32 
10132 47 
10133 174 
10145 15 
10145 7 
10157 28 
10167 32 
10167 8 
10169 86 
10171 54 
10176 206 
10178 99 
10183 30 
10185 28 
10187 7 
10188 859 
10204 27 
10216 137 
10244 9 
10250 34 
10252 4 
10253 57 
10254 61 
10255 13 
10273 26 
10285 8 
10302 39 
10309 84 
10325 74 
10334 593 
10339 300 
10340 18 
10344 28 
10345 7 
10346 72 
10347 13 
10367 19 
10369 29 
10371 92 
10373 13 
10378 134 
10381 51 
10383 27 
10391 244 
10395 130 
10413 96 
10416 32 
10419 43 
10434 4 
10441 20 
10444 23 
10459 13 
10460 25227 
10464 155 
10471 17 
10482 5 
10485 96 
10489 25113 
10495 43 
10503 129 
10518 2519 
10523 55 
10524 6 
10526 45 
10528 68 
10528 44 
10538 17 
10541 94 
10544 40 
10551 500 
10563 402 
10583 52 
10583 248 
10584 29 
10596 157 
10596 8 
10599 17 
10601 23 
10605 11 
10612 61 
10621 116 
10623 318 
10638 605 
10649 5 
10654 62 
10655 48 
10656 136 
10659 4 
10661 55 
10664 64 
10671 21 
10684 2 
10686 136 
10688 1594 
10699 46 
10699 122 
10721 481 
10723 32 
10725 31 
10747 63 
10747 157 
10754 24 
10756 130 
10760 275 
10765 8 
10771 14 
10779 147 
10787 68 
10797 8 
10799 13 
10803 27 
10811 64 
10817 9 
10818 34 
10830 88 
10836 107 
10838 32 
10840 26 
10840 103 
10841 451 
10844 52 
10848 1435 
10853 89 
10859 42 
10860 110 
10868 4 
10872 59 
10886 201 
10891 35 
10897 35 
10898 11 
10906 37 
10906 111 
10907 39 
10916 125 
10924 35 
10940 10 
10944 79 
10952 18 
10953 4 
10958 7 
10971 76 
10976 106 
10988 70 
11022 88 
11034 39 
11043 286 
11045 2 
11048 213 
11053 22 
11055 117 
11057 123 
11066 27 
11068 24 
11072 57 
11077 18 
11079 41 
11086 53 
11096 15 
11098 70 
11117 37 
11122 18 
11127 136 
11139 137 
11153 428 
11169 26 
11178 2 
11179 11 
11189 22 
11195 54 
11210 35 
11223 2 
11228 8 
11235 7 
11235 118 
11244 58 
11254 84 
11259 309 
11269 14 
11277 28 
11285 135 
11297 119 
11302 162 
11302 31 
11305 107 
11315 20 
11318 91 
11320 11 
11325 56 
11331 15 
11339 52 
11340 6 
11342 27 
11353 58 
11354 23 
11357 27 
11376 5 
11395 14 
11408 25 
11410 18 
11412 314 
11412 18 
11422 326 
11434 16 
11439 35 
11440 121 
11451 3321 
11456 295 
11461 458 
11467 125 
11473 242 
11479 21 
11495 18 
11498 45 
11502 312 
11502 154 
11503 6 
11505 34 
11506 21 
11515 127 
11523 30 
11532 1119 
11532 22 
11540 139 
11543 8 
11559 44 
11564 151 
11570 29 
11589 15 
11592 111 
11628 32 
11631 74 
11653 519 
11660 32 
11671 23 
11703 784 
11708 108 
11718 37 
11721 12 
11722 89 
11735 3 
11738 32 
11741 54 
11745 38 
11752 46 
11760 50 
11769 102 
11798 12 
11801 20 
11801 140 
11824 41 
11842 16 
11846 60 
11846 26 
11850 0 
11853 16 
11860 67 
11880 124 
11883 11 
11887 9 
11890 40 
11893 21 
11906 13 
11918 18 
11932 36 
11936 29 
11950 34 
11985 313 
11995 21 
12018 33 
12027 95 
12042 110 
12045 41 
12056 29 
12059 1056 
12063 81 
12063 100 
12071 18 
12072 3 
12086 20 
12092 141 
12120 52 
12142 323 
12157 7 
12158 1467 
12169 45 
12173 81 
12177 37 
12181 1 
12199 8 
12200 33 
12212 36 
12226 8 
12238 5 
12248 7 
12253 6 
12255 70 
12260 49 
12279 95 
12286 12 
12309 336 
12320 0 
12343 36 
12356 4 
12363 31 
12379 2 
12384 22 
12384 80 
12389 23 
12405 54 
12440 655 
12445 14 
12447 22 
12449 19 
12450 170 
12451 22 
12455 62 
12459 28 
12460 22 
12468 60 
12469 4 
12470 8842 
12484 91 
12500 12 
12501 58 
12508 149 
12525 60 
12541 17 
12542 15 
12546 43 
12551 46 
12553 20 
12578 201 
12586 32 
12592 45 
12594 121 
12613 192 
12651 76 
12651 2 
12655 122 
12667 70 
12668 7 
12681 35 
12682 337 
12707 49 
12731 77 
12734 66 
12741 51 
12749 194 
12750 96 
12756 25 
12767 1097 
12772 53 
12774 432 
12776 54 
12779 439 
12782 163 
12785 85 
12785 205 
12796 161 
12813 8 
12817 529 
12820 48 
12850 8623 
12857 24 
12870 87 
12876 33 
12888 54 
12889 1 
12891 82 
12895 72 
12898 32 
12899 245 
12904 23 
12905 40 
12905 70 
12906 36 
12911 68 
12911 34 
12915 20 
12917 4 
12917 56 
12920 6 
12928 67 
12948 96 
12950 276 
12957 15 
12969 24 
12970 3 
12971 6 
12974 24 
12975 14 
13003 84 
13019 29 
13029 60 
13049 19 
13060 25 
13063 27 
13065 31 
13068 28 
13073 22 
13075 20 
13084 33 
13091 23 
13096 26 
13112 25 
13115 32 
13139 19 
13173 51 
13196 67 
13197 99 
13199 6 
13213 59 
13213 36 
13214 78 
13219 8 
13225 5 
13227 96 
13228 6954 
13228 12 
13230 27 
13233 15 
13234 15 
13242 33 
13244 31 
13270 73 
13271 0 
13287 9 
13291 22 
13302 10 
13308 30 
13313 3 
13318 19 
13321 138 
13329 141 
13334 27 
13337 93 
13338 160 
13341 22 
13342 5 
13344 24 
13345 16 
13358 49 
13360 14 
13363 24 
13410 117 
13416 3133 
13430 121 
13438 62 
13442 15 
13443 16 
13453 37 
13455 5 
13457 26 
13460 41 
13502 545 
13508 99 
13517 114 
13535 9 
13538 35 
13549 195 
13557 133 
13558 7 
13559 29 
13571 13 
13576 6 
13582 107 
13587 46 
13591 165 
13600 10 
13606 12 
13611 3 
13629 23 
13634 70 
13637 9 
13640 2 
13644 401 
13646 157 
13652 5 
13652 65 
13653 18 
13662 38 
13675 4 
13704 26 
13709 26 
13714 42 
13715 73 
13723 34 
13723 8 
13731 13 
13748 19 
13756 10 
13757 127 
13759 233 
13760 4 
13761 7 
13762 7 
13764 35 
13765 14 
13770 22 
13785 82 
13796 51 
13806 19 
13809 6 
13821 15 
13836 16 
13844 161 
13846 38 
13879 6 
13895 126 
13916 22 
13927 34 
13943 592 
13947 22 
13979 124 
13987 15 
13994 11 
13999 9 
14037 37 
14046 12 
14052 39 
14058 126 
14061 648 
14070 68 
14075 195 
14080 44 
14087 62 
14093 195 
14115 9 
14124 15 
14129 49 
14141 9 
14149 21 
14150 93 
14154 87 
14161 53 
14164 30 
14171 754 
14183 71 
14184 49 
14196 134 
14198 107 
14215 6 
14218 0 
14222 59 
14226 78 
14226 10 
14227 13 
14229 113 
14239 3 
14240 113 
14273 106 
14274 165 
14279 10 
14288 23 
14293 11 
14298 14 
14307 18 
14309 86 
14315 42 
14320 37 
14320 3 
14324 15 
14328 68 
14331 30 
14331 35 
14332 7 
14362 271 
14364 62 
14370 124 
14386 82 
14393 236 
14399 23 
14410 9 
14413 52 
14417 9 
14419 10 
14423 85 
14434 34 
14435 29 
14481 71 
14481 16 
14490 37 
14512 16 
14525 23 
14529 41 
14536 134 
14545 28 
14551 8 
14560 30 
14561 6 
14576 205 
14581 210 
14587 32 
14621 101 
14631 61 
14635 212 
14638 5 
14650 54 
14661 16 
14671 50 
14679 9 
14685 114 
14687 2508 
14694 40 
14699 19 
14700 49 
14702 2041 
14731 31 
14735 24 
14737 73 
14744 15 
14746 109 
14765 4 
14768 5 
14786 3 
14798 239 
14800 92 
14812 168 
14821 1 
14824 78 
14832 10 
14840 13 
14846 212 
14847 14 
14847 131 
14848 41 
14849 2790 
14853 23 
14855 16 
14856 17 
14864 631 
14868 2 
14879 18 
14891 92 
14895 20 
14907 61 
14908 38 
14909 23 
14911 409 
14922 11 
14942 46 
14972 21 
14978 149 
14998 441 
15005 129 
15038 55 
15067 39 
15084 27 
15102 8 
15108 167 
15108 1839 
15110 105 
15111 80 
15139 457 
15142 4 
15144 60 
15196 41 
15198 127 
15199 24 
15214 0 
15234 40 
15241 6 
15261 6 
15263 33 
15264 40 
15282 1 
15321 18 
15331 19 
15331 72 
15364 85 
15370 82 
15380 29 
15390 68 
15424 1 
15438 40 
15457 160 
15465 61 
15467 359 
15475 58 
15492 141 
15498 55 
15498 34 
15507 126 
15519 45 
15537 13 
15559 224 
15563 166 
15564 18 
15576 54 
15610 51 
15615 125 
15617 6 
15626 209 
15632 209 
15648 91 
15649 34 
15661 149 
15669 85 
15693 137 
15700 328 
15706 37 
15730 54 
15731 81 
15740 31 
15747 3 
15748 2 
15773 66 
15785 33 
15798 5 
15798 80 
15802 22 
15812 5 
15825 5493 
15842 38 
15844 169 
15850 25 
15854 43 
15855 12 
15881 97 
15884 44 
15926 13 
15934 16 
15957 6 
15973 53 
15996 102 
16012 20 
16019 119 
16035 250 
16054 39 
16073 2 
16075 12 
16103 5 
16111 11 
16135 100 
16152 26 
16156 162 
16167 22 
16170 17 
16180 42 
16187 18 
16200 90 
16228 27 
16251 10 
16252 91 
16322 57 
16335 4 
16336 4 
16338 213 
16341 101 
16349 101 
16361 40 
16364 8 
16364 33 
16373 110 
16373 24 
16373 5 
16380 21 
16386 112 
16390 58 
16419 39 
16431 101 
16443 34 
16448 203 
16458 55263 
16476 48 
16483 30 
16517 55 
16518 29 
16550 212 
16551 11 
16553 69 
16556 14 
16557 64 
16567 132 
16569 47 
16588 227 
16602 25 
16605 0 
16605 414 
16623 62 
16623 7 
16624 107 
16627 0 
16631 2191 
16633 14 
16638 40 
16656 106 
16674 171 
16678 19 
16687 150 
16698 115 
16709 60 
16716 62 
16719 68 
16723 1645 
16738 372 
16754 61 
16756 3 
16760 56 
16762 99 
16773 208 
16774 19 
16787 62 
16788 98 
16790 44 
16799 19 
16809 60 
16832 11 
16841 9 
16844 112 
16848 56 
16860 3 
16865 18 
16873 70 
16882 170 
16886 18 
16907 422 
16940 155 
16944 19 
16949 3 
16992 22 
16994 208 
16999 3001 
17020 60 
17020 5 
17022 16 
17026 86 
17039 156 
17041 7 
17053 31 
17061 32 
17064 71 
17065 20 
17070 11 
17074 12 
17079 9 
17112 7 
17125 212 
17128 42 
17151 2456 
17165 141 
17186 111 
17197 11 
17210 28 
17213 4 
17221 10 
17237 11 
17241 8 
17246 20 
17253 43 
17281 15 
17309 76 
17323 190 
17325 33 
17326 56 
17358 9 
17364 2403 
17377 124 
17403 27 
17446 51 
17451 2 
17451 80 
17461 12 
17487 19 
17514 940 
17515 17 
17528 5 
17534 68 
17559 35 
17559 111 
17564 17 
17584 236 
17609 91 
17636 12 
17653 70 
17672 265 
17674 27 
17675 74 
17681 15 
17694 7 
17702 23 
17702 1381 
17709 88 
17719 56 
17723 65 
17741 93 
17761 16 
17786 61 
17796 131 
17799 184 
17802 42 
17830 24 
17870 24 
17883 75 
17884 179 
17901 11 
17907 159 
17914 32 
17924 12 
17975 141 
17977 153 
18070 98 
18074 27 
18093 1785 
18099 51 
18108 23 
18137 75 
18145 6 
18145 72 
18191 29 
18196 4 
18196 34 
18202 3 
18206 37 
18212 47 
18213 106 
18254 210 
18256 87 
18264 380 
18265 50 
18285 12 
18294 74 
18307 14 
18312 24 
18313 71 
18323 57 
18340 67 
18347 606 
18357 9 
18358 16 
18360 46 
18362 16 
18365 5 
18367 14 
18368 4 
18369 12 
18370 23 
18378 273 
18399 61 
18403 10 
18404 7 
18411 47 
18459 9 
18493 245 
18494 7 
18496 31 
18516 24 
18521 25 
18531 326 
18543 32 
18570 59 
18585 6 
18594 87 
18600 23 
18616 36 
18641 20 
18652 12 
18690 1 
18730 70 
18775 46 
18777 112 
18783 266 
18787 25 
18799 1441 
18833 9 
18885 64 
18894 28 
18903 44 
18918 106 
18952 68 
18999 436 
19037 5 
19041 112 
19070 21 
19077 131 
19079 2225 
19092 186 
19097 37 
19112 336 
19128 53 
19162 64 
19171 19 
19179 624 
19189 0 
19191 27 
19200 26 
19209 11 
19243 3 
19254 26 
19270 7 
19275 41 
19277 141 
19294 62 
19296 52 
19299 55 
19304 83 
19337 8 
19368 19 
19387 0 
19392 533 
19405 6 
19417 46 
19465 431 
19514 140 
19521 46 
19539 42 
19566 38 
19581 24 
19582 40 
19591 20 
19591 12 
19592 522 
19598 75 
19616 16 
19626 850 
19628 45 
19632 31 
19633 39 
19637 284 
19650 55 
19673 26 
19677 48 
19683 378 
19704 19 
19704 19 
19709 27 
19709 27 
19733 9 
19733 9 
19756 242 
19795 136 
19805 9 
19835 47 
19842 32 
19842 39 
19845 3733 
19900 10 
19904 397 
19920 20 
19927 19 
19934 79 
19939 212 
19939 46 
19943 26 
19977 36 
19996 1662 
20018 11 
20024 317 
20032 409 
20041 15 
20090 71 
20093 4 
20101 51 
20104 14 
20105 9 
20119 41 
20139 25 
20149 162 
20152 46 
20173 16 
20215 21 
20261 67 
20262 28 
20263 1 
20268 128 
20290 10 
20290 7 
20313 33 
20317 24 
20319 19 
20342 40 
20381 17 
20428 1 
20444 80 
20463 19 
20493 157 
20506 12 
20508 82 
20529 27 
20536 21 
20538 24 
20545 20 
20619 17 
20662 254 
20679 39 
20687 31 
20688 186 
20706 37 
20714 0 
20715 10 
20737 6 
20743 16 
20770 163 
20787 146 
20826 37 
20830 8 
20868 28 
20872 5 
20891 21 
20938 120 
20949 12 
20956 58 
20966 13 
21028 30 
21058 36 
21060 130 
21067 186 
21108 10 
21135 222 
21158 43 
21162 563 
21163 11 
21178 1 
21185 56 
21190 1871 
21197 87 
21223 110 
21236 36 
21246 7 
21250 56 
21254 2 
21273 145 
21289 2 
21294 479 
21301 32 
21307 40 
21312 30 
21354 33 
21382 13 
21390 65 
21404 5 
21443 7 
21447 6 
21448 5 
21455 25 
21460 397 
21494 14 
21503 29 
21517 92 
21528 30 
21541 43 
21553 16 
21562 35 
21574 58 
21583 18 
21641 18 
21674 6 
21684 451 
21694 1 
21710 7 
21726 39 
21777 89 
21804 64 
21822 98 
21865 832 
21909 4 
21952 23 
22003 9 
22005 195 
22018 12 
22027 30 
22052 55 
22065 47 
22075 1794 
22093 86 
22121 1 
22122 10 
22128 228 
22154 514 
22259 73 
22281 300 
22284 16 
22308 27 
22340 67 
22341 44 
22347 2 
22358 107 
22359 77 
22416 27 
22425 56117 
22444 1386 
22462 64 
22471 119 
22472 52 
22482 61 
22497 370 
22513 10 
22553 58 
22562 17 
22587 27 
22617 400 
22634 32 
22645 0 
22678 5 
22679 6 
22683 30 
22691 189 
22724 26 
22729 2285 
22735 5 
22744 7 
22790 9 
22821 122 
22874 13 
22879 296 
22881 10 
22889 163 
22900 39 
22901 555 
22926 10 
22949 45 
23004 1442 
23005 125 
23006 18 
23029 11 
23084 180 
23086 26 
23086 78 
23123 33 
23128 41 
23132 35 
23189 52 
23224 268 
23231 616 
23261 16 
23288 35 
23345 21 
23359 10 
23420 2 
23426 330 
23439 211 
23443 75 
23473 20 
23482 5 
23511 6 
23524 30 
23527 11 
23549 19 
23585 111 
23604 35 
23615 146 
23621 100 
23627 13 
23630 46 
23636 120 
23650 92 
23659 34 
23668 17 
23670 49 
23675 64 
23712 6 
23754 59 
23794 7 
23798 5 
23822 16 
23830 22 
23835 7 
23855 34 
23934 2225 
23936 45 
23949 266 
23956 106 
23960 11 
23993 2167 
23996 80 
24148 24 
24163 64 
24164 32 
24186 32 
24198 2 
24278 19 
24281 8 
24284 624 
24289 18 
24299 75 
24344 17 
24350 18 
24377 60 
24434 49 
24457 1688 
24485 52 
24486 12 
24507 26 
24534 144 
24551 45 
24553 7 
24598 21 
24607 30 
24659 4 
24674 25 
24686 22 
24726 286 
24745 18 
24751 40 
24778 577 
24790 293 
24800 56 
24804 15 
24824 30 
24841 436 
24867 12 
24899 262 
24909 10 
24929 34 
24949 23 
24969 49 
25031 44 
25049 34 
25069 28 
25114 152 
25127 3 
25146 18 
25186 1908 
25266 20 
25287 69 
25288 54 
25326 64 
25369 90 
25391 12 
25433 24 
25494 11 
25500 13 
25501 6 
25516 6 
25598 16 
25657 42 
25661 67 
25696 103 
25727 23 
25794 5 
25816 49 
25834 28 
25896 31 
25952 68 
25963 43 
25970 44 
26012 31 
26041 29 
26049 33 
26096 185 
26100 940 
26132 13 
26209 215 
26258 8 
26261 6 
26265 5 
26277 21 
26390 137 
26403 21 
26471 25 
26493 114 
26504 18 
26564 25 
26567 7 
26587 18 
26605 40 
26648 46 
26677 4 
26759 59 
26762 106 
26824 35 
26842 81 
26860 4 
26910 7 
26929 61 
26946 24 
26993 3952 
27001 23 
27018 37 
27027 309 
27039 36 
27074 26 
27136 13 
27163 114 
27175 737 
27225 41 
27238 100 
27271 2 
27302 59 
27315 12846 
27331 21 
27425 41 
27434 61 
27488 1264 
27491 28 
27512 16 
27566 12 
27686 2 
27694 9 
27737 30 
27748 70 
27818 30 
27835 3 
27894 41 
27926 208 
27946 94 
27979 250 
28006 49 
28033 32 
28067 37 
28074 3 
28075 34 
28078 89 
28099 24 
28125 67 
28181 6 
28261 75 
28266 62 
28317 42 
28430 7 
28438 60 
28474 148 
28502 26 
28507 38 
28512 100 
28575 301 
28590 2947 
28596 640 
28610 8 
28634 31 
28647 7 
28737 7 
28760 91 
28786 72 
28852 25 
28853 49 
28868 38 
28881 27 
28903 20 
28947 38 
28966 118 
28970 190 
29024 10 
29078 17 
29094 58 
29179 26 
29180 6 
29210 6 
29251 14 
29255 2 
29265 20 
29298 1 
29319 51 
29336 854 
29400 44 
29424 223 
29459 34 
29504 10 
29515 212 
29515 37 
29519 1 
29526 364 
29605 6 
29621 34 
29794 7 
29797 42 
29816 12 
29826 67 
29843 8 
29873 5 
29962 131 
30033 61 
30046 1 
30065 20 
30089 1215 
30092 18 
30095 4 
30116 25 
30149 32 
30172 4 
30289 123 
30322 16 
30345 104 
30436 91 
30459 93 
30466 30 
30476 8 
30559 47 
30562 74 
30582 38 
30659 50 
30684 82 
30704 126 
30792 20 
30817 9 
30916 4 
30954 54 
30958 13 
31006 2874 
31022 27 
31046 181 
31062 31 
31243 0 
31289 49 
31319 39 
31402 12 
31411 124 
31506 40 
31587 3 
31686 102 
31689 108 
31691 10 
31739 6 
31814 0 
31818 69 
31897 13 
31952 46 
32011 11 
32020 9 
32091 48 
32097 12 
32110 18 
32137 8 
32156 16 
32216 11 
32343 1148 
32447 164 
32512 33 
32521 113 
32521 113 
32527 80 
32595 41 
32604 21 
32609 19 
32626 259 
32657 27 
32672 54 
32677 12 
32688 12 
32787 149 
32790 2 
32799 16 
32803 13 
32851 165 
32927 14 
32939 14 
33150 39 
33178 9 
33266 7 
33330 4 
33356 8 
33413 75 
33462 25 
33464 3 
33526 15 
33547 11 
33555 228 
33722 0 
33739 24 
33751 45 
33777 110 
33778 14 
33789 7 
33801 23 
33958 17 
33990 6 
34048 27 
34071 41 
34092 15 
34120 124 
34271 117 
34322 9 
34374 33 
34478 4 
34490 134 
34543 18 
34609 8 
34741 13 
34781 22 
34907 175 
34960 15 
34965 16 
34966 3 
35007 11 
35007 11 
35092 87 
35124 83 
35133 16 
35137 4 
35194 18 
35205 3 
35418 23 
35429 106 
35473 529 
35504 8 
35538 12 
35655 653 
35694 35 
35722 77 
35723 48 
35733 75 
35740 32 
35863 104262 
35917 5 
35988 1082 
36013 20 
36102 2 
36115 633 
36255 162 
36262 3 
36282 6 
36309 1170 
36338 3 
36380 1679 
36436 54 
36439 255 
36593 12 
36615 0 
36724 26 
36793 3 
36937 24 
36968 50 
37000 31 
37035 31 
37072 1573 
37075 34 
37156 27 
37198 93 
37204 27 
37218 8 
37253 490 
37308 5 
37376 4 
37465 392 
37483 1418 
37650 62 
37739 25 
37783 17 
37807 33 
37840 4879 
37882 91 
37999 98 
38009 310 
38056 11 
38146 8 
38220 30 
38396 66 
38422 32 
38422 14 
38465 8 
38487 70 
38523 15 
38611 62 
38669 5 
38748 5 
38790 14 
38808 38 
38878 96 
38944 3 
38946 4 
38972 28 
39058 31 
39081 38 
39083 95 
39137 308 
39221 94 
39274 15 
39333 3 
39376 8 
39482 168 
39534 17 
39553 1 
39626 13 
39635 59 
39704 2 
39732 40 
39739 37 
39766 0 
39905 29 
40010 42 
40092 10 
40143 584 
40194 350 
40236 63 
40309 669 
40336 38 
40377 3 
40429 66 
40455 90 
40464 147 
40613 16 
40657 7 
40715 15 
40808 27 
40827 9 
40844 33 
40875 220 
40966 12 
40970 9 
40972 47 
41193 5 
41298 38 
41319 16 
41404 1 
41449 15 
41491 8 
41686 17 
41720 257 
41731 83 
41759 10 
41968 16 
41979 1 
42268 20 
42377 9 
42481 59 
42593 37 
42663 41 
42704 30 
42835 59 
42899 0 
42955 156 
43214 828 
43271 95 
43313 19 
43400 3 
43509 1 
43564 23 
44042 9 
44148 2 
44252 80 
44264 1769 
44284 41 
44337 62 
44361 10 
44411 129 
44466 2 
44475 15 
44546 25 
44547 189 
44659 1 
44852 11 
45037 3 
45040 28 
45042 22 
45094 173 
45156 15 
45166 270 
45353 3 
45390 96 
45395 12 
45439 433 
45458 27 
45485 2 
45598 20 
45604 15086 
45629 669 
45814 17 
45828 0 
46051 1403 
46051 72 
46098 56 
46234 14 
46234 112 
46235 43 
46519 0 
46535 422 
46549 429 
46582 11 
46674 81 
46870 18 
46990 279 
47028 4 
47050 83 
47260 59 
47272 34 
47323 81 
47464 16 
47477 6 
47564 15 
47594 17 
47758 64 
47796 6 
47846 8 
47969 12 
48020 21 
48152 1467 
48183 5 
48313 50 
48342 3 
58983 1268 
59248 0 
59314 143 
59338 106 
59503 272 
59579 1 
59672 1050 
60131 105 
60172 22 
60181 7 
60219 525 
60453 123 
60490 8 
60615 441 
60771 34 
60875 30 
60933 1306 
61056 7 
61231 5 
61633 18 
61711 0 
61926 51 
62076 35 
62265 1011 
62340 78 
62603 9 
62860 140 
62977 24 
63037 91 
63126 12 
63195 130 
63401 15 
63417 5 
63610 0 
63714 382 
63755 59 
63807 892 
63881 9 
63897 1 
64144 495 
64322 207 
64372 158 
64414 99 
64453 13 
64712 35 
64779 87 
64864 0 
65013 16 
65048 24 
65092 31 
65344 22 
65453 69 
65473 1074 
65618 247 
65701 278 
65718 0 
65772 451 
65846 5 
65888 14 
65928 149 
65942 18 
66320 251 
66520 60 
66593 323 
66609 121 
66621 15 
67583 119 
67600 4 
67793 3 
67987 4 
68159 136 
68169 594 
68217 8 
68271 99 
68387 168 
68620 0 
68634 12 
68753 16 
68879 81 
68919 54 
69448 23 
69600 76 
69876 51 
69934 12 
70127 46 
70263 13 
70327 77 
70469 0 
70520 20 
70740 3 
70849 7 
70905 265 
71049 0 
71089 20 
71918 18 
72099 25 
72446 123 
72550 27 
72694 9 
72748 184 
72959 8 
73248 52 
74350 273 
74428 164 
74434 110 
74444 133 
75008 16 
75281 18 
75816 452 
75878 5 
76056 12 
76250 34 
76326 171 
76475 16 
76712 2 
77469 1 
77476 288 
77544 29 
77590 98 
77618 60 
78247 277 
78480 375 
78648 0 
78703 142 
79035 231 
79520 38 
79923 12 
81293 55 
81564 38 
81726 96 
81760 76 
81880 12 
81988 159 
82146 64 
82212 134 
83038 102 
83043 342 
83246 9590 
83317 2 
83771 43 
83789 12 
83885 127 
84132 16 
84142 14 
84184 11 
84218 31 
84262 159 
84357 146 
85344 68 
85377 78 
85563 7 
85576 0 
85804 87 
85891 10 
85932 237 
85933 6 
86251 25 
86332 49 
86715 259 
87105 1553 
87169 266 
87276 29 
87448 34 
87466 169 
87577 80 
88378 2152 
89563 99 
89780 407 
89830 30 
89970 69 
90360 153 
90752 5836 
90848 359 
91339 37 
91649 31 
91685 0 
93139 10 
93195 141 
93525 113 
93563 220 
93612 222 
94833 10 
95124 47 
95367 8 
96056 15 
96064 362 
96395 7694 
96865 71 
97611 1 
99117 10 
100111 100 
100307 1073 
100407 27 
100495 317 
100646 42 
101100 202 
101228 3 
101799 89 
101968 82 
102101 25 
102203 7 
102403 85 
102690 196 
102819 124 
102889 16 
103532 19066 
103702 192 
103740 69 
103826 429 
103900 1031 
104253 3 
104671 0 
105304 55 
106110 91 
106644 153 
106703 77 
106747 13 
107329 7 
107583 411 
107765 10 
107784 747 
108004 283 
108065 43 
108129 98 
108437 4 
108605 1 
108661 3 
109020 20 
109115 233 
109270 86 
109714 123 
110120 14 
110332 11 
110400 9 
110458 267 
110496 1 
110499 192 
110812 5 
111177 153 
111183 80 
111366 2122 
111528 274 
111644 5 
111722 28 
112676 16 
113199 5 
113537 144 
113717 236 
113736 6 
114752 8 
115411 20 
115566 3 
115811 2 
116276 316 
116304 39 
116356 41 
116373 167 
116379 516 
116613 646 
116788 0 
116964 17 
117057 33 
117144 64 
117187 7 
117193 1213 
117366 74 
117489 53 
117497 2990 
117851 3 
117904 88 
118150 2007 
118247 88 
118550 575 
118628 22 
118639 92 
119392 171 
119806 435 
120355 84 
120990 1017 
121077 31 
121808 168 
122183 1089 
122595 7 
122821 51 
122909 2 
122958 38 
123013 10 
123648 79 
123766 1 
123767 135 
124147 10 
124336 12 
124936 0 
125214 15 
125399 37 
126162 11 
126427 63 
126884 40 
127342 1269 
127656 2 
127944 33 
128172 471 
128668 80 
128715 141 
128759 41 
128779 14 
128950 60 
129108 91 
129184 56 
130384 0 
130661 0 
131460 7 
131571 0 
131735 24 
131751 22 
132046 5 
132408 64 
133390 24 
134066 161 
134546 147 
135073 4 
135732 4 
136137 194 
136332 9 
136465 7 
136984 77 
137166 16 
137585 616 
137752 62 
138124 0 
138220 104 
138279 50 
138513 1197 
138529 707 
139154 85 
139177 537 
139177 537 
139486 35 
139783 101 
139865 46 
139908 5 
140029 33 
140176 166 
140405 43 
140464 104 
140731 17 
141156 821 
141206 281 
141235 24 
141425 349 
141920 38 
142241 366 
142765 10327 
142839 634 
143255 33 
143648 272 
143702 12 
144186 13749 
144487 15 
144678 251 
145021 2 
145080 0 
145352 511 
145460 660 
145781 27 
146314 1206 
147035 691 
147069 3 
147152 584 
148044 1500 
148202 255 
148811 6 
149438 5 
149500 90 
149790 29 
150223 35 
150506 2209 
150707 12 
150725 1865 
150824 18 
152901 432 
153012 84 
153057 0 
154067 3840 
154760 189 
155332 51 
155714 6 
156089 111 
156346 2 
156453 0 
157276 244 
157791 11 
158529 6 
158854 0 
158945 288 
158994 75 
159673 0 
160669 988 
160686 20 
161881 90 
162193 21 
162903 519 
163374 3 
163657 26 
163798 428 
165420 37 
165786 662 
166969 61 
167738 84 
168008 69 
170173 0 
170848 51 
171221 21 
173070 24 
174402 19 
175208 448 
175744 108 
177012 20 
177816 708 
178060 1 
179278 23 
180443 6619 
181509 66 
181743 73 
181904 2191 
182761 34 
183199 2 
183342 0 
183762 3 
183786 3 
184609 7 
184905 23 
185434 45 
185611 235 
187554 204 
187625 441 
188472 1 
188598 7 
188891 1 
189218 1170 
190397 183 
192723 0 
192828 223 
192872 215 
192886 7 
193199 98 
193871 120 
194190 45 
194372 14 
195386 127 
195477 17 
196309 229 
197798 36 
197837 2 
199262 990 
199418 4 
199557 8 
200290 219 
200339 226 
200478 18 
201012 12 
201196 2077 
202038 3 
202544 29 
202971 20 
203802 112 
204126 160 
204618 7 
205183 272 
205726 159 
205871 33429 
205911 6591 
205964 189 
205964 763 
205995 131 
206656 73 
207572 115 
207634 154 
208155 96 
208449 260 
208708 9 
210260 304 
211411 58 
212400 2 
213571 97 
213960 270 
214166 13 
214481 96 
214698 1174 
215223 989 
215521 2 
216916 171 
217338 182 
217643 11 
217853 41 
218099 13 
218125 86 
218234 31 
219725 83 
219757 767 
219817 198 
221347 13 
221429 309 
221449 26 
221451 31 
221718 453 
222232 69 
222415 350 
223011 4 
223535 54 
223658 10 
224180 122 
224538 2376 
225054 0 
225171 1 
225372 316 
225505 2199 
225599 304 
225683 15984 
225723 34 
225780 126 
226173 7 
226492 20 
226624 147 
226661 380 
227045 105 
227346 114 
227606 340 
227970 1596 
228835 10 
229334 919 
229415 8 
230057 6 
230087 888 
232372 6170 
232411 64 
232761 678 
232786 75 
233633 27 
233874 0 
234058 223 
234491 16 
234703 61 
234927 103 
235905 1812 
236301 58 
236871 140 
237463 0 
237558 40 
238661 258 
238683 50 
239851 10 
240426 46 
240432 301 
242519 7 
242685 60 
242685 60 
243150 84 
244193 277 
245247 40 
245354 99 
245969 48 
245990 128 
246154 53 
246484 5 
247217 18 
248499 48 
250104 335 
250689 623 
250956 21 
251342 100 
251517 72 
251879 5 
251979 4 
252250 9 
253059 6 
253982 105 
254058 44 
255812 5 
257380 1 
258507 23 
258590 134 
259064 11 
259667 6 
261451 456 
263778 1071 
267851 4 
268324 56 
269025 1779 
269943 223 
272736 107 
272844 136 
272904 411 
273132 13 
273260 18 
273424 49 
277287 0 
278475 98 
280418 87 
280689 129 
281843 349 
285425 75 
287338 62 
288429 55 
288688 188 
289231 6 
289285 183 
291013 141 
291140 172 
291727 7 
291858 54 
292538 200 
294002 252 
295054 3 
297480 528 
298103 20 
298225 44 
298760 48 
299201 2745 
300185 33 
300208 882 
300223 3 
300351 98 
301293 265 
302027 25 
303093 388 
304486 7553 
304920 3522 
304963 11 
306049 22 
306270 34 
306559 11 
306780 299 
307164 4 
308371 725 
308638 142 
308780 3 
309526 152951 
309867 166 
309973 149 
310072 131 
310183 28 
310422 125 
310624 14 
310660 211 
311542 19 
311976 979 
313431 62 
315010 108 
315209 30 
315256 81 
315381 55 
315637 10 
316911 56 
317357 1 
317361 120 
317461 5 
318091 234 
318182 180 
318381 185 
318405 25 
318815 549 
318976 3 
319626 184 
320788 192 
320927 6479 
320954 93 
321092 74 
321196 269 
321211 1 
321688 324 
322425 1185 
322511 0 
322974 103 
323236 79 
323501 31 
323844 39 
323920 260 
324175 0 
324357 67 
324550 293 
325185 158 
326261 5 
327328 58 
327398 20 
328099 53 
329481 117 
329544 176 
329650 2 
329848 1 
330100 63 
331113 76 
332156 59 
332462 183 
332615 469 
333058 276 
334883 639 
334898 1129 
334923 68 
335378 110 
335569 293 
335739 75 
335967 63 
336973 44 
337098 8 
337833 60 
338276 398 
338308 1027 
338410 41 
338473 20 
339643 14 
341085 5 
341854 570 
342188 20 
342412 41 
344973 1046 
345240 2687 
346609 224 
346804 1825 
347172 69 
347512 27 
348268 51 
348371 669 
348682 333 
350535 21 
350727 128 
351759 14 
353058 156 
353460 320 
355497 34 
355567 161 
355719 157 
356012 185 
356080 0 
359249 125 
360726 237 
362041 225 
363586 0 
364332 3 
365442 65 
365707 20 
366798 10 
368865 89 
370814 232 
371212 942 
372448 4 
373251 4 
374265 29 
374531 5 
375616 32 
375626 32 
376101 12 
377828 189 
378747 125 
378791 4 
379196 11 
379754 884 
379981 4 
380233 32 
381841 187 
381895 675 
382617 39 
383471 1359 
384298 194 
384483 895 
385536 162 
385807 43 
385864 48 
386238 174 
386406 17 
386440 89 
386577 75 
388107 123 
388936 1 
389857 412 
390185 11 
390224 99 
390454 70 
391201 1341 
391678 9 
391959 6 
392599 494 
393995 285 
394487 25 
394577 176 
395129 2323 
395318 100 
395484 141 
395816 184 
396155 376 
397005 718 
397166 282 
397657 174 
398428 194 
399326 97 
399642 931 
399660 16 
402418 19 
402797 5 
402802 44 
403264 9200 
403885 0 
404370 35 
405796 13 
407295 94 
407709 217 
409313 15 
412178 202 
413317 3 
413461 88 
413571 184 
413726 83 
413930 35 
414574 2 
416140 207 
416217 177 
417292 28 
418068 73 
418416 0 
418425 113 
418554 6 
418873 17 
420128 16 
422313 23 
422344 1 
422745 91 
423069 97 
423949 326 
424930 182 
425680 9 
425789 701 
430773 499 
431019 28 
432494 520 
432552 1196 
432643 3065 
432887 375 
433015 135 
433246 214 
433935 19 
434101 11 
434578 69 
434911 1197 
435969 347 
436762 73 
436871 61 
436966 155 
437632 29 
440891 37 
442550 1 
442711 1 
444311 643 
444837 14 
445571 24 
445786 2552 
447004 2 
447154 110 
447809 607 
448378 442 
451100 168 
453209 4263 
453225 90 
453656 150 
453819 1152 
455230 50 
457253 72 
457993 68 
459677 92 
459952 460 
460427 4 
461926 825 
462085 27 
462528 151 
465381 208 
465907 16 
466089 127 
466113 136 
466942 109 
468008 98 
468029 461 
468307 10 
470879 157 
472144 5 
473641 357 
473969 35 
475088 61 
475702 213 
475710 1851 
475724 71 
475978 1 
476846 22 
479749 83 
480919 6409 
482182 40 
482500 14 
487080 228 
489442 212 
490439 30 
490500 70 
490862 38 
492532 11 
495656 20 
496779 69 
497012 13 
497154 0 
497536 127 
498194 243 
500869 216 
501808 39 
502276 18 
503930 53 
503933 48 
504620 631 
506965 1443 
509111 116 
509256 76 
511825 236 
520210 13 
520471 221 
520476 210 
520548 169 
522232 259 
523734 14 
526707 756 
527430 3057 
527487 5 
532057 0 
533883 205 
535765 999 
536552 42 
536735 1247 
537556 1368 
537652 39 
539278 663 
540174 119 
541595 17 
544012 729 
544164 71 
548680 0 
548906 1084 
549509 738 
550732 31 
552505 31 
553430 16 
554824 106 
557310 1 
557419 35 
562622 105 
566005 116 
568503 2 
568920 25 
569463 75 
574034 512 
574922 0 
580562 1677 
583143 77 
585034 3 
585051 23 
585374 163 
586480 433 
587077 1 
591279 475 
592083 700 
592171 437 
592208 31 
594489 1606 
594525 177 
599634 32 
599780 2 
601468 53 
603486 1 
