3725 5.87931712963
0 1775085 
8 206 
8 129 
8 802 
9 95 
11 339 
12 264 
12 109 
12 155 
12 513 
12 65 
13 539 
14 257 
14 104 
14 77 
14 331 
14 574 
14 109 
15 415 
15 215 
15 214 
16 100 
17 90 
18 1523 
18 170 
18 336 
18 71 
19 13 
19 91 
19 237 
19 262 
19 456 
21 99 
21 159 
21 379 
21 1046 
22 83 
22 119 
22 446 
22 52 
22 210 
23 120 
24 218 
24 68 
24 74 
24 149 
25 79 
25 49 
25 64 
25 46 
25 45 
25 20 
25 42 
26 182 
26 1525 
26 40 
27 62 
27 846 
27 44 
27 151 
28 184 
28 233 
29 400 
29 50 
29 53 
29 350 
29 106 
29 27 
29 63 
29 494 
29 239 
30 200 
30 117 
30 12 
30 247 
30 51 
30 337 
30 77 
31 26 
31 68 
31 78 
31 51 
31 176 
32 122 
32 79 
32 114 
32 40 
32 426 
32 46 
32 135 
32 104 
33 150 
34 115 
34 169 
34 29 
34 190 
35 126 
35 40 
35 180 
35 274 
35 281 
36 361 
36 92 
36 116 
36 44 
37 635 
37 265 
37 189 
38 60 
38 90 
38 320 
38 167 
38 243 
39 179 
39 1697 
39 877 
39 17 
39 153 
39 136 
40 83 
40 120 
40 590 
40 61 
40 59 
40 116 
40 249 
40 74 
41 525 
41 421 
41 72 
41 1115 
41 224 
41 321 
41 19 
41 27 
42 732 
42 40 
42 619 
42 94 
42 81 
42 155 
43 92 
43 145 
43 115 
43 119 
43 177 
43 161 
43 264 
44 56 
44 59 
44 15 
45 158 
45 552 
45 369 
45 829 
45 104 
45 107 
45 75 
45 376 
45 70 
46 472 
46 85 
46 93 
46 378 
46 112 
46 65 
46 152 
46 155 
47 195 
47 12 
47 415 
47 73 
47 65 
47 85 
47 50 
48 72 
48 74 
48 49 
48 271 
48 109 
48 111 
48 191 
48 52 
49 32 
49 74 
49 74 
49 15 
49 177 
49 343 
49 70 
50 21 
50 246 
50 111 
50 54 
50 39 
50 154 
50 84 
51 36 
51 176 
51 35 
51 89 
51 90 
51 82 
51 162 
51 164 
51 86 
52 107 
52 389 
52 249 
52 55 
52 378 
52 89 
53 1008 
53 80 
53 93 
53 19 
53 568 
53 92 
53 58 
54 201 
54 59 
54 168 
54 106 
55 213 
55 123 
55 329 
55 191 
55 268 
55 539 
55 61 
56 18 
56 72 
56 192 
56 144 
56 430 
56 62 
56 61 
56 120 
56 700 
57 315 
57 24 
57 31 
57 137 
57 150 
58 200 
58 146 
58 142 
58 115 
58 196 
58 82 
58 139 
58 106 
59 133 
59 34 
59 116 
59 232 
59 78 
59 173 
59 194 
59 460 
59 67 
59 103 
60 492 
60 78 
60 5199 
60 486 
60 508 
60 77 
61 219 
61 586 
61 579 
61 463 
62 95 
62 88 
62 134 
62 139 
62 101 
62 170 
62 34 
62 303 
62 170 
62 317 
63 140 
63 197 
64 122 
64 206 
64 39 
64 167 
65 45 
65 71 
65 93 
65 167 
65 60 
65 25 
65 548 
66 68 
66 149 
66 681 
66 86 
66 53 
66 32 
66 72 
66 274 
66 157 
67 284 
67 4476 
67 336 
67 92 
68 410 
68 279 
68 218 
68 11 
68 100 
68 5 
69 115 
69 294 
69 109 
69 200 
69 121 
69 221 
69 146 
69 277 
70 69 
70 363 
70 56 
70 137 
70 146 
71 160 
71 193 
71 93 
71 192 
71 99 
71 108 
71 175 
72 50 
73 74 
73 140 
73 42 
73 45 
73 57 
73 207 
74 57 
74 146 
74 299 
74 47 
74 51 
75 604 
75 996 
76 320 
76 370 
76 34 
76 123 
76 344 
76 165 
76 92 
77 59 
77 44 
77 131 
77 91 
77 158 
77 176 
78 126 
78 221 
78 378 
78 23 
78 70 
78 1300 
78 208 
78 19 
79 129 
79 259 
79 227 
79 38 
79 90 
79 70 
79 339 
80 177 
80 156 
80 68 
80 290 
80 61 
81 213 
81 659 
81 39 
81 15 
81 86 
82 91 
82 136 
82 163 
83 82 
83 52 
83 25 
83 163 
84 245 
84 104 
84 301 
84 80 
84 141 
84 98 
85 292 
85 124 
85 107 
85 118 
85 24 
86 115 
87 78 
87 74 
87 76 
87 156 
87 355 
87 137 
88 55 
88 86 
88 44 
88 53 
88 168 
89 429 
89 283 
89 9 
89 97 
89 32 
89 41 
90 82 
90 79 
90 54 
91 32 
91 40 
92 137 
92 12 
92 66 
92 59 
92 105 
92 75 
93 59 
93 147 
93 561 
93 512 
93 64 
94 76 
94 300 
94 147 
95 15 
95 15 
95 115 
95 276 
95 646 
95 186 
96 138 
96 1075 
97 160 
97 597 
97 321 
97 170 
97 39 
97 269 
97 633 
97 140 
97 339 
98 365 
98 54 
98 35 
98 91 
98 282 
98 557 
99 90 
99 134 
99 586 
99 63 
99 142 
99 95 
99 68 
99 38 
99 51 
99 194 
99 120 
100 125 
100 29 
101 65 
101 84 
101 112 
101 10 
101 35 
101 198 
101 112 
101 409 
101 249 
101 80 
102 1078 
102 95 
102 40 
102 134 
102 105 
102 105 
103 1016 
103 16 
103 140 
103 125 
103 29 
104 189 
104 83 
104 161 
104 14 
104 1874 
104 305 
104 215 
105 120 
105 615 
105 115 
105 118 
105 28 
105 29 
105 119 
106 295 
106 405 
106 184 
107 372 
108 162 
108 179 
108 448 
108 140 
109 317 
109 130 
109 8 
109 56 
110 58 
110 120 
110 100 
110 94 
110 191 
111 75 
111 157 
111 282 
112 43 
112 255 
112 19 
112 49 
112 182 
112 52 
113 244 
113 601 
114 342 
114 75 
114 49 
114 32 
114 74 
115 82 
115 705 
115 245 
115 255 
115 122 
116 62 
116 3708 
116 123 
116 113 
116 61 
117 549 
117 78 
117 80 
117 105 
118 163 
118 393 
119 95 
119 286 
119 81 
119 290 
119 100 
119 138 
120 51 
120 60 
120 197 
120 358 
120 64 
120 44 
121 217 
121 973 
121 99 
121 40 
121 91 
121 260 
122 33 
122 49 
122 73 
123 234 
123 147 
123 341 
123 67 
124 181 
124 17 
125 103 
126 110 
127 35 
127 85 
127 51 
127 269 
127 37 
128 306 
128 197 
128 280 
128 54 
128 50 
128 186 
128 401 
129 151 
129 71 
129 179 
129 151 
129 46 
130 77 
130 144 
130 335 
130 146 
130 124 
131 194 
131 57 
131 11 
131 144 
131 9 
132 140 
132 69 
132 50 
133 224 
133 43 
133 246 
134 688 
134 17 
134 157 
135 69 
135 644 
135 22 
135 134 
135 312 
135 84 
136 126 
137 38 
137 57 
137 86 
137 137 
138 200 
138 156 
138 204 
138 297 
138 335 
139 486 
139 55 
139 103 
139 8 
139 46 
139 65 
140 67 
141 102 
141 63 
142 127 
142 253 
143 450 
143 180 
143 262 
143 91 
144 29 
144 189 
144 57 
144 285 
145 103 
145 46 
146 105 
146 99 
146 71 
147 1545 
147 84 
148 120 
148 101 
148 199 
148 413 
148 105 
149 84 
149 80 
149 78 
149 941 
149 104 
150 273 
150 154 
150 27 
150 172 
151 78 
151 147 
152 107 
152 25 
153 38 
153 115 
153 82 
153 31 
153 69 
153 346 
153 33 
153 30 
153 72 
153 58 
153 155 
154 397 
154 3 
154 102 
154 71 
154 81 
154 108 
155 13 
155 491 
156 38 
156 148 
156 149 
157 31 
157 1616 
158 477 
158 107 
158 86 
158 35 
158 238 
158 55 
159 39 
159 197 
160 31 
160 131 
161 99 
161 59 
162 40 
162 130 
162 88 
162 205 
162 61 
163 27 
163 97 
163 16 
164 93 
164 202 
165 120 
165 757 
165 173 
166 190 
166 93 
166 70 
166 43 
167 84 
167 440 
167 718 
167 856 
168 94 
168 97 
168 167 
169 136 
169 80 
170 238 
170 70 
170 66 
171 277 
171 57 
172 34 
172 138 
172 531 
173 264 
174 263 
174 63 
174 155 
174 189 
175 86 
176 34 
176 248 
177 166 
177 83 
177 277 
178 103 
179 94 
179 32 
180 35 
180 37 
180 53 
180 77 
180 73 
181 126 
181 22 
181 139 
182 159 
182 38 
182 158 
183 86 
183 187 
183 35 
183 86 
183 288 
183 72 
183 143 
183 119 
184 194 
184 255 
185 97 
185 207 
185 101 
185 168 
185 36 
186 175 
186 237 
187 55 
187 118 
187 41 
188 305 
188 185 
188 70 
188 67 
189 385 
189 63 
189 142 
190 176 
190 143 
190 173 
190 115 
190 155 
190 340 
190 80 
191 171 
191 224 
192 43 
194 31 
194 98 
195 124 
196 159 
197 249 
197 143 
198 46 
198 33 
199 85 
200 40 
200 97 
201 289 
201 53 
202 47 
202 51 
203 546 
204 48 
204 137 
204 1352 
204 558 
204 859 
205 266 
205 350 
206 102 
207 82 
207 183 
207 56 
208 145 
209 95 
209 68 
209 93 
210 100 
210 210 
210 125 
211 427 
211 15 
211 240 
211 64 
212 132 
212 88 
212 729 
212 625 
213 682 
213 127 
213 38 
214 291 
215 57 
215 148 
216 258 
216 269 
216 32 
216 181 
217 73 
217 22 
220 80 
220 183 
220 143 
221 349 
222 38 
223 108 
223 34 
223 154 
223 662 
225 172 
225 431 
226 312 
226 48 
227 75 
228 68 
228 13 
230 1186 
230 216 
231 151 
231 131 
231 384 
232 126 
233 31 
234 227 
234 130 
235 1125 
236 71 
237 346 
237 72 
237 62 
238 53 
238 113 
238 65 
239 76 
239 20 
240 185 
240 70 
240 29 
242 1483 
243 46 
243 168 
244 30 
244 31 
244 111 
244 9 
244 34 
245 18 
245 76 
245 242 
246 14 
246 113 
246 92 
246 97 
246 19 
247 18 
247 79 
247 66 
249 53 
250 111 
250 50 
250 325 
251 179 
253 64 
254 575 
255 55 
255 23 
255 61 
256 121 
257 59 
257 237 
258 54 
258 67 
259 448 
260 19 
260 31 
260 208 
260 418 
260 244 
262 1104 
262 84 
262 333 
262 38 
263 50 
264 278 
264 50 
266 56 
267 55 
268 32 
268 123 
269 246 
270 26 
270 34 
270 287 
270 3 
271 96 
271 42 
272 74 
273 68 
273 14 
273 5 
273 14 
275 56 
275 292 
277 152 
277 85 
277 503 
277 576 
277 125 
277 241 
277 46 
278 39 
280 93 
281 20 
281 77 
281 99 
281 192 
282 71 
283 68 
283 76 
283 247 
284 226 
284 47 
287 433 
287 115 
287 51 
287 124 
288 1213 
289 52 
289 215 
290 45 
290 117 
290 127 
291 83 
291 168 
291 97 
292 198 
292 720 
294 365 
294 62 
294 132 
295 54 
295 39 
295 464 
296 42 
297 396 
297 130 
297 578 
297 168 
298 65 
300 121 
302 235 
302 48 
302 110 
302 59 
303 30 
304 288 
304 300 
304 1791 
307 123 
307 160 
308 24 
308 336 
308 53 
308 16 
308 89 
308 438 
309 128 
309 119 
309 218 
309 140 
310 76 
311 245 
311 15 
312 16 
312 58 
312 61 
314 178 
315 238 
315 24 
315 98 
315 184 
316 149 
316 20 
317 49 
317 30 
318 132 
318 82 
319 40 
320 63 
321 30 
321 137 
322 548 
322 136 
322 116 
322 33 
322 11 
324 21 
324 866 
324 98 
325 301 
325 149 
327 56 
330 65 
332 53 
332 48 
332 65 
332 1108 
332 142 
334 241 
334 86 
334 222 
334 186 
334 119 
335 64 
336 293 
337 31 
338 121 
338 104 
338 491 
339 54 
340 159 
340 151 
340 63 
340 3658 
341 20 
341 6 
345 82 
345 84 
345 205 
346 130 
349 17 
349 105 
349 84 
350 78 
350 101 
350 47 
351 49 
351 309 
354 65 
354 81 
355 99 
357 53 
359 98 
359 53 
361 100 
362 86 
363 112 
363 87 
365 60 
365 47 
366 19 
367 29 
369 140 
369 55 
370 71 
371 7 
371 228 
371 88 
371 1723 
371 149 
371 96 
371 77 
372 99 
372 38 
372 269 
372 132 
373 679 
373 72 
373 110 
374 150 
374 13 
374 12 
375 206 
375 371 
375 14 
376 344 
379 265 
379 41 
379 55 
381 196 
381 220 
382 716 
382 127 
385 125 
386 201 
386 93 
387 14 
387 24 
389 25 
391 135 
391 98 
392 132 
393 25 
396 9 
397 82 
397 145 
397 560 
397 47 
398 122 
398 379 
399 52 
399 105 
400 25 
400 171 
402 280 
403 18 
405 153 
409 37 
409 145 
410 211 
410 40 
412 33 
414 117 
414 70 
415 36 
417 62 
417 698 
417 167 
419 75 
419 526 
420 50 
420 192 
420 177 
421 112 
421 605 
423 64 
424 174 
425 113 
426 1100 
430 506 
430 141 
430 129 
431 31 
432 86 
434 20 
434 33 
436 267 
436 58 
436 48 
438 14 
439 78 
439 59 
441 105 
441 116 
441 122 
441 553 
442 2 
443 140 
443 435 
443 259 
444 67 
445 117 
446 1062 
446 144 
446 264 
446 79 
447 229 
447 399 
448 172 
448 12 
449 157 
449 130 
450 115 
450 88 
450 126 
451 94 
451 112 
453 730 
454 64 
454 18 
454 120 
456 836 
456 59 
456 91 
457 97 
457 160 
457 169 
460 14 
461 134 
462 47 
463 76 
463 55 
464 157 
465 67 
466 21 
468 93 
469 13 
472 12 
472 62 
472 55 
472 121 
472 639 
474 59 
475 219 
477 306 
480 402 
481 263 
481 392 
482 746 
483 40 
484 97 
486 181 
486 100 
486 63 
486 1256 
488 17 
489 72 
491 70 
491 69 
491 37 
494 33 
495 149 
496 37 
496 36 
498 461 
499 38 
499 133 
500 36 
501 24 
503 22 
503 42 
504 375 
504 266 
506 29 
507 229 
509 183 
511 27 
511 69 
512 232 
516 133 
517 82 
519 63 
521 454 
521 5712 
521 74 
523 30 
526 52 
527 180 
527 86 
530 152 
530 100 
531 169 
531 56 
532 65 
533 49 
534 53 
534 176 
536 47 
537 82 
537 93 
539 35 
540 84 
541 295 
541 4 
544 75 
546 5 
546 131 
547 97 
548 270 
548 47 
548 186 
549 81 
551 273 
551 286 
554 101 
554 65 
555 38 
556 67 
556 119 
556 256 
558 221 
559 72 
560 155 
560 43 
561 42 
561 71 
562 130 
562 96 
562 5 
563 125 
563 562 
563 394 
563 66 
565 899 
565 65 
566 22 
566 11 
567 47 
568 242 
570 159 
571 114 
572 41 
574 13 
576 81 
576 110 
577 346 
577 89 
577 37 
578 294 
579 56 
580 128 
581 49 
581 198 
583 169 
584 48 
585 56 
587 156 
588 349 
593 990 
594 62 
594 26 
595 48 
595 48 
601 221 
603 422 
604 237 
605 48 
606 192 
607 352 
611 9 
612 101 
612 239 
613 143 
614 17 
616 198 
616 109 
618 52 
619 50 
620 239 
622 45 
623 88 
631 548 
631 229 
634 32 
635 92 
635 170 
636 185 
637 96 
637 49 
638 388 
639 44 
639 55 
640 262 
642 140 
647 40 
648 45 
648 57 
652 12 
652 34 
653 65 
653 141 
657 33 
657 123 
661 75 
661 268 
665 60 
667 19 
668 11 
668 301 
668 74 
669 35 
670 10 
675 128 
680 175 
680 72 
680 111 
680 72 
681 25 
683 56 
683 5 
683 39 
686 98 
686 53 
688 831 
690 108 
690 99 
692 96 
692 182 
692 179 
693 152 
694 1024 
695 137 
696 42 
697 225 
697 42 
700 149 
700 82 
702 122 
704 209 
710 312 
711 40 
712 260 
713 139 
714 1855 
715 154 
716 239 
721 21 
725 24 
726 46 
728 791 
728 9 
728 44 
730 72 
735 77 
736 450 
737 32 
737 669 
737 403 
739 106 
743 73 
745 231 
745 74 
746 163 
746 53 
747 121 
749 457 
750 24 
753 46 
753 421 
753 76 
753 78 
755 4214 
756 42 
757 101 
757 116 
758 7 
760 119 
760 178 
761 47 
761 145 
762 9 
762 433 
763 204 
765 77 
765 938 
770 20 
771 83 
775 46 
777 128 
779 40 
780 45 
781 21 
788 51 
788 168 
788 72 
788 64 
789 126 
789 174 
790 115 
791 181 
792 24 
792 4087 
793 74 
794 161 
794 23 
797 74 
798 162 
803 48 
804 113 
806 107 
808 280 
813 38 
813 60 
813 972 
814 395 
819 193 
821 146 
822 305 
823 26 
823 112 
824 92 
824 11 
829 100 
831 64 
831 9 
833 83 
834 33 
835 28 
836 48 
836 40 
839 44 
839 161 
845 28 
845 20 
846 428 
848 67 
849 33 
849 88 
849 1032 
850 28 
851 193 
855 84 
856 5 
856 210 
857 217 
857 132 
857 31 
858 169 
858 45 
859 123 
859 132 
859 133 
860 145 
861 67 
861 274 
861 53 
863 135 
865 36 
865 43 
867 95 
867 35 
871 70 
873 96 
873 77 
873 232 
874 100 
875 106 
876 96 
879 116 
880 64 
881 588 
884 64 
884 8 
886 34 
887 60 
889 7 
889 399 
889 145 
892 81 
893 101 
893 18 
894 49 
895 19 
897 115 
898 76 
898 108 
899 44 
900 18 
900 415 
902 162 
903 205 
904 23 
905 144 
906 915 
906 340 
907 72 
908 257 
912 246 
913 54 
914 171 
916 98 
917 37 
918 32 
918 189 
919 682 
919 127 
920 295 
922 116 
924 152 
925 56 
926 6027 
927 108 
927 152 
930 58 
931 239 
931 69 
934 506 
935 40 
937 72 
938 1280 
940 106 
943 963 
943 88 
946 393 
948 88 
950 36 
950 101 
951 18 
953 117 
955 24 
958 231 
964 681 
965 361 
965 299 
966 150 
968 55 
968 146 
969 9 
969 216 
970 212 
972 65 
972 37 
975 5 
977 35 
977 153 
980 10 
980 261 
981 139 
984 30 
988 58 
989 924 
989 540 
990 58 
991 64 
991 1 
992 94 
992 128 
994 1361 
995 25 
997 162 
997 183 
997 276 
997 348 
998 78 
1001 86 
1004 55 
1005 206 
1007 250 
1007 171 
1009 80 
1010 158 
1012 69 
1012 13 
1014 236 
1015 36 
1018 1633 
1021 208 
1023 497 
1024 43 
1028 43 
1032 3 
1035 42 
1040 206 
1041 7 
1042 81 
1045 133 
1046 211 
1049 101 
1049 340 
1052 230 
1058 166 
1058 129 
1059 68 
1060 351 
1060 96 
1060 421 
1061 470 
1064 36 
1065 30 
1066 43 
1068 49 
1070 70 
1073 489 
1077 164 
1082 155 
1084 1145 
1084 6 
1085 475 
1086 74 
1087 28 
1088 132 
1088 25 
1092 485 
1092 211 
1094 109 
1095 240 
1095 30 
1100 47 
1106 755 
1107 36 
1107 69 
1107 27 
1108 20 
1111 21 
1111 185 
1113 95 
1114 133 
1114 31 
1119 1322 
1121 553 
1121 50 
1122 62 
1124 266 
1125 49 
1126 231 
1126 62 
1128 169 
1128 36 
1129 46 
1130 269 
1131 201 
1131 181 
1131 113 
1134 35 
1137 145 
1138 55 
1141 1 
1143 23 
1144 369 
1144 165 
1144 74 
1147 51 
1150 37 
1152 243 
1155 581 
1161 40 
1162 49 
1162 5 
1163 11 
1165 323 
1168 174 
1170 245 
1170 22 
1171 9 
1175 647 
1176 103 
1177 113 
1181 29 
1187 26 
1201 262 
1201 137 
1202 13 
1206 94 
1209 155 
1211 87 
1214 63 
1216 41 
1218 516 
1219 193 
1220 165 
1220 72 
1225 9 
1225 1725 
1233 56 
1234 319 
1237 187 
1240 124 
1241 3 
1245 163 
1247 109 
1250 181 
1250 278 
1251 196 
1251 99 
1254 739 
1259 50 
1262 31 
1264 29 
1265 163 
1266 51 
1268 86 
1273 959 
1276 83 
1278 983 
1279 172 
1279 64 
1284 395 
1284 47 
1290 49 
1292 55 
1295 247 
1301 14 
1301 27 
1302 36 
1309 27 
1309 68 
1315 3 
1315 135 
1316 170 
1317 113 
1320 400 
1322 329 
1322 10 
1323 74 
1325 9 
1325 56 
1329 47 
1330 120 
1331 8 
1332 32 
1338 145 
1338 48 
1338 70 
1342 28 
1342 157 
1344 68 
1345 128 
1347 172 
1348 65 
1348 159 
1350 170 
1354 1450 
1363 4 
1364 72 
1365 266 
1366 236 
1370 20 
1371 23 
1371 50 
1375 628 
1375 13 
1375 160 
1377 5 
1395 242 
1395 4 
1398 66 
1401 56 
1403 1279 
1407 96 
1409 59 
1410 23 
1410 35 
1410 25 
1414 146 
1415 133 
1417 4 
1420 126 
1426 17 
1427 90 
1431 23 
1433 7 
1442 163 
1449 35 
1453 74 
1455 193 
1455 106 
1456 104 
1458 7 
1458 60 
1460 97 
1465 40 
1467 17 
1467 10 
1470 25 
1476 826 
1480 34 
1480 94 
1482 37 
1488 296 
1491 174 
1492 53 
1497 37 
1501 701 
1502 110 
1502 160 
1503 40 
1508 8 
1510 329 
1510 117 
1513 148 
1522 185 
1522 77 
1525 168 
1527 51 
1531 13 
1532 2374 
1532 199 
1535 155 
1540 64 
1545 11 
1548 79 
1552 43 
1555 205 
1556 194 
1558 38 
1564 106 
1566 201 
1567 89 
1571 72 
1576 110 
1577 332 
1578 2014 
1580 48 
1584 57 
1585 23 
1585 148 
1586 28 
1594 31 
1595 145 
1595 111 
1599 47 
1600 161 
1604 56 
1605 95 
1611 40 
1613 53 
1614 160 
1615 526 
1623 26 
1625 38 
1628 111 
1630 307 
1632 131 
1641 67 
1643 13 
1645 143 
1651 120 
1652 36 
1653 111 
1665 82 
1666 18 
1666 9 
1674 277 
1674 723 
1679 88 
1681 73 
1691 22 
1692 145 
1692 3821 
1694 281 
1696 345 
1698 104 
1709 320 
1713 20 
1715 97 
1715 142 
1717 63 
1726 99 
1729 205 
1731 97 
1735 24 
1735 151 
1735 39 
1739 278 
1739 197 
1739 557 
1745 175 
1746 57 
1748 54 
1750 24 
1751 18 
1756 9 
1757 38 
1759 460 
1761 883 
1761 25 
1762 15 
1763 11 
1763 227 
1765 24 
1767 44 
1767 548 
1771 82 
1773 18 
1774 21 
1787 66 
1788 24 
1792 54 
1802 53 
1802 28 
1803 95 
1803 33 
1804 35 
1805 65 
1806 421 
1806 427 
1807 119 
1809 28 
1810 235 
1810 42 
1813 5156 
1818 38 
1822 87 
1826 10 
1827 46 
1839 20 
1840 2546 
1847 54 
1850 30 
1854 28 
1861 10 
1868 5 
1876 122 
1882 79 
1886 100 
1889 13 
1894 249 
1897 4 
1897 24 
1908 1816 
1919 68 
1924 562 
1932 96 
1935 25 
1938 2307 
1940 327 
1940 80 
1943 226 
1944 30 
1949 325 
1950 966 
1951 156 
1953 119 
1955 57 
1955 72 
1958 86 
1966 42 
1967 179 
1973 153 
1974 23 
1976 19 
1984 53 
1986 60 
1987 54 
1987 112 
1991 113 
1992 20 
1998 69 
1999 84 
2002 109 
2003 69 
2003 32 
2006 47 
2007 69 
2008 71 
2010 22 
2011 23 
2018 122 
2027 228 
2030 108 
2032 348 
2034 47 
2036 212 
2041 151 
2041 40 
2042 43 
2046 151 
2054 257 
2056 532 
2062 37 
2065 121 
2065 57 
2066 65 
2068 17 
2069 103 
2073 4 
2076 380 
2084 214 
2091 74 
2095 77 
2107 26 
2112 50 
2115 59 
2118 89 
2118 87 
2119 121 
2119 121 
2119 1656 
2125 1620 
2132 239 
2136 214 
2139 2907 
2140 408 
2150 35 
2151 189 
2154 139 
2162 27 
2163 435 
2163 1221 
2167 475 
2170 173 
2172 136 
2176 104 
2177 44 
2178 98 
2187 300 
2189 79 
2191 294 
2193 143 
2203 225 
2208 326 
2210 61 
2212 61 
2216 17 
2220 10 
2223 84 
2226 124 
2228 90 
2242 51 
2249 170 
2258 34 
2266 31 
2267 73 
2268 390 
2268 4 
2269 97 
2272 204 
2276 108 
2276 999 
2276 112 
2279 39 
2279 17 
2279 74 
2281 45 
2282 208 
2283 169 
2293 409 
2299 28 
2311 49 
2313 35 
2317 1231 
2323 27 
2325 14 
2326 23 
2341 46 
2342 211 
2352 121 
2359 112 
2364 59 
2370 49 
2372 12 
2375 26 
2375 178 
2376 646 
2381 72 
2386 41 
2404 84 
2406 244 
2407 30 
2409 447 
2412 59 
2416 73 
2417 450 
2417 350 
2421 88 
2426 35 
2426 101 
2429 7 
2430 32 
2438 93 
2439 510 
2441 94 
2442 66 
2444 88 
2446 3422 
2446 8 
2450 32 
2454 1377 
2455 135 
2457 1610 
2459 61 
2463 111 
2465 66 
2466 1365 
2469 68 
2480 180 
2480 379 
2481 526 
2483 130 
2484 30 
2485 26 
2488 54 
2489 431 
2492 98 
2493 30 
2496 17 
2499 147 
2509 417 
2509 7 
2509 121 
2513 16 
2523 40 
2523 53 
2527 1229 
2528 35 
2530 170 
2531 232 
2536 731 
2538 26 
2538 357 
2541 63 
2543 14 
2544 37 
2544 442 
2546 129 
2546 145 
2565 32 
2566 59 
2572 64 
2574 111 
2574 23 
2586 65 
2587 273 
2595 583 
2601 153 
2602 33 
2604 24 
2606 134 
2607 23 
2612 117 
2613 18 
2613 4 
2617 4 
2617 59 
2626 470 
2626 810 
2627 102 
2631 39 
2634 13 
2636 93 
2638 1124 
2639 117 
2642 51 
2655 567 
2662 6 
2664 69 
2668 251 
2668 29 
2679 87 
2686 164 
2693 1001 
2695 740 
2698 29 
2700 19 
2700 195 
2702 44 
2704 54 
2705 85 
2728 20 
2729 52 
2730 256 
2731 78 
2734 124 
2735 38 
2738 153 
2749 62 
2750 358 
2753 7 
2753 7 
2760 168 
2761 114 
2766 126 
2768 53 
2768 53 
2769 140 
2770 62 
2773 190 
2777 252 
2787 106 
2787 43 
2790 85 
2796 110 
2796 121 
2799 112 
2821 84 
2824 3168 
2835 43 
2842 24 
2847 112 
2853 18 
2856 242 
2859 101 
2861 5 
2864 113 
2871 12 
2873 41 
2876 309 
2898 106 
2898 106 
2902 111 
2902 111 
2902 123 
2902 123 
2903 31 
2903 31 
2905 24 
2905 24 
2907 81 
2907 81 
2908 178 
2908 178 
2926 197 
2926 197 
2928 117 
2928 117 
2929 114 
2929 114 
2933 34 
2933 34 
2941 36 
2941 36 
2947 51 
2947 51 
2953 17 
2954 55 
2957 33 
2964 45 
2981 21 
2987 97 
2989 597 
2993 502 
2996 196 
2997 65 
3014 38 
3018 33 
3019 143 
3025 539 
3036 83 
3037 31 
3037 165 
3042 272 
3044 47 
3051 238 
3052 90 
3062 17 
3074 82 
3080 41 
3085 55 
3088 83 
3090 108 
3096 592 
3102 59 
3107 108 
3119 54 
3119 127 
3121 121 
3137 131 
3142 174 
3152 41 
3165 152 
3167 255 
3167 25 
3176 96 
3183 74 
3190 270 
3193 138 
3199 65 
3200 65 
3204 84 
3212 16 
3219 31 
3228 16 
3231 118 
3233 2459 
3238 50 
3240 22 
3240 73 
3241 111 
3244 71 
3245 11865 
3254 32 
3254 75 
3258 63 
3259 94 
3262 3 
3272 117 
3276 105 
3277 1109 
3277 90 
3281 168 
3292 32 
3303 27 
3310 27 
3311 112 
3316 64 
3317 147 
3321 216 
3321 32 
3330 228 
3345 2222 
3348 67 
3360 26 
3372 1220 
3384 30 
3387 260 
3396 11 
3399 52 
3407 135 
3410 145 
3412 72 
3423 131 
3427 335 
3432 62 
3448 85 
3451 58 
3459 50 
3462 266 
3484 235 
3489 161 
3499 160 
3503 0 
3509 272 
3520 229 
3524 27 
3532 84 
3538 215 
3543 61 
3554 154 
3555 57 
3556 11 
3560 152 
3570 20 
3581 26 
3582 34 
3587 26 
3588 3220 
3594 52 
3605 44 
3621 61 
3632 46 
3636 57 
3640 60 
3641 177 
3646 57 
3653 210 
3659 70 
3662 99 
3663 100 
3673 76 
3673 169 
3675 49 
3677 70 
3679 53 
3688 28 
3704 330 
3708 53 
3709 42 
3713 428 
3713 72 
3729 45 
3734 201 
3735 34 
3744 37 
3745 86 
3745 166 
3747 38 
3755 42 
3778 48 
3803 13 
3821 12 
3825 259 
3826 156 
3829 38 
3832 109 
3837 26 
3843 30 
3847 30 
3848 374 
3848 57 
3854 11 
3856 192 
3869 98 
3887 94 
3892 115 
3898 583 
3898 41 
3898 81 
3903 2 
3910 130 
3911 1635 
3912 82 
3914 138 
3919 3 
3921 8 
3921 44 
3933 17 
3935 97 
3947 14 
3950 421 
3978 42 
3979 154 
3981 141 
3984 73 
3984 51 
3994 44 
3994 164 
3999 40 
4017 196 
4024 81 
4025 101 
4031 140 
4037 57 
4044 55 
4053 57 
4063 101 
4068 112 
4069 35 
4078 390 
4088 144 
4109 36 
4111 169 
4116 2495 
4135 90 
4139 37 
4162 397 
4173 128 
4174 92 
4183 90 
4197 1296 
4197 96 
4210 6 
4212 40 
4236 89 
4238 1130 
4239 101 
4242 63 
4244 101 
4251 17 
4252 118 
4254 46 
4260 22 
4273 91 
4297 634 
4300 20 
4300 228 
4315 72 
4317 61 
4318 50 
4330 55 
4333 71 
4351 321 
4359 160 
4364 10 
4387 245 
4403 59 
4412 116 
4414 26 
4424 34 
4427 56 
4430 359 
4432 572 
4435 138 
4443 50 
4459 1 
4470 112 
4479 24 
4482 101 
4489 86 
4494 76 
4503 201 
4506 63 
4507 152 
4511 161 
4524 41 
4528 579 
4544 68 
4569 76 
4572 2639 
4583 49 
4584 283 
4586 25 
4587 149 
4594 7 
4595 51 
4607 26 
4611 128 
4613 146 
4613 26 
4632 619 
4633 46 
4648 8 
4650 13 
4664 87 
4670 114 
4693 66 
4694 108 
4695 78 
4697 394 
4707 17 
4716 302 
4722 20 
4722 50 
4726 9 
4727 98 
4783 239 
4791 70 
4796 12 
4802 139 
4803 89 
4826 647 
4829 228 
4829 30 
4837 151 
4841 81 
4843 21 
4866 328 
4882 262 
4884 485 
4890 67 
4890 70 
4898 106 
4900 7 
4910 42 
4911 23 
4943 76 
4946 199 
4954 35 
4954 193 
4957 78 
4959 58 
4964 46 
4966 48 
4976 48 
4979 20 
4997 1176 
4998 204 
5006 88 
5011 8 
5012 38 
5019 25 
5041 60 
5043 30 
5047 96 
5055 35 
5061 151 
5079 68 
5083 83 
5083 60 
5086 4185 
5104 49 
5115 169 
5131 780 
5132 77 
5151 33 
5156 117 
5162 30 
5188 46 
5213 76 
5216 48 
5236 51 
5237 59 
5252 97 
5253 76 
5253 138 
5274 99 
5275 769 
5291 11 
5292 10 
5295 34 
5303 78 
5326 148 
5371 14 
5372 104 
5377 44 
5383 59 
5387 234 
5392 31 
5395 9 
5407 338 
5418 43 
5435 243 
5444 96 
5455 181 
5469 30 
5475 169 
5476 11 
5504 28 
5510 1531 
5518 187 
5532 53 
5538 65 
5555 107 
5558 272 
5558 45 
5566 194 
5566 129 
5586 37 
5597 104 
5604 42 
5616 30 
5626 339 
5639 84 
5640 46 
5647 92 
5649 152 
5670 48 
5684 60 
5685 109 
5693 22 
5703 177 
5717 44 
5722 6 
5732 95 
5735 96 
5746 372 
5756 53 
5761 130 
5778 93 
5789 2 
5794 135 
5796 21 
5796 445 
5800 15 
5826 20 
5829 812 
5838 139 
5846 35 
5848 23 
5852 133 
5854 73 
5874 14 
5882 138 
5897 50 
5904 799 
5912 750 
5920 17 
5928 10 
5936 36 
5938 65 
5941 3165 
5945 13 
5947 77 
5964 40 
5964 87 
5972 391 
5996 228 
6012 131 
6031 46 
6037 1386 
6040 56 
6045 65 
6047 269 
6069 183 
6069 156 
6074 97 
6092 1455 
6093 38 
6095 89 
6097 28 
6107 109 
6112 9 
6155 77 
6176 678 
6192 44 
6195 97 
6199 32 
6205 951 
6209 53 
6212 60 
6232 912 
6252 79 
6281 205 
6286 42 
6297 64 
6306 70 
6308 20 
6316 54 
6335 885 
6336 53 
6349 35 
6352 35 
6353 57 
6377 87 
6381 68 
6393 10 
6395 65 
6406 105 
6494 104 
6501 194 
6505 64 
6525 94 
6534 95 
6538 460 
6538 325 
6545 60 
6547 6 
6568 252 
6592 690 
6595 1294 
6602 69 
6604 70 
6606 46 
6630 22 
6641 39 
6650 167 
6658 403 
6665 177 
6667 52 
6675 53 
6701 62 
6755 591 
6767 2725 
6769 36 
6787 117 
6788 562 
6789 92 
6820 163 
6833 147 
6836 33 
6848 62 
6890 317 
6898 134 
6899 336 
6905 135 
6938 82 
6946 89 
6963 449 
6970 1813 
6977 309 
6977 33 
6986 16 
6986 9 
6995 186 
7008 9 
7009 348 
7013 26 
7020 22 
7039 160 
7074 45 
7096 944 
7106 26 
7107 2040 
7112 1286 
7123 126 
7139 15 
7140 24 
7150 53 
7154 21 
7157 83 
7167 94 
7173 42 
7182 91 
7184 47 
7185 20 
7194 32 
7202 38 
7204 117 
7205 613 
7213 210 
7222 58 
7228 162 
7250 17 
7250 54 
7261 147 
7268 52 
7283 253 
7324 149 
7346 8 
7366 1760 
7367 46 
7381 16 
7385 19 
7399 47 
7412 87 
7415 13 
7430 1135 
7435 11 
7449 16 
7486 677 
7502 96 
7505 1046 
7514 23 
7532 37 
7536 172 
7543 3 
7552 82 
7564 59 
7588 72 
7592 33 
7602 2453 
7615 1195 
7624 226 
7631 11 
7634 594 
7634 24 
7649 95 
7669 279 
7679 400 
7708 171 
7727 7 
7737 35 
7741 105 
7743 887 
7756 161 
7767 275 
7768 38 
7774 4542 
7795 7 
7815 7 
7815 63 
7876 352 
7991 148 
7998 31 
8087 116 
8106 54 
8119 116 
8121 90 
8129 448 
8137 35 
8140 47 
8143 259 
8217 274 
8259 8 
8277 287 
8279 192 
8284 12 
8318 9 
8322 22 
8331 605 
8334 22 
8347 180 
8361 47 
8405 60 
8414 128 
8424 73 
8463 48 
8472 14 
8488 6 
8489 42 
8493 38 
8549 50 
8550 77 
8583 21 
8585 51 
8587 11 
8622 5 
8644 89 
8666 12 
8672 73 
8673 30 
8692 134 
8700 19 
8722 105 
8724 226 
8729 38 
8749 42 
8752 141 
8776 127 
8786 51 
8794 10 
8807 65 
8813 167 
8826 79 
8842 653 
8857 799 
8857 82 
8859 107 
8909 103 
8958 41 
8972 317 
9005 17 
9030 282 
9063 3 
9064 38 
9073 35 
9102 43 
9103 11 
9113 27 
9186 111 
9213 12 
9218 51 
9239 82 
9246 87 
9290 73 
9295 51 
9322 64 
9359 31 
9362 5 
9369 18 
9370 1285 
9424 100 
9426 32 
9437 99 
9461 242 
9519 42 
9533 452 
9559 27 
9568 23 
9575 70 
9592 128 
9596 426 
9617 44 
9626 313 
9627 16 
9641 1880 
9644 29 
9661 113 
9692 13 
9720 40 
9743 38 
9746 22 
9761 50 
9764 36 
9809 121 
9875 103 
9894 45 
9916 107 
9934 831 
9946 746 
9979 57 
10015 82 
10052 18 
10067 37 
10115 29 
10121 26 
10129 16 
10175 47 
10218 14 
10247 218 
10287 347 
10297 223 
10318 22 
10327 101 
10377 62 
10476 79 
10525 331 
10526 14 
10527 133 
10552 49 
10589 60 
10607 44 
10614 60 
10663 2113 
10678 140 
10710 0 
10719 64 
10732 53 
10749 69 
10774 29 
10859 279 
10867 27 
10879 30 
10885 175 
10891 168 
10908 543 
10930 40 
10930 0 
11004 94 
11008 8 
11018 22 
11038 59 
11040 22 
11043 17 
11084 13 
11090 70 
11092 107 
11103 243 
11116 91 
11121 59 
11128 27 
11132 66 
11273 11 
11284 85 
11301 63 
11311 36 
11339 127 
11351 1463 
11365 89 
11366 16 
11373 157 
11374 118 
11392 79 
11431 21 
11466 544 
11473 181 
11482 4 
11497 33 
11504 161 
11508 36 
11522 66 
11530 62 
11544 148 
11558 216 
11558 158 
11561 106 
11562 70 
11637 182 
11638 405 
11646 248 
11663 50 
11664 293 
11683 125 
11690 59 
11702 15 
11735 22 
11772 866 
11783 10 
11791 12 
11808 22 
11866 578 
11908 88 
11942 3506 
11943 291 
11947 13 
11969 606 
11981 60 
12001 303 
12006 97 
12025 7 
12054 116 
12055 2112 
12055 108 
12059 122 
12076 58 
12131 226 
12135 9 
12139 163 
12311 19 
12319 91 
12417 28 
12422 40 
12441 38 
12459 12 
12477 226 
12570 46 
12618 0 
12649 121 
12653 216 
12680 55 
12686 169 
12704 164 
12742 213 
12775 39 
12783 38 
12803 67 
12909 32 
12933 109 
12941 141 
12941 82 
12952 410 
12978 58 
13025 17 
13089 95 
13120 275 
13159 14 
13185 2345 
13209 69 
13225 3914 
13259 206 
13267 59 
13347 426 
13347 77 
13393 12 
13422 44 
13423 33 
13454 39 
13515 101 
13525 22 
13686 43 
13697 35 
13730 167 
13750 1000 
13776 1242 
13825 66 
13842 368 
13917 93 
14036 41 
14039 69 
14051 14 
14114 83 
14123 138 
14135 81 
14158 94 
14251 120 
14272 7 
14308 482 
14310 88 
14313 68 
14316 53 
14343 7 
14533 15 
14545 167 
14552 12 
14584 632 
14602 50 
14629 52 
14635 199 
14752 86 
14785 155 
14890 21 
14914 93 
14917 94 
15058 1397 
15084 84 
15088 13 
15167 212 
15227 51 
15252 21 
15263 15 
15265 21 
15266 81 
15327 14 
15406 76 
15462 67 
15514 109 
15532 45 
15564 53 
15727 19 
15800 336 
15925 23 
15938 38 
15951 140 
15951 28 
16016 142 
16102 200 
16138 122 
16233 59 
16333 26 
16353 62 
16386 50 
16445 36 
16451 13 
16453 137 
16721 273 
16722 414 
16946 14 
16962 8 
16994 8 
17098 39 
17152 52 
17177 34 
17219 96 
17266 47 
17302 137 
17302 19 
17338 40 
17379 221 
17402 4 
17413 211 
17469 28 
17476 155 
17559 24 
17664 100 
17670 123 
17737 187 
17824 576 
17829 44 
17910 1662 
17953 45 
17953 45 
18144 121 
18203 19 
18230 42 
18266 89 
18317 17 
18461 13 
18524 74 
18537 48 
18570 170 
18576 73 
18810 67 
18900 169 
18907 56 
18956 15 
18985 31 
18994 659 
19073 24 
19093 91 
19111 12 
19214 24 
19265 23 
19385 257 
19437 13 
19577 206 
19666 38 
19670 29 
19785 39 
19850 38 
19853 109 
19866 27 
19962 806 
19968 249 
20028 23 
20036 20 
20041 27 
20068 34 
20074 778 
20077 120 
20195 438 
20259 149 
20368 29 
20375 194 
20480 56 
20594 103 
20643 46 
20649 46 
20673 65 
20714 272 
20726 1094 
20729 49 
20831 201 
20866 2362 
20943 15 
20973 123 
20998 65 
21186 41 
21245 50 
21384 20 
21431 74 
21447 82 
21512 4 
21594 42 
21711 13 
21733 18 
21893 269 
21941 212 
22117 95 
22581 114 
22584 55 
22725 26 
22771 36 
22907 63 
23037 12 
23043 4 
23072 78 
23090 54 
23229 252 
23249 149 
23484 19 
23594 213 
23651 212 
23673 102 
23678 129 
23691 15 
23696 151 
23727 144 
23735 363 
23748 243 
23753 68 
23764 60 
23840 125 
23877 35 
23951 49 
23953 4 
23963 103 
24013 629 
24136 19 
24147 143 
24239 212 
24291 924 
24413 33 
24456 80 
24467 61 
24540 86 
24579 18 
24634 104 
24659 18 
24966 243 
25167 19 
25201 375 
25222 144 
25379 22 
25381 9 
25432 52 
25547 38 
25651 137 
25659 194 
25771 11 
25834 113 
26012 67 
26068 135 
26100 30 
26152 30 
26166 1211 
26228 36 
26398 17 
26428 59 
26452 56 
26644 121 
27731 19 
28577 21 
28881 128 
29072 37 
29094 25 
29180 3 
29867 70 
30102 144 
30212 6 
30271 36 
30346 23 
30472 44 
30591 26 
30591 21 
31198 85 
31417 44 
31634 139 
32046 26 
32270 96 
32323 7 
32351 36 
32467 14 
32487 101 
32894 75 
33177 5 
33270 25 
33432 890 
33619 56 
33913 67 
33965 28 
34056 20 
34115 26 
34409 9 
34689 50 
34776 684 
35054 49 
35185 30 
35232 161 
36146 19 
36349 102 
36569 67 
36885 62 
36942 47 
37002 42 
37244 38 
37245 133 
37530 618 
38013 25 
38107 88 
38682 29 
39984 109 
39988 1561 
40017 70 
40245 19 
40279 10 
40423 121 
40741 37 
41374 93 
41731 6 
42771 37 
43098 331 
43906 101 
44271 31 
44799 186 
45716 53 
45773 253 
45822 72 
45939 3 
45970 262 
47500 61 
48513 3 
48513 3 
48959 27 
49222 289 
49732 47 
50069 93 
50975 199 
51320 1400 
51328 95 
51434 61 
51513 45 
51804 58 
51985 15 
52618 1298 
52946 34 
53271 12 
54175 645 
54230 9 
54384 15 
54551 520 
55099 34 
55348 36 
55632 13 
55806 27 
56747 16 
56931 4 
57030 518 
57501 420 
57643 20 
57944 162 
57957 443 
58339 42 
58562 21 
58698 61 
58762 27 
58885 231 
59083 23 
59150 65 
59168 412 
59266 74 
59732 32 
59833 2272 
59835 65 
59975 8 
60642 69 
60843 157 
60892 14 
61537 118 
61770 334 
61781 13 
61842 172 
61933 43 
62228 152 
62509 94 
62835 2807 
63634 103 
63913 250 
64144 504 
64158 885 
64487 549 
64503 13 
65403 51 
65688 440 
65908 359 
66248 80 
66722 21 
66833 135 
67215 33 
67691 47 
67720 15 
68547 63 
69181 668 
70128 16 
70334 2 
71324 146 
71580 58 
72604 60 
73053 66 
73663 32 
73996 60 
74579 1 
76390 84 
77216 2 
77308 89 
77372 54 
77767 95 
77824 59 
79102 1731 
79102 1731 
79252 188 
79826 629 
80337 15 
80543 826 
80659 368 
80663 238 
81187 91 
82623 17 
83177 19 
85030 61 
85459 882 
85752 151 
85803 14 
86299 21 
86859 6801 
86878 4488 
86894 406 
86964 905 
87076 55 
87115 90 
89028 273 
89151 17 
89201 54 
90252 1532 
90290 218 
90329 331 
90648 50 
90698 9 
91794 392 
103287 50 
103472 375 
103596 47 
103666 25 
104997 29 
106309 81 
107202 157 
113340 65 
113798 297 
113866 254 
114040 184 
114049 68 
114069 181 
114315 75 
114557 157 
114979 70 
115231 535 
115372 651 
115809 380 
117352 46 
117641 185 
121409 2092 
133019 77 
135575 12 
136393 1254 
137668 60 
140484 38 
147200 226 
150114 121 
153886 48 
154165 123 
154168 77 
154345 70 
154959 380 
158239 40 
163225 19 
164329 62 
167212 17 
167925 418 
168504 86 
168504 86 
170230 110 
171840 162 
175100 42 
179453 865 
181486 174 
185108 481 
193749 116 
195343 46 
195675 1264 
206181 152 
209705 45 
211662 710 
213650 1111 
213705 303 
218023 3 
219760 49 
221534 1076 
222387 1576 
222939 38 
226415 130 
235659 34 
243193 2 
248177 482 
249762 74 
250067 419 
251651 48 
258764 29 
264667 144 
264886 1612 
265057 31 
275499 939 
275806 104 
276908 614 
284850 161 
288956 711 
291071 109 
299523 81 
310675 112 
319134 24 
320571 80 
328757 2 
333377 12 
333593 135 
334636 1346 
339214 41 
343420 16 
344788 44 
346470 44 
349694 84 
350348 39 
352001 442 
362984 275 
366480 17 
372612 36 
374525 50 
397937 78 
403327 15 
409226 35 
416378 30 
420078 687 
423824 323 
423991 368 
426512 72 
456687 91 
458274 169 
466017 38 
475504 628 
489217 154 
489467 21 
491185 137 
494903 26 
541426 50 
563235 7 
590155 282 
590179 316 
595070 40 
