3414 5.58033564815
0 363915 
9 80 
13 303 
17 434 
18 829 
20 952 
20 152 
21 74 
22 114 
23 244 
24 63 
24 129 
26 247 
26 286 
26 1014 
27 1278 
29 64 
30 846 
35 639 
40 288 
41 168 
42 60 
42 65323 
43 133 
43 148 
45 245 
46 97 
47 37 
49 125 
50 35 
50 93 
50 184 
50 159 
51 129 
51 820 
51 240 
55 24 
55 127 
56 96 
57 173 
62 494 
65 310 
66 415 
66 297741 
68 243 
68 287 
70 85 
70 142 
75 29 
75 333 
78 125 
78 73 
78 350 
79 271 
82 165 
82 246 
83 110 
84 38 
84 172 
85 316 
85 38 
86 23 
87 285 
88 137 
90 1072 
90 188 
90 931 
91 194 
93 204 
93 179 
95 49 
95 547 
97 28 
98 17 
98 69 
99 161 
100 139 
100 413 
100 208 
102 109 
103 200 
103 250 
103 49 
103 151 
105 1142 
105 427 
106 19 
108 171 
108 97 
109 80 
111 103 
112 108 
115 732 
115 186 
119 40 
119 106 
119 217 
119 635 
119 461 
120 10 
121 381 
121 108 
122 107 
122 41 
123 115 
124 41 
124 253 
125 58 
127 142 
128 118 
129 100 
131 191 
132 104 
133 157 
134 77 
135 74 
135 67 
136 98 
140 251 
140 175 
140 117 
144 798 
144 60 
147 7 
148 175 
149 82 
150 219 
150 274 
150 241 
152 188 
153 6585 
155 259 
156 7 
156 176 
157 170 
157 229 
157 75 
157 49 
159 209 
159 233 
160 66 
161 304 
163 491 
164 152 
165 80 
165 18 
166 81 
167 25 
168 41 
168 159 
169 709 
169 30 
169 25 
170 115 
173 39 
174 210 
177 61 
177 171 
179 34 
179 41 
182 75 
183 15 
184 23 
184 61 
185 319 
185 37 
186 24 
187 1127 
188 3173 
190 81 
191 900 
192 700 
192 148 
192 1589 
194 260 
195 244 
196 334 
200 512 
201 146 
204 37 
204 50 
205 425 
206 312 
208 196 
208 46 
208 33 
210 142 
211 620 
211 847 
213 64 
214 375 
216 106 
217 267 
218 107 
218 33 
218 243 
222 131 
225 302 
227 21 
229 675 
233 260 
235 135 
236 251 
236 21 
236 49 
238 190 
240 206 
240 70 
241 2769 
242 10 
242 94 
245 2281 
246 139 
250 50 
252 460 
252 66 
256 49 
257 417 
258 112 
260 149 
260 194 
260 222 
262 110 
265 136 
266 126 
266 56 
269 110 
269 91 
271 176 
273 11 
274 28 
276 779 
277 210 
278 155 
279 39 
280 60 
281 421 
282 817 
286 246 
287 190 
291 122 
293 676 
294 35 
296 63 
301 731 
302 102 
304 36 
305 83 
305 857 
309 226 
311 295 
313 9 
313 417 
314 94 
315 47 
320 41 
321 324 
322 719 
323 419 
325 546 
328 638 
330 270 
330 2977 
330 58 
333 804 
334 66 
340 21 
341 115 
344 206 
345 399 
347 102 
349 0 
351 475 
354 850 
356 124 
359 20 
361 738 
362 683 
368 155 
370 263 
373 78 
373 132 
374 30 
374 926 
378 50 
380 477 
380 22 
380 32 
381 33 
384 1316 
391 13 
394 146 
395 80 
405 368 
409 190 
411 323 
413 176 
414 35 
416 32 
416 44 
421 44 
427 1641 
428 150 
428 579 
434 103 
439 627 
441 129 
442 5 
444 108 
449 750 
450 199 
454 17 
456 143 
457 80 
458 373 
462 79 
464 174 
468 27 
475 922 
475 28 
477 43 
477 233 
478 90 
479 240 
481 133 
482 193 
482 174 
489 156 
494 168 
495 143 
496 4170 
497 41 
500 201 
500 90 
501 12 
502 194 
503 28 
504 275 
509 17 
510 103 
513 106 
516 157 
518 126 
521 388 
525 802 
525 882 
525 173 
530 87 
530 14 
538 157 
539 126 
540 1146 
544 347 
546 164 
547 124 
551 36 
553 57 
560 259 
561 112 
561 104 
562 198 
563 30 
574 51 
574 29 
576 208 
579 88 
579 67 
582 183 
589 783 
590 392 
594 135 
597 257 
599 76 
600 101 
601 30 
607 44 
609 216 
610 64 
612 122 
613 133 
613 272 
629 103 
629 99 
632 82 
635 212 
643 19 
645 43 
649 18 
657 57 
658 242 
665 17 
666 64 
669 21 
676 4 
678 4272 
682 227 
682 23 
691 195 
692 803 
693 178 
695 833 
695 218 
697 1808 
702 52 
704 287 
712 206 
717 398 
728 32 
735 733 
743 217 
744 708 
748 78 
754 101 
763 27 
763 828 
765 239 
767 127 
767 4 
772 58 
775 120 
778 279 
780 100 
785 74 
803 188 
804 66 
812 73 
823 178 
827 99 
837 234 
840 244 
842 221 
844 92 
853 44 
859 154 
859 1096 
865 588 
877 34 
880 430 
881 1319 
882 2212 
883 52 
890 1936 
892 166 
893 324 
897 207 
898 5 
901 19 
904 13 
908 455 
921 203 
930 67 
931 203 
935 19 
947 19 
956 95 
959 59 
962 46 
972 61 
973 17 
973 109 
973 235 
976 25 
977 216 
977 468 
977 110 
982 28 
982 0 
985 53 
987 135 
989 91 
993 354 
994 23 
997 269 
1003 632 
1006 51 
1006 43 
1011 451 
1016 44 
1017 52 
1018 1820 
1019 55 
1021 16 
1021 148 
1026 37 
1030 518 
1035 8 
1036 98 
1041 0 
1041 23 
1042 24 
1043 176 
1044 50 
1045 52 
1049 51 
1050 518 
1050 16 
1056 30 
1062 1130 
1065 124 
1080 161 
1086 100 
1086 89 
1089 181 
1089 56 
1092 186 
1099 1988 
1100 101 
1102 8 
1102 56 
1104 19 
1104 1341 
1106 116 
1112 128 
1113 5 
1113 296 
1115 100 
1116 51 
1123 28 
1123 273 
1123 94 
1124 40 
1125 49 
1125 19 
1127 106 
1133 17 
1134 34 
1136 16 
1141 165 
1148 65 
1149 260 
1150 76 
1150 95 
1151 708 
1158 76 
1159 479 
1159 72 
1162 1372 
1164 46 
1165 79 
1212 113 
1225 80 
1230 152 
1231 62 
1234 640 
1238 533 
1243 234 
1243 93 
1245 26 
1246 76 
1246 92 
1253 200 
1253 51 
1257 179 
1261 592 
1264 602 
1270 64 
1276 572 
1279 5127 
1282 124 
1284 256 
1285 387 
1288 145 
1292 247 
1301 644 
1303 126 
1309 48 
1310 53 
1311 80 
1313 72 
1314 117 
1316 228 
1320 71 
1321 523 
1322 181 
1326 672 
1328 20 
1332 279 
1332 50 
1333 396 
1338 305 
1345 18 
1352 342 
1352 242 
1353 39 
1357 1350 
1358 54 
1360 351 
1364 75 
1364 81 
1364 3 
1366 164 
1372 64 
1376 121 
1377 16 
1381 120 
1385 29 
1388 336 
1388 94 
1388 119 
1392 48 
1393 87 
1396 46 
1396 25 
1398 88 
1401 140 
1401 658 
1406 173 
1406 217 
1407 240 
1408 73 
1409 80 
1409 976 
1410 215 
1410 149 
1410 1924 
1413 488 
1416 45 
1416 382 
1417 291 
1430 46 
1434 123 
1434 3136 
1435 232 
1436 1500 
1440 67 
1442 2 
1446 311 
1462 49 
1463 200 
1464 14 
1467 258 
1471 2 
1474 31 
1478 838 
1479 45 
1479 75 
1483 20 
1488 104 
1490 116 
1491 59 
1492 285 
1495 29 
1499 34 
1499 214 
1501 306 
1504 813 
1511 60 
1512 390 
1516 193 
1518 41 
1521 1125 
1523 35 
1526 252 
1527 263 
1530 91 
1531 215 
1536 20 
1539 264 
1544 15 
1548 44 
1548 70 
1553 22 
1565 284 
1566 30 
1572 36 
1582 43 
1586 38 
1588 782 
1645 78 
1651 31 
1654 597 
1659 189 
1659 70 
1660 397 
1661 300 
1666 74 
1672 151 
1674 111 
1677 327 
1678 501 
1681 82 
1684 37 
1693 41 
1702 1309 
1706 1122 
1706 35 
1707 5614 
1709 16 
1716 144 
1716 27 
1717 199 
1727 86 
1728 74 
1731 35 
1732 154 
1733 138 
1735 71 
1738 160 
1738 127 
1739 215 
1743 182 
1745 15 
1746 98 
1754 452 
1757 188 
1765 28 
1766 19 
1766 160 
1770 389 
1771 61 
1778 122 
1779 74 
1783 191 
1784 86 
1784 662 
1787 399 
1787 72 
1791 329 
1793 61 
1793 128 
1794 22 
1801 118 
1805 58 
1817 153 
1817 128 
1818 21 
1823 59 
1823 69 
1828 20 
1834 256 
1837 219 
1838 16 
1838 30 
1838 979 
1841 62 
1841 26 
1841 548 
1842 26 
1845 44 
1845 74 
1849 491 
1851 130 
1851 138 
1854 98 
1854 125 
1856 254 
1858 47 
1860 63 
1866 177 
1866 254 
1870 57 
1876 49 
1879 338 
1882 199 
1882 797 
1884 408 
1892 352 
1893 7 
1894 128 
1895 42 
1897 95 
1901 48 
1912 22 
1917 42 
1919 74 
1924 50 
1925 139 
1934 175 
1935 47 
1937 491 
1947 773 
1948 17 
1948 264 
1949 548 
1950 46 
1952 77 
1956 38 
1956 102 
1972 4118 
1972 190 
1974 13 
1977 1018 
1977 68 
1989 32 
1996 29 
2005 18 
2007 180 
2011 29 
2013 7 
2014 52 
2017 762 
2018 17 
2021 91 
2029 339 
2030 8 
2032 229 
2032 1969 
2039 172 
2042 156 
2043 276 
2046 235 
2048 97 
2051 67 
2058 0 
2058 312 
2073 72 
2083 140 
2088 104 
2090 121 
2090 797 
2092 19 
2097 165 
2099 57 
2100 304 
2102 774 
2104 276 
2108 54 
2113 69 
2116 3412 
2116 1035 
2122 387 
2133 2660 
2135 32 
2137 57 
2139 39 
2141 257 
2150 103 
2157 1647 
2158 196 
2159 82 
2159 205 
2161 149 
2163 50 
2165 31 
2169 9 
2170 313 
2171 122 
2172 351 
2182 214 
2185 61 
2185 242 
2187 761 
2193 85 
2193 131 
2196 47 
2197 133 
2199 358 
2209 486 
2212 31 
2214 239 
2217 897 
2220 495 
2223 122 
2224 14 
2233 99 
2234 177 
2235 210 
2238 81 
2248 345 
2248 5 
2248 104 
2250 217 
2250 378 
2252 50 
2253 153 
2256 89 
2267 1456 
2271 174 
2273 182 
2273 100 
2274 1316 
2275 341 
2285 11 
2285 125 
2288 152 
2359 148 
2362 38 
2366 31 
2367 43 
2368 422 
2385 24 
2386 271 
2391 131 
2392 167 
2394 20 
2396 53 
2397 338 
2407 271 
2414 85 
2415 50 
2416 1848 
2417 116 
2424 1188 
2426 119 
2426 98 
2430 472 
2433 365 
2438 16 
2439 50 
2444 119 
2452 347 
2455 195 
2464 352 
2466 84 
2473 156 
2474 49 
2475 120 
2475 32 
2478 43 
2491 119 
2492 123 
2492 29 
2495 765 
2502 287 
2503 27 
2503 66 
2503 749 
2518 165 
2524 186 
2524 25 
2529 23 
2530 181 
2533 2978 
2539 104 
2548 981 
2554 26 
2554 367 
2560 17 
2562 26 
2567 86 
2572 21 
2582 181 
2583 483 
2584 20 
2587 45 
2588 295 
2590 197 
2594 191 
2615 31 
2617 72 
2618 136 
2641 900 
2645 37 
2646 105 
2651 119 
2654 25 
2658 94 
2660 197 
2667 27 
2689 56 
2693 237 
2707 321 
2708 70 
2725 28 
2725 289 
2733 410 
2747 839 
2748 17 
2765 66 
2771 57 
2774 40 
2777 215 
2790 52 
2793 9 
2803 3 
2827 86 
2838 57 
2842 173 
2846 886 
2857 79 
2857 70 
2883 131 
2883 151 
2896 156 
2902 198 
2961 180 
2963 73 
2966 174 
2967 174 
2970 83 
2971 117 
2972 52 
2975 120 
2977 568 
2979 148 
2979 67 
2986 135 
2991 2518 
2992 26 
2995 65 
3002 521 
3006 4 
3029 137 
3030 80 
3030 51 
3038 124 
3038 120 
3041 31 
3046 281 
3047 273 
3047 130 
3050 53 
3051 17 
3055 147 
3057 73 
3058 84 
3058 1406 
3059 862 
3063 415 
3065 71 
3066 152 
3069 2 
3070 50 
3070 270 
3076 601 
3082 437 
3084 37 
3084 276 
3094 66 
3097 0 
3102 58 
3105 311 
3105 136 
3120 191 
3121 268 
3129 21 
3136 737 
3140 67 
3147 159 
3147 216 
3153 526 
3158 57 
3159 210 
3160 261 
3162 23 
3166 92 
3169 548 
3171 108 
3172 363 
3177 19 
3179 248 
3184 106 
3193 26 
3198 34 
3207 659 
3216 216 
3216 216 
3218 77 
3223 34 
3223 120 
3226 65 
3233 28 
3239 435 
3247 202 
3248 1252 
3254 21 
3257 92 
3263 41 
3270 693 
3274 93 
3278 115 
3283 210 
3283 209 
3288 135 
3289 43 
3289 822 
3297 131 
3302 715 
3315 36 
3330 1267 
3335 543 
3335 75 
3346 54 
3349 230 
3350 120 
3355 91 
3365 680 
3372 8 
3374 398 
3374 12 
3386 139 
3387 342 
3390 465 
3397 188 
3401 175 
3406 48 
3479 25 
3493 66 
3529 111 
3541 464 
3543 28 
3551 344 
3551 22 
3563 44 
3568 51 
3570 17 
3575 14 
3579 14 
3582 126 
3583 186 
3589 69 
3589 321 
3589 208 
3590 203 
3593 5 
3595 68 
3595 174 
3605 440 
3640 383 
3653 24 
3657 966 
3664 91 
3668 209 
3675 51 
3688 121 
3689 173 
3692 565 
3694 8 
3702 17 
3704 114 
3706 15 
3706 83 
3707 26 
3708 5 
3711 377 
3715 156 
3716 1906 
3717 97 
3719 252 
3721 156 
3722 63 
3727 79 
3728 113 
3732 116 
3733 526 
3735 66 
3737 52 
3740 65 
3748 35 
3750 150 
3754 173 
3754 20 
3755 604 
3760 131 
3761 218 
3773 702 
3775 143 
3775 108 
3777 30 
3783 112 
3785 195 
3786 1955 
3786 6 
3788 148 
3792 25 
3793 873 
3794 77 
3800 62 
3801 225 
3802 115 
3806 179 
3812 60 
3814 35 
3820 21 
3823 270 
3824 322 
3834 180 
3835 151 
3838 759 
3843 186 
3844 245 
3846 56 
3851 80 
3855 96 
3856 56 
3859 50 
3859 19 
3862 429 
3869 13 
3869 38 
3873 2336 
3879 261 
3880 138 
3888 31 
3889 165 
3896 31 
3896 3063 
3900 61 
3902 932 
3905 142 
3906 66 
3909 106 
3914 48 
3915 107 
3919 180 
3919 32 
3919 35 
3921 15 
3932 620 
3986 53 
3990 42 
3991 80 
4002 106 
4008 41 
4010 29 
4044 624 
4051 97 
4056 461 
4058 13 
4059 132 
4061 147 
4062 87 
4066 88 
4090 114 
4093 1568 
4093 39 
4094 61 
4101 2579 
4105 27 
4105 0 
4106 424 
4127 34 
4150 85 
4159 22 
4162 1769 
4163 2 
4169 48 
4169 105 
4174 284 
4174 165 
4178 269 
4179 10 
4184 90 
4189 41 
4192 317 
4196 279 
4198 83 
4203 51 
4206 32 
4214 368 
4222 39 
4225 44 
4227 13 
4228 328 
4231 30 
4239 88 
4241 1472 
4247 97 
4248 376 
4250 285 
4261 56 
4264 617 
4266 34 
4269 157 
4288 613 
4294 45 
4302 60 
4304 171 
4306 1342 
4313 340 
4326 69 
4329 125 
4331 46 
4332 17 
4340 52 
4344 154 
4351 331 
4361 56 
4375 64 
4377 281 
4444 1407 
4454 414 
4455 497 
4456 481 
4471 162 
4477 515 
4477 49 
4478 99 
4488 20 
4489 48 
4490 34 
4491 689 
4496 170 
4500 5 
4502 95 
4502 23 
4512 118 
4538 281 
4544 104 
4547 48 
4548 9 
4555 95 
4564 662 
4567 38 
4569 797 
4569 818 
4586 198 
4588 232 
4599 52 
4608 48 
4616 72 
4642 41 
4643 52 
4646 206 
4655 1365 
4656 366 
4671 376 
4671 73 
4674 152 
4684 158 
4702 1662 
4703 649 
4714 21 
4714 124 
4715 1557 
4717 263 
4718 103 
4729 284 
4746 55 
4752 64 
4759 723 
4762 566 
4773 118 
4780 491 
4784 85 
4788 600 
4791 108 
4803 27 
4806 382 
4867 108 
4871 113 
4876 12 
4884 74 
4886 393 
4904 37 
4928 23 
4938 10 
4939 238 
4941 500 
4945 210 
4951 64 
4953 73 
4953 41 
4982 15 
4985 168 
4986 20 
4993 119 
5006 60 
5025 108 
5032 116 
5050 32 
5053 31 
5057 46 
5077 100 
5084 59 
5091 228 
5093 191 
5107 18 
5108 113 
5116 296 
5117 7 
5118 67 
5122 323 
5148 12 
5220 152 
5258 496 
5263 129 
5292 227 
5298 423 
5309 42 
5310 19 
5331 800 
5333 28 
5351 72 
5353 76 
5362 73 
5414 92 
5443 788 
5450 68 
5451 65 
5454 66 
5457 13 
5466 467 
5487 24 
5491 21 
5504 28 
5541 70 
5544 15 
5553 921 
5559 25 
5561 13 
5565 283 
5565 159 
5570 18 
5578 13 
5579 52 
5586 784 
5617 245 
5623 67 
5625 1759 
5629 151 
5631 159 
5635 10 
5635 38 
5656 1125 
5731 77 
5743 224 
5745 103 
5753 108 
5758 222 
5758 280 
5765 65 
5767 359 
5770 449 
5785 25 
5799 16 
5835 325 
5838 692 
5858 47 
5862 21 
5871 123 
5875 83 
5904 199 
5913 91 
5915 34 
5929 70 
5930 64 
5932 299 
5939 170 
5940 418 
5949 1 
5953 21 
5970 55 
5975 303 
5978 18 
6003 7 
6017 140 
6018 146 
6018 11 
6036 63 
6045 57 
6047 191 
6055 168 
6099 35 
6100 67 
6101 115 
6103 969 
6104 217 
6127 3234 
6130 94 
6138 100 
6148 209 
6150 155 
6173 149 
6176 91 
6186 132 
6190 56 
6204 87 
6213 84 
6221 57 
6229 213 
6229 134 
6291 324 
6296 17 
6299 111 
6306 36 
6321 35 
6332 106 
6342 92 
6352 270 
6361 32 
6364 217 
6364 18 
6373 105 
6377 486 
6383 26 
6383 74 
6389 133 
6392 109 
6400 18 
6406 1172 
6409 40 
6418 123 
6419 213 
6439 30 
6441 19 
6443 511 
6443 106 
6446 33 
6455 79 
6462 56 
6468 68 
6470 741 
6477 159 
6479 293 
6480 97 
6493 281 
6494 74 
6501 90 
6502 290 
6510 12 
6511 135 
6517 164 
6519 26 
6528 18 
6530 410 
6532 82 
6540 184 
6540 217 
6562 816 
6568 89 
6568 242 
6572 423 
6572 30 
6574 120 
6575 46 
6580 254 
6581 16 
6589 527 
6592 39 
6598 710 
6599 29 
6626 1820 
6626 310 
6629 594 
6638 280 
6640 132 
6640 385 
6641 173 
6651 173 
6653 37 
6654 3 
6659 279 
6661 155 
6670 170 
6676 477 
6685 1536 
6686 59 
6694 1139 
6699 153 
6706 53 
6707 54 
6720 157 
6733 79 
6738 31 
6741 488 
6744 68 
6744 169 
6758 215 
6759 418 
6775 257 
6779 133 
6782 42 
6787 114 
6795 301 
6805 28 
6811 96 
6812 138 
6817 94 
6821 263 
6830 21 
6837 45 
6854 30 
6856 46 
6869 15 
6870 315 
6878 254 
6878 182 
6878 1330 
6879 151 
6880 67 
6882 165 
6887 2451 
6888 97 
6893 280 
6897 48 
6909 67 
6912 98 
6921 327 
6922 49 
6923 48 
6929 171 
6951 81 
6957 263 
6960 230 
6965 66 
6976 244 
6987 13 
6998 90 
7007 349 
7011 5 
7021 735 
7022 1507 
7022 59 
7024 165 
7031 8 
7035 28 
7049 30 
7057 937 
7067 196 
7077 1124 
7084 68 
7093 861 
7099 27 
7106 140 
7116 360 
7130 307 
7147 52 
7155 69 
7177 182 
7191 97 
7194 74 
7199 20 
7199 128 
7227 69 
7229 32 
7237 203 
7261 28 
7264 165 
7276 57 
7295 313 
7300 108 
7322 718 
7328 7 
7394 208 
7397 66 
7408 57 
7419 819 
7419 185 
7434 111 
7440 143 
7449 68 
7450 46 
7465 68 
7468 113 
7485 228 
7500 137 
7514 469 
7523 790 
7528 205 
7555 58 
7556 15 
7560 64 
7567 204 
7586 56 
7588 97 
7601 151 
7641 56 
7647 1238 
7654 10 
7678 111 
7679 23 
7687 1019 
7698 240 
7711 229 
7725 378 
7727 1 
7728 30 
7741 725 
7745 542 
7747 536 
7773 17 
7777 60 
7781 319 
7792 133 
7798 37 
7812 118 
7812 26 
7815 175 
7818 34 
7822 493 
7835 335 
7862 1708 
7864 115 
7877 29 
7881 14 
7889 166 
7891 814 
7892 209 
7898 251 
7902 278 
7907 572 
7922 62 
7954 370 
7962 299 
7962 179 
7963 35 
7971 23 
7981 84 
8000 357 
8015 16 
8030 65 
8036 44 
8066 307 
8085 256 
8089 73 
8092 50 
8105 75 
8117 14 
8122 25 
8125 69 
8130 766 
8131 33 
8134 22 
8141 150 
8145 16 
8150 52 
8152 9 
8155 28 
8158 685 
8174 22 
8190 59 
8198 368 
8203 248 
8215 96 
8217 156 
8226 44 
8235 52 
8249 138 
8253 118 
8253 10 
8264 468 
8273 31 
8274 199 
8275 162 
8281 180 
8294 452 
8302 22 
8304 1031 
8313 182 
8317 92 
8321 372 
8324 49 
8325 277 
8335 117 
8336 1625 
8337 14 
8361 285 
8362 550 
8368 320 
8371 1244 
8381 42 
8404 70 
8412 354 
8430 148 
8434 2995 
8449 92 
8462 305 
8467 29 
8468 24 
8472 84 
8479 191 
8484 622 
8486 843 
8486 137 
8549 261 
8554 201 
8555 405 
8556 723 
8571 79 
8572 31 
8579 211 
8584 83 
8589 544 
8622 393 
8634 431 
8647 542 
8657 267 
8660 476 
8662 1 
8666 379 
8669 72 
8709 149 
8722 51 
8728 24 
8733 209 
8741 515 
8760 4 
8770 117 
8776 15 
8796 143 
8837 163 
8883 105 
8891 235 
8902 54 
8933 227 
8943 444 
8946 84 
9014 46 
9015 17 
9031 130 
9063 114 
9068 69 
9094 67 
9095 309 
9096 117 
9100 78 
9112 1555 
9116 211 
9124 196 
9150 359 
9150 184 
9157 266 
9165 29 
9198 144 
9204 1462 
9206 171 
9207 81 
9213 2755 
9213 141 
9214 123 
9216 122 
9233 18 
9239 30 
9240 393 
9242 15 
9257 60 
9273 139 
9275 37 
9288 2 
9290 170 
9296 1167 
9302 20 
9314 15 
9317 107 
9328 237 
9337 637 
9346 208 
9350 216 
9364 70 
9364 1419 
9375 244 
9388 135 
9388 97 
9391 126 
9396 69 
9405 121 
9410 1599 
9413 19 
9414 249 
9416 400 
9460 17 
9470 94 
9490 978 
9501 1032 
9521 587 
9529 363 
9536 30 
9547 160 
9548 178 
9548 114 
9578 32 
9648 43 
9649 170 
9654 445 
9663 135 
9664 52 
9683 27 
9689 91 
9698 167 
9701 27 
9726 291 
9728 73 
9734 1620 
9764 9 
9775 103 
9777 1075 
9783 154 
9810 122 
9825 63 
9833 94 
9834 54 
9844 13 
9848 234 
9850 169 
9865 681 
9865 36 
9879 411 
9895 1210 
9897 115 
9908 116 
9916 261 
9921 45 
9949 67 
9955 14 
9966 19 
9967 245 
9990 566 
9991 85 
9999 74 
10015 2 
10032 356 
10034 62 
10035 62 
10040 145 
10040 619 
10043 591 
10047 73 
10065 143 
10067 190 
10071 52 
10083 488 
10101 79 
10108 25 
10110 159 
10112 164 
10114 17 
10120 311 
10121 122 
10133 943 
10143 78 
10156 42 
10156 654 
10162 255 
10174 145 
10181 10 
10196 52 
10203 194 
10204 8 
10205 49 
10206 92 
10208 43 
10210 288 
10237 38 
10262 74 
10271 397 
10274 3292 
10281 46 
10282 90 
10289 33 
10311 312 
10313 1382 
10316 41 
10317 6 
10333 162 
10334 15 
10335 42 
10342 2173 
10360 1166 
10362 1814 
10364 96 
10365 23 
10367 1919 
10370 91 
10371 138 
10390 301 
10403 351 
10403 117 
10403 79 
10408 1587 
10436 137 
10438 83 
10439 420 
10441 13 
10491 391 
10497 88 
10504 21 
10505 19 
10508 68 
10530 166 
10550 38 
10574 258 
10599 23 
10628 789 
10630 179 
10645 262 
10656 131 
10676 84 
10680 127 
10696 116 
10731 285 
10747 95 
10768 145 
10769 84 
10775 19 
10787 85 
10808 38 
10818 59 
10819 30 
10821 734 
10825 1151 
10863 17 
10867 14 
10870 248 
10900 228 
10900 216 
10906 1947 
10926 99 
10926 376 
10937 72 
10957 3 
10974 874 
10976 45 
10991 5149 
11006 387 
11024 49 
11026 74 
11033 539 
11036 144 
11038 56 
11039 38 
11052 196 
11073 2 
11080 298 
11094 5 
11107 25 
11111 191 
11117 879 
11149 155 
11152 87 
11160 58 
11171 172 
11178 18 
11186 674 
11190 544 
11200 525 
11204 4 
11225 43 
11229 14 
11236 332 
11253 630 
11286 117 
11295 107 
11302 234 
11303 620 
11317 9 
11330 128 
11334 30 
11348 52 
11350 28 
11358 57 
11359 715 
11366 43 
11368 230 
11381 26 
11388 612 
11402 16 
11407 20 
11412 502 
11415 124 
11425 174 
11429 190 
11484 131 
11486 213 
11506 29 
11519 287 
11524 67 
11548 3025 
11549 82 
11564 72 
11615 189 
11617 31 
11624 703 
11625 241 
11632 48 
11632 1460 
11639 233 
11649 105 
11653 47 
11665 20 
11674 116 
11691 27 
11691 263 
11694 197 
11701 145 
11708 76 
11731 91 
11733 244 
11749 122 
11760 82 
11794 112 
11818 893 
11823 272 
11855 533 
11862 597 
11867 48 
11869 294 
11878 174 
11913 156 
11918 689 
11918 405 
11919 33 
11939 424 
11939 58 
11947 78 
11949 395 
11967 42 
11973 1 
11997 284 
11999 230 
12002 263 
12002 515 
12009 33 
12013 83 
12018 3 
12028 4882 
12031 73 
12037 119 
12050 11785 
12052 134 
12060 317 
12068 9 
12070 57 
12090 552 
12090 37 
12106 118 
12108 692 
12120 59 
12131 155 
12136 51 
12154 16 
12155 500 
12156 38 
12158 77 
12167 156 
12180 239 
12192 465 
12220 499 
12240 181 
12245 429 
12260 548 
12297 235 
12304 87 
12324 160 
12325 199 
12334 1450 
12337 756 
12357 433 
12368 182 
12378 339 
12378 582 
12386 52 
12399 504 
12414 92 
12416 115 
12429 110 
12444 21 
12446 11 
12488 74 
12489 256 
12514 556 
12520 21 
12522 124 
12538 190 
12543 67 
12547 232 
12560 23 
12574 59 
12577 545 
12607 283 
12610 299 
12617 77 
12631 161 
12644 422 
12645 0 
12667 369 
12673 261 
12675 84 
12687 31 
12701 93 
12703 173 
12704 165 
12721 2887 
12724 8 
12729 16 
12748 28 
12752 202 
12753 208 
12754 31 
12840 37 
12855 28 
12855 649 
12872 33 
12877 1163 
12894 38 
12921 69 
12935 225 
12981 802 
13033 27 
13041 411 
13060 67 
13088 13 
13093 53 
13118 260 
13134 53 
13135 9 
13136 40 
13143 174 
13149 31 
13209 13 
13216 232 
13221 73 
13225 34 
13228 981 
13233 68 
13244 145 
13286 67 
13286 127 
13286 67 
13286 127 
13312 74 
13312 74 
13323 131 
13323 131 
13329 45 
13329 45 
13330 52 
13330 52 
13333 39 
13333 39 
13349 16 
13351 843 
13352 170 
13356 45 
13358 37 
13383 1481 
13387 90 
13398 474 
13419 81 
13425 97 
13427 1509 
13427 966 
13430 1455 
13435 165 
13442 315 
13444 31 
13455 113 
13455 96 
13456 91 
13469 63 
13500 128 
13522 56 
13531 350 
13617 19 
13634 30 
13660 400 
13663 124 
13684 112 
13703 265 
13722 291 
13734 252 
13735 75 
13736 10 
13760 153 
13791 803 
13801 1203 
13802 21 
13811 240 
13813 148 
13814 136 
13815 122 
13824 176 
13845 212 
13859 48 
13883 144 
13904 173 
13910 157 
13912 1090 
13922 71 
13995 120 
14029 574 
14037 453 
14044 413 
14062 152 
14076 36 
14080 173 
14109 87 
14113 1462 
14114 72 
14131 234 
14158 87 
14162 176 
14196 175 
14201 6 
14205 32 
14226 54 
14245 37 
14246 117 
14290 41 
14318 73 
14354 64 
14359 193 
14402 2647 
14409 27 
14422 79 
14428 44 
14445 92 
14448 353 
14460 123 
14480 37 
14481 75 
14511 34 
14516 64 
14516 21 
14540 33 
14551 62 
14552 43 
14578 435 
14616 25 
14662 37 
14692 10 
14741 33 
14756 36 
14757 58 
14761 354 
14774 285 
14786 125 
14803 194 
14816 35 
14830 27 
14843 53 
14893 198 
14915 227 
14922 6 
14931 5 
14939 613 
14939 14 
14963 110 
14976 69 
14990 8788 
15006 180 
15010 31 
15011 126 
15013 241 
15040 57 
15065 93 
15081 88 
15089 194 
15102 244 
15112 69 
15124 64 
15152 1140 
15168 15 
15182 14 
15226 2384 
15260 32 
15310 123 
15326 122 
15351 219 
15376 316 
15443 84 
15450 4 
15455 311 
15470 5 
15482 84 
15486 61 
15584 69 
15626 15 
15637 47 
15637 267 
15646 22 
15661 6 
15674 108 
15690 215 
15731 67 
15738 68 
15772 55 
15783 71 
15786 212 
15789 25 
15801 371 
15810 164 
15812 190 
15812 72 
15824 100 
15826 144 
15831 23 
15866 115 
15877 76 
15903 27 
15905 13 
15913 162 
15915 9784 
15982 429 
16007 2 
16048 697 
16065 306 
16067 21 
16071 142 
16107 19 
16130 33 
16131 181 
16155 457 
16161 2071 
16186 13 
16190 30 
16190 165 
16247 474 
16287 75 
16303 678 
16330 34 
16330 440 
16403 356 
16426 223 
16437 91 
16450 824 
16451 205 
16453 85 
16464 71 
16471 204 
16494 33 
16674 170 
16716 627 
16775 476 
16784 55 
16817 37 
16818 206 
16826 304 
16848 887 
16876 89 
16918 170 
16936 31 
16954 43 
17003 11 
17006 1059 
17041 158 
17074 86 
17111 2272 
17124 20 
17171 48 
17257 16 
17293 188 
17317 955 
17320 28 
17403 54 
17423 50 
17470 51 
17507 342 
17512 248 
17553 339 
17573 190 
17592 3 
17615 238 
17633 82 
17692 1128 
17710 24 
17769 25 
17774 15 
17776 42 
17844 138 
17852 27 
17859 144 
17873 109 
17893 71 
17895 159 
17937 19 
17960 122 
17985 87 
18018 1415 
18018 63 
18049 390 
18096 15 
18097 36 
18129 13 
18175 13 
18183 182 
18208 1198 
18284 197 
18291 947 
18315 76 
18360 813 
18374 71 
18418 10 
18465 261 
18496 162 
18727 174 
18900 1796 
18994 440 
19057 174 
19091 175 
19098 96 
19117 120 
19124 77 
19149 148 
19194 52 
19197 8 
19248 59 
19254 22 
19334 13 
19334 13 
19349 525 
19368 340 
19400 404 
19402 57 
19428 137 
19444 58 
19450 9 
19469 34 
19479 9 
19500 64 
19509 31 
19530 127 
19548 43 
19565 83 
19584 91 
19592 34 
19602 29 
19609 123 
19685 73 
19774 73 
19783 111 
19830 3073 
19843 191 
19856 228 
19857 357 
19864 80 
19923 333 
20027 131 
20056 147 
20091 9 
20111 250 
20246 47 
20269 44 
20316 276 
20380 122 
20414 73 
20492 15 
20526 77 
20548 54 
20552 176 
20648 101 
20652 184 
20657 1484 
20661 319 
20667 176 
20685 168 
20709 1728 
20711 46 
20778 250 
20806 658 
20872 112 
20879 121 
20971 516 
20974 69 
20996 172 
21102 374 
21147 18 
21230 98 
21233 24 
21235 1545 
21328 131 
21342 84 
21410 81 
21440 175 
21477 65 
21556 2 
21591 172 
21640 81 
21780 134 
21793 27 
21796 57 
21814 68 
21827 345 
21864 417 
21868 336 
21879 347 
21882 886 
21886 496 
21886 16 
21896 164 
21912 119 
21913 535 
21913 169 
21917 17 
21950 0 
21971 278 
21982 908 
21982 31 
21984 1146 
21991 94 
21997 347 
22013 201 
22037 272 
22056 45 
22059 1136 
22091 16 
22097 722 
22143 80 
22157 775 
22199 126 
22239 469 
22250 477 
22264 53 
22291 18 
22292 369 
22459 106 
22485 741 
22526 418 
22537 24 
22565 8 
22593 44 
22598 38 
22840 42 
22954 28 
22969 25 
22974 515 
22974 290 
22976 15 
22986 80 
23065 559 
23092 139 
23095 53 
23101 64 
23142 71 
23163 168 
23167 87 
23214 53 
23292 88 
23389 173 
23399 400 
23492 82 
23581 542 
23582 78 
23601 150 
23625 45 
23666 67 
23690 45 
23722 64 
23780 79 
23815 119 
23869 1488 
23911 57 
23939 34 
24029 84 
24039 453 
24041 417 
24075 39 
24089 174 
24094 31 
24097 221 
24103 11 
24171 98 
24181 404 
24190 25 
24293 60 
24301 53 
24317 99 
24366 98 
24462 44 
24538 966 
24784 425 
24880 31 
24882 198 
24894 268 
24914 19 
25004 57 
25021 87 
25116 324 
25135 15 
25190 38 
25232 24 
25237 126 
25277 852 
25307 161 
25365 105 
25367 11 
25424 36 
25461 90 
25474 24 
25485 0 
25518 163 
25539 34 
25598 701 
25644 74 
25725 319 
25785 26 
25866 370 
25896 109 
25919 9 
25931 17 
25949 110 
25955 57 
25982 58 
26007 68 
26066 166 
26071 664 
26117 230 
26136 743 
26172 1907 
26217 11 
26273 61 
26355 123 
26355 155 
26467 62 
26468 715 
26508 6027 
26517 1807 
26519 357 
26534 231 
26598 140 
26712 33 
26765 4 
26839 135 
26865 37 
26891 40 
26919 12 
26929 8 
26979 56 
26987 55 
27019 137 
27104 52 
27121 167 
27165 297 
27170 43 
27235 20 
27313 118 
27314 53 
27326 87 
27353 105 
27421 21 
27524 111 
27525 0 
27589 497 
27645 33 
27677 283 
27707 944 
27722 97 
27782 56 
27821 16 
27918 316 
27921 64 
27934 86 
27978 81 
28005 45 
28124 144 
28132 332 
28134 156 
28250 19 
28264 293 
28272 7 
28282 71 
28295 307 
28340 16 
28451 43 
28471 1272 
28546 11 
28606 183 
28641 2 
28672 425 
28697 99 
28703 12 
28746 579 
28746 579 
28753 28 
28753 28 
28789 36 
28801 67 
28853 44 
28933 50 
28976 7 
29012 33 
29025 179 
29041 117 
29055 45 
29065 42 
29081 678 
29119 163 
29176 81 
29235 42 
29262 153 
29314 72 
29344 25 
29355 274 
29411 12 
29411 115 
29466 181 
29485 55 
29511 66 
29548 401 
29570 151 
29655 581 
29679 105 
29690 74 
29837 128 
29851 227 
29942 68 
29954 176 
29965 136 
30023 223 
30185 510 
30191 2 
30193 329 
30236 239 
30295 11 
30305 206 
30311 88 
30332 197 
30370 769 
30374 66 
30528 571 
30582 293 
30614 180 
30699 178 
30754 233 
30789 52 
30892 123 
30969 581 
31066 88 
31122 60 
31146 101 
31182 78 
31184 21 
31207 53 
31212 103 
31260 31 
31273 57 
31280 18 
31338 38 
31433 56 
31562 14 
31689 75 
31760 81 
31873 26 
32009 74 
32125 35 
32140 396 
32205 831 
32319 210 
32324 2544 
32338 249 
32411 256 
32417 119 
32420 2220 
32425 461 
32440 223 
32525 14 
32532 1006 
32545 156 
32575 910 
32595 18 
32600 647 
32602 60 
32613 256 
32653 9 
32817 97 
32818 8 
32871 19890 
32904 344 
32985 36 
33124 705 
33127 78 
33191 10 
33340 60 
33368 24 
33440 82 
33503 190 
33516 527 
33516 10337 
33529 682 
33540 123 
33563 8 
33584 470 
33618 181 
33840 18 
33928 73 
34017 1 
34053 85 
34229 11 
34235 129 
34338 70 
34494 4 
34675 15 
34698 446 
34703 54 
34893 245 
35124 8 
35151 28 
35178 12 
35794 32 
36578 24 
36649 57 
36722 2565 
36790 296 
36888 1864 
36916 155 
36957 371 
37206 480 
37210 73 
37270 5 
37335 34 
37364 45 
37364 88 
37387 48 
37406 227 
37415 174 
37496 277 
37514 73 
37568 73 
37586 91 
37637 51 
37758 23 
37846 112 
37853 528 
38134 72 
38370 119 
38504 12 
38553 6 
38559 177 
38625 67 
38632 175 
38652 63 
38829 60 
38831 36 
39055 282 
39078 415 
39128 611 
39181 349 
39192 85 
39235 630 
39390 26 
39459 52 
39500 14 
39598 215 
39717 14 
39819 190 
39941 31 
40003 696 
40064 86 
40171 1821 
40188 1069 
40191 421 
40196 38 
40263 26 
40689 55 
40696 511 
40730 39 
40762 138 
40803 6 
40810 1051 
40836 117 
40842 26 
40887 66 
40918 114 
40981 191 
41014 245 
41052 238 
41058 133 
41227 770 
41351 55 
41459 1226 
41471 8 
41484 96 
41498 12 
41572 50 
41581 26 
41646 128 
41693 827 
41799 170 
41869 382 
41876 123 
41887 466 
42195 34 
42291 68 
42336 129 
42369 193 
42379 70 
42417 471 
42424 182 
42485 260 
42524 728 
42540 730 
42547 618 
42548 122 
42553 28 
42591 389 
42602 161 
42620 16 
42636 111 
42640 16 
42683 1591 
42683 70 
42689 217 
42813 8 
42870 166 
42881 101 
42909 229 
42915 229 
42959 216 
42967 20 
42968 81 
42996 112 
43003 157 
43040 12 
43042 231 
43043 1113 
43049 10 
43054 170 
43092 384 
43268 580 
43320 134 
43366 4 
43514 42 
43526 24 
43571 42 
43950 6 
44145 98 
44192 32 
44194 1781 
44210 148 
44511 60 
44605 11023 
44630 207 
44695 110 
44784 19 
44816 126 
44861 253 
45088 15 
45105 46 
45186 61 
45271 22 
45303 68 
45318 1944 
45791 37 
45820 78 
46103 113 
46162 76 
46197 762 
46208 51 
46209 31 
46450 7 
46500 214 
46685 13 
46842 22 
46986 27 
47362 109 
47475 648 
47505 469 
47729 691 
47796 8 
48126 96 
48171 57 
48652 130 
49443 42 
49550 9 
49642 25 
49902 12 
49965 76 
50035 465 
50165 31 
50225 120 
50289 87 
50348 26 
52371 32 
52410 25 
52415 281 
52424 42 
52453 25 
52484 60 
52543 124 
52669 79 
52720 85 
52739 3 
52741 351 
52744 167 
52773 125 
52798 87 
52817 42 
53142 123 
53166 76 
53293 0 
53447 640 
53473 287 
53557 74 
53562 5 
53566 36 
53606 135 
53628 21 
53646 486 
53677 27 
53690 254 
53733 212 
53736 925 
53760 377 
53778 55 
53824 6 
53835 38 
53864 20 
53895 32 
53916 95 
53933 27 
53936 75 
54023 11 
54029 39 
54049 46 
54126 58 
54195 107 
54218 224 
54238 42 
54275 3639 
54283 23 
54356 69 
54439 56 
54503 1328 
54534 196 
54555 2 
54612 71 
54633 131 
54691 69 
54715 4157 
54724 167 
54730 108 
54730 461 
54751 195 
54779 213 
54788 55 
54809 154 
54811 86 
54834 1012 
55001 264 
55110 21 
55114 19 
55164 135 
55167 65 
55171 81 
55172 250 
55186 25 
55218 238 
55229 503 
55239 287 
55271 100 
55363 29 
55413 380 
55446 8672 
55477 237 
55481 940 
55508 17 
55529 1846 
55560 38 
55561 223 
55672 25 
55784 55 
55823 200 
55904 355 
55978 413 
55990 5 
56008 10 
56055 33 
56056 61 
56081 1726 
56116 282 
56183 502 
56201 9 
56229 538 
56298 117 
56459 10 
56509 1426 
56599 585 
56655 47 
56692 45 
56705 218 
57134 119 
57294 83 
57375 572 
57435 230 
57441 236 
57442 65 
57614 50 
57725 518 
57791 55 
57839 26 
57880 89 
57881 281 
58105 62 
58224 46 
59853 229 
60108 357 
60309 146 
61484 1280 
63119 72 
64223 43 
64428 52 
65018 34 
65450 74 
65636 8519 
65672 43 
65913 634 
66053 48 
66091 40 
70143 176 
70416 14 
71891 30 
71909 59 
73060 102 
73315 113 
73809 15 
73945 154 
74184 2561 
74689 55 
74898 42 
75243 28 
76265 105 
77108 352 
77740 46 
77811 13 
78352 71 
79122 148 
79258 1640 
79334 307 
79380 490 
79384 62 
79452 95 
79500 34 
79683 287 
80340 152 
81299 34 
81577 9 
84374 15 
84624 102 
84727 56 
85248 990 
86527 97 
90187 24 
91450 394 
91607 141 
91639 68 
91870 86 
92469 185 
92609 2038 
92708 123 
92867 205 
93547 129 
95162 18 
95462 107 
96357 687 
96429 156 
96692 175 
97984 729 
98024 23 
98090 523 
98106 134 
100578 207 
100984 24 
101438 35 
102593 31 
106549 41 
107114 61 
108235 16 
109297 76 
109811 195 
110766 48 
110935 46 
110966 58 
111093 289 
111263 78 
111283 8 
111311 747 
111328 1332 
111465 91 
111481 105 
111520 491 
111662 406 
111854 54 
111967 548 
112633 121 
112785 104 
113003 226 
113961 57 
114210 76 
114423 34 
114722 69 
114745 277 
114830 47 
114887 141 
114944 18 
115921 86 
116189 301 
117166 99 
117764 54 
117797 374 
117870 85 
117940 109 
129180 98 
129527 297 
129642 1076 
130069 13 
130449 165 
131843 11 
131921 7 
132197 38 
132899 10 
133295 70 
134622 60 
134638 70 
134763 242 
134787 24 
135423 189 
135644 31 
135714 59 
136064 664 
136374 182 
137669 33 
137694 71 
140438 110 
140546 208 
142379 16 
143605 24 
144054 26 
145087 32 
145827 66 
146120 190 
146553 161 
146643 252 
147506 687 
147910 102 
148062 55 
148637 210 
148676 16 
151007 65 
153077 56 
157910 8 
158429 71 
158582 32 
160198 32 
160928 118 
161385 264 
161512 27 
161520 34 
161652 1563 
162056 76 
162277 262 
163374 180 
164042 285 
166643 55 
170580 143 
170737 231 
174465 129 
175219 173 
178764 53 
180200 114 
180328 256 
180933 2886 
180971 385 
183674 50 
184227 14 
184420 281 
184624 60 
185221 4 
185545 152 
185983 42 
189681 11 
189704 142 
189970 130 
197663 324 
201418 12 
202987 124 
212168 22 
220407 7 
230621 21 
242505 345 
242835 850 
256242 427 
256292 224 
257228 206 
257867 200 
270947 93 
272715 117 
272830 38 
275221 10 
285176 280 
285338 86 
292908 58 
296239 951 
310096 12 
310317 5186 
310543 228 
311782 39 
313916 1948 
314925 2687 
316496 309 
317764 8 
324148 21 
334759 425 
334860 104 
340443 99 
343821 8 
344100 2542 
344242 269 
344569 53 
352153 86 
364014 664 
367218 1 
369492 67 
370677 2 
375811 187 
380863 674 
385374 75 
389159 58 
395040 0 
404917 7 
421358 112 
428893 51 
438348 127 
451441 24 
478621 38 
485277 51 
501156 22 
509056 74 
515624 124 
515787 64 
516675 42 
518457 6 
519874 24 
528974 12685 
529055 211 
532418 739 
533212 145 
552539 566 
552542 6 
566110 185 
571403 127 
594973 12 
595788 9 
597645 20 
597742 111 
599779 154 
