2328 5.22126157407
0 1461548 
7 418 
8 307 
9 525 
10 245 
10 637 
12 212 
13 455 
13 354 
13 94 
15 245 
16 289 
16 633 
16 1260 
18 501 
18 330 
20 1072 
20 603 
21 1528 
21 343 
21 1578 
22 51 
22 628 
23 190 
23 329 
23 674 
23 194 
24 101 
24 42 
24 284 
25 263 
25 306 
25 161 
26 894 
26 1527 
26 539 
27 1686 
27 96 
27 557 
27 1471 
27 646 
28 398 
28 743 
28 305 
29 79 
29 1186 
29 264 
29 28 
29 273 
30 243 
30 169 
30 562 
30 228 
31 445 
31 310 
31 513 
31 518 
31 808 
32 308 
32 347 
32 37 
33 744 
33 418 
33 259 
34 427 
34 1310 
34 103 
35 306 
35 341 
35 287 
36 98 
36 93 
36 425 
36 986 
37 1094 
37 114 
37 236 
37 325 
37 942 
37 169 
38 1736 
38 150 
39 907 
40 225 
40 3031 
40 758 
41 98 
41 250 
41 374 
42 137 
42 448 
42 1310 
42 55 
43 124 
44 394 
44 632 
44 244 
44 112 
44 246 
45 178 
45 154 
46 226 
46 429 
46 448 
47 1048 
47 259 
47 268 
47 59 
47 94 
47 64 
48 88 
48 116 
48 445 
48 754 
48 285 
48 270 
49 1166 
49 85 
49 387 
50 580 
50 563 
50 176 
50 434 
50 864 
51 137 
51 258 
51 382 
51 36 
52 359 
52 258 
52 135 
52 182 
52 360 
52 69 
53 420 
53 488 
53 375 
53 217 
54 43 
54 741 
54 1179 
55 296 
55 193 
55 455 
55 194 
55 673 
56 54 
56 263 
56 125 
56 495 
57 188 
57 198 
57 355 
58 948 
58 13 
59 637 
59 419 
59 177 
59 50 
59 256 
59 1022 
60 29 
60 411 
60 330 
60 869 
60 755 
60 751 
60 236 
60 583 
61 615 
61 159 
61 132 
62 14 
62 254 
62 130 
64 152 
64 954 
64 2088 
64 227 
64 155 
65 220 
65 622 
66 1966 
66 605 
66 1136 
66 388 
66 962 
67 355 
68 165 
69 430 
70 385 
70 321 
71 110 
71 568 
71 346 
71 1501 
72 396 
72 576 
73 41 
73 102 
74 95 
74 1061 
74 434 
74 303 
75 73 
75 89 
75 8193 
75 116 
76 66 
76 194 
76 56 
76 966 
76 2231 
76 709 
76 4587 
77 317 
77 226 
77 95 
77 163 
77 59 
77 211 
77 22 
78 337 
79 321 
79 154 
80 681 
80 152 
82 314 
82 140 
82 387 
84 282 
84 125 
85 769 
85 1429 
85 409 
85 164 
86 195 
87 569 
87 272 
87 875 
88 262 
88 600 
89 564 
89 583 
90 211 
92 520 
92 318 
93 568 
93 134 
93 100 
94 351 
94 189 
95 54 
96 87 
96 467 
99 340 
99 506 
100 131 
100 158 
100 217 
101 1132 
101 3871 
102 66 
103 116 
104 129 
105 361 
106 191 
106 224 
106 254 
107 147 
108 570 
109 159 
110 154 
110 106 
110 98 
110 79 
110 380 
110 56 
110 91 
111 196 
111 424 
111 106 
111 154 
111 4159 
111 162 
112 335 
115 510 
115 143 
115 435 
117 73 
117 1323 
117 83 
117 171 
118 929 
118 232 
119 72 
119 89 
120 659 
120 316 
120 290 
121 229 
122 180 
122 47 
122 253 
122 214 
124 112 
124 455 
125 384 
126 48 
126 58 
126 378 
127 114 
127 188 
128 404 
128 420 
128 315 
128 6 
128 253 
129 103 
129 2141 
130 500 
131 224 
132 67 
134 153 
134 202 
134 2051 
136 126 
136 215 
137 1108 
138 734 
138 182 
138 179 
139 15 
139 182 
139 200 
139 550 
140 242 
142 363 
143 175 
144 692 
144 187 
144 134 
145 32 
145 395 
145 93 
146 430 
146 507 
146 263 
146 103 
147 158 
148 330 
148 31 
148 124 
150 1119 
151 193 
151 518 
151 59 
152 679 
154 47 
155 329 
155 150 
155 466 
156 235 
157 93 
157 559 
158 79 
159 1607 
160 175 
160 57 
162 768 
164 105 
165 48 
165 513 
165 96 
165 297 
168 80 
168 125 
170 22 
170 161 
171 609 
172 293 
173 1202 
174 4653 
174 55 
174 88 
175 87 
175 981 
176 357 
177 11 
180 419 
180 245 
181 183 
181 1257 
182 25 
182 123 
183 127 
183 169 
186 173 
187 832 
187 180 
189 232 
189 1429 
190 188 
190 217 
190 239 
191 147 
191 57 
192 307 
193 245 
194 133 
195 414 
196 191 
196 97 
197 117 
198 173 
202 119 
202 364 
202 463 
203 277 
204 186 
204 299 
206 194 
207 214 
208 300 
208 81 
209 237 
210 168 
210 204 
212 29 
212 66 
214 256 
214 173 
215 512 
216 202 
217 186 
217 296 
219 1051 
220 40 
220 114 
222 214 
223 270 
223 643 
224 191 
224 26 
224 206 
226 181 
226 1681 
226 150 
227 190 
229 243 
229 222 
229 423 
231 245 
231 302 
232 482 
232 50 
233 59 
234 99 
235 668 
235 310 
235 444 
235 180 
237 148 
238 417 
239 154 
243 31 
243 312 
244 171 
245 315 
245 380 
245 69 
246 143 
246 29 
247 90 
249 292 
251 163 
253 260 
253 29 
254 154 
254 706 
256 320 
257 85 
257 227 
258 184 
258 181 
259 66 
259 87 
261 273 
263 210 
265 152 
265 77 
267 1701 
268 124 
268 237 
269 148 
271 76 
271 255 
272 215 
276 72 
277 1607 
278 770 
278 384 
279 230 
279 63 
279 410 
281 1747 
283 935 
284 220 
285 96 
285 664 
285 92 
286 181 
286 2767 
287 434 
287 900 
287 61 
290 134 
292 178 
294 330 
294 763 
295 1069 
295 202 
296 1610 
296 127 
298 479 
299 128 
301 101 
302 323 
302 173 
304 173 
304 55 
304 92 
305 234 
307 304 
308 127 
308 83 
310 89 
310 113 
312 253 
314 379 
314 71 
316 364 
317 93 
318 482 
320 142 
321 709 
324 102 
325 223 
327 162 
327 746 
329 103 
329 197 
331 233 
331 139 
332 71 
334 231 
337 268 
339 271 
339 35 
339 169 
340 278 
342 351 
344 55 
345 504 
345 1031 
346 460 
349 26 
350 242 
352 28 
353 2 
355 1068 
358 539 
358 1043 
359 300 
359 227 
360 1427 
361 213 
362 36 
363 33 
365 244 
366 271 
371 248 
371 33 
377 398 
377 670 
380 19 
380 87 
382 260 
382 589 
383 85 
386 120 
386 124 
387 433 
389 1389 
390 289 
395 255 
398 618 
399 117 
399 95 
401 92 
402 10 
403 415 
405 39 
405 179 
408 810 
409 412 
413 57 
413 154 
415 46 
417 134 
418 290 
418 695 
420 68 
421 385 
422 294 
422 214 
422 196 
423 219 
427 25 
427 241 
427 143 
429 19902 
430 140 
432 473 
434 245 
436 144 
436 243 
436 84 
440 1143 
440 391 
441 98 
441 3760 
446 126 
446 164 
448 878 
451 814 
457 157 
457 245 
457 375 
457 22 
458 361 
461 5 
463 85 
465 56 
467 133 
468 199 
469 120 
471 344 
475 447 
476 29 
476 71 
477 315 
482 2660 
488 48 
495 233 
496 419 
500 638 
502 276 
503 77 
506 357 
509 96 
510 1441 
511 155 
517 92 
520 87 
523 227 
525 57 
526 307 
528 236 
532 57 
533 109 
534 152 
538 201 
542 538 
544 124 
545 264 
547 150 
548 36 
548 237 
553 203 
556 377 
558 239 
559 24895 
560 96 
566 306 
566 110 
568 611 
568 272 
572 80 
574 26 
575 154 
576 141 
577 76 
578 123 
580 21 
582 1304 
587 53 
593 382 
597 79 
602 62 
603 1367 
605 752 
610 935 
614 52 
617 2544 
619 98 
621 294 
633 163 
633 92 
634 397 
648 103 
653 67 
656 266 
660 688 
660 153 
663 19 
665 153 
665 124 
668 256 
673 121 
673 475 
674 81 
682 40 
692 254 
694 131 
700 54 
705 31 
706 230 
707 2 
711 108 
720 17 
720 421 
722 969 
723 98 
729 75 
730 278 
730 309 
731 53 
739 257 
740 4627 
745 99 
747 35 
753 110 
755 200 
755 158 
760 1471 
761 112 
761 45 
762 39 
769 335 
771 353 
773 613 
773 46 
777 39 
778 173 
797 187 
798 185 
806 163 
810 790 
811 125 
812 58 
813 1177 
816 196 
827 759 
841 202 
843 201 
844 49 
846 317 
858 297 
858 84 
860 716 
860 92 
863 83 
864 318 
866 1114 
867 191 
868 348 
870 1346 
871 118 
872 10589 
875 111 
875 427 
876 495 
877 222 
884 393 
902 80 
905 137 
906 269 
908 52 
917 429 
918 46 
934 25 
934 112 
934 84 
937 96 
939 42 
945 516 
955 38 
956 119 
960 680 
963 551 
964 68 
968 72 
971 115 
979 34 
983 87 
984 990 
990 212 
994 298 
995 1254 
1002 227 
1010 944 
1014 108 
1018 29 
1029 277 
1032 84 
1037 142 
1049 222 
1052 110 
1055 84 
1055 41 
1058 70 
1070 75 
1071 106 
1074 658 
1074 87 
1083 20 
1093 247 
1100 216 
1103 156 
1107 94 
1109 52 
1116 213 
1118 215 
1121 141 
1122 76 
1126 50 
1127 481 
1132 265 
1140 146 
1143 36 
1144 129 
1145 229 
1157 125 
1163 237 
1167 237 
1170 62 
1171 70 
1173 73 
1180 24 
1201 162 
1210 40 
1213 680 
1216 296 
1218 261 
1223 86 
1230 82 
1233 243 
1234 34 
1236 3824 
1244 61 
1245 203 
1245 325 
1249 205 
1251 119 
1256 136 
1260 102 
1285 112 
1287 54 
1289 2463 
1290 120 
1302 109 
1303 173 
1316 100 
1320 179 
1326 58 
1332 326 
1341 1263 
1348 77 
1352 66 
1357 47 
1358 58 
1359 804 
1365 149 
1369 109 
1392 68 
1393 141 
1404 91 
1438 324 
1448 40 
1456 164 
1465 172 
1466 11 
1472 53 
1491 85 
1495 1313 
1495 58 
1496 73 
1499 83 
1505 41 
1510 39 
1515 456 
1518 53 
1520 104 
1527 82 
1528 99 
1532 20 
1568 71 
1574 52 
1583 79 
1589 185 
1600 82 
1611 153 
1618 529 
1627 139 
1635 150 
1645 184 
1664 81 
1695 65 
1700 188 
1707 34 
1714 241 
1728 662 
1745 193 
1751 83 
1754 54 
1761 34 
1763 56 
1763 380 
1779 46 
1794 59 
1796 358 
1796 105 
1843 365 
1844 105 
1845 164 
1850 22 
1876 1774 
1884 459 
1900 36 
1907 213 
1908 97 
1928 77 
1930 13 
1942 588 
1947 212 
1949 697 
1961 60 
1962 286 
1970 29 
1986 269 
2018 11 
2027 57 
2034 4311 
2040 18 
2081 207 
2084 11 
2116 86 
2130 82 
2133 211 
2137 183 
2138 5 
2142 100 
2153 18 
2158 34 
2195 171 
2206 2299 
2227 81 
2244 67 
2244 53 
2255 451 
2276 43 
2299 123 
2307 22 
2312 29 
2321 77 
2330 79 
2330 41 
2346 158 
2350 183 
2416 64 
2421 115 
2421 375 
2438 46 
2439 128 
2457 108 
2457 61 
2457 183 
2462 31 
2464 828 
2492 54 
2515 97 
2516 167 
2523 49 
2524 139 
2531 61 
2533 71 
2539 231 
2586 79 
2599 137 
2619 72 
2645 166 
2670 1297 
2707 91 
2714 196 
2728 268 
2741 141 
2752 56 
2766 112 
2770 95 
2778 337 
2785 209 
2809 83 
2811 140 
2865 83 
2884 84 
2892 44 
2900 124 
2914 617 
2958 138 
3042 102 
3048 93 
3069 185 
3085 176 
3104 115 
3110 33 
3115 620 
3123 83 
3162 111 
3175 14 
3183 21 
3216 70 
3221 546 
3248 67 
3248 1240 
3287 191 
3316 85 
3388 75 
3397 55 
3405 182 
3457 78 
3538 88 
3539 181 
3554 45 
3571 252 
3600 7579 
3621 162 
3629 258 
3669 257 
3705 43 
3746 78 
3747 64 
3794 310 
3810 290 
3886 349 
3915 39 
3938 143 
3944 16 
3965 350 
4012 44 
4018 93 
4041 651 
4048 1981 
4081 41 
4174 111 
4193 259 
4225 1062 
4267 144 
4274 75 
4326 21 
4332 23 
4335 56 
4355 117 
4375 320 
4380 161 
4411 38 
4417 479 
4563 257 
4563 40 
4673 57 
4729 18 
4839 151 
4909 462 
4925 65 
4985 67 
4994 104 
5032 255 
5070 46 
5077 100 
5089 166 
5133 30 
5134 134 
5156 33 
5171 20 
5206 217 
5237 191 
5254 74 
5270 33 
5297 65 
5361 7 
5380 773 
5386 189 
5388 119 
5388 212 
5391 112 
5520 57 
5606 140 
5668 163 
5680 134 
5698 176 
5732 82 
5785 671 
5805 110 
5805 237 
5835 47 
5856 333 
6017 54 
6018 116 
6052 143 
6160 23 
6194 53 
6381 297 
6404 117 
6414 93 
6474 15 
6586 150 
6611 368 
6687 130 
6858 393 
6883 1 
6990 115 
6997 49 
7046 30 
7146 40 
7202 201 
7231 712 
7282 129 
7305 142 
7450 85 
7506 43 
7611 2226 
7713 1207 
7725 161 
7781 869 
7859 43 
7902 177 
7957 187 
8000 95 
8065 23 
8231 162 
8360 18 
8378 25 
8544 33 
8613 277 
8677 93 
8698 1754 
8893 57 
9075 46 
9079 91 
9154 135 
9214 41 
9252 487 
9347 340 
9535 37 
9553 21 
9569 152 
10122 104 
10155 66 
10225 65 
10448 416 
10673 256 
10973 72 
10976 131 
11126 4535 
11247 1533 
11413 170 
11670 23 
11717 46 
11849 37 
12415 33 
12480 844 
12695 1437 
12964 23 
13108 163 
13360 137 
13425 413 
13460 134 
13506 1720 
13526 1981 
13600 35 
13817 29 
13898 738 
13898 738 
14006 82 
14328 410 
14527 69 
14661 722 
15145 41 
15347 131 
15370 83 
15693 544 
15724 91 
15791 407 
15841 2132 
15876 1413 
16003 32 
16036 55 
16279 88 
16316 40 
16471 4 
16487 31 
16684 76 
16923 13 
16977 2247 
17064 137 
17235 84 
17498 257 
17623 197 
17639 93 
17661 42 
17662 20 
17864 137 
17917 59 
18244 1423 
18306 754 
18548 4 
18651 882 
18667 363 
18716 2099 
18837 8 
18875 125 
19259 159 
19420 440 
19429 32 
19637 183 
19659 118 
19709 778 
19819 42 
19831 75 
19899 1651 
19933 5 
19938 91 
19942 18 
19942 88 
19948 28 
20007 130 
20216 217 
20313 141 
20345 142 
20353 142 
20373 14 
20417 40 
20467 391 
20519 44 
20532 33 
20535 114 
20603 115 
20646 28 
20708 54 
20908 1318 
21056 56 
21220 83 
21315 54 
21323 56 
21416 82 
21453 339 
21464 1899 
21534 151 
21572 15 
21613 1740 
21673 4 
21680 18 
21699 87 
21700 153 
21768 1156 
21841 220 
21937 144 
22008 167 
22195 49 
22370 74 
22599 353 
22609 135 
22629 253 
22714 45 
22945 95 
22952 100 
22979 228 
23157 91 
23197 61 
23258 92 
23298 9 
23364 26 
23392 182 
23509 437 
23650 697 
23744 251 
23885 121 
23936 929 
24347 118 
24353 101 
24479 79 
24513 487 
24547 15 
24592 187 
24617 135 
24668 200 
24673 106 
24700 95 
24762 104 
24866 25 
24990 45 
25136 34 
25156 127 
25177 38 
25268 59 
25451 121 
25677 182 
25700 781 
25877 1891 
25943 14 
26013 31 
26089 12 
26191 385 
26213 5 
26278 1505 
26365 156 
26482 66 
26702 43 
26795 107 
26956 161 
27053 72 
27146 919 
27152 188 
27256 917 
27299 71 
27323 123 
27458 82 
27552 89 
27566 190 
27628 19 
27644 1779 
27748 167 
27906 176 
28058 75 
28081 39 
28216 16 
28226 51 
28340 116 
28405 1058 
28408 35 
28448 6 
28573 29 
28618 13 
28662 102 
28673 102 
28696 49 
28759 72 
28823 78 
28925 40 
28954 117 
28990 73 
29022 94 
29025 270 
29032 1345 
29224 272 
29504 18 
29611 620 
29641 29 
29783 34 
29854 106 
29928 12 
29960 206 
29963 809 
30004 96 
30028 188 
30233 83 
30244 361 
30458 1093 
30525 46 
30536 332 
30537 17 
30543 444 
30598 87 
30608 66 
30685 1 
31021 68 
31086 51 
31292 53 
31457 160 
31531 79 
31586 74 
31663 226 
31729 81 
31817 10 
32111 2347 
32325 53 
32396 1 
32413 24 
32424 4365 
32514 1354 
32547 1047 
32555 1379 
32577 698 
32725 271 
32915 45 
32934 845 
32965 219 
32974 24 
33065 320 
33283 35 
33392 2 
33609 201 
33688 223 
33715 665 
33792 677 
33920 7 
33990 28 
34131 4 
34383 11 
34522 5357 
34652 27 
34718 122 
34728 143 
34753 191 
34889 359 
34916 82 
35401 67 
35496 186 
35510 441 
35530 60 
35649 86 
35679 82 
36258 177 
36360 60 
36621 217 
36871 247 
36876 125 
37038 65 
37083 4 
37251 73 
37537 6 
37617 74 
37744 362 
37765 864 
37820 14 
37836 236 
38039 160 
38472 1 
38939 162 
38972 133 
38990 492 
39006 126 
39024 2 
39024 2 
39164 46 
39173 125 
39182 231 
39310 495 
39425 64 
39437 150 
39455 90 
39505 438 
39619 74 
40229 110 
40601 195 
41004 139 
41272 172 
41353 4 
41609 15 
41694 237 
41717 21 
41794 1398 
41803 42 
41882 128 
42221 552 
42462 643 
42517 400 
42547 62 
42585 1659 
42675 85 
42684 2876 
42803 163 
42803 340 
42809 470 
43077 93 
43094 157 
43117 327 
43183 115 
43605 1277 
43737 408 
43750 60 
43853 123 
44133 61 
44419 20 
44640 174 
44660 329 
45024 493 
45676 53 
45944 106 
46109 1016 
46158 252 
46241 14 
46251 216 
46431 57 
46460 57 
46559 41 
46630 27 
46815 186 
46980 143 
47237 93 
47248 107 
47569 1518 
48259 19 
48290 575 
48351 66 
48762 68 
48808 159 
49117 81 
49133 542 
49575 5465 
49588 8 
49603 80 
49649 2370 
49665 189 
49668 244 
49699 2848 
49739 81 
49898 54 
49964 287 
50108 840 
50317 3990 
50345 136 
50476 186 
50650 438 
50993 14 
51646 630 
51889 97 
52066 1405 
52283 11 
52373 48 
52508 477 
53558 397 
53683 83 
53713 580 
53717 1460 
53741 163 
53742 294 
53882 198 
53897 236 
54230 140 
54286 497 
54352 916 
54363 830 
54468 77 
54578 264 
54746 194 
54793 539 
54798 1712 
54809 1956 
54877 1069 
54972 486 
55002 344 
55118 2 
55216 202 
55271 1480 
55513 146 
55526 323 
55567 441 
55640 9 
55713 257 
55945 120 
56009 326 
56196 137 
56224 1499 
56326 586 
56369 691 
56389 883023 
56409 314 
56411 286 
56411 876 
56411 137 
56412 1007 
56412 311 
56415 137 
56416 243 
56417 42 
56419 142 
56420 89 
56424 191 
56425 2170 
56427 61 
56427 151 
56428 555 
56428 31 
56428 183 
56430 565 
56430 192 
56432 332 
56433 31 
56433 671 
56433 244 
56434 58 
56436 210 
56437 56 
56438 1258 
56438 941 
56438 476 
56439 48 
56440 307 
56440 800 
56441 128 
56442 158 
56444 184 
56444 96 
56444 311 
56446 91 
56448 471 
56449 126 
56449 1019 
56449 192 
56449 254 
56450 355 
56451 29 
56452 104 
56452 1459 
56454 1706 
56454 37 
56456 174 
56457 325 
56460 169 
56460 1263 
56461 86 
56461 92 
56461 51 
56461 187 
56461 60 
56465 83 
56466 1306 
56466 77 
56466 111 
56467 173 
56467 318 
56468 57 
56469 111 
56474 949 
56474 480 
56474 378 
56477 163 
56480 451 
56483 101 
56486 83 
56486 94 
56486 410 
56488 446 
56493 773 
56494 103 
56495 233 
56497 949 
56499 119 
56499 505 
56500 33 
56501 332 
56505 105 
56506 103 
56508 198 
56508 24 
56509 124 
56509 303 
56513 230 
56513 926 
56515 529 
56516 1446 
56516 309 
56517 55 
56518 138 
56521 71 
56523 153 
56525 435 
56527 49 
56527 252 
56528 130 
56529 549 
56530 464 
56533 194 
56534 534 
56534 26 
56535 368 
56535 101 
56539 194 
56541 236 
56541 151 
56541 244 
56544 31 
56545 245 
56546 153 
56547 141 
56549 536 
56552 81 
56553 157 
56554 287 
56555 194 
56556 146 
56559 1749 
56559 116 
56560 176 
56560 790 
56561 19 
56561 193 
56564 835 
56564 170 
56564 145 
56565 112 
56566 194 
56569 240 
56570 238 
56571 44 
56573 331 
56573 99 
56574 130 
56574 309 
56575 96 
56577 158 
56583 153 
56584 180 
56585 340 
56585 80 
56600 15 
56601 260 
56603 94 
56603 350 
56604 81 
56609 625 
56613 225 
56618 196 
56618 997 
56623 76 
56624 170 
56624 196 
56628 474 
56630 117 
56633 26 
56637 106 
56639 119 
56640 660 
56641 231 
56642 370 
56643 71 
56643 114 
56653 232 
56660 127 
56664 122 
56673 73 
56680 188 
56683 763 
56686 124 
56686 314 
56687 112 
56687 108 
56688 73 
56688 63 
56693 314 
56695 299 
56697 114 
56698 157 
56699 252 
56701 49 
56701 126 
56702 116 
56703 33 
56706 134 
56708 220 
56715 456 
56727 168 
56734 23 
56735 42 
56735 173 
56742 178 
56744 18 
56753 15 
56759 365 
56778 101 
56786 234 
56791 371 
56792 44 
56805 69 
56811 56 
56812 3806 
56816 282 
56817 210 
56817 260 
56821 220 
56829 892 
56830 133 
56838 157 
56854 1745 
56865 172 
56872 273 
56889 235 
56897 49 
56924 273 
56953 307 
56954 87 
56961 214 
56968 91 
56971 322 
56974 36 
56975 122 
56981 249 
56984 59 
56987 313 
56992 325 
56995 213 
57031 637 
57034 97 
57056 162 
57074 266 
57084 290 
57095 238 
57106 112 
57112 17 
57136 178 
57141 81 
57153 79 
57156 981 
57156 65 
57167 306 
57181 284 
57191 582 
57191 111 
57197 2241 
57207 72 
57230 23 
57244 181 
57247 396 
57254 6526 
57280 525 
57325 35 
57327 709 
57330 330 
57344 250 
57363 84 
57365 46 
57373 66 
57375 352 
57396 37 
57397 1442 
57402 36 
57414 117 
57441 349 
57466 183 
57490 847 
57506 328 
57510 346 
57523 1267 
57555 323 
57556 44 
57568 217 
57573 1008 
57581 102 
57594 233 
57603 559 
57603 151 
57606 342 
57615 277 
57630 166 
57639 47 
57656 259 
57658 204 
57667 645 
57671 431 
57677 116 
57678 833 
57704 236 
57707 996 
57722 287 
57725 89 
57742 477 
57775 457 
57777 95 
57800 177 
57848 663 
57877 273 
57910 37 
57940 110 
57941 277 
57982 129 
58041 326 
58049 91 
58052 121 
58095 126 
58099 66 
58107 372 
58117 95 
58120 477 
58135 61 
58154 87 
58159 169 
58206 27 
58242 583 
58298 252 
58325 142 
58356 9 
58370 384 
58435 183 
58534 171 
58554 65 
58608 196 
58694 75 
58699 822 
58706 908 
58726 463 
58748 859 
58773 2899 
58833 571 
58888 74 
58901 296 
58906 303 
58926 24 
58942 197 
58956 1093 
58992 193 
58997 30 
59000 384 
59001 223 
59068 57 
59084 178 
59090 31 
59092 222 
59097 143 
59182 192 
59183 55 
59228 12962 
59268 262 
59286 137 
59323 783 
59346 370 
59420 22 
59450 89 
59464 326 
59653 2059 
59669 269 
59678 44 
59986 64 
60051 56 
60067 146 
60178 123 
60211 61 
60347 153 
60360 94 
60374 621 
60391 29 
60441 394 
60552 74 
60576 216 
60581 137 
61001 89 
61139 285 
61186 106 
61229 540 
61249 68 
61318 21 
61674 152 
61693 960 
61721 64 
61831 10 
62068 111 
62107 75 
62247 57 
62251 338 
62754 155 
62781 152 
63079 82 
63104 97 
63358 2 
63383 86 
63443 159 
63474 77 
63725 95 
63945 88 
64033 0 
64223 544 
64281 124 
64361 283 
64649 42 
64710 169 
64801 644 
64901 91 
64988 277 
65022 809 
65058 168 
65082 111 
65140 131 
65244 875 
65463 2 
65679 141 
65909 102 
65933 326 
66022 374 
66079 148 
66169 305 
66174 55 
66521 650 
66565 188 
66830 101 
67226 497 
67309 975 
67519 2989 
67757 36 
67809 1851 
67879 218 
67965 277 
67994 367 
68061 135 
68170 234 
68346 70 
68675 42 
68870 511 
69285 168 
69343 107 
69495 45 
69509 196 
69619 85 
69623 368 
69720 68 
69901 13 
69912 13 
70054 994 
70112 102 
70315 3065 
70555 603 
70556 468 
70974 502 
71108 244 
71188 28 
71251 61 
71329 14 
71639 110 
71889 150 
72515 71 
72568 2057 
73310 342 
73510 4 
73710 373 
73851 677 
74006 76 
74480 325 
75208 454 
75523 10 
75728 214 
75902 1384 
75970 1796 
76085 746 
76318 1708 
77057 1147 
78208 2545 
78935 1273 
79156 175 
80234 406 
80301 246 
80659 287 
80719 1129 
80780 233 
81153 154 
81284 273 
81953 20 
82104 2 
82438 1215 
82672 596 
82755 571 
82755 571 
82859 232 
83774 1322 
84012 403 
84422 315 
86343 339 
86442 396 
86871 496 
86873 444 
86970 46 
86972 103 
87667 463 
88099 145 
89069 45 
89716 16 
97198 84 
98970 422 
99736 130 
100378 124 
100441 477 
102136 162 
102234 176 
105561 472 
106280 652 
107934 57 
108056 3889 
108210 168 
108474 388 
108564 1235 
109106 233 
109193 243 
109233 115 
109411 276 
109529 38 
109984 1292 
110133 30 
110802 199 
111510 105 
114435 232 
114935 58 
115864 223 
116137 293 
116802 14 
116928 315 
117332 161 
117716 292 
119008 137 
120541 518 
121346 59 
123185 1151 
123556 710 
123829 1219 
123874 645 
124422 487 
124678 7 
124694 828 
127659 341 
127890 621 
128021 289 
128129 415 
128836 513 
129148 13 
130634 15 
135186 982 
135240 193 
135675 250 
136004 368 
136004 368 
136455 666 
136491 690 
136504 933 
136696 105 
136852 614 
137005 711 
140362 137 
141133 3324 
142606 560 
143568 794 
144125 1103 
144144 88 
145938 20 
148182 289 
148524 364 
148953 348 
149008 122 
149347 1480 
159904 33 
161894 0 
162299 761 
163853 70 
163936 509 
164045 51 
164105 118 
165140 549 
165184 139 
165200 187 
165383 1539 
165450 172 
165467 54 
165776 70 
165861 300 
166129 155 
166140 879 
167964 190 
168629 692 
169086 23 
170582 1645 
173229 33 
178761 86 
178789 154 
179001 77 
180645 126 
189455 280 
189470 756 
191273 190 
197068 2936 
197701 10 
205112 97 
206183 539 
210121 23 
213806 88 
214414 139 
214733 312 
214752 410 
214938 503 
215180 276 
215860 83 
219919 102 
221767 312 
222556 189 
224804 55 
226567 1114 
226772 594 
227530 93 
228240 884 
228653 159 
229779 1671 
231616 821 
234521 46 
239606 7222 
240034 5 
240747 1 
241954 77 
243150 38 
243497 666 
243530 138 
243604 469 
243631 304 
243698 240 
243742 107 
245231 733 
245348 73 
245578 170 
245720 253 
246136 57 
246180 350 
246868 745 
248927 348 
256927 28 
257134 125 
257223 61 
257912 18 
258123 417 
258148 2656 
269216 219 
269248 310 
273124 15 
276711 77 
277337 179 
277431 148 
295369 129 
304100 205 
304664 47 
305856 183 
306882 127 
307830 2441 
308815 27 
308840 181 
308887 551 
315336 98 
324404 570 
326321 116 
328611 284 
330555 122 
333807 296 
334179 26 
336268 98 
350697 6 
352194 610 
352397 1618 
352465 1191 
352485 379 
352728 417 
352773 879 
352894 683 
352937 1502 
358079 4 
360519 285 
366642 7 
376198 1061 
379411 122 
379463 54 
386788 639 
390672 338 
394315 30 
400755 58 
403894 151 
403913 152 
411591 311 
414375 133 
422981 796 
424514 81 
425057 39 
426343 57 
433187 2157 
433490 141 
446604 32 
456689 425 
459979 8 
468797 346 
468810 32718 
468865 1253 
468880 181 
469035 636 
469317 429 
469332 1367 
469391 255 
469723 151 
469886 482 
471444 39 
480809 449 
481066 479 
481380 153 
488594 15 
494923 488 
498730 82 
500608 176 
503115 979 
505485 290 
510234 324 
510891 4 
522912 209 
523010 148 
529961 36 
558934 214 
559527 257 
559762 28 
563974 11 
564333 144 
566132 231 
568941 200 
574675 544 
574986 263 
577977 3985 
579225 64 
579443 1218 
582448 404 
589110 683 
592235 95 
596830 52 
