2077 4.97998842593
0 8429743 
8 56 
8 207 
11 9181 
11 482 
12 525 
16 179 
19 307 
19 587 
20 1627 
21 13 
21 145 
21 75 
22 30 
22 35 
27 186 
28 278 
28 281 
28 190 
29 542 
31 208 
32 921 
32 857 
32 204 
33 159 
34 232 
35 310 
36 214 
38 142 
38 83 
39 87 
41 134 
41 1089 
42 6 
43 1153 
44 1377 
44 467 
45 19 
45 113 
45 1297 
46 2401 
46 1103 
47 13 
48 311 
48 71 
49 82 
49 395 
49 1499 
49 777 
49 178 
50 213 
50 19 
50 84 
50 221 
51 18102 
52 2509 
52 92 
54 49 
55 1675 
56 175 
58 109 
58 104 
58 484 
58 841 
59 126 
59 322 
60 80 
61 16 
63 1583 
63 219 
63 1658 
64 145 
64 429 
64 882 
65 29 
65 121 
66 202 
67 2 
67 520 
67 24 
67 811 
67 325 
68 111 
68 149 
69 8 
69 1120 
69 222 
70 42 
70 101 
70 99 
72 679 
72 172 
72 250 
72 2491 
73 772 
73 240 
73 480 
73 26 
75 111 
75 53 
75 311 
76 411 
76 99 
76 55 
77 423 
77 745 
78 55 
79 39 
79 61 
79 670 
80 21 
80 108 
81 185 
81 154 
81 86 
81 183 
82 193 
83 350 
83 190 
84 106 
84 813 
84 180 
84 610 
85 89 
85 41 
85 1006 
86 202 
86 1372 
86 29 
86 40 
88 1380 
89 151 
89 35 
89 40 
89 65 
89 675 
90 2330 
91 705 
92 265 
93 138 
93 257 
93 610 
93 639 
94 138 
96 106 
96 10 
97 54 
98 53 
99 77 
99 267 
100 52 
101 1828 
101 718 
102 45 
103 500 
103 312 
104 220 
104 149 
106 333 
106 19 
106 421 
106 1083 
107 510 
107 116 
108 53 
108 391 
108 714 
108 17 
109 235 
110 162 
111 84 
111 173 
112 277 
112 12 
112 24 
112 28 
113 271 
113 25 
114 81 
115 159 
115 104 
116 181 
116 54 
116 36 
117 5 
117 163 
117 907 
117 1010 
118 140 
118 326 
119 399 
119 2001 
119 1479 
119 176 
120 85 
121 64 
121 64 
121 198 
122 439 
122 1198 
123 268 
123 80 
124 376 
124 180 
124 654 
126 635 
126 156 
128 199 
128 241 
129 283 
130 4186 
131 203 
132 111 
133 1754 
133 153 
133 113 
134 265 
134 257 
135 410 
135 497 
136 45276 
137 95 
138 518 
139 341 
139 25 
139 18 
140 7 
140 136 
142 91 
143 110 
143 343 
143 673 
143 349 
144 265 
144 112 
144 13 
144 128 
146 3677 
148 96 
148 574 
149 47 
150 871 
150 602 
151 1021 
152 544 
153 33 
153 41 
154 450 
154 24 
155 25 
156 108 
156 33774 
156 34 
158 50 
158 26 
158 149 
158 179 
158 32 
163 2055 
163 26 
165 140 
165 31 
165 49 
170 2050 
170 275 
171 478 
171 276 
171 239 
173 199 
173 1002 
174 455 
174 84 
175 367 
175 1571 
175 28 
176 39 
178 78 
179 68 
179 83 
180 35 
180 84 
180 107 
185 1494 
185 376 
189 98 
190 47 
193 75 
194 247 
195 173 
196 213 
197 40 
198 165 
198 1061 
200 94 
201 80 
201 287 
202 59 
203 294 
203 56 
203 952 
203 247 
204 65 
205 98 
205 53 
205 32 
206 1079 
207 24 
207 142 
207 178 
208 55 
208 156 
209 114 
210 267 
210 228 
211 765 
212 177 
212 62 
212 11 
214 114 
215 30 
215 167 
215 221 
215 1232 
216 154 
219 149 
219 279 
219 280 
220 192 
220 223 
221 115 
222 201 
223 0 
223 142 
224 278 
226 29 
226 60 
228 30 
228 1149 
230 7 
230 236 
233 295 
234 443 
235 188 
237 175 
237 1229 
238 674 
241 109 
242 234 
244 231 
245 119 
245 15 
247 1313 
247 926 
250 33 
253 2 
253 59 
254 1 
254 101 
255 37 
255 243 
256 43 
259 187 
260 53 
261 579 
262 62 
265 313 
265 243 
271 273 
271 203 
275 205 
275 83 
275 110 
278 1325 
279 8158 
283 116 
284 103 
286 39 
288 347 
289 97 
291 163 
292 347 
294 162 
295 204 
297 195 
298 19 
298 440 
300 44 
302 313 
307 45 
313 404 
315 248 
316 1374 
318 9 
318 53 
322 224 
324 181 
325 257 
326 325 
326 26 
326 138 
329 26 
330 26 
333 232 
334 41 
336 22 
340 12837 
346 696 
347 847 
348 83 
350 300 
352 501 
355 102 
356 803 
356 229 
359 147 
361 15 
361 83 
361 145 
362 8169 
362 207 
363 147 
365 10 
368 334 
369 197 
369 50 
369 7 
370 177 
371 301 
372 72 
372 209 
373 62 
374 808 
376 16 
377 89 
379 45 
381 431 
382 103 
384 948 
386 85 
387 5446 
389 506 
391 1055 
396 34 
397 191 
400 299 
400 35 
400 16 
401 187 
403 866 
407 72 
408 66 
408 299 
409 265 
411 189 
411 424 
412 152 
412 459 
415 657 
417 351 
421 170 
422 225 
422 461 
424 93 
425 13 
427 69 
428 77 
429 944 
430 12 
435 166 
440 21 
445 362 
448 28 
451 191 
452 30 
454 2 
458 240 
460 1268 
463 597 
473 179 
473 374 
477 1600 
481 113 
487 1032 
487 469 
488 864 
488 214 
500 78 
503 90 
515 7 
517 393 
523 136 
523 229 
524 149 
528 146 
534 87 
535 45 
535 236 
536 3173 
536 108 
541 1350 
543 44 
550 25 
551 111 
554 1073 
558 12 
563 556 
565 88 
570 226 
578 219 
579 223 
582 307 
584 16 
587 308 
589 80 
591 70 
593 442 
594 5 
598 157 
600 162 
602 74 
604 47 
607 181 
608 217 
608 237 
608 83 
616 56 
619 83 
623 360 
625 69 
629 784 
637 235 
639 56 
643 284 
643 276 
644 24 
649 54 
658 44 
659 34 
661 165 
664 40 
665 32 
671 165 
672 27 
672 556 
676 383 
679 89 
682 54 
683 1337 
685 188 
691 191 
692 194 
701 95 
702 1069 
705 549 
705 25 
707 190 
710 43466 
712 114 
715 98 
723 13 
723 223 
735 11 
738 46 
748 397 
749 8 
750 519 
754 58 
759 6783 
764 8 
765 416 
765 235 
773 141 
779 201 
791 57 
792 69 
797 3 
802 155 
811 482 
814 400 
814 11 
820 84 
829 125 
835 1187 
847 36 
854 137 
859 184 
859 185 
869 144 
870 226 
872 2309 
875 1091 
877 56 
879 55 
880 622 
882 105 
885 108 
890 8 
890 6 
891 1009 
893 72 
899 21 
902 33 
904 279 
905 114 
911 48 
918 183 
925 96 
926 77 
926 128 
935 13 
944 31 
945 11 
952 188 
972 367 
977 455 
979 618 
980 138 
996 124 
998 53 
1002 187 
1013 150 
1025 245 
1031 85 
1038 100 
1039 83 
1046 15 
1061 225 
1063 5 
1075 5459 
1076 1130 
1081 153 
1094 1345 
1100 2701 
1101 2 
1103 21 
1117 310 
1122 295 
1133 74 
1150 6 
1154 457 
1162 318 
1167 438 
1178 181 
1197 155 
1213 79 
1217 43 
1218 73 
1228 67 
1241 163 
1252 22 
1259 216 
1280 23 
1281 75 
1289 2 
1292 64 
1309 19 
1312 152 
1315 74 
1329 2 
1330 46 
1334 684 
1350 710 
1351 66 
1362 131 
1371 206 
1386 547 
1389 396 
1394 96 
1416 189 
1427 34 
1428 31 
1432 333 
1437 100 
1439 5 
1451 78 
1455 333 
1458 102 
1473 47 
1477 1 
1479 67 
1493 54 
1494 8 
1505 25 
1508 107 
1508 143 
1517 144 
1523 43 
1526 5852 
1542 17 
1548 305 
1563 520 
1583 549 
1586 172 
1588 49 
1589 792 
1591 167 
1598 42 
1606 294 
1610 85 
1621 211 
1646 12 
1646 17 
1656 61 
1676 1551 
1688 155 
1689 19 
1695 155 
1701 222 
1704 18 
1711 19 
1724 1204 
1738 101 
1743 29 
1747 4 
1751 13 
1753 332 
1767 274 
1782 121 
1786 75 
1799 86 
1878 1138 
1890 11 
1903 101 
1908 4450 
1913 92 
1919 1 
1923 33 
1931 60 
1934 31 
1935 179 
1938 5 
1961 855 
1973 119 
1975 1049 
1985 48 
2000 8 
2011 46 
2022 42 
2022 26 
2031 35 
2035 3703 
2037 68 
2039 52 
2056 384 
2057 97 
2068 127 
2076 97 
2084 384 
2089 33 
2090 36 
2092 135 
2100 0 
2124 182 
2136 125 
2145 623 
2150 51 
2156 3904 
2156 117 
2161 905 
2166 135 
2168 50 
2226 15 
2237 609 
2237 389 
2238 1202 
2242 890 
2245 135 
2252 3179 
2267 78 
2279 39 
2283 59 
2299 162 
2316 97 
2342 346 
2342 1 
2349 8 
2373 41 
2377 200 
2382 141 
2433 6883 
2473 16 
2493 340 
2502 568 
2507 135 
2516 30 
2532 4566 
2540 315 
2547 13 
2552 3 
2577 255 
2585 458 
2593 1883 
2663 131 
2670 777 
2699 636 
2743 590 
2755 90 
2778 40 
2840 134 
2842 39 
2863 1234 
2885 361 
2904 264 
2914 27 
2943 2102 
2994 16 
2998 25 
3037 2 
3046 105 
3065 433 
3093 229 
3178 274 
3204 1906 
3204 68 
3207 175 
3291 99 
3300 1956 
3308 935 
3309 342 
3434 646 
3449 256 
3461 34 
3481 71 
3552 2 
3636 1177 
3637 113 
3661 832 
3673 411 
3705 59 
3711 53 
3806 271 
3816 39 
3855 662 
3885 31 
3961 28 
3979 37 
3989 3 
3999 40 
4228 11 
4264 53 
4290 73 
4301 75 
4308 870 
4385 14 
4409 4708 
4504 431 
4536 14 
4542 54 
4632 2103 
4656 109 
4657 221 
4731 404 
4733 84 
4736 114 
4739 22 
4812 39 
4848 306 
4849 4 
4880 115 
5004 7689 
5004 7689 
5083 73 
5141 507 
5161 108 
5175 931 
5181 55 
5219 47 
5295 995 
5303 203 
5360 343 
5372 235 
5384 148 
5385 1165 
5387 8 
5439 1071 
5508 317 
5518 84 
5613 167 
5693 667 
5702 33 
5722 96 
5792 1313 
5972 22 
6085 62 
6136 4158 
6148 1539 
6281 251 
6362 1513 
6365 6 
6410 19 
6415 1123 
6430 2210 
6510 41 
6632 1328 
6633 2 
6637 102 
6655 3450 
6667 990 
6723 1267 
6741 1022 
6773 80 
6774 308 
6783 1251 
6864 878 
6944 27 
7057 43 
7072 5880 
7141 480 
7289 66 
7323 772 
7400 554 
7498 144 
7524 155 
7588 165 
7648 16 
7737 0 
7794 353 
7849 1356 
7871 5 
7914 9 
8004 488 
8005 381 
8110 6885 
8110 171 
8117 145 
8143 771 
8215 157 
8236 279 
8237 166 
8326 1136 
8336 707 
8349 750 
8354 58 
8358 61 
8451 298 
8496 49 
8508 163 
8527 60 
8547 36 
8582 83 
8775 55 
8919 179 
8927 17 
8927 218 
8943 27 
9072 36 
9119 156 
9124 58 
9127 6 
9204 95 
9266 242 
9381 692 
9382 104 
9449 45 
9480 80 
9487 1698 
9496 2726 
9503 36 
9729 209 
9863 166 
9900 2 
9960 1840 
10038 828 
10047 7959 
10087 15 
10100 18 
10139 27 
10245 48 
10264 6 
10321 350 
10346 126 
10349 524 
10404 746 
10535 3 
10542 1512 
10546 771 
10562 1713 
10569 85 
10593 382 
10620 4 
10630 1129 
10636 1098 
10655 359 
10683 132 
10728 20 
10811 784 
10816 0 
10833 118 
10859 391 
10902 1953 
10937 37 
10944 412 
10976 7 
11057 1141 
11067 1145 
11144 485 
11163 43 
11179 149 
11244 551 
11307 1039 
11326 123 
11517 40 
11518 3 
11544 3586 
11560 169 
11760 892 
11816 1011 
11998 4 
12112 1159 
12226 259 
12311 2073 
12381 0 
12404 787 
12461 1279 
12584 1153 
12657 288 
12675 519 
12727 208 
12841 2727 
12921 90 
13076 1895 
13089 1055 
13114 506 
13145 1309 
13295 32 
13470 3262 
13471 1127 
13511 84 
13552 9 
13564 295 
13667 122 
13682 359 
13683 15 
13708 131 
13719 50 
13735 414 
13738 529 
13760 1 
13806 83 
13953 400 
13956 14 
14039 105 
14073 478 
14176 11 
14230 282 
14282 96 
14384 70 
14391 70 
14398 155 
14440 116 
14622 1073 
14640 540 
14657 55 
14940 44 
15010 49 
15051 768 
15064 11392 
15090 312 
15099 170 
15114 528 
15135 309 
15380 374 
15382 6 
15390 2500 
15455 0 
15494 71 
15570 77 
15578 88 
15619 109 
15637 109 
15653 65 
15693 338 
15869 2414 
15870 22 
15983 29 
16017 27 
16069 725 
16154 1294 
16188 108 
16200 33 
16214 157 
16279 76 
16453 346 
16472 375 
16657 403 
16802 41 
17085 214 
17177 2254 
17186 82 
17225 80 
17320 50 
17588 10 
17692 213 
17811 325 
17989 11 
18213 836 
18228 535 
18272 117 
18321 607 
18355 7 
18692 85 
18708 1368 
18721 471 
19011 151 
19129 59 
19368 1949 
19501 438 
19603 568 
19603 568 
19648 68 
19648 68 
19945 172 
19953 62 
20283 1049 
20328 110 
20693 73 
20849 1 
20918 609 
20939 321 
21328 28 
21388 618 
21519 309 
21531 58 
21611 749 
21722 5 
21820 3524 
22133 835 
22189 778 
22218 632 
22512 127 
22764 51 
22814 527 
22864 667 
22916 0 
22971 74 
23047 212 
23054 40 
23109 64 
23168 797 
23244 27 
23255 148 
23548 471 
23556 278 
23573 1505 
23664 241 
23684 27 
24137 81 
24435 1059 
24450 371 
24499 63 
24551 142 
24734 613 
24921 5098 
25234 132 
25521 1 
25604 406 
25787 305 
25846 2211 
25920 10949 
25987 270 
26192 590 
26231 104 
26232 3 
26248 812 
26375 110 
26436 140 
26593 547 
26626 91 
26908 1887 
27051 125 
27318 25 
27490 43 
27641 10 
27748 463 
27835 6 
28195 56 
28210 329 
28216 17 
28634 296 
28717 422 
28987 1978 
29151 444 
29222 40 
29258 0 
29915 236 
30391 14 
30490 117 
30496 452 
30669 3034 
30686 477 
30709 36 
30813 599 
31171 272 
31186 1412 
31703 103 
31807 33 
31945 95 
32177 166 
32236 24 
32243 1252 
32306 507 
32451 366 
32522 146 
32616 202 
32673 1116 
32747 927 
32915 349 
32937 6717 
33035 689 
33036 141 
33092 1293 
33100 3309 
33113 1327 
33210 2008 
33226 425 
33947 204 
34008 1702 
34226 452 
34232 98 
34455 264 
34525 317 
34629 88 
34744 86 
34744 86 
34750 931 
34750 931 
34869 1247 
34870 469 
35146 843 
35248 2121 
35376 869 
35700 189 
35743 894 
36062 269 
36249 1528 
36322 801 
36500 19 
36845 752 
37001 884 
37092 508 
37163 231 
37213 357 
37293 8 
37327 257 
37524 23 
37943 1291 
38274 178 
38394 9295 
38508 316 
38599 16 
38633 304 
38781 514 
38796 6246 
38822 199 
38886 48 
38916 148 
38957 758 
39105 21 
39208 236 
39336 643 
39409 303 
39460 1156 
39482 575 
39636 2097 
39842 3 
39854 910 
39985 1060 
40122 2252 
40159 959 
40876 15 
40950 101 
40960 74 
41025 256 
41034 0 
41101 316 
41219 207 
41354 72 
41533 1006 
41623 299 
41760 141 
41895 55 
42290 259 
42313 2215 
42338 1267 
42347 953 
42371 257 
42403 2277 
42483 2007 
42521 970 
42673 329 
42752 17 
42969 15 
42979 7482 
43130 5213 
43172 117 
43197 219 
43255 14 
43281 1870 
43324 151 
43356 16 
43499 34 
43524 2963 
43538 926 
43642 1894 
43668 9 
43780 176 
44071 18 
44133 30 
44291 82 
44303 188 
44322 84 
44432 339 
44569 24 
44574 0 
44597 907 
44898 1955 
45013 133 
45016 11 
45081 614 
45127 5 
45168 532 
45200 6 
45225 1982 
45479 232 
45550 732 
45602 249 
45621 1773 
45676 865 
45696 603 
45828 7266 
45871 381 
45891 27 
45949 136 
46001 1183 
46153 214 
46256 11 
46262 55 
46265 83 
46756 1774 
46934 53 
47138 164 
47423 21 
47433 235 
47467 404 
47811 195 
47816 3 
47817 182 
48268 190 
48317 692 
48431 85 
48947 240 
48968 4330 
49106 1398 
49132 296 
49268 23914 
49295 424 
49473 513 
49495 883 
49708 52 
49959 17 
50010 6409 
50010 6409 
50045 227 
50045 227 
50157 528 
50190 801 
50250 13 
50303 527 
50383 161 
50390 19 
50571 2249 
50686 1792 
50921 3683 
50995 355 
51425 516 
51647 252 
51700 700 
51711 149 
51760 521 
51787 68 
51963 829 
52042 8254 
52094 5 
52110 64 
52167 66 
52189 9 
52433 513 
52505 123 
52541 126 
52580 676 
52651 1201 
52661 236 
52939 5057 
53007 119 
53136 85 
53384 389 
53679 2 
53783 2 
53808 31 
54303 64 
54522 7490 
54601 1263 
54891 636 
54892 1498 
55014 340 
55050 54 
55138 4166 
55211 336 
55519 68 
55995 0 
56415 488 
56429 218 
56552 582 
57281 152 
57308 68 
57366 85 
57788 4129 
57826 2154 
57840 173 
57852 1713 
57896 895 
57989 940 
58015 1312 
58202 701 
58297 1610 
58308 250 
58506 640 
58550 27 
58781 6488 
58921 402 
59158 1297 
59283 218 
59338 168 
59427 1247 
59467 1067 
59702 7962 
59771 266 
59874 92 
59919 5550 
60066 476 
60078 1022 
60287 509 
60310 1144 
60783 1036 
61257 105 
61314 6 
61531 4142 
61573 1108 
61636 5 
62053 1419 
62109 1067 
62136 227 
62215 298 
62489 532 
62716 401 
62989 1570 
62999 254 
63047 3 
63098 211 
63133 39 
63145 1672 
63706 291 
63814 1281 
63856 460 
63915 136 
63981 121 
63984 241 
64014 490 
64048 34 
64053 23 
64057 118 
64076 889 
64109 51 
64479 42 
64538 190 
64613 190 
64708 910 
64786 2227 
64816 68 
64831 1903 
64854 353 
64919 64 
65525 2832 
65534 30 
65628 9 
65692 1143 
65738 346 
65780 894 
65841 5384 
65944 728 
65951 643 
66064 2183 
66115 2018 
66125 353 
66131 526 
66417 36 
66578 840 
67100 5 
67193 894 
67245 208 
67526 4347 
67592 4013 
67674 101 
68380 1170 
68775 645 
68857 1075 
68978 37 
69059 1969 
69076 56 
69490 1661 
69652 1984 
69805 1467 
70006 10 
70850 220 
71069 1907 
71237 1567 
71836 241 
71922 125 
72359 584 
72532 1068 
72556 974 
73033 1078 
73127 1319 
73151 649 
73566 140 
74052 5 
74471 26870 
74675 1163 
74730 189 
75019 275 
75055 946 
75095 1372 
75236 440 
75331 1310 
75400 893 
75909 1855 
75912 830 
75916 2007 
76316 217 
76563 2387 
76655 374 
76738 77 
76939 45 
77724 742 
77766 366 
78231 1137 
78637 2028 
78653 1030 
78739 115 
78761 20526 
79052 461 
79068 145 
79242 14 
79372 1452 
79455 1080 
80454 186 
80466 1389 
80559 52 
80991 33 
81655 770 
81782 1620 
81988 0 
82012 422 
82239 1 
82295 830 
82317 138 
82403 2334 
82456 721 
82514 28743 
83027 10 
83114 15 
83160 2066 
83717 1309 
84040 26 
84408 3358 
84725 129 
84961 2767 
85211 1517 
85410 2067 
85473 223 
85580 94 
85613 202 
85947 47 
86052 450 
86286 1125 
87146 1444 
87278 1871 
87287 47 
87357 16 
87483 96 
87502 1193 
87557 4725 
87578 21 
87606 138 
87621 328 
87713 1156 
87834 50 
88042 960 
88204 56 
88211 34 
88303 151 
88472 1761 
88762 21 
88765 1625 
88828 1884 
88876 654 
88904 1089 
89161 2206 
89287 572 
89344 905 
89412 2530 
89413 133 
89486 133 
90424 8103 
90437 5964 
90574 1 
91536 733 
91694 3688 
92293 91 
92484 0 
93295 2400 
93363 1564 
93594 646 
93646 8 
93876 909 
94178 23 
94223 35538 
94274 301 
94360 702 
94577 93 
95186 901 
95190 52 
95271 158 
95809 649 
95906 2306 
96535 989 
96828 385 
97267 2278 
97308 1039 
97836 186 
97944 95 
98565 802 
98828 204 
99119 1030 
99347 20833 
99452 59 
99479 850 
99579 6455 
99596 487 
99617 1194 
99732 881 
100216 6906 
100257 1037 
100318 1 
100686 595 
101374 11 
101542 36 
101602 55 
101860 629 
102960 39 
103729 143 
104007 197 
106189 2547 
106393 180 
106638 66 
108478 401 
109013 1434 
109238 91 
109459 698 
110620 163 
111456 1119 
111504 387 
112131 274 
112297 3289 
112475 1401 
115982 804 
116061 4 
116399 37 
117570 0 
118163 249 
118567 279 
120592 1788 
121367 3731 
121641 80 
121925 196 
122656 1169 
124256 297 
124503 487 
124948 11 
125215 253 
125530 100 
126327 503 
126561 196 
126751 1047 
126971 56 
127262 1265 
127571 544 
128546 1265 
128614 70 
128635 242 
129613 261 
129982 14 
130035 1110 
130242 19 
130288 0 
130660 892 
131102 762 
131107 547 
131558 426 
131600 39 
131614 1540 
131662 241 
131725 121 
131766 1015 
131816 198 
131952 50 
133000 873 
133018 1 
133229 369 
133266 136 
133315 178 
133684 4992 
133708 57 
133712 541 
133748 150 
133758 728 
133762 157 
133860 718 
133889 1490 
134025 53 
134269 698 
134457 2356 
134702 392 
135297 151 
135348 1207 
135360 55 
135364 943 
136078 250 
137407 7670 
138371 92 
138631 557 
138896 157 
139667 623 
142290 125 
143038 640 
144289 276 
145144 453 
145316 51 
145532 539 
145990 378 
146385 201 
146592 5 
147000 7 
147137 874 
147177 90 
147318 349 
148227 102 
148603 649 
148896 94 
149190 313 
150386 1084 
150428 706 
150703 68 
151247 192 
151672 577 
152200 839 
152952 93 
152974 153 
153161 4629 
153178 969 
154436 12150 
154480 641 
155201 2467 
155251 802 
156308 1066 
157839 566 
158502 0 
160057 451 
160993 2570 
161242 1128 
161273 497 
161286 430 
161294 1590 
161309 906 
161502 635 
161625 461 
161791 316 
161903 807 
162390 1051 
163022 9 
164427 467 
164448 420 
164533 231 
164930 845 
165174 0 
165333 1349 
165876 895 
165972 149 
166332 469 
166413 4 
166796 1383 
166833 574 
166840 95 
166955 5 
167861 390 
168589 201 
180963 669 
182916 148 
183775 326 
188003 729 
188914 19245 
189571 1270 
189732 45 
189751 132 
189768 10 
189920 53 
189964 239 
191174 46 
191206 138 
193665 151 
195268 1921 
195330 1547 
196629 1373 
196989 99 
197137 43 
197193 1564 
201155 99 
204793 1020 
205819 1165 
205972 352 
206177 157 
207830 468 
209277 291 
209302 189 
209479 16 
209747 214 
210307 1015 
210367 486 
211387 190 
211459 362 
211924 90 
212217 51 
212284 427 
212586 732 
212989 680 
213518 169 
214864 753 
215124 221 
215301 1121 
215858 73 
216357 583 
217128 234 
217625 638 
217690 687 
217705 291 
218886 381 
218906 426 
220337 74 
221236 832 
222634 783 
227715 259 
229747 28 
230303 78 
230598 5 
232145 3303 
233439 723 
233481 402 
234119 758 
236383 1355 
241483 6037 
241555 462 
241616 145 
241670 430 
242330 1093 
244500 20 
245022 376 
247265 448 
248283 1934 
249210 526 
249479 86 
251252 16 
251253 2484 
252317 218 
252747 85 
254210 1850 
254288 452 
254389 0 
255705 379 
259421 154 
260238 1777 
260272 3524 
260353 266 
260390 796 
260401 1070 
260442 1742 
260553 384 
260741 3439 
261224 185 
262009 821 
262578 1586 
263918 437 
267379 316 
267816 9 
268372 521 
268981 1304 
270423 9 
270629 56 
270746 252 
272234 524 
272820 19 
272952 124 
273128 16 
274818 78 
274951 115 
275047 253 
275511 0 
275788 2080 
276008 57 
278941 258 
279619 134 
282185 147 
282263 333 
283347 4386 
285482 92 
285689 253 
286414 5410 
290972 524 
292172 549 
298349 1997 
300606 1505 
300629 1873 
302498 970 
304077 586 
304261 1678 
308449 530 
308526 1099 
308915 520 
309235 532 
309345 535 
309511 271 
310463 608 
311264 261 
312838 562 
313641 484 
315047 16 
315922 750 
316101 3 
317757 270 
318297 70 
319204 796 
319349 348 
319620 19 
320676 37 
321043 176 
321398 362 
322142 329 
326471 125 
326557 168 
326939 790 
327214 189 
332405 33 
333815 465 
335185 788 
336291 21 
339124 196 
339143 143 
339707 6 
341197 201 
345790 1182 
346200 353 
346383 430 
350125 1884 
350594 1587 
352468 2567 
354970 1866 
355003 538 
356184 720 
358149 586 
358578 636 
360819 1789 
361018 72 
363314 51 
363828 26 
364099 492 
364499 215 
364499 215 
365108 806 
368589 0 
368658 138 
369895 2007 
369928 2409 
369958 206 
369989 1562 
371448 5132 
371538 249 
371670 28 
372425 115 
373926 12794 
374920 353 
375056 90 
377920 1315 
379470 382 
380797 470 
381599 401 
386349 76 
390759 565 
395251 9899 
396176 156 
396499 244 
399389 850 
401485 1076 
401510 725 
401657 7 
402421 108 
403325 192 
403339 214 
404000 280 
410606 30 
412075 257 
415542 1504 
415759 40 
423519 647 
424699 82 
426246 1925 
426379 232 
431995 99 
432731 555 
441630 206 
441895 229 
443041 427 
449998 345 
451451 25 
456452 141 
467999 617 
469355 524 
469439 312 
471220 329 
478421 95 
481909 398 
482656 796 
484399 474 
491996 11 
494720 657 
497176 474 
502456 135 
506939 641 
510670 1221 
511562 532 
515472 1069 
525533 285 
526032 243 
526214 135 
526976 245 
527132 56 
529077 4359 
529553 6950 
532391 218 
546823 240 
550984 7329 
552774 1712 
552944 356 
554910 252 
560423 55 
560627 288 
563236 1332 
564318 86 
566723 315 
568958 799 
572451 820 
584897 196 
588035 81 
588980 2517 
595121 213 
596199 1737 
596318 84 
596346 3 
597145 261 
602898 473 
