9256 6.1144212963
0 13356494 
8 277 
9 432 
9 65 
10 384 
10 4147 
10 406 
12 2 
12 48 
13 252 
13 1547 
13 903 
13 92 
13 127 
13 2294 
13 86 
16 297 
16 907 
17 1394 
17 59 
17 844 
18 37 
18 30 
18 7338 
18 1344 
19 5671 
19 845 
19 13 
19 1620 
20 273 
20 986 
20 2072 
20 3596 
21 84 
21 402 
21 684 
21 310 
22 151 
22 202 
22 149 
22 5524 
23 25 
23 71 
23 1435 
23 151 
24 207 
24 211 
24 274 
25 2094 
25 55 
25 50 
25 278 
25 268 
25 320 
26 410 
26 1557 
26 162 
26 317 
27 526 
27 641 
27 417 
27 202 
28 597 
28 1868 
28 1278 
28 981 
28 1204 
28 795 
28 1071 
28 1996 
28 164 
29 116 
29 93 
29 465 
29 571 
29 167 
29 1716 
29 77 
30 230 
30 1157 
30 512 
30 2524 
30 281 
31 629 
31 144 
32 74 
32 136 
32 977 
32 26 
32 124 
32 1174 
32 2648 
32 202 
32 35 
32 2642 
32 1547 
33 204 
33 9 
34 356 
34 1375 
34 333 
34 1549 
35 1228 
35 30 
35 792 
35 9377 
35 726 
35 56 
36 19 
36 654 
36 3312 
36 127 
37 5698 
37 58 
37 794 
37 220 
37 355 
37 185 
37 158 
37 795 
37 1069 
38 8 
38 366 
38 118 
39 115 
39 79 
39 355 
40 93 
40 950 
40 1777 
40 66 
41 47 
41 970 
41 115 
41 492 
41 133 
42 66 
42 23183 
42 307 
42 1421 
42 25 
42 2058 
42 447 
43 55 
43 52 
43 44 
43 20 
44 50 
44 414 
44 284 
44 385 
44 2246 
44 38 
44 152 
45 987 
45 1 
45 305 
45 2906 
45 177 
45 77 
46 72 
46 5 
46 176 
47 517 
47 160 
47 586 
47 874 
47 106 
47 278 
47 85 
47 13 
48 175 
48 156 
48 59 
48 587 
48 29 
48 3015 
49 8034 
49 46 
49 206 
49 68 
49 5 
49 7 
49 66 
49 136 
49 96 
49 168 
49 170 
50 123 
50 232 
50 7 
50 227 
50 1315 
51 163 
51 268 
51 210 
51 1180 
51 14 
51 114 
52 34 
52 826 
52 1 
52 110 
53 437 
53 66 
53 75 
53 556 
53 1863 
53 0 
53 851 
53 3130 
54 44 
54 1123 
54 27 
54 422 
55 259 
55 147 
55 700 
55 22 
55 2847 
55 72 
56 243 
56 153 
56 157 
56 341 
57 1423 
57 2081 
57 968 
57 447 
57 1739 
58 1233 
58 55 
58 1362 
58 365 
58 77 
58 70 
59 11 
59 1833 
59 504 
59 218 
59 7 
60 210 
60 745 
60 945 
60 1397 
60 69 
60 138 
60 290 
60 179 
61 139 
61 137 
61 114 
61 877 
61 404 
61 54 
61 1775 
61 5 
62 26 
62 615 
62 1 
62 586 
62 144 
62 800 
62 26 
62 1363 
62 95 
62 342 
63 68 
63 89 
63 98 
63 29 
63 162 
63 70 
63 99 
64 119 
64 54 
64 138 
64 1042 
64 3173 
64 15 
64 480 
64 145 
64 156 
64 330 
64 66 
64 576 
65 226 
65 191 
66 197 
66 951 
66 1622 
66 21 
66 301 
66 457 
66 97 
66 783 
67 66 
67 149 
67 551 
67 230 
68 1518 
68 2577 
68 722 
69 301 
69 99 
69 16 
69 21 
69 101 
69 118 
69 481 
70 1855 
70 78 
70 262 
70 75 
70 42 
70 837 
70 1168 
70 901 
70 110 
71 19 
71 222 
72 27 
72 259 
72 13 
72 313 
72 269 
73 290 
73 906 
73 165 
73 539 
74 668 
74 781 
74 75 
74 2 
74 166 
74 1829 
75 18 
75 917 
76 42 
76 218 
76 90 
76 896 
76 145 
76 620 
76 241 
76 612 
76 2874 
77 128 
77 3060 
77 2191 
77 872 
77 295 
77 1146 
77 1735 
77 1270 
77 66 
77 3994 
77 23 
78 58 
78 423 
78 623 
78 191 
78 106 
78 1167 
78 110 
78 33787 
78 697 
78 265 
78 257 
79 1491 
79 29 
79 242 
79 77 
79 67 
79 17338 
79 84 
79 486 
79 5524 
79 684 
79 69 
79 816 
80 1039 
80 393 
80 19 
80 179 
80 29 
81 46 
81 25 
81 659 
81 61 
81 26 
81 863 
81 51 
81 174 
81 167 
82 2487 
82 341 
82 298 
82 76 
82 242 
82 213 
82 1416 
82 584 
82 265 
82 593 
83 37 
83 1794 
83 325 
83 762 
84 216 
84 787 
84 6 
84 1488 
84 1031 
84 102 
85 65 
85 7833 
85 753 
85 986 
85 177 
86 139 
86 202 
86 109 
86 145 
86 5 
86 397 
86 1407 
87 29 
87 568 
87 1350 
87 284 
87 15 
88 1561 
88 135 
88 1162 
88 57 
88 807 
88 100 
88 276 
88 8 
88 6 
88 2 
89 759 
89 383 
89 1178 
89 163 
89 1 
89 455 
89 168 
89 186 
89 288 
89 72 
90 745 
90 239 
90 129 
90 59 
90 8 
90 21 
90 49 
90 283 
90 1271 
90 17 
90 14 
91 713 
91 982 
91 607 
91 305 
91 765 
91 653 
91 1169 
91 473 
92 2964 
92 177 
92 8 
92 1580 
92 3253 
92 406 
92 34 
92 1917 
93 20 
93 368 
93 164 
93 44 
93 1398 
94 1295 
94 28 
94 259 
94 93 
94 348 
94 252 
95 407 
95 157 
95 144 
95 1589 
95 241 
95 22 
96 45 
96 1136 
96 228 
96 252 
96 966 
96 539 
97 5572 
97 5 
97 104 
97 20 
97 769 
97 291 
97 286 
97 332 
98 5153 
98 124 
98 228 
98 422 
98 24 
99 26 
99 1035 
99 810 
99 4022 
100 432 
100 56 
100 1297 
100 126 
100 663 
101 447 
101 455 
101 870 
101 78 
101 206 
101 166 
102 1675 
102 146 
102 121 
102 27 
102 143 
102 241 
102 1002 
102 1208 
102 182 
102 21 
102 171 
102 2349 
103 14505 
103 695 
103 172 
103 69 
103 1106 
103 2135 
103 115 
103 189 
103 262 
104 2169 
104 36 
104 1460 
104 1203 
104 77 
104 19 
104 61 
104 103 
104 57 
105 1138 
105 179 
105 577 
105 17 
105 186 
105 2159 
106 529 
106 31 
106 82 
106 1217 
106 123 
106 462 
106 812 
106 749 
106 651 
106 47 
106 1316 
107 111 
107 968 
107 910 
107 20 
107 507 
107 19 
107 99 
108 42 
108 2544 
108 587 
108 1432 
108 692 
109 421 
109 171 
109 288 
109 67 
109 125 
109 1590 
110 200 
110 894 
110 550 
110 297 
111 381 
111 338 
111 2266 
111 55 
112 712 
113 377 
113 957 
113 221 
113 5 
113 451 
113 982 
113 586 
113 236 
114 379 
114 344 
114 6 
114 60 
114 62 
115 428 
115 396 
115 284 
116 331 
116 913 
116 39 
116 42 
117 591 
117 788 
117 206 
117 2361 
117 190 
118 818 
118 728 
118 2 
118 121 
119 1758 
119 1339 
120 101 
120 24 
120 13 
120 25 
120 88 
120 708 
121 175 
121 130 
121 247 
121 381 
121 922 
122 100 
122 175 
122 739 
122 208 
122 268 
122 9 
122 13 
123 525 
123 468 
123 531 
123 18 
123 1240 
124 456 
124 1529 
124 122 
124 52 
124 1316 
124 604 
124 1253 
125 204 
125 4129 
125 349 
125 740 
125 1700 
125 1085 
125 735 
126 9 
126 790 
126 152 
126 281 
126 725 
126 419 
126 122 
126 1488 
127 350 
127 492 
127 56 
127 897 
128 24 
128 51 
128 39 
128 268 
129 107 
129 332 
129 429 
129 69 
130 120 
130 24 
130 545 
130 725 
130 102 
130 379 
131 24 
131 280 
131 38 
131 68 
131 27 
131 116 
131 243 
132 2683 
132 880 
132 1135 
133 41 
133 4026 
133 295 
133 210 
133 215 
133 727 
134 14 
134 167 
134 424 
134 118 
135 656 
135 1296 
135 175 
136 674 
136 1953 
136 319 
137 5 
137 5 
137 439 
138 59 
138 57 
138 1995 
138 1486 
138 171 
138 314 
139 36 
139 2696 
139 449 
139 41 
140 71 
140 182 
140 1631 
140 88 
141 1190 
141 1328 
142 291 
143 44 
143 408 
144 754 
144 130 
144 284 
144 21 
145 1561 
145 220 
145 211 
145 525 
146 62 
146 311 
146 672 
146 9654 
146 95 
146 75 
146 121 
146 36 
146 386 
147 79 
147 1361 
147 10 
148 38 
148 308 
148 34 
148 640 
148 69 
148 13 
149 999 
149 138 
149 544 
150 1301 
150 1380 
150 434 
151 1644 
152 303 
152 2864 
152 139 
152 77 
152 27 
152 27 
152 335 
153 43 
153 414 
153 167 
154 21 
154 144 
155 170 
155 132 
155 223 
156 39 
156 16 
156 28 
156 377 
156 81 
156 93 
156 189 
157 409 
157 372 
158 94 
158 189 
158 115 
159 116 
159 426 
159 1161 
160 95 
160 14 
160 589 
160 343 
161 135 
161 1012 
161 1957 
161 90 
161 7 
162 510 
162 1680 
162 284 
162 78 
162 36 
162 8 
163 89 
163 243 
163 118 
164 26 
164 167 
164 747 
164 205 
164 580 
165 545 
165 188 
165 13 
165 74 
166 47 
166 173 
166 54 
167 232 
167 710 
167 651 
167 896 
167 98 
168 2 
168 1343 
168 7077 
168 84 
168 743 
168 832 
169 1217 
169 684 
169 3 
169 7 
169 120 
169 1 
170 20 
170 617 
170 116 
170 180 
171 34 
171 191 
171 153 
171 281 
171 1004 
171 338 
172 976 
172 661 
172 1861 
172 34 
173 970 
173 626 
174 103 
174 138 
175 7 
175 661 
175 892 
175 30 
175 482 
176 67 
176 145 
176 43 
176 1314 
176 237 
177 74 
177 272 
178 62 
178 318 
178 11 
178 1093 
179 629 
179 728 
179 1949 
181 63 
182 162 
183 60 
184 1065 
184 64 
184 490 
184 153 
184 55 
185 424 
186 203 
186 166 
186 927 
186 83 
187 16 
187 222 
187 2164 
188 340 
189 551 
189 302 
189 1120 
189 3215 
189 226 
189 602 
190 77 
191 241 
191 280 
191 443 
192 718 
192 922 
192 14 
192 648 
192 324 
192 622 
192 140 
193 1034 
193 334 
193 136 
194 288 
194 62 
195 9 
196 82 
196 598 
198 1660 
198 124 
198 41 
198 150 
198 225 
199 2252 
199 67 
199 3289 
200 582 
200 41 
200 230 
201 3793 
203 133 
203 379 
204 318 
204 40 
204 741 
205 201 
205 872 
205 84 
206 1518 
206 2752 
206 342 
207 14 
208 272 
208 125 
209 80 
209 815 
209 547 
209 339 
210 172 
210 374 
210 924 
210 72 
211 37 
212 346 
212 753 
213 4508 
213 1969 
213 151 
214 870 
214 23 
214 500 
215 3089 
215 80 
215 184 
215 2220 
215 156 
215 192 
216 1339 
216 65 
216 793 
216 316 
218 79 
218 208 
218 461 
219 512 
220 555 
220 270 
220 14 
221 1184 
221 157 
222 371 
222 292 
223 1033 
224 40 
225 1530 
225 1398 
225 8 
226 20 
226 770 
226 396 
228 112 
228 141 
228 70 
229 556 
230 2960 
230 24 
231 175 
231 1891 
232 76 
233 261 
234 1242 
235 108 
235 31 
235 149 
236 307 
236 2497 
237 108 
237 115 
237 2957 
238 1230 
238 472 
239 59 
239 5 
240 1182 
241 1262 
241 7423 
241 504 
242 258 
242 53 
243 85 
243 1192 
244 45 
245 59 
245 31 
245 1127 
246 1483 
246 2608 
247 190 
247 1736 
247 169 
248 710 
248 1642 
248 394 
249 23 
249 304 
249 67 
250 112 
250 313 
251 359 
251 131 
251 262 
251 177 
251 1146 
251 293 
251 445 
252 3107 
252 1551 
252 29 
252 51 
252 364 
253 20 
253 1425 
253 63 
254 532 
256 2657 
256 2 
257 1850 
258 124 
258 415 
259 804 
259 982 
260 2482 
260 158 
261 285 
262 126 
262 49 
263 4562 
263 624 
264 226 
264 1391 
264 89 
264 54 
264 240 
265 98 
266 574 
266 2270 
266 138 
269 806 
269 0 
269 8 
271 124 
271 59 
272 21609 
272 211 
273 1373 
274 656 
274 13 
274 8381 
275 1604 
275 3 
275 63 
276 122 
276 79 
277 1252 
277 12 
278 437 
279 64 
279 257 
280 1921 
280 92 
281 220 
281 571 
282 1288 
283 1946 
283 823 
285 119 
285 345 
285 341 
286 77 
286 43 
287 808 
288 344 
289 1009 
289 63 
289 104 
290 62 
290 83 
291 131 
293 995 
294 394 
295 175 
295 99 
298 99 
299 1714 
299 176 
300 1323 
300 361 
300 1274 
300 1269 
301 86 
301 251 
301 170 
302 270 
303 24 
303 232 
305 723 
305 1578 
306 35 
306 173 
307 132 
307 907 
309 215 
309 192 
310 675 
310 67 
311 70 
312 120 
312 1012 
312 571 
312 114 
313 49 
313 155 
313 49 
314 563 
314 1049 
316 36 
316 579 
317 88 
317 533 
317 110 
317 1096 
318 2337 
318 4858 
318 572 
319 443 
321 38 
323 952 
324 23 
325 1007 
325 386 
326 12 
328 44 
328 1061 
328 17 
328 51 
330 50 
330 90 
332 66 
333 35 
333 5320 
333 31 
333 89 
334 577 
334 547 
335 83 
336 76 
336 1709 
336 1706 
337 380 
337 1217 
337 330 
338 3 
339 78 
340 72 
340 2509 
341 107 
341 32 
342 1225 
343 550 
343 573 
343 76 
343 30 
343 763 
343 333 
344 229 
344 571 
344 4698 
344 442 
345 229 
345 163 
349 3834 
350 179 
350 1095 
350 95 
351 69 
352 52 
353 56 
353 2333 
353 669 
354 766 
354 229 
354 979 
354 804 
354 562 
355 1365 
355 171 
355 37 
356 106 
356 1796 
357 3597 
357 188 
357 178 
357 62 
359 345 
360 216 
360 78 
360 682 
360 1 
361 41 
362 1293 
364 185 
365 130 
365 566 
365 3 
365 1077 
365 164 
365 1013 
367 78 
367 267 
368 525 
369 119 
370 1524 
370 7 
371 272 
371 0 
374 503 
374 40 
375 47 
376 888 
376 247 
378 971 
378 255 
378 1758 
379 246 
380 99 
383 57 
384 3340 
384 233 
384 309 
385 142 
385 8 
385 1312 
386 225 
386 123 
386 32 
386 0 
387 5 
387 532 
387 129 
389 794 
390 523 
390 1929 
391 140 
391 331 
392 1763 
393 62 
393 267 
393 395 
393 5562 
393 236 
394 1092 
394 659 
395 52 
396 251 
397 229 
399 442 
400 619 
400 61 
401 561 
402 50 
402 185 
403 153 
403 74 
404 614 
405 318 
405 559 
405 138 
405 106 
407 3345 
409 35 
409 13 
409 957 
412 863 
412 56 
414 1070 
415 33 
418 331 
418 563 
419 213 
419 85 
421 1445 
422 1742 
423 601 
423 20 
424 170 
424 178 
425 165 
425 3687 
428 59 
430 188 
430 456 
432 2206 
432 306 
432 110 
432 225 
432 774 
433 10 
435 95 
436 639 
438 151 
440 169 
440 35 
440 107 
441 170 
442 1157 
443 55 
443 200 
444 19 
444 24 
445 383 
446 702 
447 14 
447 28 
447 115 
447 974 
448 94 
449 753 
449 26882 
450 273 
454 916 
455 38 
455 335 
456 498 
456 466 
459 217 
460 95 
460 97 
461 294 
461 57 
462 29 
463 724 
465 752 
465 1105 
466 183 
466 860 
467 57 
467 1437 
468 923 
469 27676 
469 119 
472 321 
473 197 
473 3253 
474 50 
475 8 
476 1162 
478 11 
478 261 
478 152 
479 642 
480 209 
482 1370 
484 19 
484 44 
484 480 
485 259 
486 335 
486 291 
486 832 
489 114 
489 156 
490 2215 
491 399 
491 1746 
495 28 
496 13 
497 615 
497 121 
497 65 
498 4207 
498 355 
499 148 
500 1021 
501 220 
501 50 
503 11 
504 105 
506 1052 
506 46 
506 118 
508 122 
508 32 
510 118 
512 53 
513 12 
514 481 
515 28 
516 2501 
518 446 
518 143 
519 64 
520 298 
520 114 
521 107 
522 861 
522 18 
524 20 
525 1223 
526 260 
526 358 
526 84 
528 13 
528 58 
530 189 
531 689 
531 14 
532 275 
533 95 
534 250 
536 313 
537 24 
537 1188 
537 6 
539 7282 
539 870 
539 9 
540 970 
540 95 
540 167 
540 203 
540 254 
541 45 
545 869 
545 1 
546 84 
550 3101 
551 72 
551 224 
553 50 
554 38 
554 1066 
555 525 
558 988 
558 4 
559 1265 
562 1026 
563 2352 
563 159 
563 1098 
564 188 
567 257 
571 39 
572 247 
573 561 
573 905 
574 33 
574 114 
575 561 
575 2269 
575 217 
575 122 
576 376 
576 378 
576 1978 
577 117 
577 3330 
578 67 
578 494 
579 39 
579 9 
579 130 
580 459 
581 756 
581 1478 
581 13 
583 106 
584 1457 
584 1266 
585 9 
586 95 
586 254 
587 123 
588 821 
588 9 
588 811 
589 83 
589 445 
592 1379 
592 70 
592 1220 
595 1552 
599 707 
600 23 
604 2141 
605 247 
605 283 
605 123 
606 442 
607 29 
608 914 
608 974 
609 88 
610 76 
613 15 
613 20 
613 400 
614 634 
614 127 
615 746 
618 261 
618 206 
620 343 
621 1114 
626 72 
627 314 
628 659 
630 34 
631 519 
631 1 
632 70 
634 426 
636 476 
637 54 
639 93 
641 1246 
642 102 
642 65 
643 71 
645 241 
647 3566 
647 210 
648 18 
648 968 
648 309 
651 252 
652 40 
654 89 
655 102 
656 26 
656 90 
657 608 
657 978 
657 266 
658 190 
659 1319 
659 232 
663 168 
663 893 
663 9 
664 2663 
665 727 
665 1 
665 97 
667 335 
669 539 
675 767 
678 7043 
678 90 
678 181 
680 129 
681 1069 
682 86 
683 4059 
683 74 
684 1444 
688 163 
690 201 
691 0 
694 574 
694 463 
695 339 
695 3195 
696 131 
697 1519 
698 258 
699 22 
699 450 
702 10 
708 329 
708 175 
709 954 
710 195 
710 236 
710 45 
711 504 
711 158 
712 294 
713 37 
714 74 
714 168 
715 20 
716 246 
716 561 
717 1069 
721 4 
722 68 
722 1346 
724 28 
725 211 
725 1702 
727 626 
732 1305 
734 3 
734 3486 
736 1200 
738 201 
738 409 
739 83 
739 109 
742 79 
743 56 
744 133 
746 15 
747 1220 
747 198 
748 219 
749 246 
750 101 
758 267 
758 205 
763 829 
763 138 
767 57 
768 62 
769 54 
772 2590 
774 307 
774 92 
774 12 
774 26 
775 104 
776 151 
778 6638 
778 810 
780 753 
781 42 
784 132 
785 111 
785 805 
785 1130 
787 1180 
788 9 
789 57 
791 922 
794 92 
795 211 
797 305 
798 293 
798 21 
799 2953 
802 656 
805 29 
807 197 
810 112 
812 1267 
816 340 
817 0 
818 430 
819 373 
819 6545 
821 1064 
821 0 
821 1255 
821 850 
823 743 
825 139 
828 46 
829 8940 
829 713 
830 284 
831 693 
832 41 
834 1128 
836 45 
837 19 
839 354 
844 7106 
845 2452 
846 19 
846 187 
846 679 
849 330 
850 34 
850 520 
852 74 
853 9 
856 245 
858 1266 
868 2344 
868 77 
871 701 
874 107 
875 993 
876 293 
877 212 
878 1407 
881 16928 
884 47 
885 350 
887 417 
888 55 
888 536 
889 45 
890 130 
892 156 
892 2865 
894 28 
895 175 
896 92 
899 764 
901 1309 
903 10 
904 1003 
906 615 
907 367 
908 256 
908 174 
909 781 
909 1131 
914 112 
919 346 
919 30 
919 338 
921 1707 
922 761 
925 870 
926 117 
929 889 
931 401 
933 118 
934 1952 
938 837 
943 998 
947 1358 
947 990 
948 1610 
949 7821 
949 139 
950 2552 
951 168 
951 26 
953 77 
953 5 
954 1485 
955 102 
955 959 
956 1 
957 704 
957 705 
959 2398 
959 855 
960 78 
963 117 
963 288 
964 245 
964 485 
966 1241 
968 682 
970 57 
971 111 
973 208 
974 1071 
975 314 
977 177 
984 146 
986 472 
987 1378 
988 2 
990 229 
993 185 
993 66 
994 178 
996 234 
996 66 
1001 179 
1003 647 
1004 37 
1004 3 
1009 3224 
1009 235 
1010 1922 
1017 67 
1020 1416 
1020 289 
1021 626 
1029 107 
1030 1049 
1031 53 
1033 437 
1033 29 
1037 267 
1037 89 
1037 142 
1041 2968 
1041 1038 
1043 425 
1045 42 
1046 445 
1048 959 
1052 109 
1057 802 
1057 3848 
1058 83 
1059 29 
1060 182 
1060 378 
1061 67 
1062 884 
1064 113 
1068 637 
1069 1014 
1070 13 
1073 62 
1074 149 
1074 163 
1075 335 
1087 1506 
1093 63 
1094 1367 
1098 568 
1100 1140 
1100 10 
1103 104 
1104 15 
1107 881 
1107 1752 
1107 808 
1107 450 
1112 526 
1112 1133 
1112 38 
1114 1113 
1115 178 
1119 259 
1119 35 
1123 37 
1127 52 
1127 143 
1128 207 
1130 506 
1132 102 
1135 381 
1136 246 
1139 51 
1139 955 
1141 10 
1145 124 
1148 68 
1154 8 
1155 6 
1162 550 
1163 143 
1167 114 
1170 43 
1171 115 
1173 173 
1178 1861 
1178 505 
1178 1123 
1179 132 
1179 109 
1180 698 
1181 221 
1182 2729 
1182 105 
1184 492 
1184 25 
1185 128 
1188 99 
1190 1646 
1193 121 
1195 729 
1201 516 
1204 325 
1209 120 
1214 769 
1214 109 
1215 188 
1215 104 
1217 185 
1219 648 
1219 405 
1221 281 
1221 1450 
1225 294 
1227 94 
1231 104 
1232 7 
1233 12 
1234 1805 
1239 16037 
1239 498 
1244 2316 
1245 171 
1246 43 
1246 1 
1247 53 
1254 25 
1259 437 
1263 1592 
1263 41 
1264 35 
1264 8715 
1264 255 
1268 595 
1273 233 
1274 398 
1274 245 
1275 80 
1278 561 
1279 830 
1283 489 
1288 4274 
1289 12 
1291 151 
1292 742 
1294 218 
1294 128 
1294 121 
1300 1888 
1306 164 
1306 1578 
1315 153 
1315 915 
1322 280 
1327 2460 
1329 135 
1334 2013 
1336 723 
1338 64 
1343 26 
1344 864 
1345 34 
1346 1228 
1346 1016 
1349 3423 
1350 458 
1354 10 
1354 1746 
1355 2326 
1355 1785 
1358 144 
1359 31 
1360 203 
1361 69 
1362 140 
1363 1859 
1364 283 
1366 1548 
1366 3398 
1368 552 
1374 389 
1375 3 
1376 788 
1377 3520 
1383 1237 
1386 111 
1391 208 
1392 693 
1395 6435 
1404 340 
1405 280 
1407 2 
1408 111 
1410 4737 
1412 220 
1414 243 
1416 120 
1420 81 
1420 18 
1422 114 
1426 197 
1426 38 
1427 404 
1429 666 
1430 830 
1431 284 
1431 374 
1432 112 
1432 511 
1433 1753 
1433 780 
1438 511 
1445 229 
1445 140 
1446 606 
1447 259 
1451 354 
1452 325 
1457 564 
1459 283 
1461 210 
1462 159 
1465 139 
1466 31 
1467 163 
1471 411 
1474 78 
1474 78 
1476 861 
1476 180 
1481 100 
1482 769 
1483 2133 
1491 28 
1492 28 
1492 1089 
1495 454 
1499 238 
1504 16 
1504 7 
1504 3920 
1505 460 
1507 976 
1509 69 
1522 453 
1523 9575 
1524 185 
1525 254 
1528 164 
1528 95 
1529 142 
1530 1127 
1531 7955 
1531 235 
1532 958 
1533 480 
1534 590 
1535 1002 
1544 85 
1546 1475 
1546 1017 
1546 346 
1546 922 
1547 143 
1547 96 
1549 94 
1549 892 
1552 37 
1555 116 
1565 151 
1571 165 
1571 1956 
1573 110 
1574 32 
1584 1087 
1586 402 
1587 1131 
1590 851 
1590 1891 
1591 1074 
1592 533 
1593 11 
1595 503 
1599 185 
1602 1763 
1602 16 
1603 778 
1605 388 
1605 875 
1610 855 
1612 344 
1620 423 
1621 131 
1622 79 
1623 503 
1625 83 
1633 339 
1634 284 
1636 116 
1637 498 
1639 692 
1640 0 
1642 50 
1642 640 
1645 690 
1649 681 
1656 215 
1657 75 
1657 121 
1657 1865 
1660 2 
1662 378 
1667 174 
1669 221 
1670 81 
1674 21155 
1675 172 
1677 1219 
1677 2712 
1677 186 
1682 67 
1692 507 
1693 836 
1694 1288 
1701 121 
1702 42 
1712 60 
1717 250 
1723 135 
1723 1612 
1723 661 
1727 887 
1731 24 
1734 296 
1741 15 
1741 112 
1743 1589 
1748 1750 
1750 92 
1750 186 
1751 146 
1755 223 
1757 372 
1759 35 
1761 95 
1764 86 
1770 232 
1776 60 
1779 2076 
1781 173 
1783 497 
1785 48509 
1792 170 
1794 422 
1806 1602 
1810 8 
1811 187 
1814 265 
1818 2252 
1819 579 
1821 114 
1825 1025 
1832 392 
1839 51 
1842 586 
1842 612 
1843 429 
1847 562 
1849 1484 
1853 130 
1866 79 
1868 75 
1870 88 
1871 598 
1872 839 
1874 2343 
1879 703 
1886 2114 
1889 124 
1889 21 
1893 1055 
1894 379 
1894 106 
1897 23 
1903 16 
1906 60 
1915 129 
1915 664 
1918 14 
1926 532 
1929 1051 
1930 108 
1934 745 
1938 315 
1939 59 
1943 1248 
1950 612 
1951 258 
1954 112 
1954 74 
1956 816 
1963 1208 
1964 1801 
1966 124 
1968 203 
1970 1265 
1973 1299 
1976 1100 
1979 3539 
1983 61 
1986 1765 
1991 218 
1992 692 
2004 143 
2005 558 
2017 429 
2018 195 
2022 831 
2027 56 
2028 34 
2030 8064 
2031 1164 
2033 1241 
2045 1528 
2047 157 
2049 196 
2052 36 
2066 603 
2074 338 
2080 659 
2086 788 
2088 28 
2090 559 
2091 320 
2091 1716 
2093 79 
2093 33 
2103 158 
2105 633 
2106 794 
2106 739 
2111 30 
2118 138 
2120 343 
2121 25 
2124 640 
2125 2 
2126 105 
2127 220 
2128 687 
2140 175 
2142 603 
2144 1192 
2147 1018 
2151 1103 
2154 506 
2158 148 
2165 505 
2166 26 
2176 27 
2180 28 
2181 354 
2184 971 
2186 2385 
2196 44 
2200 646 
2200 90 
2206 0 
2209 198 
2212 239 
2224 276 
2238 60 
2240 233 
2242 1058 
2245 1353 
2246 1189 
2247 193 
2251 80 
2253 1491 
2259 3248 
2262 1088 
2263 595 
2268 209 
2269 366 
2273 20 
2278 237 
2282 50 
2285 52 
2285 100 
2285 38 
2288 571 
2291 789 
2294 32 
2297 147 
2298 109 
2300 18 
2304 23 
2312 279 
2313 807 
2316 107 
2321 513 
2325 4205 
2327 281 
2329 1889 
2333 1317 
2335 33 
2337 109 
2339 41 
2339 42 
2340 416 
2344 374 
2346 1289 
2350 1761 
2352 139 
2353 715 
2356 735 
2356 3038 
2376 681 
2376 408 
2381 82 
2388 220 
2390 1082 
2390 11 
2393 428 
2396 888 
2400 732 
2408 252 
2413 499 
2419 86 
2420 552 
2428 7 
2431 20 
2436 455 
2437 617 
2443 1579 
2446 779 
2454 165 
2456 61 
2457 28 
2457 54 
2459 1204 
2461 64 
2462 217 
2477 689 
2478 18 
2487 11 
2491 101 
2491 1536 
2493 1518 
2496 1238 
2499 1368 
2499 418 
2502 58 
2511 96 
2511 92 
2525 27 
2525 930 
2527 816 
2537 1245 
2537 113 
2538 438 
2539 8 
2540 430 
2543 371 
2547 6489 
2552 694 
2557 40 
2574 123 
2574 60 
2581 682 
2585 10 
2588 10 
2588 939 
2603 12 
2607 184 
2608 97 
2608 50 
2609 2062 
2611 340 
2618 82 
2621 2843 
2624 76 
2625 154 
2626 114 
2627 22 
2632 285 
2635 90 
2655 498 
2658 579 
2665 335 
2665 227 
2666 1830 
2666 1733 
2666 607 
2675 638 
2678 49 
2684 245 
2684 157 
2696 1706 
2700 141 
2700 471 
2708 14475 
2718 57 
2719 442 
2721 254 
2721 172 
2722 1626 
2729 286 
2736 238 
2739 71 
2741 0 
2743 2477 
2743 25 
2744 2061 
2744 1544 
2752 2362 
2753 1336 
2760 1603 
2761 1985 
2773 247 
2790 278 
2791 1466 
2791 487 
2791 953 
2795 48 
2797 641 
2805 90 
2820 203 
2829 234 
2838 127 
2841 450 
2841 220 
2843 203 
2849 325 
2854 223 
2862 178 
2875 199 
2880 135 
2894 1081 
2900 757 
2902 317 
2911 2 
2914 38 
2919 140 
2929 655 
2931 252 
2934 2436 
2947 1352 
2950 18 
2958 10075 
2961 248 
2963 179 
2971 3026 
2973 911 
2976 1286 
2981 30 
2985 64 
2988 436 
2991 83 
2997 473 
3015 147 
3023 237 
3024 381 
3025 425 
3026 204 
3032 503 
3032 27 
3032 97 
3044 66 
3049 385 
3055 14 
3066 47 
3072 666 
3074 1535 
3078 17 
3080 650 
3081 113 
3088 858 
3107 387 
3109 40 
3112 746 
3114 194 
3115 910 
3115 316 
3121 370 
3125 290 
3137 182 
3139 483 
3150 153 
3154 32 
3156 2 
3161 1095 
3174 1346 
3192 235 
3197 435 
3210 1670 
3210 118 
3227 924 
3231 135 
3232 1394 
3239 192 
3248 18 
3258 1795 
3258 404 
3262 851 
3273 1603 
3277 1525 
3279 111 
3282 72 
3283 929 
3295 38 
3296 1771 
3305 84 
3305 2862 
3314 660 
3316 90 
3325 123 
3327 4197 
3328 63 
3330 744 
3339 284 
3342 14 
3342 172 
3343 963 
3347 167 
3364 930 
3365 40 
3366 26 
3371 870 
3375 600 
3383 779 
3398 368 
3416 664 
3417 138 
3419 2270 
3438 227 
3440 172 
3445 171 
3449 93 
3453 975 
3453 853 
3457 377 
3476 1178 
3489 343 
3496 230 
3502 1197 
3509 156 
3510 137 
3523 914 
3525 1 
3525 524 
3530 287 
3534 70 
3535 7 
3536 102 
3556 487 
3564 1927 
3565 1213 
3567 1377 
3570 536 
3573 2801 
3576 21 
3585 231 
3585 257 
3586 10224 
3608 4540 
3611 928 
3613 16 
3617 39 
3628 91 
3628 74 
3633 260 
3647 491 
3648 420 
3650 245 
3651 95 
3660 336 
3666 668 
3680 1913 
3721 274 
3728 10 
3731 1292 
3735 449 
3742 209 
3751 56 
3751 41 
3752 111 
3762 179 
3793 950 
3816 110 
3820 504 
3825 273 
3832 531 
3836 3027 
3854 179 
3857 194 
3864 846 
3870 5337 
3871 158 
3881 338 
3889 119 
3891 305 
3904 573 
3908 764 
3924 156 
3930 588 
3931 378 
3934 19 
3943 297 
3947 2123 
3951 723 
3955 141 
3965 388 
3978 623 
3982 82 
3986 8126 
4001 361 
4010 92 
4017 466 
4019 980 
4078 734 
4079 310 
4081 3 
4086 13 
4095 1116 
4128 2114 
4137 60 
4145 1831 
4146 101 
4151 1392 
4155 9324 
4166 80 
4166 717 
4168 35 
4184 539 
4186 159 
4196 105 
4198 187 
4214 1057 
4218 35 
4221 1257 
4251 217 
4253 2000 
4254 1491 
4254 1126 
4270 66 
4273 687 
4280 305 
4282 961 
4284 1070 
4288 123 
4297 320 
4301 64 
4303 50 
4307 165 
4310 169 
4310 962 
4320 177 
4339 19 
4357 158 
4372 26 
4377 209 
4385 2047 
4388 318 
4392 4 
4393 1296 
4405 6 
4406 198 
4426 152 
4434 194 
4442 75 
4445 36 
4446 1025 
4451 1130 
4456 1882 
4473 483 
4482 475 
4494 227 
4510 32 
4511 25 
4514 866 
4514 950 
4517 93 
4520 286 
4522 86 
4527 98 
4528 274 
4532 313 
4537 678 
4569 92 
4585 606 
4587 1620 
4600 130 
4602 99 
4602 585 
4617 2024 
4621 13 
4652 181 
4654 214 
4665 467 
4667 509 
4674 375 
4680 586 
4691 2807 
4696 0 
4696 54 
4698 518 
4712 3868 
4721 247 
4733 1726 
4735 1485 
4752 672 
4757 281 
4764 23 
4774 788 
4774 1574 
4775 3629 
4790 126 
4796 500 
4804 261 
4810 1031 
4821 255 
4826 2216 
4828 163 
4829 1880 
4830 2194 
4842 402 
4860 7 
4872 744 
4877 613 
4887 671 
4887 81 
4888 9193 
4891 217 
4895 1613 
4901 6693 
4904 1016 
4909 41 
4915 278 
4916 57 
4927 1277 
4940 215 
4945 215 
4949 131 
4969 147 
4983 661 
4998 72 
5003 2182 
5003 1137 
5005 397 
5017 98 
5027 396 
5061 86 
5065 1287 
5066 135 
5072 20 
5076 57 
5077 27 
5089 32791 
5097 25 
5098 39 
5114 521 
5119 292 
5126 3432 
5127 16 
5127 860 
5138 176 
5138 163 
5149 688 
5191 0 
5192 833 
5197 10259 
5201 41 
5216 795 
5218 19 
5226 67 
5229 890 
5239 45 
5252 1026 
5259 274 
5284 141 
5289 3482 
5295 102 
5303 1109 
5325 53 
5335 332 
5337 57 
5338 616 
5339 51 
5342 92 
5355 701 
5364 1764 
5379 11393 
5404 316 
5413 275 
5414 351 
5439 532 
5441 206 
5453 1187 
5459 2285 
5465 22 
5466 1447 
5472 1 
5494 460 
5499 33 
5499 339 
5573 4 
5575 430 
5579 131 
5580 2715 
5582 1077 
5601 406 
5601 0 
5607 6605 
5636 30770 
5638 1272 
5646 446 
5651 236 
5651 386 
5653 6788 
5656 29 
5658 141 
5664 190 
5669 2826 
5674 50 
5682 163 
5683 110 
5694 138 
5694 497 
5710 1038 
5713 1438 
5748 11 
5749 1305 
5751 484 
5766 1355 
5771 881 
5774 538 
5794 159 
5799 1388 
5824 246 
5843 607 
5845 1069 
5872 2358 
5878 412 
5885 1667 
5888 119 
5909 4 
5913 1110 
5925 1413 
5936 579 
5940 369 
5956 134 
5986 11 
5988 49 
5999 225 
6006 1262 
6008 1092 
6016 10 
6021 324 
6062 28 
6064 1769 
6065 897 
6072 2 
6084 21 
6110 538 
6139 2971 
6141 1143 
6147 68 
6150 438 
6182 294 
6204 332 
6218 258 
6218 300 
6222 500 
6224 177 
6227 155 
6238 39 
6239 108 
6243 509 
6250 3147 
6254 4163 
6256 175 
6261 8 
6279 1146 
6279 48 
6279 535 
6324 120 
6336 866 
6346 1009 
6351 484 
6368 1255 
6378 854 
6388 1203 
6396 479 
6396 4899 
6403 104 
6404 296 
6432 336 
6447 1582 
6452 95 
6463 562 
6486 737 
6488 3150 
6492 1488 
6492 105 
6496 2807 
6510 37 
6515 2 
6515 124 
6516 249 
6519 69 
6533 515 
6543 506 
6559 349 
6577 135 
6580 22 
6587 19 
6600 514 
6615 202 
6636 46 
6648 943 
6652 65 
6655 88 
6658 783 
6659 611 
6687 123 
6690 623 
6700 439 
6709 35 
6750 1726 
6752 28 
6764 244 
6785 399 
6797 558 
6805 205 
6812 69 
6824 782 
6827 389 
6834 389 
6839 362 
6846 936 
6849 119 
6854 870 
6854 4948 
6855 245 
6878 716 
6892 8 
6897 725 
6911 21 
6914 973 
6916 912 
6917 38 
6926 402 
6932 743 
6944 12 
6965 806 
6991 1858 
7005 1232 
7011 1057 
7014 218 
7020 74 
7030 45 
7040 63 
7044 37 
7059 401 
7066 111 
7074 1507 
7078 172 
7093 1642 
7102 14 
7113 2349 
7134 1229 
7136 887 
7174 487 
7179 20 
7189 741 
7194 1748 
7217 26 
7229 463 
7240 219 
7255 1683 
7281 431 
7284 586 
7287 1 
7291 780 
7296 17502 
7304 456 
7305 394 
7315 1220 
7321 1384 
7333 361 
7343 17 
7347 1106 
7357 850 
7359 1110 
7362 1175 
7370 437 
7385 458 
7386 129 
7401 514 
7422 1744 
7424 173 
7431 42 
7434 755 
7453 298 
7460 53 
7476 636 
7500 620 
7508 595 
7508 157 
7517 1253 
7526 87 
7533 748 
7566 90 
7570 1233 
7597 417 
7597 336 
7599 237 
7600 960 
7604 398 
7611 977 
7615 1646 
7622 846 
7628 11 
7628 573 
7630 245 
7638 0 
7645 110 
7647 1238 
7657 125 
7671 1619 
7681 165 
7694 1100 
7708 2 
7728 1365 
7739 836 
7745 1529 
7749 33 
7766 6 
7766 11 
7768 140 
7770 1277 
7771 723 
7793 3036 
7801 5225 
7823 533 
7845 3103 
7852 65 
7855 824 
7860 765 
7862 399 
7872 452 
7873 719 
7880 2040 
7884 112 
7886 8 
7891 261 
7895 709 
7897 326 
7905 34 
7911 60 
7913 59 
7921 1819 
7925 131 
7953 192 
7970 513 
8001 2939 
8031 644 
8040 1210 
8046 513 
8056 103 
8056 2841 
8078 32 
8083 1162 
8085 49 
8094 200 
8095 1522 
8120 373 
8191 319 
8194 750 
8208 2097 
8221 169 
8222 464 
8224 49 
8226 132 
8239 5192 
8256 67 
8259 1348 
8276 727 
8353 626 
8373 1272 
8379 306 
8382 59 
8384 658 
8398 2121 
8400 24 
8431 1155 
8452 173 
8462 623 
8464 3344 
8470 693 
8473 80 
8527 200 
8531 908 
8533 1329 
8563 843 
8577 881 
8581 948 
8643 1226 
8644 1264 
8696 1453 
8699 1459 
8710 106 
8721 398 
8723 83 
8723 1141 
8728 316 
8729 125 
8751 139 
8769 157 
8782 296 
8795 5143 
8809 2873 
8812 941 
8843 124 
8852 75 
8862 236 
8864 411 
8868 132 
8888 6045 
8889 1209 
8891 807 
8901 146 
8904 404 
8916 1665 
8932 698 
8933 160 
8934 1709 
8937 2770 
8942 667 
8952 110 
8955 380 
8978 91 
8987 1423 
8995 645 
9007 135 
9012 1277 
9016 467 
9027 2868 
9030 339 
9039 751 
9045 97 
9063 336 
9075 4522 
9082 3376 
9082 851 
9084 1180 
9086 822 
9094 49 
9100 105 
9106 735 
9107 284 
9136 353 
9136 869 
9145 678 
9161 28 
9163 121 
9171 3721 
9177 247 
9186 8357 
9188 1556 
9190 223 
9193 2819 
9200 2699 
9215 949 
9233 709 
9238 1141 
9271 177 
9276 146 
9280 38 
9289 439 
9317 398 
9331 2286 
9332 2 
9350 87 
9355 5570 
9375 74 
9376 302 
9394 812 
9423 1177 
9427 620 
9427 1539 
9433 91 
9438 0 
9458 4494 
9473 182 
9476 2670 
9498 929 
9498 448 
9502 2473 
9519 1551 
9525 429 
9527 489 
9530 1704 
9532 116 
9534 1294 
9561 35 
9567 54 
9588 40984 
9622 1462 
9624 1222 
9642 148 
9648 747 
9654 14181 
9662 117 
9664 409 
9667 377 
9669 540 
9682 5176 
9686 28 
9691 595 
9698 215 
9717 1095 
9721 24 
9722 11 
9722 647 
9727 3303 
9735 2466 
9771 277 
9772 128 
9802 217 
9808 863 
9809 4627 
9810 1153 
9813 1315 
9819 74 
9828 1 
9830 1397 
9832 1060 
9845 1171 
9861 17 
9862 3 
9880 42 
9907 1567 
9909 1525 
9918 97 
9922 297 
9938 356 
9940 127 
9945 221 
9949 864 
9950 110 
9962 185 
9963 0 
9974 460 
9982 515 
10019 1238 
10023 64 
10044 306 
10046 1718 
10050 783 
10055 0 
10056 1058 
10058 14 
10061 264 
10065 3023 
10065 0 
10068 18 
10068 153 
10070 3612 
10087 2604 
10090 663 
10114 563 
10121 85 
10145 11299 
10148 45 
10164 86 
10166 51 
10168 811 
10179 651 
10186 750 
10189 816 
10190 126 
10191 286 
10197 1616 
10200 133 
10205 5224 
10213 546 
10221 308 
10231 2114 
10233 94 
10256 1336 
10259 1142 
10268 624 
10268 63 
10276 1453 
10291 121 
10305 586 
10333 28 
10333 98 
10341 0 
10356 554 
10356 1134 
10358 96 
10376 109 
10384 23 
10392 1574 
10403 682 
10409 1074 
10413 141 
10415 181 
10437 928 
10440 431 
10443 219 
10446 1132 
10457 2325 
10461 3408 
10480 243 
10485 615 
10486 632 
10498 538 
10504 675 
10506 2201 
10506 1223 
10524 2075 
10530 333 
10538 878 
10541 354 
10561 205 
10587 7786 
10595 227 
10595 1232 
10598 3751 
10607 711 
10611 6547 
10620 122 
10636 367 
10641 0 
10648 395 
10654 177 
10655 435 
10658 699 
10665 1626 
10666 21 
10671 281 
10676 1135 
10682 78 
10701 325 
10703 22 
10705 1317 
10706 34 
10713 190 
10724 497 
10778 2374 
10799 116 
10806 468 
10809 1059 
10819 304 
10822 1747 
10828 56 
10852 127 
10861 1635 
10874 1090 
10881 8 
10883 2797 
10883 1088 
10905 230 
10908 259 
10917 210 
10931 125 
10956 87 
10960 548 
10961 108 
11003 594 
11015 81 
11026 1142 
11062 42 
11064 912 
11064 1800 
11071 437 
11111 241 
11111 1655 
11112 1322 
11120 508 
11120 1709 
11130 1113 
11138 993 
11142 1303 
11198 52 
11204 357 
11242 735 
11248 1101 
11253 1131 
11271 2028 
11291 67 
11293 796 
11303 4517 
11311 469 
11312 43 
11318 675 
11320 69 
11322 942 
11322 169 
11347 5194 
11362 71 
11417 8 
11422 641 
11427 5246 
11429 1273 
11439 45 
11442 612 
11453 3013 
11464 356 
11477 585 
11488 4358 
11500 166 
11537 804 
11550 685 
11554 1111 
11556 357 
11575 828 
11579 1958 
11602 103 
11602 1431 
11606 959 
11639 1052 
11646 737 
11646 1064 
11648 1266 
11666 1163 
11676 108 
11679 5903 
11692 2455 
11699 67 
11705 1121 
11706 413 
11708 870 
11710 244 
11720 536 
11746 7 
11757 136 
11771 988 
11775 221 
11778 550 
11798 338 
11802 1 
11808 1379 
11822 29 
11833 2095 
11852 1249 
11865 12 
11871 40 
11874 394 
11881 765 
11893 205 
11928 160 
11932 1160 
11962 499 
11971 3090 
11972 417 
11982 747 
12007 3001 
12041 381 
12070 1506 
12092 539 
12101 334 
12123 252 
12138 1 
12156 1427 
12158 1088 
12160 404 
12180 257 
12182 353 
12212 412 
12220 19 
12223 15 
12225 670 
12270 887 
12275 9523 
12275 292 
12318 586 
12318 1100 
12331 74 
12406 803 
12413 377 
12440 145 
12457 7091 
12472 358 
12483 2369 
12511 1365 
12517 1182 
12534 452 
12546 25739 
12547 3 
12548 1747 
12565 9 
12577 456 
12579 7903 
12616 842 
12638 469 
12643 220 
12645 1180 
12695 435 
12699 82 
12713 964 
12713 964 
12734 235 
12734 235 
12736 805 
12736 805 
12749 647 
12749 647 
12752 1273 
12752 1273 
12755 721 
12755 721 
12772 1181 
12772 1181 
12774 542 
12774 542 
12778 1202 
12778 1202 
12781 1558 
12781 1558 
12784 20531 
12784 20531 
12798 931 
12798 931 
12800 1815 
12800 1815 
12801 2863 
12801 2863 
12822 121 
12869 21 
12880 405 
12901 650 
12911 1066 
12926 276 
12967 315 
12971 976 
12992 1200 
13032 752 
13042 18 
13042 1109 
13058 74 
13063 97 
13065 50 
13079 10665 
13081 44 
13100 758 
13112 1192 
13115 3741 
13126 565 
13136 695 
13143 84 
13146 435 
13154 67 
13179 333 
13242 783 
13260 1802 
13271 3919 
13286 202 
13300 268 
13319 810 
13339 643 
13346 199 
13359 452 
13377 197 
13383 1222 
13397 849 
13409 770 
13409 265 
13425 700 
13457 1389 
13461 603 
13462 537 
13479 296 
13488 139 
13490 1147 
13494 5432 
13510 113 
13533 1158 
13541 222 
13554 433 
13562 269 
13588 55 
13613 3443 
13627 2765 
13635 513 
13655 593 
13689 114 
13690 1073 
13695 328 
13721 424 
13752 1597 
13757 275 
13799 1315 
13809 88 
13820 336 
13821 3813 
13833 2171 
13836 844 
13845 580 
13856 126 
13865 1076 
13872 1141 
13881 0 
13911 338 
13947 26 
13952 99 
13952 688 
13971 134 
13981 2671 
14004 38 
14100 1841 
14101 354 
14113 1880 
14136 5 
14143 1073 
14148 45 
14149 971 
14151 173 
14173 341 
14185 237 
14210 485 
14223 240 
14241 1049 
14243 233 
14244 275 
14257 920 
14270 4145 
14276 252 
14297 1192 
14324 509 
14377 125 
14383 59 
14402 95 
14411 3680 
14440 512 
14450 9 
14456 567 
14474 461 
14478 898 
14481 299 
14486 644 
14493 34 
14531 260 
14553 181 
14604 73 
14641 562 
14647 248 
14664 73 
14672 1006 
14673 1584 
14676 1822 
14689 1231 
14689 3 
14701 133 
14720 188 
14721 25 
14736 601 
14754 994 
14755 873 
14757 629 
14759 1417 
14852 1287 
14861 230 
14863 819 
14883 16 
14895 704 
14912 921 
14924 483 
14928 613 
14942 1156 
14951 2049 
14970 539 
14995 419 
14997 79 
15008 109 
15013 142 
15020 728 
15021 1268 
15036 1040 
15052 133 
15065 124 
15066 927 
15079 191 
15103 95 
15105 5664 
15110 782 
15110 359 
15118 2468 
15135 623 
15157 147 
15212 1252 
15247 129 
15263 2068 
15316 969 
15343 1305 
15391 153 
15412 418 
15454 108 
15464 22 
15468 1408 
15488 34 
15498 268 
15533 246 
15566 87 
15570 316 
15581 1035 
15584 72 
15597 371 
15622 449 
15641 61 
15643 20 
15651 150 
15660 137 
15693 1001 
15717 240 
15723 936 
15726 3990 
15733 2031 
15733 70 
15751 1073 
15770 81 
15880 76 
15888 920 
15892 85 
15950 559 
15986 25 
15990 8285 
16018 33 
16024 837 
16030 20 
16076 35 
16077 575 
16114 5018 
16120 1194 
16128 820 
16140 0 
16154 264 
16156 105 
16159 1429 
16208 3229 
16222 557 
16260 1163 
16281 1129 
16289 396 
16294 2775 
16299 2849 
16305 806 
16332 1334 
16366 1498 
16372 37 
16373 416 
16408 186 
16424 264 
16482 227 
16483 1648 
16485 1279 
16493 269 
16532 2526 
16583 1479 
16585 17 
16623 709 
16628 968 
16639 1267 
16652 1466 
16701 330 
16723 0 
16731 280 
16761 211 
16770 1253 
16828 450 
16846 410 
16898 403 
16915 1402 
17002 13 
17033 1478 
17101 1009 
17163 533 
17220 1282 
17231 42 
17274 72 
17291 22 
17298 4651 
17306 69 
17311 183 
17393 6451 
17445 428 
17461 535 
17514 6 
17586 394 
17592 220 
17609 526 
17616 205 
17687 110 
17703 8228 
17761 1069 
17764 306 
17766 2868 
17798 506 
17802 51 
17876 303 
17930 1960 
17937 3787 
17981 781 
17995 133 
17997 27 
18014 1566 
18021 104 
18063 963 
18074 555 
18084 148 
18134 398 
18184 2063 
18230 318 
18245 245 
18269 572 
18274 1834 
18283 1394 
18324 1 
18355 691 
18387 108 
18409 557 
18444 190 
18447 2635 
18475 234 
18557 246 
18561 511 
18575 442 
18637 1544 
18640 28 
18650 1482 
18658 77 
18678 456 
18700 389 
18714 299 
18720 356 
18746 179 
18748 1849 
18823 35 
18825 21 
18831 486 
18881 2865 
18884 630 
18888 3510 
18944 143 
18993 1651 
19001 1067 
19006 156 
19020 333 
19115 198 
19118 88 
19200 34 
19289 64 
19303 188 
19330 134 
19364 1392 
19384 375 
19414 17 
19425 893 
19431 116 
19449 306 
19455 463 
19499 550 
19569 609 
19607 1376 
19668 950 
19750 1390 
19750 5642 
19853 2015 
19907 9795 
19953 33 
19955 1 
19960 1663 
19996 6583 
20016 6532 
20070 232 
20127 1435 
20185 272 
20208 543 
20243 21 
20324 12 
20333 73 
20336 926 
20340 741 
20347 123 
20385 13 
20451 1230 
20484 1647 
20502 134 
20511 1314 
20517 448 
20548 4926 
20555 196 
20558 783 
20595 1173 
20662 69 
20679 572 
20709 222 
20721 1463 
20737 455 
20793 750 
20804 204 
20808 345 
20821 395 
20826 0 
20840 647 
20878 284 
20929 401 
20970 103 
20983 788 
20986 3601 
21066 53 
21077 30 
21092 3080 
21092 4037 
21159 859 
21223 1090 
21228 810 
21244 152 
21251 3318 
21251 4 
21276 1802 
21277 3 
21296 128 
21325 1117 
21335 365 
21380 211 
21392 704 
21410 559 
21410 708 
21433 466 
21452 665 
21506 257 
21509 137 
21522 721 
21529 1482 
21568 1193 
21570 1061 
21570 668 
21574 595 
21590 161 
21616 234 
21641 1544 
21650 638 
21660 1779 
21678 22 
21701 240 
21718 277 
21745 296 
21786 1060 
21853 245 
21864 160 
21907 605 
21916 1476 
21952 434 
21962 1164 
21978 769 
21997 153 
22014 285 
22022 1879 
22069 1279 
22093 486 
22104 21 
22150 9893 
22195 1635 
22342 6781 
22391 442 
22412 4545 
22486 550 
22489 1473 
22513 412 
22526 78 
22533 215 
22548 199 
22551 751 
22647 152 
22693 2151 
22725 498 
22731 740 
22760 1872 
22857 138 
22890 348 
22901 1 
22949 4 
22973 141 
23010 883 
23041 285 
23055 57 
23068 1151 
23085 222 
23132 78 
23142 440 
23143 552 
23185 348 
23188 111 
23224 325 
23227 1018 
23240 791 
23261 404 
23276 435 
23282 1233 
23296 601 
23311 83 
23313 1401 
23328 574 
23341 283 
23359 1629 
23388 715 
23439 774 
23462 1063 
23504 115 
23516 3154 
23528 339 
23559 602 
23569 1030 
23596 670 
23615 898 
23624 234 
23625 333 
23631 45 
23632 148 
23635 742 
23650 2328 
23650 685 
23656 131 
23712 449 
23724 1514 
23733 1062 
23757 89 
23771 26 
23785 295 
23808 445 
23811 365 
23819 103 
23824 13 
23832 555 
23881 372 
23897 2464 
23898 415 
23903 58 
23962 407 
23966 1081 
23985 7655 
24018 235 
24020 549 
24048 566 
24062 176 
24076 78 
24083 9193 
24136 413 
24154 1118 
24191 84 
24192 1812 
24195 1139 
24213 153 
24242 14236 
24299 155 
24318 60 
24352 420 
24369 522 
24374 408 
24382 2799 
24399 3589 
24431 504 
24455 103 
24457 641 
24475 1996 
24478 215 
24501 4455 
24525 2587 
24533 178 
24541 1621 
24560 2193 
24605 776 
24607 1609 
24607 844 
24615 775 
24633 22 
24662 908 
24671 699 
24682 139 
24755 729 
24787 101 
24797 506 
24804 138 
24826 1408 
24921 1369 
24952 1239 
24955 136 
24957 75 
24969 439 
24975 808 
24999 3572 
25017 23 
25037 177 
25063 192 
25131 1169 
25173 428 
25182 1099 
25182 337 
25198 1066 
25199 186 
25204 510 
25248 2434 
25262 1099 
25268 1246 
25333 834 
25334 220 
25336 634 
25387 286 
25388 213 
25462 361 
25521 1292 
25530 582 
25552 97 
25555 252 
25575 991 
25588 687 
25599 264 
25608 17 
25644 95 
25657 46090 
25698 1905 
25701 417 
25703 799 
25705 365 
25731 1161 
25731 219 
25747 170 
25774 767 
25789 1152 
25793 902 
25822 16 
25835 998 
25850 562 
25889 908 
25902 924 
25917 102 
25919 428 
25939 259 
25947 818 
26018 2741 
26026 1208 
26037 39 
26037 1591 
26066 93 
26068 4463 
26075 351 
26101 2471 
26124 1045 
26128 1117 
26184 716 
26193 29 
26208 1029 
26233 425 
26261 381 
26280 3480 
26284 1514 
26332 54 
26336 2638 
26346 777 
26346 550 
26359 653 
26367 308 
26383 537 
26405 1062 
26408 571 
26435 181 
26451 21 
26464 1665 
26486 30 
26497 3071 
26512 11644 
26541 664 
26576 442 
26587 351 
26647 984 
26647 657 
26660 964 
26685 290 
26696 715 
26700 2125 
26708 24 
26709 166 
26720 1287 
26728 2682 
26731 36 
26753 321 
26763 1888 
26766 642 
26781 435 
26807 744 
26831 245 
26859 215 
26886 1573 
26887 458 
26906 2986 
26915 1191 
26948 922 
26965 1578 
27013 408 
27015 1369 
27027 596 
27028 788 
27028 818 
27033 3715 
27034 390 
27055 121 
27056 12 
27078 55 
27092 384 
27097 291 
27103 650 
27124 1150 
27133 1136 
27178 70 
27194 926 
27231 21 
27233 473 
27251 551 
27255 271 
27269 98 
27288 2303 
27330 2233 
27366 1403 
27379 988 
27383 40 
27405 699 
27414 48 
27429 247 
27431 361 
27435 623 
27440 1304 
27447 81 
27466 1003 
27497 690 
27498 849 
27515 654 
27525 50 
27546 1587 
27556 3100 
27581 183 
27635 1889 
27637 364 
27638 572 
27656 1471 
27662 2501 
27684 256 
27700 1409 
27713 813 
27726 112 
27767 246 
27772 6 
27787 247 
27794 2624 
27796 705 
27805 324 
27812 102 
27856 1444 
27858 773 
27860 666 
27861 209 
27868 16 
27883 194 
27931 228 
27970 322 
27991 2011 
28057 548 
28065 1133 
28085 1665 
28096 1970 
28108 3920 
28122 836 
28129 8 
28130 843 
28131 4 
28142 43 
28169 3122 
28169 3122 
28185 771 
28185 771 
28218 43 
28218 43 
28221 871 
28221 871 
28232 882 
28232 882 
28237 26 
28282 380 
28284 1236 
28291 516 
28317 620 
28335 1260 
28335 1771 
28356 320 
28372 789 
28386 1183 
28420 1853 
28423 200 
28440 197 
28484 543 
28488 3461 
28504 760 
28508 813 
28509 902 
28539 1208 
28551 421 
28556 1106 
28576 245 
28584 2849 
28602 28 
28604 366 
28614 119 
28630 756 
28645 1519 
28645 342 
28661 2523 
28686 41 
28738 1105 
28761 341 
28775 664 
28776 1035 
28784 804 
28796 158 
28803 27 
28833 1406 
28837 1008 
28850 787 
28872 4379 
28890 751 
28899 1388 
28905 2391 
28906 321 
28912 1246 
28936 523 
28946 283 
28951 1052 
28957 411 
28967 3434 
28990 911 
28996 7 
29001 162 
29022 22 
29050 758 
29055 755 
29068 7825 
29077 171 
29078 2145 
29095 77 
29104 736 
29114 287 
29118 518 
29121 14 
29125 1321 
29138 513 
29144 286 
29192 1003 
29208 74 
29219 265 
29228 1662 
29241 896 
29244 1268 
29274 1135 
29289 685 
29369 199 
29373 109 
29378 2803 
29386 867 
29409 1415 
29410 1117 
29415 676 
29418 339 
29445 469 
29458 772 
29470 711 
29475 303 
29477 317 
29502 411 
29503 682 
29513 293 
29516 67 
29532 1694 
29536 270 
29555 173 
29560 62 
29577 23 
29585 6 
29586 220 
29593 1839 
29602 723 
29604 2519 
29605 57 
29630 13 
29633 82 
29636 1887 
29651 2231 
29658 39 
29664 6 
29668 29 
29682 44 
29689 195 
29700 1067 
29707 5562 
29710 3161 
29744 651 
29747 645 
29759 527 
29799 355 
29804 904 
29826 81 
29840 53 
29856 11017 
29857 614 
29868 306 
29871 381 
29881 570 
29885 549 
29900 414 
29917 2826 
29947 1551 
29948 35 
29974 701 
29991 240 
30011 2316 
30015 174 
30032 62 
30047 436 
30091 106 
30099 297 
30105 670 
30141 120 
30142 444 
30171 308 
30186 509 
30204 203 
30215 27 
30223 5419 
30261 507 
30288 669 
30290 1441 
30302 105 
30312 365 
30317 812 
30327 1047 
30345 417 
30353 1148 
30420 589 
30422 305 
30424 1981 
30426 360 
30428 486 
30433 10135 
30443 127 
30455 87 
30466 20 
30468 2793 
30476 2639 
30494 91 
30504 5234 
30509 6723 
30526 1186 
30531 528 
30536 305 
30564 341 
30574 518 
30578 2734 
30593 2504 
30604 20 
30613 980 
30618 1627 
30620 680 
30664 299 
30668 12 
30674 1709 
30680 2111 
30691 739 
30716 549 
30729 1865 
30757 766 
30776 152 
30778 904 
30787 429 
30799 438 
30830 193 
30843 105 
30866 23069 
30875 2296 
30900 716 
30960 298 
31000 1143 
31010 356 
31015 152 
31022 1188 
31033 572 
31052 915 
31102 2095 
31131 1509 
31137 258 
31143 1631 
31160 137 
31176 4802 
31186 973 
31189 159 
31206 326 
31216 768 
31218 640 
31235 293 
31236 1745 
31240 1036 
31253 20 
31264 2 
31276 119 
31278 548 
31295 158 
31302 1790 
31313 4071 
31335 4375 
31338 1654 
31350 553 
31369 835 
31383 641 
31402 169 
31408 1144 
31411 703 
31412 2209 
31418 2076 
31460 455 
31462 739 
31473 317 
31482 831 
31496 641 
31505 591 
31506 386 
31512 266 
31518 223 
31525 781 
31531 60 
31536 652 
31543 232 
31554 1067 
31574 12288 
31574 712 
31597 432 
31609 1 
31638 79 
31642 58 
31651 1137 
31707 955 
31725 233 
31739 2777 
31742 1167 
31756 1076 
31771 342 
31789 41037 
31790 490 
31799 1323 
31815 253 
31821 581 
31830 129 
31832 246 
31846 688 
31882 946 
31886 525 
31892 1009 
31910 135 
31944 224 
31957 1040 
31972 584 
31973 1487 
31973 749 
31976 2580 
31984 840 
31988 1 
31994 705 
32017 13 
32052 188 
32057 1364 
32058 213 
32059 335 
32062 914 
32074 5140 
32081 548 
32085 842 
32086 55 
32089 1083 
32093 2559 
32124 224 
32141 776 
32157 233 
32179 88 
32182 173 
32188 969 
32190 1578 
32192 353 
32205 233 
32214 403 
32226 833 
32234 103 
32247 350 
32285 125 
32285 276 
32286 119 
32287 647 
32305 1185 
32307 1324 
32314 1313 
32351 835 
32366 1091 
32397 170 
32402 518 
32416 99 
32426 1131 
32446 7846 
32447 631 
32472 51 
32480 586 
32487 958 
32494 110 
32502 1378 
32510 963 
32534 4 
32547 1263 
32555 1987 
32570 48 
32576 295 
32590 109 
32596 249 
32612 1012 
32645 465 
32651 1411 
32699 167 
32710 188 
32716 405 
32734 234 
32757 31274 
32762 1666 
32776 949 
32795 5233 
32802 1429 
32806 2595 
32809 705 
32818 1066 
32847 1715 
32849 312 
32853 34 
32858 288 
32862 323 
32877 1063 
32878 1168 
32889 3804 
32899 399 
32906 391 
32923 301 
32925 216 
32945 77 
32964 763 
32970 1041 
33024 284 
33035 7301 
33051 113 
33060 6 
33081 519 
33089 180 
33097 514 
33097 2042 
33105 120 
33118 630 
33122 353 
33132 374 
33138 7597 
33145 66 
33145 0 
33166 48 
33172 3856 
33199 255 
33212 549 
33218 435 
33220 1009 
33221 906 
33225 1833 
33234 356 
33244 595 
33314 3282 
33344 1243 
33358 596 
33362 50 
33366 1068 
33368 762 
33372 4960 
33398 501 
33398 550 
33402 4062 
33415 596 
33423 2256 
33432 1604 
33433 310 
33461 2676 
33468 751 
33481 12 
33488 1484 
33500 218 
33502 1579 
33514 1670 
33523 299 
33527 619 
33533 280 
33535 1379 
33537 634 
33543 1258 
33562 25 
33596 81 
33600 255 
33611 590 
33644 94 
33645 197 
33652 730 
33656 11 
33656 234 
33677 468 
33678 1453 
33689 182 
33697 1846 
33699 1276 
33765 318 
33769 380 
33771 36 
33783 5166 
33797 308 
33807 889 
33827 170 
33828 1089 
33850 1174 
33852 1564 
33863 41 
33864 172 
33877 13 
33880 3583 
33883 441 
33890 91 
33897 544 
33899 520 
33900 66 
33906 420 
33914 1378 
33919 104 
33931 1347 
33987 79 
33995 1249 
34024 1824 
34029 2084 
34036 29 
34067 6109 
34080 440 
34083 5 
34110 2 
34197 45 
34216 3219 
34233 1490 
34268 68 
34274 1218 
34280 365 
34296 5340 
34301 522 
34305 380 
34310 992 
34314 278 
34340 7989 
34360 1039 
34362 31 
34370 54 
34370 677 
34384 1139 
34387 424 
34388 27 
34412 4803 
34423 47 
34430 1348 
34430 527 
34432 9 
34441 242 
34450 435 
34450 9066 
34464 572 
34466 1465 
34469 1099 
34479 1309 
34482 1736 
34495 2853 
34502 105 
34538 99 
34539 1712 
34567 1110 
34574 625 
34576 620 
34602 47 
34610 205 
34640 1282 
34650 782 
34653 1000 
34666 381 
34680 589 
34687 794 
34695 1830 
34700 951 
34722 265 
34757 526 
34771 871 
34782 89 
34800 1198 
34821 1645 
34828 974 
34834 1125 
34841 845 
34842 198 
34863 335 
34865 130 
34865 932 
34871 623 
34884 7 
34887 156 
34889 315 
34901 2342 
34933 1107 
34945 1078 
34949 1206 
34974 750 
34979 114 
34986 1278 
34993 788 
35003 150 
35021 55 
35023 836 
35034 105 
35042 2102 
35044 63 
35046 1163 
35049 468 
35069 1033 
35074 2508 
35098 1098 
35103 194 
35106 190 
35129 1765 
35138 489 
35138 1383 
35140 915 
35146 244 
35156 1282 
35181 136 
35184 298 
35201 342 
35219 57 
35223 59 
35248 1227 
35257 1322 
35275 173 
35275 1939 
35276 539 
35284 1138 
35316 79 
35323 1158 
35323 2484 
35325 1 
35333 398 
35343 11408 
35357 1609 
35374 315 
35396 1252 
35408 185 
35431 181 
35456 312 
35457 1412 
35494 88 
35495 799 
35517 1589 
35524 1117 
35556 729 
35570 987 
35572 1020 
35578 594 
35599 451 
35610 466 
35613 12 
35613 38 
35634 891 
35638 828 
35643 808 
35663 581 
35690 37 
35700 531 
35715 255 
35721 467 
35737 1069 
35753 538 
35755 911 
35760 75 
35796 211 
35824 1069 
35836 1245 
35859 363 
35864 1365 
35872 283 
35884 200 
35888 510 
35900 1017 
35915 336 
35929 370 
35932 419 
35943 399 
35957 49 
35979 706 
35984 878 
35986 70 
35990 91 
35991 152 
35999 77 
36003 61 
36011 1118 
36017 4309 
36021 172 
36036 94 
36046 1306 
36048 1058 
36062 1705 
36073 226 
36074 1639 
36084 1460 
36089 2595 
36094 1062 
36096 1502 
36109 1176 
36121 446 
36133 6017 
36155 524 
36167 710 
36178 1045 
36180 179 
36192 932 
36203 1013 
36213 538 
36217 619 
36225 827 
36230 841 
36232 155 
36260 1149 
36262 267 
36263 848 
36266 859 
36266 2069 
36272 545 
36273 367 
36286 582 
36299 1334 
36309 54 
36339 453 
36342 982 
36377 1346 
36394 54 
36399 636 
36409 9129 
36422 719 
36426 744 
36432 1031 
36454 255 
36465 265 
36466 1622 
36467 189 
36475 112 
36508 282 
36512 131 
36515 167 
36517 857 
36517 107 
36536 303 
36557 176 
36560 44 
36564 1643 
36579 1322 
36589 158 
36590 1294 
36595 334 
36597 632 
36602 297 
36608 334 
36614 747 
36622 16 
36622 1471 
36625 252 
36641 564 
36660 778 
36668 766 
36714 225 
36718 90 
36728 272 
36743 249 
36748 809 
36750 1516 
36758 386 
36759 1021 
36766 1246 
36766 832 
36771 239 
36773 1888 
36775 340 
36799 1625 
36806 1127 
36808 5063 
36813 676 
36830 18 
36831 117 
36838 252 
36842 4977 
36864 2155 
36865 41 
36882 84 
36895 3 
36918 200 
36928 8 
36940 285 
36987 1398 
36999 380 
37007 1163 
37016 100 
37019 916 
37052 2570 
37058 165 
37064 342 
37077 144 
37087 1297 
37090 852 
37102 2788 
37109 380 
37122 68 
37125 1293 
37136 538 
37142 163 
37151 36 
37161 448 
37170 2324 
37171 89 
37175 163 
37181 73 
37194 249 
37196 10 
37203 2965 
37203 3147 
37216 2243 
37219 663 
37253 71 
37265 144 
37282 1041 
37292 1111 
37302 293 
37312 112 
37315 1048 
37316 2269 
37322 18 
37323 115 
37339 162 
37342 150 
37344 18 
37347 1074 
37394 1261 
37404 16 
37416 329 
37428 760 
37450 2191 
37451 2150 
37451 885 
37479 726 
37488 227 
37515 1415 
37518 39 
37524 337 
37535 169 
37541 1070 
37563 851 
37570 220 
37572 534 
37586 3487 
37616 929 
37617 83 
37629 743 
37629 1062 
37652 299 
37654 5218 
37668 320 
37670 1818 
37671 597 
37673 65 
37683 926 
37685 1294 
37702 123 
37703 526 
37723 590 
37734 595 
37734 885 
37739 41 
37753 405 
37795 829 
37804 164 
37813 2165 
37825 1009 
37831 10 
37838 186 
37844 4546 
37857 116 
37858 2063 
37877 143 
37889 4381 
37893 926 
37916 1159 
37936 393 
37938 220 
37940 1611 
37956 3 
37966 385 
37982 2345 
37986 312 
37994 107 
37999 1504 
38007 1698 
38009 926 
38015 1989 
38020 207 
38031 14 
38038 1648 
38044 360 
38044 440 
38058 1080 
38098 1028 
38129 334 
38186 1810 
38211 1 
38222 24 
38231 303 
38240 1524 
38243 852 
38269 16 
38270 332 
38275 760 
38278 822 
38281 2964 
38298 826 
38318 549 
38344 781 
38356 191 
38368 583 
38368 1678 
38413 765 
38422 3089 
38428 193 
38433 349 
38453 209 
38455 6348 
38461 1 
38465 581 
38469 10763 
38478 225 
38493 1387 
38497 1748 
38511 1303 
38523 196 
38550 1121 
38573 944 
38582 17 
38595 94 
38609 258 
38611 1022 
38611 394 
38620 1538 
38641 229 
38654 301 
38672 1169 
38680 656 
38683 997 
38692 1313 
38694 851 
38708 1301 
38732 941 
38752 622 
38753 44 
38772 1640 
38791 620 
38795 358 
38805 407 
38807 174 
38821 7271 
38830 2187 
38839 175 
38846 916 
38858 2086 
38867 0 
38869 947 
38878 789 
38889 1251 
38903 288 
38909 1015 
38914 716 
38915 7569 
38922 68 
38929 1771 
38938 333 
38940 4498 
38948 1300 
38971 430 
38990 387 
39019 1146 
39020 436 
39025 240 
39038 835 
39043 2675 
39052 452 
39058 1294 
39063 8904 
39078 280 
39078 2815 
39081 96 
39086 2629 
39096 5165 
39113 159 
39120 729 
39136 5 
39139 484 
39140 362 
39148 830 
39159 5736 
39160 2001 
39162 396 
39168 202 
39175 350 
39179 1765 
39180 187 
39192 652 
39199 853 
39214 762 
39218 727 
39234 116 
39235 1025 
39241 1394 
39249 623 
39257 408 
39259 1908 
39263 539 
39273 35 
39281 683 
39287 810 
39290 616 
39294 4174 
39300 1153 
39325 194 
39337 53 
39338 2803 
39343 571 
39350 1197 
39351 543 
39368 1839 
39371 95 
39374 1292 
39383 6808 
39383 245 
39383 540 
39414 476 
39417 191 
39424 109 
39426 1858 
39431 795 
39436 549 
39437 4445 
39453 2007 
39462 323 
39489 960 
39513 175 
39521 136 
39533 0 
39549 161 
39549 7670 
39549 1631 
39567 270 
39568 1332 
39569 36 
39572 1310 
39575 1668 
39576 2429 
39581 306 
39608 886 
39638 436 
39644 280 
39644 125 
39652 225 
39656 1258 
39662 243 
39665 2604 
39665 2939 
39673 2106 
39685 1923 
39685 506 
39688 514 
39748 237 
39758 360 
39763 72 
39764 937 
39765 11 
39772 971 
39774 2428 
39809 1264 
39811 553 
39814 179 
39837 263 
39843 2431 
39858 2606 
39868 736 
39872 306 
39888 185 
39891 244 
39892 409 
39892 561 
39897 2266 
39904 417 
39906 277 
39939 54 
39954 0 
39961 954 
39965 927 
40008 1007 
40024 538 
40031 1109 
40037 2126 
40037 369 
40040 729 
40046 510 
40050 1230 
40069 75 
40076 25 
40081 468 
40086 435 
40092 576 
40092 377 
40106 1311 
40109 796 
40126 86 
40151 2087 
40154 2036 
40158 1006 
40175 972 
40178 204 
40201 837 
40220 75 
40231 1381 
40244 1407 
40248 207 
40252 162 
40255 1006 
40262 549 
40264 15743 
40283 852 
40283 6378 
40292 737 
40303 528 
40308 718 
40312 1369 
40314 1378 
40317 861 
40331 147 
40334 2524 
40334 301 
40341 2881 
40344 539 
40357 371 
40358 429 
40362 1115 
40363 1081 
40364 227 
40397 6386 
40404 473 
40404 896 
40433 480 
40438 805 
40438 56 
40442 750 
40443 2005 
40445 1576 
40447 281 
40454 225 
40471 73 
40481 2758 
40554 179 
40554 2405 
40554 1098 
40564 230 
40565 760 
40566 923 
40571 2405 
40595 178 
40598 350 
40599 535 
40619 100 
40627 976 
40638 81 
40640 247 
40642 25 
40653 733 
40659 740 
40665 629 
40685 3548 
40694 114 
40698 1296 
40710 246 
40711 141 
40725 6543 
40733 2063 
40747 2528 
40779 397 
40819 715 
40829 674 
40829 777 
40842 955 
40846 81 
40852 66 
40858 5249 
40861 818 
40865 307 
40876 1321 
40877 471 
40886 0 
40902 2067 
40904 565 
40928 40 
40934 907 
40978 263 
40984 1062 
40989 1234 
40995 134 
40996 634 
41025 258 
41031 869 
41031 3298 
41078 434 
41089 461 
41099 255 
41109 1683 
41112 983 
41123 180 
41124 1436 
41131 2477 
41136 2481 
41144 2 
41150 4188 
41155 74 
41194 1163 
41197 325 
41198 566 
41216 2005 
41228 1080 
41239 489 
41245 19 
41245 107 
41261 186 
41269 692 
41272 58 
41272 81 
41281 848 
41287 710 
41290 83 
41292 2495 
41297 1861 
41304 827 
41358 2723 
41358 1558 
41370 13361 
41379 14 
41393 57 
41399 354 
41412 617 
41428 113 
41435 228 
41437 108 
41442 347 
41458 1067 
41491 678 
41501 377 
41544 422 
41544 4917 
41555 1551 
41555 607 
41562 713 
41571 560 
41585 395 
41591 433 
41599 266 
41602 118 
41604 112 
41607 1489 
41612 307 
41615 1337 
41619 52 
41620 625 
41650 720 
41658 521 
41665 270 
41671 508 
41673 575 
41676 193 
41692 3264 
41695 28 
41697 204 
41722 83 
41723 1054 
41728 3039 
41750 107 
41751 455 
41759 717 
41763 719 
41779 114 
41782 1111 
41799 1024 
41805 229 
41809 577 
41817 1462 
41819 134 
41819 1123 
41819 573 
41832 445 
41837 987 
41842 1803 
41845 313 
41867 418 
41869 6229 
41877 444 
41878 98 
41884 1088 
41893 1272 
41893 169 
41895 56 
41900 278 
41907 1241 
41937 231 
41941 325 
41943 2935 
41948 1079 
41954 1373 
41958 292 
41972 1770 
42027 288 
42031 406 
42041 3289 
42046 378 
42055 536 
42055 1086 
42056 4761 
42061 33 
42064 12 
42095 41547 
42102 312 
42107 1655 
42114 1469 
42116 7399 
42137 93 
42147 1455 
42147 63 
42173 317 
42179 2497 
42189 103 
42193 580 
42194 2028 
42200 135 
42206 97 
42221 149 
42226 802 
42241 4280 
42242 113 
42245 1849 
42246 130 
42263 461 
42290 1697 
42309 84 
42313 880 
42317 24 
42330 1890 
42444 334 
42448 733 
42457 665 
42465 445 
42475 490 
42482 101 
42489 5038 
42492 939 
42498 674 
42500 12 
42505 1315 
42516 192 
42536 839 
42540 3025 
42544 860 
42549 266 
42557 44 
42561 412 
42561 1320 
42562 302 
42574 525 
42598 284 
42627 1205 
42631 4579 
42636 1178 
42640 812 
42646 1112 
42661 1502 
42682 390 
42685 1002 
42687 124 
42688 44 
42697 765 
42703 349 
42715 6226 
42719 2414 
42726 1219 
42735 533 
42735 94 
42761 1382 
42773 798 
42775 151 
42782 184 
42786 413 
42795 1256 
42817 765 
42819 137 
42844 760 
42850 1647 
42859 5 
42866 3140 
42867 389 
42884 117 
42893 108 
42895 31 
42900 1007 
42907 1423 
42921 19 
42941 9079 
42972 33754 
42973 1260 
42978 393 
42984 332 
42990 705 
43002 471 
43007 1100 
43011 90 
43020 1155 
43036 675 
43038 1036 
43044 78 
43044 199 
43046 87 
43056 1536 
43062 145 
43068 1563 
43103 2243 
43117 323 
43127 315 
43145 880 
43159 29 
43165 286 
43186 310 
43218 612 
43292 283 
43313 604 
43315 578 
43316 14 
43325 1916 
43386 302 
43396 240 
43404 38 
43424 474 
43426 1304 
43429 866 
43439 850 
43444 1450 
43452 127 
43459 245 
43480 240 
43484 444 
43492 1301 
43492 1301 
43497 157 
43497 157 
43505 1341 
43505 1341 
43514 2021 
43514 2021 
43522 417 
43522 417 
43534 254 
43534 254 
43536 391 
43536 391 
43548 1027 
43585 5974 
43608 127 
43608 351 
43610 252 
43612 3378 
43614 3294 
43628 1058 
43639 105 
43660 1166 
43682 1436 
43695 138 
43700 336 
43725 510 
43733 325 
43742 712 
43743 435 
43749 3988 
43758 543 
43761 880 
43771 28 
43787 123 
43795 428 
43806 148 
43812 1648 
43822 1308 
43830 622 
43858 1364 
43889 941 
43905 886 
43943 374 
43950 2137 
43955 421 
43973 552 
43989 188 
44012 515 
44014 331 
44027 32 
44042 1453 
44048 566 
44050 397 
44054 327 
44055 38 
44063 1113 
44069 1813 
44079 318 
44092 290 
44096 174 
44101 73 
44118 3936 
44122 263 
44128 1151 
44130 677 
44130 904 
44145 1719 
44147 330 
44153 751 
44164 100 
44172 2021 
44184 1401 
44184 51 
44199 513 
44208 1893 
44210 489 
44212 1844 
44222 116 
44227 9206 
44232 162 
44260 1829 
44261 2728 
44271 249 
44277 396 
44288 11 
44297 513 
44300 504 
44315 433 
44320 357 
44350 1371 
44354 1749 
44357 1179 
44378 556 
44378 2538 
44381 975 
44385 583 
44387 300 
44409 390 
44415 6500 
44423 674 
44424 1015 
44438 232 
44472 21 
44507 1580 
44525 1408 
44530 72 
44536 538 
44537 824 
44542 1862 
44546 1304 
44550 783 
44551 1414 
44557 1528 
44558 230 
44563 580 
44567 150 
44571 471 
44576 853 
44580 23 
44598 775 
44610 989 
44611 2899 
44630 2008 
44634 1781 
44636 459 
44637 560 
44645 1 
44651 235 
44663 2036 
44667 1000 
44673 296 
44684 801 
44725 2353 
44732 760 
44738 796 
44750 986 
44750 212 
44759 1234 
44763 1135 
44770 178 
44773 678 
44779 110 
44793 107 
44806 89 
44819 620 
44826 232 
44834 630 
44834 126 
44835 1141 
44836 927 
44851 1377 
44867 1660 
44872 400 
44878 117 
44884 103 
44889 2559 
44892 405 
44895 579 
44895 6 
44904 863 
44904 1979 
44923 345 
44924 692 
44925 856 
44939 32 
45001 777 
45004 225 
45022 131 
45031 1682 
45040 554 
45042 105 
45044 3236 
45081 91 
45094 178 
45095 2517 
45111 2426 
45113 191 
45123 663 
45131 336 
45135 351 
45158 433 
45179 1336 
45186 62 
45206 82 
45223 72 
45233 485 
45246 104 
45281 591 
45291 878 
45295 430 
45302 110 
45308 278 
45316 544 
45321 1782 
45359 2118 
45378 122 
45384 780 
45385 463 
45387 100 
45388 714 
45425 845 
45440 3647 
45442 701 
45463 432 
45468 406 
45475 180 
45476 66 
45479 1966 
45488 1438 
45488 1028 
45490 506 
45495 834 
45500 1398 
45502 998 
45504 2807 
45520 174 
45530 6 
45546 287 
45554 1027 
45555 1896 
45557 195 
45559 719 
45562 279 
45569 1518 
45570 916 
45576 4133 
45589 485 
45595 1165 
45609 2954 
45614 562 
45619 793 
45637 186 
45664 1928 
45668 84 
45670 473 
45674 1172 
45722 405 
45724 552 
45747 54 
45758 1096 
45763 484 
45767 916 
45788 640 
45794 595 
45794 381 
45803 217 
45811 277 
45828 937 
45828 1451 
45836 1103 
45837 1185 
45837 70 
45838 572 
45839 69 
45841 1585 
45842 413 
45842 67 
45847 236 
45849 3021 
45850 914 
45857 729 
45866 71 
45877 10949 
45878 138 
45880 102 
45892 290 
45893 912 
45894 1123 
45899 1755 
45902 1803 
45903 2131 
45905 135 
45916 405 
45922 1460 
45936 1376 
45941 367 
45955 198 
45976 1010 
45978 150 
45979 100 
45980 242 
45988 2502 
45990 154 
46017 944 
46021 1427 
46024 1353 
46030 610 
46031 4647 
46033 1016 
46036 47 
46040 299 
46047 366 
46060 429 
46073 736 
46087 444 
46090 117 
46092 709 
46094 132 
46097 355 
46098 622 
46115 2477 
46115 558 
46116 1156 
46119 582 
46123 743 
46124 707 
46133 94 
46141 182 
46164 10122 
46165 136 
46179 392 
46202 389 
46210 482 
46218 2794 
46227 916 
46241 25 
46242 133 
46249 727 
46270 722 
46279 199 
46284 447 
46291 375 
46307 295 
46310 762 
46325 592 
46333 242 
46339 905 
46341 790 
46353 509 
46360 954 
46370 2219 
46380 593 
46381 1251 
46386 1026 
46394 1102 
46407 93 
46427 749 
46429 111 
46431 2413 
46446 60 
46451 700 
46471 206 
46484 349 
46491 148 
46499 353 
46511 227 
46511 44 
46530 106 
46533 313 
46551 183 
46578 1155 
46580 1841 
46587 113 
46588 1151 
46589 10 
46602 626 
46630 636 
46680 768 
46681 422 
46685 840 
46686 718 
46688 249 
46688 1594 
46696 758 
46699 741 
46710 1515 
46723 762 
46733 1599 
46735 1058 
46745 2857 
46747 6374 
46748 1366 
46751 908 
46762 502 
46769 1282 
46784 154 
46795 58 
46795 1190 
46805 26 
46805 992 
46818 182 
46823 749 
46824 1489 
46834 363 
46840 199 
46841 855 
46844 633 
46850 3866 
46852 241 
46873 20 
46887 4626 
46893 1045 
46896 876 
46909 1183 
46912 48 
46917 1131 
46924 374 
46937 172 
46940 346 
46951 10535 
46962 800 
46969 607 
46971 13879 
46986 839 
46989 1396 
47031 59 
47033 1136 
47036 300 
47040 32 
47046 204 
47046 14199 
47054 355 
47074 149 
47082 50 
47084 531 
47085 1579 
47086 2288 
47090 219 
47093 1746 
47095 146 
47109 1693 
47113 1048 
47114 1209 
47117 601 
47117 131 
47131 7901 
47144 893 
47149 1099 
47156 198 
47158 50 
47158 2907 
47164 5737 
47165 253 
47170 100 
47180 912 
47188 198 
47190 185 
47196 380 
47216 335 
47217 476 
47229 1234 
47251 1112 
47254 51 
47269 601 
47273 845 
47278 722 
47282 404 
47283 845 
47283 1460 
47284 77 
47285 330 
47285 1483 
47285 151 
47286 1443 
47298 338 
47305 26 
47307 74 
47314 204 
47316 341 
47320 1136 
47331 3434 
47335 887 
47340 446 
47348 692 
47390 2369 
47398 979 
47410 1181 
47411 183 
47422 125 
47442 135 
47446 792 
47454 1893 
47456 2073 
47459 177 
47460 194 
47481 41 
47483 1649 
47486 286 
47493 1312 
47500 703 
47509 455 
47511 1094 
47518 926 
47519 368 
47539 785 
47553 3198 
47565 20759 
47565 833 
47569 308 
47573 70 
47578 570 
47581 873 
47590 2147 
47616 132 
47624 6798 
47638 5787 
47640 553 
47664 534 
47683 1152 
47708 1017 
47720 248 
47733 51761 
47735 201 
47749 618 
47750 309 
47760 102 
47769 515 
47785 111 
47787 105 
47833 213 
47842 2019 
47848 1168 
47849 2294 
47865 711 
47867 359 
47883 684 
47883 1264 
47900 1655 
47923 641 
47935 2036 
47979 990 
47991 68 
47991 1311 
48003 186 
48038 171 
48050 72 
48052 384 
48070 787 
48126 793 
48128 941 
48137 616 
48157 132 
48161 369 
48165 1306 
48167 2093 
48171 206 
48187 733 
48187 589 
48213 130 
48219 411 
48220 1397 
48233 1027 
48243 991 
48251 1673 
48269 2021 
48287 939 
48288 648 
48295 997 
48300 123 
48300 1058 
48323 667 
48343 80 
48346 4279 
48347 5 
48364 21 
48364 152 
48371 678 
48379 137 
48386 708 
48388 72 
48390 492 
48400 9253 
48404 2254 
48429 11472 
48445 312 
48457 1789 
48461 57 
48462 3206 
48480 730 
48498 349 
48498 893 
48499 1426 
48513 703 
48527 87 
48530 291 
48534 391 
48549 646 
48552 680 
48553 400 
48583 188 
48583 2065 
48589 877 
48592 1636 
48599 1080 
48609 484 
48611 1262 
48625 226 
48641 1191 
48657 351 
48660 3198 
48676 438 
48677 668 
48689 1547 
48703 1123 
48715 496 
48731 149 
48736 407 
48741 760 
48749 831 
48753 616 
48753 332 
48753 1270 
48764 783 
48765 618 
48767 1904 
48771 395 
48781 163 
48800 770 
48804 182 
48810 529 
48815 1012 
48830 1647 
48833 2397 
48838 1791 
48843 221 
48847 1422 
48853 550 
48872 851 
48876 46 
48876 440 
48877 217 
48878 380 
48883 488 
48886 173 
48887 1076 
48890 882 
48891 269 
48898 327 
48923 426 
48954 1371 
48957 534 
48973 166 
48980 1198 
48982 303 
49039 1616 
49050 891 
49051 618 
49064 441 
49088 1414 
49089 812 
49093 376 
49096 67 
49103 14 
49123 1278 
49159 859 
49166 62 
49181 78 
49195 196 
49216 240 
49221 92 
49224 143 
49233 948 
49237 257 
49266 527 
49277 883 
49287 1001 
49292 124 
49299 1744 
49301 86 
49301 92 
49307 384 
49313 2950 
49326 859 
49348 286 
49391 356 
49398 866 
49410 283 
49418 193 
49435 73 
49437 725 
49448 87 
49451 1289 
49454 83 
49471 175 
49475 70 
49488 4328 
49498 1355 
49503 260 
49503 1335 
49510 287 
49512 203 
49518 804 
49519 865 
49527 8847 
49553 975 
49565 1042 
49592 396 
49594 1561 
49614 728 
49631 5022 
49634 1245 
49647 748 
49679 130 
49685 556 
49723 529 
49731 1149 
49736 76 
49743 151 
49745 7064 
49765 281 
49765 87 
49782 843 
49791 305 
49796 1594 
49796 2410 
49832 1619 
49851 160 
49881 1548 
49883 1108 
49889 518 
49889 466 
49911 605 
49924 2136 
49927 449 
49928 4324 
49964 6362 
49976 449 
49996 2164 
50001 562 
50024 86 
50060 2283 
50072 1683 
50085 690 
50089 226 
50100 182 
50101 767 
50119 1538 
50122 751 
50141 821 
50144 203 
50171 675 
50178 217 
50187 536 
50214 1903 
50221 37 
50229 1212 
50243 1577 
50245 177 
50248 524 
50252 1287 
50253 662 
50264 765 
50268 323 
50271 528 
50272 728 
50272 1991 
50273 111 
50314 1215 
50321 1293 
50322 795 
50343 35 
50346 592 
50361 207 
50361 876 
50366 793 
50367 372 
50379 1058 
50387 755 
50398 824 
50416 209 
50417 139 
50420 101 
50441 4916 
50445 148 
50463 228 
50481 3437 
50485 324 
50503 72 
50517 617 
50522 461 
50554 297 
50555 771 
50569 1437 
50572 356 
50585 45 
50600 318 
50601 212 
50602 65 
50605 1631 
50607 869 
50624 1255 
50657 344 
50681 105 
50690 505 
50694 116 
50696 5045 
50711 901 
50722 35 
50722 1503 
50780 49 
50785 598 
50791 1124 
50796 270 
50821 12 
50828 96 
50828 344 
50830 164 
50838 1328 
50888 2423 
50897 1440 
50903 200 
50908 105 
50924 328 
50931 1709 
50953 14842 
50955 35 
50956 1510 
50962 226 
50970 397 
50972 2130 
50996 750 
51013 3618 
51018 528 
51030 1010 
51039 1152 
51046 575 
51087 296 
51101 993 
51103 1196 
51105 1174 
51108 278 
51143 1085 
51145 125 
51157 547 
51158 214 
51160 555 
51168 1148 
51183 1031 
51196 980 
51199 294 
51220 451 
51231 4151 
51255 133 
51260 500 
51268 34 
51281 1335 
51281 1590 
51286 850 
51290 249 
51326 631 
51326 21 
51332 409 
51347 428 
51378 1092 
51390 446 
51402 242 
51404 610 
51443 136 
51449 256 
51449 835 
51459 1594 
51464 1850 
51468 591 
51478 1445 
51489 238 
51496 1535 
51500 305 
51503 205 
51514 373 
51514 766 
51537 2090 
51553 859 
51588 1770 
51611 1186 
51614 3657 
51687 1874 
51696 993 
51711 278 
51713 944 
51769 270 
51778 53 
51783 815 
51785 785 
51798 1056 
51808 109 
51825 1990 
51837 1377 
51846 57 
51853 341 
51875 1325 
51883 322 
51910 447 
51916 1201 
51929 527 
51934 158 
51940 408 
51946 154 
51948 341 
51962 278 
51963 118 
51965 1374 
51967 1441 
51970 135 
51995 480 
52000 1796 
52004 635 
52005 4 
52011 140 
52028 1091 
52038 335 
52052 30 
52054 546 
52091 212 
52113 1166 
52121 1715 
52123 274 
52132 166 
52143 1332 
52144 1195 
52148 488 
52149 1469 
52153 1063 
52155 1553 
52168 190 
52178 842 
52193 2373 
52196 170 
52204 717 
52205 438 
52207 563 
52211 21 
52211 511 
52213 40 
52214 550 
52219 207 
52224 748 
52231 645 
52252 204 
52259 706 
52286 1254 
52293 2678 
52327 193 
52360 1430 
52361 1985 
52362 163 
52371 238 
52375 164 
52392 297 
52395 271 
52414 381 
52415 241 
52422 294 
52423 1944 
52449 747 
52466 2399 
52472 1074 
52475 142 
52491 1329 
52498 1668 
52512 1913 
52521 192 
52525 965 
52534 78 
52542 555 
52551 607 
52552 3991 
52567 293 
52570 1771 
52572 831 
52579 862 
52585 751 
52591 273 
52607 93 
52618 402 
52630 168 
52631 379 
52643 419 
52644 331 
52647 1344 
52648 1126 
52661 230 
52670 48 
52673 489 
52684 856 
52701 1413 
52705 1379 
52732 132 
52745 228 
52768 212 
52773 523 
52774 376 
52781 278 
52797 1090 
52806 787 
52807 219 
52818 433 
52846 754 
52859 790 
52866 376 
52874 547 
52894 1425 
52913 48 
52914 20 
52924 404 
52931 608 
52958 1420 
52976 1046 
52996 1307 
53042 124 
53087 678 
53101 219 
53101 151 
53102 517 
53117 141 
53126 335 
53146 43 
53148 534 
53152 309 
53163 1065 
53168 7 
53178 305 
53201 1309 
53220 107 
53258 550 
53260 317 
53267 59 
53285 10 
53305 370 
53308 1469 
53326 1505 
53357 187 
53404 3469 
53414 3097 
53414 165 
53433 1875 
53435 38 
53445 2412 
53456 634 
53460 635 
53460 511 
53472 1142 
53502 750 
53508 742 
53514 1135 
53516 274 
53524 188 
53527 402 
53531 260 
53536 2425 
53551 199 
53554 66 
53557 427 
53573 823 
53588 490 
53602 465 
53608 395 
53621 14 
53638 15 
53649 3324 
53650 517 
53659 10 
53659 392 
53666 364 
53678 1315 
53694 646 
53705 2832 
53719 588 
53724 65 
53765 5327 
53787 219 
53811 33 
53848 307 
53862 3804 
53863 1432 
53863 952 
53865 2364 
53882 682 
53894 108 
53906 142 
53907 1319 
53916 636 
53926 864 
53926 26 
53943 1844 
53952 356 
53954 4517 
53961 12 
53972 1997 
53985 870 
54029 585 
54055 194 
54136 886 
54145 1244 
54165 125 
54168 66 
54169 1365 
54185 110 
54190 399 
54217 1365 
54235 1031 
54242 38 
54242 125 
54246 952 
54253 152 
54259 689 
54294 21 
54319 4056 
54336 1444 
54346 1348 
54350 33 
54371 196 
54371 134 
54378 85 
54400 950 
54406 2391 
54414 156 
54416 1510 
54440 106 
54442 805 
54454 1016 
54468 831 
54474 1584 
54487 201 
54496 207 
54515 751 
54564 41 
54567 269 
54588 2622 
54600 501 
54623 3371 
54624 712 
54648 344 
54649 290 
54659 75 
54665 2028 
54669 720 
54677 1705 
54693 375 
54698 507 
54725 1562 
54730 318 
54735 1572 
54745 223 
54764 449 
54774 233 
54812 6951 
54824 57 
54827 1772 
54828 240 
54848 3 
54869 508 
54875 277 
54881 703 
54891 431 
54917 1130 
54931 643 
54939 1616 
54948 61 
54948 96 
54969 111 
55003 127 
55017 1082 
55023 98 
55048 442 
55059 176 
55066 836 
55069 352 
55077 183 
55150 410 
55160 24 
55199 300 
55214 422 
55216 944 
55227 210 
55275 237 
55287 335 
55288 799 
55290 28 
55292 1699 
55293 8 
55345 923 
55355 741 
55376 1866 
55394 160 
55402 184 
55405 382 
55416 579 
55427 2315 
55445 1000 
55462 1187 
55479 2619 
55481 855 
55533 825 
55537 1036 
55565 616 
55571 972 
55579 1020 
55581 155 
55594 1577 
55599 1027 
55615 461 
55624 299 
55654 249 
55687 240 
55777 53 
55786 1134 
55835 780 
55840 1680 
55850 756 
55878 37 
55907 247 
55917 1595 
55928 159 
55971 2792 
55990 753 
56005 561 
56010 353 
56039 315 
56039 1049 
56060 557 
56089 25 
56131 27 
56144 10 
56155 621 
56183 1094 
56221 436 
56221 612 
56234 568 
56238 1313 
56243 1700 
56247 425 
56265 284 
56281 1279 
56283 590 
56286 323 
56292 4633 
56323 475 
56323 1360 
56342 344 
56373 599 
56375 456 
56380 756 
56398 868 
56474 31 
56558 259 
56561 402 
56564 931 
56590 494 
56610 4 
56642 122 
56657 154 
56672 196 
56672 526 
56679 134 
56698 612 
56717 1229 
56726 765 
56755 378 
56756 878 
56770 476 
56777 1751 
56786 219 
56792 1705 
56816 45 
56817 383 
56821 2122 
56829 761 
56866 266 
56885 188 
56886 856 
56907 3063 
56915 788 
56933 181 
56958 566 
56965 561 
56968 1128 
56972 259 
56987 1376 
57009 3532 
57011 1324 
57042 578 
57046 237 
57046 1130 
57046 497 
57047 42 
57047 52 
57054 447 
57055 881 
57058 230 
57109 161 
57112 2636 
57119 1347 
57139 2113 
57140 2567 
57157 582 
57164 1500 
57173 2774 
57220 306 
57225 1116 
57232 4458 
57240 451 
57240 1367 
57255 1588 
57268 843 
57271 253 
57277 1264 
57278 721 
57282 974 
57283 2909 
57283 211 
57286 836 
57292 957 
57332 1974 
57361 286 
57365 20 
57372 120 
57382 2220 
57387 918 
57389 261 
57430 25 
57441 763 
57444 84 
57452 2354 
57480 2586 
57505 64 
57507 360 
57508 676 
57509 74 
57515 56 
57530 786 
57544 435 
57576 1120 
57583 491 
57585 794 
57600 1490 
57601 105 
57604 154 
57617 747 
57640 386 
57652 492 
57652 857 
57676 573 
57678 805 
57722 1101 
57724 524 
57727 53 
57746 693 
57770 1246 
57789 1466 
57789 562 
57807 1434 
57809 814 
57839 116 
57846 1870 
57871 457 
57900 495 
57901 570 
57917 35 
57931 207 
57933 260 
57954 1613 
57979 1457 
57980 2491 
57983 192 
57983 58 
57987 1808 
58028 152 
58080 131 
58112 299 
58117 1560 
58133 639 
58154 1034 
58177 727 
58222 1560 
58223 287 
58238 130 
58242 1424 
58267 273 
58277 157 
58281 391 
58307 343 
58315 75 
58329 861 
58381 296 
58411 109 
58431 9 
58442 2604 
58456 232 
58463 974 
58473 1211 
58489 317 
58495 1937 
58495 1937 
58495 1861 
58529 1287 
58539 2106 
58547 426 
58557 176 
58567 542 
58598 164 
58599 391 
58609 937 
58622 8170 
58634 672 
58641 957 
58643 0 
58648 1403 
58656 1207 
58657 1205 
58667 1255 
58677 145 
58690 800 
58698 1710 
58762 91 
58768 559 
58768 467 
58788 333 
58788 333 
58792 13608 
58792 13608 
58798 1589 
58798 1589 
58799 784 
58799 784 
58801 435 
58801 435 
58810 275 
58810 275 
58835 395 
58835 395 
58843 362 
58845 2080 
58856 485 
58863 1507 
58870 176 
58870 663 
58888 202 
58896 965 
58923 850 
58928 16 
58932 13 
58946 168 
58959 784 
58976 1024 
58991 502 
59004 2408 
59014 105 
59025 1577 
59040 1089 
59044 39 
59066 537 
59105 1120 
59155 5675 
59168 794 
59209 53 
59218 1495 
59257 135 
59282 197 
59286 280 
59300 1865 
59305 707 
59308 2173 
59313 371 
59315 276 
59321 329 
59327 166 
59339 1387 
59351 32 
59359 172 
59373 1736 
59374 1053 
59375 196 
59386 8415 
59387 584 
59392 1213 
59399 293 
59405 661 
59410 66 
59454 848 
59463 319 
59484 149 
59549 1543 
59579 403 
59647 101 
59648 1227 
59656 568 
59683 424 
59764 220 
59773 1842 
59784 291 
59804 144 
59805 1284 
59824 956 
59832 391 
59834 634 
59855 442 
59875 1359 
59882 2186 
59896 85 
59906 407 
59908 578 
59923 1227 
59967 1204 
59979 399 
59984 405 
59989 856 
59999 218 
60004 158 
60009 105 
60014 107 
60029 657 
60032 140 
60059 394 
60091 1547 
60123 827 
60137 608 
60161 123 
60192 1724 
60202 119 
60243 573 
60245 182 
60247 7716 
60257 165 
60259 505 
60263 749 
60278 3833 
60287 364 
60336 203 
60339 2215 
60349 1499 
60382 243 
60391 3730 
60395 1237 
60404 1474 
60412 528 
60484 813 
60496 217 
60534 51 
60617 890 
60622 1576 
60631 566 
60634 1656 
60651 219 
60664 2114 
60669 445 
60693 762 
60706 396 
60720 2044 
60737 630 
60772 351 
60843 334 
60854 272 
60885 486 
60908 14797 
60912 133090 
60922 120 
60930 635 
60945 349 
60967 368 
60972 166 
60978 88 
60980 653 
60987 265 
60990 89 
60990 1928 
60991 134 
60999 107 
61009 257 
61015 255 
61028 420 
61064 885 
61068 356 
61071 2493 
61076 1770 
61078 200 
61082 485 
61087 782 
61090 165 
61097 972 
61097 28 
61125 58 
61128 661 
61141 1105 
61143 946 
61150 1290 
61161 1311 
61190 13 
61197 6124 
61218 1903 
61231 136 
61233 718 
61237 255 
61239 613 
61239 1328 
61240 153 
61266 202 
61277 63 
61280 255 
61301 1079 
61305 320 
61332 943 
61335 12 
61373 325 
61391 109 
61395 631 
61395 1519 
61399 306 
61406 66 
61408 2506 
61433 112 
61442 204 
61443 1126 
61459 1059 
61468 161 
61489 141 
61492 204 
61520 192 
61526 229 
61535 1070 
61536 379 
61572 3282 
61573 453 
61606 924 
61620 428 
61657 83 
61672 141 
61678 675 
61684 7801 
61686 135 
61705 193 
61717 192 
61717 431 
61722 90 
61751 127 
61763 16 
61774 167 
61799 447 
61803 169 
61804 242 
61819 33 
61819 759 
61834 1428 
61841 604 
61852 5515 
61854 326 
61877 1181 
61890 545 
61900 2824 
61912 144 
61964 608 
61975 131 
61980 121 
61984 1188 
61984 823 
61992 844 
61996 757 
62011 32 
62017 535 
62017 436 
62023 1340 
62029 1721 
62056 316 
62064 239 
62077 2346 
62110 519 
62123 705 
62141 236 
62142 1758 
62155 337 
62158 54 
62171 1050 
62184 1018 
62227 426 
62240 798 
62260 358 
62273 281 
62287 1438 
62322 407 
62356 215 
62412 1719 
62416 140 
62416 1007 
62427 1550 
62454 406 
62455 89 
62469 1589 
62473 5847 
62476 2509 
62487 57 
62497 462 
62502 224 
62506 2617 
62510 158 
62517 56 
62527 1343 
62531 224 
62539 2055 
62560 774 
62564 462 
62598 605 
62598 262 
62602 33 
62630 68 
62631 322 
62633 22 
62636 1065 
62637 283 
62637 1275 
62651 396 
62667 754 
62679 732 
62683 34 
62683 517 
62687 26 
62690 1474 
62695 59 
62719 5099 
62721 501 
62724 3279 
62744 951 
62751 200 
62757 704 
62761 126 
62796 584 
62797 214 
62798 54 
62811 235 
62824 153 
62833 1045 
62838 506 
62889 527 
62900 1599 
62901 509 
62908 971 
62915 269 
62934 304 
62945 536 
62956 302 
62959 1561 
62966 5310 
62976 461 
62989 1346 
62994 85 
63003 736 
63003 124 
63026 1036 
63028 454 
63053 1158 
63064 149 
63075 112 
63085 2243 
63098 570 
63141 60 
63164 686 
63179 971 
63204 7 
63251 8 
63259 273 
63264 888 
63265 549 
63265 390 
63285 227 
63292 330 
63295 649 
63298 26 
63302 1891 
63325 1161 
63328 134 
63339 363 
63348 148 
63354 91 
63358 52 
63366 107 
63384 1754 
63390 393 
63400 1303 
63417 27 
63422 131 
63423 257 
63423 244 
63427 173 
63445 552 
63451 717 
63462 988 
63465 204 
63492 24 
63496 171 
63505 712 
63534 1853 
63541 621 
63547 366 
63558 582 
63562 916 
63566 222 
63589 284 
63590 618 
63599 143 
63613 1036 
63632 428 
63643 749 
63659 387 
63675 1325 
63683 479 
63683 4810 
63693 1094 
63697 2117 
63718 274 
63731 60 
63751 847 
63765 246 
63781 801 
63795 695 
63836 261 
63864 211 
63865 1518 
63928 1535 
63953 237 
63967 320 
63976 786 
63976 601 
63995 252 
64008 2187 
64018 378 
64019 1006 
64021 52 
64025 852 
64032 1220 
64044 3 
64045 198 
64055 702 
64063 1032 
64065 2354 
64066 131 
64069 182 
64090 37 
64091 654 
64127 1116 
64171 310 
64185 122 
64196 189 
64262 822 
64276 1377 
64300 32 
64306 1326 
64308 926 
64312 789 
64350 464 
64360 666 
64403 183 
64414 1672 
64421 84 
64426 180 
64439 930 
64457 765 
64477 364 
64519 1722 
64564 276 
64564 21 
64565 240 
64577 653 
64593 946 
64601 467 
64614 2214 
64616 1294 
64619 669 
64629 1066 
64629 548 
64647 37 
64674 164 
64675 204 
64677 1362 
64686 1033 
64686 871 
64714 2425 
64727 1032 
64749 1010 
64751 2071 
64764 293 
64764 133 
64815 1185 
64840 762 
64857 784 
64863 166 
64868 765 
64884 1884 
64890 760 
64897 374 
64902 1795 
64903 1149 
64906 986 
64910 2748 
64926 646 
64928 231 
64961 268 
64965 560 
64995 862 
64997 668 
64999 378 
65022 468 
65031 422 
65048 1472 
65050 785 
65056 521 
65084 169 
65088 1637 
65101 150 
65102 538 
65114 1198 
65116 894 
65123 457 
65133 426 
65148 188 
65173 146 
65173 139 
65184 406 
65196 8 
65200 45 
65203 16 
65214 944 
65222 1072 
65261 283 
65276 662 
65312 384 
65327 62 
65339 559 
65366 428 
65390 416 
65392 240 
65400 1529 
65405 665 
65413 951 
65433 1574 
65451 855 
65486 295 
65510 547 
65549 1652 
65554 319 
65573 887 
65594 550 
65621 25 
65637 5670 
65648 2703 
65650 332 
65658 1113 
65670 15 
65674 759 
65694 103 
65698 78 
65706 1402 
65724 644 
65729 695 
65731 2244 
65739 892 
65747 35 
65751 574 
65771 1047 
65787 453 
65806 758 
65852 1120 
65863 348 
65873 443 
65885 1232 
65906 204 
65939 984 
65945 303 
65966 661 
65971 409 
65981 63 
65994 838 
65996 166 
66017 779 
66017 618 
66019 2062 
66024 1145 
66032 832 
66042 666 
66045 826 
66116 845 
66136 931 
66168 37 
66174 127 
66182 1184 
66185 320 
66212 781 
66239 86 
66250 94 
66254 104 
66277 398 
66300 828 
66301 2063 
66309 2182 
66329 641 
66339 213 
66348 1028 
66348 610 
66369 1107 
66377 309 
66384 120 
66391 84 
66429 600 
66449 1047 
66450 827 
66456 2154 
66462 54 
66470 209 
66543 1524 
66556 1266 
66571 1472 
66581 168 
66610 469 
66618 1495 
66627 200 
66633 447 
66656 834 
66688 2 
66702 120 
66728 1712 
66728 361 
66731 37 
66751 1853 
66754 1584 
66774 164 
66777 1421 
66794 58 
66837 529 
66849 549 
66876 814 
66877 425 
66917 10 
66919 10 
66922 655 
66945 4 
66945 1291 
66977 828 
66980 794 
66982 998 
66996 40 
67036 1014 
67045 383 
67047 341 
67056 537 
67078 1839 
67094 1936 
67095 14 
67102 88 
67108 498 
67114 119 
67124 739 
67130 792 
67134 88 
67140 385 
67147 1718 
67159 668 
67162 27 
67167 376 
67182 279 
67208 1558 
67218 308 
67278 428 
67280 1582 
67281 282 
67283 251 
67287 398 
67290 248 
67296 1209 
67305 26 
67308 1637 
67309 1125 
67318 297 
67324 431 
67325 137 
67355 437 
67394 271 
67395 194 
67398 95 
67408 323 
67442 149 
67444 1383 
67455 100 
67493 149 
67494 426 
67559 2938 
67566 1963 
67571 19 
67595 640 
67607 1447 
67612 57 
67615 1069 
67620 28 
67640 111 
67729 1071 
67740 1400 
67743 896 
67756 870 
67775 147 
67776 1012 
67782 1362 
67789 134 
67791 284 
67794 540 
67801 1656 
67825 1245 
67837 1483 
67840 382 
67844 839 
67853 84 
67854 230 
67854 504 
67861 3688 
67865 400 
67874 228 
67886 3257 
67906 2012 
67912 467 
67921 416 
67925 632 
67937 820 
67954 79 
67963 105 
68011 683 
68028 3717 
68052 693 
68075 168 
68078 138 
68104 1252 
68108 555 
68112 18 
68123 2585 
68124 461 
68134 1191 
68175 351 
68182 701 
68200 823 
68210 283 
68283 4537 
68310 122 
68319 167 
68332 1486 
68392 1141 
68395 723 
68432 604 
68445 1399 
68474 352 
68477 998 
68559 181 
68565 1417 
68568 40 
68632 417 
68642 431 
68646 376 
68658 589 
68665 1450 
68667 314 
68684 1032 
68692 136 
68730 2069 
68746 102 
68769 28 
68778 73 
68789 874 
68801 74 
68809 1895 
68818 460 
68819 341 
68833 172 
68835 1205 
68856 520 
68859 120 
68861 859 
68864 85 
68867 587 
68871 480 
68877 1410 
68884 1496 
68885 193 
68890 356 
68911 294 
68924 447 
68926 425 
68934 432 
68965 897 
69035 2096 
69049 1009 
69061 1642 
69079 28 
69089 776 
69117 58 
69122 5947 
69134 0 
69188 1444 
69190 1058 
69209 3849 
69235 1674 
69237 1599 
69243 37 
69258 214 
69262 23 
69272 235 
69294 180 
69301 839 
69303 387 
69316 1117 
69317 61 
69333 1778 
69340 834 
69346 371 
69440 43 
69516 75 
69527 5949 
69549 3582 
69561 595 
69581 91 
69593 1333 
69611 1180 
69616 707 
69617 137 
69621 84 
69648 483 
69666 619 
69676 507 
69712 1242 
69712 1342 
69747 1235 
69753 99 
69759 1221 
69774 46 
69787 5 
69820 773 
69839 4512 
69842 1760 
69849 208 
69869 3062 
69871 356 
69880 151 
69892 4491 
69908 540 
69923 245 
69942 95 
69956 129 
69975 1106 
69981 3334 
69985 321 
69987 7927 
69988 5575 
69992 75 
69999 279 
70010 147 
70013 68 
70021 1160 
70093 2141 
70104 1356 
70123 203 
70196 1781 
70216 975 
70295 187 
70303 1871 
70324 2314 
70362 1461 
70427 274 
70427 199 
70434 695 
70477 1803 
70497 97 
70599 1031 
70602 5638 
70609 108 
70617 643 
70685 136 
70698 7698 
70712 561 
70754 1268 
70773 907 
70927 198 
70966 63 
70968 165 
70979 276 
71018 505 
71019 10 
71027 429 
71030 520 
71036 2376 
71037 1875 
71042 544 
71056 447 
71091 835 
71101 1496 
71109 968 
71114 247 
71133 1549 
71189 166 
71205 1658 
71224 1222 
71240 765 
71271 113 
71275 626 
71283 1079 
71286 2242 
71298 1865 
71341 266 
71343 249 
71398 633 
71489 310 
71495 133 
71514 810 
71519 1482 
71525 232 
71577 6916 
71622 960 
71644 224 
71668 651 
71877 131 
71894 98 
71900 89 
71937 112 
71968 505 
71975 218 
72008 4235 
72011 807 
72011 3402 
72080 8673 
72101 137 
72131 469 
72137 69 
72150 606 
72176 597 
72186 587 
72190 133 
72198 1380 
72203 72 
72214 8 
82676 618 
82694 26 
82716 562 
82724 36 
82731 791 
82799 531 
82927 100 
82936 608 
82958 622 
83013 18 
83031 231 
83042 243 
83049 424 
83067 141 
83138 373 
83271 519 
83350 704 
83417 38 
83456 22 
83475 420 
83480 89 
83481 851 
83489 2280 
83570 513 
83643 1309 
83652 435 
83682 247 
83753 178 
83777 548 
83803 1265 
83818 1366 
83820 619 
83837 948 
83862 1298 
83871 599 
83896 600 
83939 345 
84067 408 
84206 187 
84217 620 
84256 1234 
84258 298 
84265 1611 
84269 232 
84431 270 
84519 762 
84619 535 
84637 2044 
84757 112 
84769 1105 
84811 232 
84910 274 
84989 77 
85038 1551 
85117 238 
85211 445 
85306 346 
85490 136 
85504 112 
85623 176 
85638 890 
85702 795 
85764 233 
85791 443 
85859 98 
85976 771 
85977 274 
85988 15 
86205 246 
86216 2483 
86226 79 
86280 349 
86774 1561 
86844 319 
86861 5567 
86922 481 
86971 634 
87015 16 
87143 453 
87165 213 
87169 215 
87198 1149 
87225 1103 
87313 583 
87542 241 
87614 315 
87946 693 
88025 1449 
88048 557 
88114 236 
88139 1334 
88243 417 
88244 147 
88382 2769 
88384 1121 
88421 131 
88421 131 
88434 171 
88775 703 
88852 254 
88944 167 
88967 96 
88968 904 
89156 309 
89208 114 
89226 1917 
89297 1400 
89402 1062 
89406 1109 
89792 695 
90040 2178 
90065 117 
90074 230 
90189 6 
90218 473 
90388 1613 
90489 1415 
90616 312 
90624 1707 
90694 763 
90702 347 
90808 116 
90855 3304 
91333 67 
91359 111 
91413 547 
91539 170 
91619 151 
91650 284 
91812 1408 
91950 524 
91997 26 
92261 74 
92315 264 
92366 5 
92540 119 
92547 11 
92940 444 
92947 293 
92996 431 
93017 118 
93089 308 
93471 153 
93561 338 
93696 348 
93762 45 
93783 136 
93859 1686 
93863 887 
94181 663 
94190 76 
94203 125 
94232 39 
94269 1116 
94398 21 
94436 118 
94515 330 
94626 189 
94974 46 
95152 72 
95228 544 
95284 152 
95299 322 
95838 947 
95943 829 
96000 22 
96293 234 
96305 557 
96320 1083 
96325 606 
96459 242 
96511 83 
96593 826 
96725 1162 
96730 436 
96787 1337 
96934 3920 
96936 1004 
97202 405 
97507 266 
97759 1486 
97788 106 
98300 384 
98723 819 
98954 398 
99031 231 
99520 218 
99593 1375 
99743 1308 
99947 1126 
100204 623 
100704 623 
100744 373 
100772 939 
101092 128 
101687 834 
101753 1436 
102044 897 
102212 284 
102269 1587 
102400 2093 
103547 118 
103658 37 
104053 904 
104071 125 
104289 2568 
104440 122 
104835 338 
104985 223 
105051 194 
105241 2393 
105455 1203 
105622 114 
106687 108 
107428 704 
107518 1154 
107833 515 
107961 548 
108176 1950 
108470 546 
108656 363 
108803 334 
108939 662 
109691 453 
109728 1163 
109833 502 
109835 1626 
110359 507 
110378 723 
111161 181 
111883 285 
111925 63 
111989 512 
112088 683 
112166 659 
112457 6153 
112491 1781 
112521 376 
112606 950 
112860 582 
112990 63 
113021 1097 
113169 225 
113225 5 
113832 510 
113861 140 
113897 1480 
114021 1283 
114023 327 
114040 653 
114057 437 
114087 127 
114290 242 
114488 497 
114551 4134 
114581 2515 
114605 59 
114743 836 
114828 15611 
115020 157 
115150 1495 
115174 70 
115389 251 
115441 858 
115480 753 
115690 1453 
116470 982 
116918 4963 
116963 763 
116981 334 
117122 100 
117248 834 
117304 229 
117313 406 
117392 86 
117561 29 
117745 447 
117930 65 
117963 196 
118058 417 
118058 417 
118457 1587 
118933 849 
118993 474 
119299 27 
119336 1602 
119370 183 
119424 93 
119774 88 
120271 107 
122566 425 
122743 243 
122748 1999 
123369 3433 
123408 415 
124814 1078 
124846 978 
124902 966 
124986 120 
125119 110 
125220 801 
125260 60 
125341 116 
125362 575 
125429 933 
125452 1133 
125665 2209 
125747 30 
125785 583 
125798 318 
125857 1286 
125916 652 
126071 3353 
126172 603 
126317 143 
126494 198 
126601 21 
126704 435 
126845 261 
127301 221 
127439 625 
127737 1238 
127798 1636 
127818 357 
128449 260 
128480 413 
128663 452 
128970 3266 
129038 157 
129177 345 
129206 978 
129352 463 
129366 1340 
129462 3690 
129490 473 
129519 406 
129819 1007 
129943 1113 
130249 982 
130306 127 
130405 1608 
130635 3511 
130817 1253 
130822 234 
130866 1234 
130885 683 
130941 1472 
131047 494 
131215 297 
131554 280 
131592 898 
131609 388 
131635 1940 
131654 75 
131678 1591 
131689 130 
131698 2872 
131833 226 
131895 600 
131934 3900 
131952 158 
131967 0 
132150 1203 
132161 1072 
132227 341 
132268 465 
132336 31 
132377 519 
132471 374 
132492 3669 
132516 867 
132520 841 
132525 404 
132687 438 
132822 694 
132912 122 
132915 217 
132937 645 
133022 491 
133056 487 
133112 1316 
133143 312 
133253 4682 
133346 359 
133359 905 
133396 3257 
133414 2 
133414 2 
133458 1269 
133515 330 
133583 394 
133862 324 
133912 2074 
133945 1213 
134068 1628 
134107 150 
134150 522 
134172 21 
134241 1177 
134243 515 
134328 844 
134760 41 
134860 1132 
134891 660 
134982 339 
134985 730 
134998 958 
135000 1308 
135042 1059 
135107 244 
135168 34 
135278 3893 
135477 341 
135491 353 
135581 2576 
135617 755 
135672 982 
135742 771 
135772 15 
135777 310 
135782 611 
135885 1582 
135975 357 
136410 3659 
136490 1553 
136581 7945 
136902 726 
137034 226 
137036 140 
137056 864 
137098 240 
137189 779 
137276 540 
137340 3604 
137435 777 
137453 241 
137534 1459 
137562 1287 
137719 856 
137888 1843 
137942 269 
138046 850 
138068 1258 
138247 409 
138339 10 
138381 1280 
138394 380 
138405 263 
138485 234 
138488 595 
138584 786 
138687 136 
138693 285 
138710 680 
138885 486 
139147 2034 
139190 1165 
139285 904 
139358 1213 
139407 423 
139442 503 
139492 664 
139677 700 
139685 173 
139777 26 
139803 112 
139882 436 
139886 258 
139890 968 
139892 982 
140002 664 
140029 1516 
140035 47 
140080 648 
140093 559 
140217 240 
140556 122 
140594 63 
140599 576 
140652 856 
140826 57 
141048 470 
141119 512 
141156 7 
141216 365 
141223 694 
141238 602 
141257 674 
141272 95 
141289 1363 
141291 534 
141301 251 
141361 15 
141399 63 
141420 1048 
141431 347 
141484 175 
141681 1151 
141727 203 
141772 175 
142022 103 
142025 3505 
142062 227 
142083 999 
142103 19 
142241 326 
142357 14 
142409 98 
142449 762 
142521 4892 
142536 153 
142621 406 
142625 612 
142877 629 
142958 22 
142998 4050 
143160 810 
143173 1088 
143182 104 
143190 1100 
143237 1307 
143261 8 
143372 1219 
143397 47 
143529 310 
143610 130 
143921 1356 
143923 60 
143930 384 
143936 451 
144050 1007 
144096 244 
144109 2590 
144193 439 
144405 439 
144484 355 
144493 1557 
144712 21 
144743 2859 
144835 1011 
144896 1705 
144971 595 
145106 445 
145164 174 
145284 521 
145353 280 
145486 276 
145592 353 
145698 143 
145744 483 
146304 60 
146396 841 
146603 565 
146618 1342 
146660 2144 
146792 343 
146921 1016 
147064 1501 
147137 3684 
147287 993 
147377 1400 
147469 1235 
147613 391 
147629 275 
147659 302 
147692 1430 
147801 613 
148107 810 
148126 468 
148131 1000 
148168 125 
148168 125 
148463 3 
148530 251 
148643 464 
148770 870 
148823 448 
148825 966 
148909 140 
149416 486 
149627 311 
149749 222 
149805 1398 
149843 1073 
149964 850 
150061 226 
150076 259 
150318 1741 
150357 1110 
150536 23497 
150585 127 
150624 2514 
150718 516 
150759 1047 
150807 3344 
150824 459 
151040 136 
151139 565 
151204 70 
151310 357 
151315 4782 
151649 63 
151678 1273 
151733 58 
151832 478 
151896 478 
152015 1178 
152043 1198 
152137 424 
152335 468 
152380 300 
152478 319 
152582 348 
152600 1326 
152607 1547 
152687 41 
152788 2606 
152882 766 
152887 1082 
153297 187 
153325 661 
153439 1985 
153521 109 
153527 94 
153558 120 
153616 195 
153696 94 
153898 1188 
153931 150 
153957 731 
154011 812 
154101 124 
154156 2962 
154160 284 
154291 12 
154368 18 
154497 2 
154514 143 
154614 98 
154630 71 
154735 767 
154754 745 
154878 246 
155042 950 
155056 251 
155065 535 
155076 10 
155148 1753 
155658 546 
155697 185 
156051 236 
156098 131 
156196 816 
156362 2122 
156445 418 
156926 213 
156966 39 
157024 8 
157065 0 
157082 772 
157440 286 
157535 1506 
157583 431 
157636 2229 
157808 193 
157819 1842 
157838 1700 
158022 767 
158272 39 
158296 303 
158342 180 
158451 3578 
158493 237 
158564 350 
158601 1350 
158603 10054 
158701 436 
158795 267 
158818 416 
158826 431 
158968 82 
158988 106 
158993 2400 
159087 470 
159254 300 
159391 307 
159415 6243 
159703 125 
159783 3566 
159840 1278 
159842 4112 
159845 1308 
159853 373 
159904 1269 
160094 0 
160367 1638 
160371 637 
160503 28 
160586 90 
160776 697 
160894 1658 
160947 1204 
160972 712 
161307 472 
161468 184 
161627 745 
161656 214 
161668 168 
161743 83 
161764 1602 
161820 2893 
161889 572 
161972 279 
162022 1009 
162055 849 
162076 221 
162256 583 
162587 496 
162775 317 
163020 439 
163020 439 
163053 1586 
163252 523 
163337 164 
163579 9920 
163792 276 
163888 2389 
163908 36 
163933 536 
164258 1585 
164278 15 
164316 1791 
164468 278 
164776 1242 
164832 149 
164866 1329 
164941 480 
164974 492 
165106 1543 
165184 568 
165199 490 
165802 8112 
165818 1219 
165854 274 
166125 116 
166214 20 
166432 298 
166449 2551 
166534 193 
166610 908 
166950 356 
167076 79 
167273 5 
167466 3390 
167487 1236 
167579 20 
167886 384 
167913 279 
167951 2057 
168092 600 
168319 84 
168331 59 
168853 702 
168886 335 
168932 1005 
169297 778 
169374 2095 
169846 2243 
170330 1511 
170604 1296 
170610 438 
170723 1856 
170852 276 
170899 15 
170972 67 
171558 7905 
171585 255 
171637 788 
171637 427 
171799 1005 
171899 759 
171929 803 
172514 319 
172717 774 
172875 5014 
172927 87 
173253 62 
173312 144 
173380 1458 
173420 59 
173451 2205 
173587 272 
173659 365 
173672 341 
173765 25 
173890 19 
173950 156 
173950 529 
174136 643 
174173 828 
174213 145 
174366 684 
174493 120 
174574 1265 
174586 4359 
174896 2832 
174931 64 
174952 237 
175003 139 
175055 748 
175949 1456 
176121 58 
176399 1157 
176677 413 
177618 2010 
177857 1103 
177912 330 
177923 643 
178255 29 
178255 29 
178988 887 
179018 47 
179255 598 
180629 1227 
181159 1594 
181172 3360 
181322 185 
182268 110 
182347 91 
182514 1146 
182558 935 
182781 17 
182881 65 
184060 54 
184552 159 
185209 3 
185254 661 
189386 9048 
189515 1948 
189979 233 
190494 1534 
190647 169 
191726 299 
192444 507 
192522 519 
192652 128 
192792 114 
192856 81 
193873 769 
194930 1030 
195046 5308 
195833 196 
196049 2472 
196544 712 
196795 335 
197225 1546 
197280 618 
197979 267 
198156 24 
198324 869 
198834 193 
199257 937 
199385 1737 
199433 2003 
199458 192 
199615 142 
200006 352 
200086 687 
200366 1442 
200582 849 
200687 747 
200761 36 
201838 1272 
201856 1903 
202031 563 
202460 1350 
203275 902 
203637 112 
203702 871 
204246 1188 
204623 321 
205972 1684 
206156 83 
206347 805 
206415 53 
206546 57 
206720 915 
206908 710 
207231 439 
207231 439 
207616 2405 
207923 607 
208712 2244 
209100 421 
209390 92 
210163 563 
210243 384 
210831 4 
210957 2103 
211288 278 
211854 98 
211974 194 
212078 1147 
212238 502 
212245 1681 
212363 569 
212439 361 
212669 4323 
212774 1760 
213376 348 
214804 256 
216539 1255 
216635 1253 
216835 99 
217250 167 
217516 279 
217631 276 
217666 298 
218366 72 
218608 325 
218798 216 
219325 133 
219701 201 
220170 162 
220248 21 
221811 376 
221921 893 
222557 250 
223003 260 
223151 432 
223548 209 
223743 15 
223870 98 
223911 1589 
224197 155 
224635 228 
224973 1278 
225486 1288 
225500 1451 
225560 202 
225821 1966 
226088 1536 
226093 263 
226212 249 
226500 1203 
226916 61 
226931 1540 
227389 314 
227455 423 
227710 343 
227952 645 
227995 1432 
228471 943 
228666 1909 
228880 154 
229072 10 
229146 69 
229247 1150 
229468 443 
229533 5 
229567 79 
229720 2520 
229959 366 
229968 450 
230116 87 
230122 160 
230145 593 
230264 1247 
230640 1248 
230842 87 
231192 393 
231279 507 
231300 965 
231381 343 
231439 297 
231481 178 
231616 275 
232531 2339 
234835 1936 
235140 19 
235369 1238 
235691 145 
236136 279 
236153 5 
236528 788 
236706 480 
236777 1587 
237107 202 
237246 122 
237402 177 
237776 418 
238034 2185 
238125 318 
238268 98 
238307 1175 
238358 3 
238793 1571 
239171 154 
239526 467 
239762 1368 
239942 556 
240031 133 
240031 17 
240311 1447 
240515 1145 
240554 236 
240810 447 
240963 11 
241090 81 
241402 7503 
241420 3747 
241768 1377 
242579 1415 
242806 637 
243199 353 
243293 153 
243306 72 
243376 197 
243756 447 
243873 2668 
244037 812 
245569 335 
245855 997 
245953 540 
246208 555 
246500 645 
246704 110 
246951 794 
247181 531 
247679 1167 
248262 252 
248920 160 
249330 1549 
249511 598 
249802 234 
250632 345 
252040 1595 
252043 1525 
252317 376 
253001 580 
254183 142 
254631 3675 
255259 54 
255451 14 
255882 1336 
255901 23 
256385 111 
256432 1580 
256455 154 
256490 119 
257669 833 
257746 79 
257792 1137 
258644 642 
258953 767 
259880 823 
260533 247 
260628 1367 
262101 359 
262440 29 
262778 344 
263926 63 
264204 145 
264263 50 
264500 260 
264544 340 
265728 670 
267861 1507 
268555 133 
269186 540 
269264 412 
269685 770 
269905 291 
270402 1204 
270418 3839 
270596 302 
270645 786 
271176 1314 
271205 1384 
272227 692 
273527 1451 
273667 477 
274067 35 
277444 120 
277650 389 
279581 4 
280157 258 
280952 608 
282511 1002 
284971 2762 
284971 2762 
285281 48 
285537 1320 
288266 1185 
292785 949 
293771 1634 
297990 877 
298339 811 
298602 125 
298793 139 
298972 11 
299418 898 
300883 403 
300997 1301 
301102 687 
301473 69 
302721 41 
305653 3419 
306267 514 
306403 404 
308075 665 
308281 109 
308895 648 
309505 4279 
309595 881 
310314 180 
310534 150 
310979 627 
313118 290 
313260 612 
314373 991 
315363 444 
316563 70 
316839 3076 
317185 715 
317343 106 
320753 18 
321053 15 
321455 76 
321906 151 
324180 121 
324454 1137 
324784 1573 
325075 157 
325246 32 
327395 128 
328734 18 
329746 140 
331268 913 
332667 392 
333434 182 
333922 343 
334279 785 
335612 67 
337766 589 
339367 52 
344909 1707 
344950 831 
347337 28 
351908 447 
352355 140 
352447 272 
353475 70 
353805 1378 
353934 232 
355872 251 
356522 736 
361527 128 
364272 176 
369733 285 
374560 577 
375690 114 
380090 1229 
385554 146 
386321 242 
388913 471 
392144 60 
393019 346 
394563 625 
395520 2786 
396062 89 
398031 4938 
398039 3651 
398086 1168 
398091 120 
400537 201 
404915 170 
405178 27 
406380 778 
407277 390 
410681 30 
411721 67 
414310 467 
415102 1344 
415247 1446 
417309 769 
417743 0 
418288 104 
418399 251 
420229 753 
420702 206 
422599 3916 
424688 622 
427811 2829 
428042 631 
429798 360 
432227 50 
444493 1357 
455233 1957 
469189 30 
473315 187 
473667 18050 
473778 1131 
473909 225 
473972 86 
474363 206 
478526 108 
483948 544 
485853 66 
487929 2561 
489915 115 
490920 237 
491390 1169 
492718 40 
497886 139 
498897 231 
498912 1041 
499004 80 
501182 2815 
504902 30 
506519 201 
511919 76 
513815 126 
551839 184 
552995 31 
553292 48 
562949 1644 
562956 5119 
562975 1709 
568096 1241 
569957 41 
576182 194 
579437 323 
588870 1167 
