3006 4.17604166667
0 4598311 
13 937 
16 85 
19 210 
20 1048 
21 131 
22 238 
22 48 
24 2156 
24 521 
25 154 
26 1561 
27 7492 
27 1652 
28 2625 
29 65 
29 169 
32 1834 
37 396 
39 199 
42 1135 
43 95 
44 341 
46 23 
47 79 
49 172 
49 56 
50 954 
50 250 
50 1592 
50 78 
51 1695 
52 847 
52 400 
53 151 
54 140 
54 40 
54 1530 
55 74 
56 3814 
57 185 
57 72 
58 562 
58 140 
58 50 
58 17 
58 416 
59 119 
59 468 
60 200 
60 311 
60 1241 
60 25 
61 146 
61 287 
63 543 
63 9 
64 178 
65 2094 
65 127 
65 59 
65 2425 
65 65 
65 27 
66 44 
66 333 
66 420 
66 45 
66 9236 
66 1518 
67 73 
67 111 
67 90 
68 317 
68 60 
68 147 
69 87 
69 51 
69 232 
70 802 
71 1529 
71 389 
72 127 
72 336 
73 13570 
73 70 
74 356 
75 1002 
75 2352 
76 326 
76 91 
76 400 
77 131 
77 112 
78 40 
78 589 
79 1498 
79 145 
79 201 
81 117 
82 1784 
82 798 
83 357 
83 2488 
84 20 
84 927 
84 327 
84 330 
85 128 
85 4 
85 209 
86 557 
88 7 
89 187 
89 12 
89 39 
89 520 
90 171 
90 1354 
91 74 
91 10 
91 307 
91 319 
92 119 
93 346 
93 489 
93 243 
94 282 
94 380 
94 1843 
95 38 
95 2898 
98 96 
98 121 
99 349 
100 1202 
101 113 
103 61 
104 337 
104 110 
104 2971 
105 212 
105 247 
106 672 
106 250 
106 285 
107 25 
107 73 
108 34 
108 852 
108 441 
108 42 
109 66 
110 242 
110 315 
113 187 
113 319 
113 337 
114 734 
117 1108 
117 588 
118 214 
119 111 
119 1918 
120 9 
120 100 
120 736 
121 588 
121 393 
121 155 
121 3571 
122 96 
122 114 
123 257 
126 1011 
126 192 
127 252 
127 236 
128 484 
128 126 
129 329 
129 3262 
131 84 
132 94 
132 73 
136 165 
136 580 
136 43 
137 31 
137 209 
138 187 
138 157 
138 28 
139 106 
139 324 
139 1596 
141 598 
141 1490 
141 127 
143 1431 
143 29 
143 522 
144 25 
145 0 
146 47 
148 108 
148 120 
150 85 
150 624 
151 61 
151 100 
153 203 
154 492 
155 297 
155 322 
155 1548 
156 206 
156 308 
157 34 
158 795 
160 365 
160 35 
160 969 
160 46 
161 264 
162 633 
163 616 
164 1332 
166 151 
168 208 
169 103 
170 50 
171 272 
171 364 
171 514 
172 262 
172 7 
173 417940 
173 82 
175 790 
176 68 
176 29 
177 231 
177 57 
178 1022 
178 29 
179 179 
180 1059 
181 61 
182 183 
182 9 
183 555 
183 2131 
183 201 
183 334 
183 359 
184 266 
184 619 
185 377 
186 95 
187 560 
188 110 
189 46 
190 46 
191 23 
191 106 
193 37 
194 130 
195 3604 
195 458 
195 15 
201 223 
201 68 
202 421 
203 201 
203 12 
206 253 
207 10420 
207 101 
210 30314 
210 519 
211 1065 
213 1462 
214 281 
216 834 
217 182 
218 562 
221 572 
222 206 
222 468 
223 5104 
225 1738 
226 918 
227 558 
228 825 
230 162 
231 396 
231 700 
232 1545 
233 673 
233 67 
233 202 
234 200 
234 28 
237 67 
237 238 
237 171 
240 381 
241 332 
242 24 
243 535 
243 270 
247 5202 
248 1 
250 235 
253 683 
253 529 
253 92 
254 205 
258 297 
263 191 
266 1101 
266 206 
267 60 
267 9 
268 122 
268 32 
270 369 
271 540 
273 243 
275 57 
276 135 
280 829 
284 516 
285 1237 
286 69 
287 127 
289 523 
289 269 
289 499 
290 1145 
294 877 
294 58 
295 408 
295 2103 
296 175 
299 3552 
301 2312 
301 468 
304 650 
304 23 
308 440 
308 225 
308 58 
309 170 
311 927 
315 211 
318 493 
323 66 
326 1242 
326 535 
327 1513 
328 578 
330 1264 
332 11359 
333 973 
339 212 
343 144 
343 41 
344 648 
347 272 
352 66 
353 122 
355 324 
359 2018 
359 6 
361 7 
366 2688 
367 124 
369 740 
374 141 
375 115 
375 355 
377 205 
378 2067 
382 82 
385 1855 
387 1234 
390 99 
393 1120 
401 193 
403 2884 
404 605 
404 766 
404 1200 
405 443 
405 419 
406 230 
408 65 
414 567 
416 56 
420 3115 
421 211 
422 52 
423 3596 
423 1584 
425 184 
426 521 
427 818 
427 47 
428 104 
430 87 
431 160 
436 104 
438 28 
440 131 
442 713 
446 5130 
448 189 
449 614 
449 685 
450 436 
453 110 
453 1396 
456 52 
457 1280 
459 322 
462 159 
462 5 
465 40 
467 214 
467 1178 
471 8 
483 2699 
486 268 
493 73 
498 1822 
500 232 
500 405 
505 1536 
508 162 
509 129 
513 1131 
528 432 
529 1568 
529 2852 
529 402 
531 94 
532 161 
538 1141 
540 117 
550 152 
552 97 
558 273 
558 123 
558 975 
560 631 
565 17 
573 66 
576 284 
577 1084 
584 141 
588 137 
590 952 
595 970 
598 23 
606 1 
609 759 
613 238 
620 2464 
621 682 
623 82 
625 114 
627 99 
630 106 
636 1154 
638 730 
639 127 
647 15 
649 69 
669 857 
673 40 
674 35 
675 570 
684 300 
685 188 
688 65 
694 125 
704 46 
708 1314 
712 139 
721 3 
724 2094 
726 463 
729 195 
736 104 
737 1094 
747 32 
760 230 
763 222 
766 306 
779 413 
782 13 
785 517 
786 566 
794 8 
798 84 
801 323 
810 1891 
814 1283 
818 645 
824 1715 
826 19 
827 3831 
855 138 
861 37 
873 769 
874 165 
877 2065 
886 192 
888 70 
891 71 
892 82 
894 1932 
897 2055 
904 1448 
905 238 
910 78 
914 579 
928 9 
929 67 
941 1954 
944 1037 
961 2148 
963 208 
966 134 
974 937 
976 852 
984 414 
989 2542 
995 105 
998 249 
1002 16 
1015 1005 
1018 425 
1027 64 
1034 1783 
1034 1403 
1036 469 
1044 2378 
1068 1230 
1074 31 
1083 1071 
1085 41 
1096 0 
1118 70 
1123 601 
1125 32 
1130 2 
1138 165 
1172 50 
1179 113 
1181 119 
1184 50 
1188 2 
1191 418 
1192 196 
1194 244 
1222 221 
1225 63 
1236 931 
1246 361 
1251 163 
1313 361 
1322 156 
1324 248 
1337 1705 
1354 419 
1362 1205 
1363 156 
1374 272 
1388 58 
1435 666 
1483 70 
1483 175 
1491 23 
1494 48 
1521 596 
1536 432 
1538 985 
1562 62 
1570 62 
1584 744 
1605 124 
1622 347 
1631 32 
1659 120 
1689 8 
1720 164 
1721 1073 
1734 268 
1738 430 
1745 557 
1756 402 
1776 3740 
1788 1312 
1789 382 
1804 79 
1806 27 
1816 320 
1817 24 
1838 87 
1856 154 
1862 14243 
1868 18 
1882 22590 
1892 265 
1893 40 
1917 23 
1925 4 
1932 646 
1937 765 
1946 4 
1962 790 
1970 90 
1984 28 
1984 349 
1988 150 
1995 268 
2001 74 
2020 88 
2052 3113 
2057 1602 
2089 359 
2096 269 
2103 1023 
2126 9 
2127 1365 
2135 249 
2160 54 
2163 11 
2164 72 
2215 5 
2229 395 
2288 49 
2299 143 
2320 96 
2325 1665 
2327 518 
2327 449 
2335 121 
2348 487 
2350 199 
2360 282 
2368 282 
2388 390 
2390 549 
2397 1277 
2407 56 
2424 234 
2436 746 
2436 290 
2440 183 
2450 183 
2462 228 
2471 125 
2477 796 
2482 499 
2496 150 
2508 34 
2524 2174 
2528 127 
2531 97 
2538 223 
2556 77 
2581 1478 
2633 528 
2647 170 
2658 186 
2682 116 
2685 220 
2703 717 
2768 46 
2796 1284 
2797 6244 
2812 1316 
2838 7950 
2926 1295 
2928 245 
2946 258 
2947 262 
2957 2427 
2957 38 
2959 260 
2962 127 
3006 627 
3036 0 
3037 6190 
3054 2748 
3087 154 
3094 5114 
3102 0 
3150 62 
3152 23 
3170 244 
3185 175 
3187 215 
3201 387 
3213 53 
3245 159 
3251 422 
3252 135 
3274 1331 
3275 49 
3286 76 
3327 1008 
3339 71 
3348 608 
3417 1062 
3423 60 
3491 561 
3492 232 
3503 2625 
3516 167 
3521 251 
3562 21 
3566 115 
3631 17 
3664 84 
3693 1130 
3700 550 
3745 96 
3782 44 
3817 48 
3825 4658 
3833 0 
3838 34 
3859 612 
3889 860 
3895 2132 
3916 466 
3936 118 
3952 1223 
3961 574 
3969 44 
4046 140 
4133 1904 
4134 827 
4140 1485 
4163 101 
4181 2037 
4181 108 
4235 23 
4298 32 
4375 2 
4387 973 
4418 101 
4442 28 
4482 543 
4482 266 
4547 180 
4564 564 
4584 1255 
4661 1913 
4705 91 
4720 87 
4721 664 
4820 947 
4826 4391 
4843 44 
4851 82 
4862 48 
4882 19 
4896 2147 
4967 81 
4972 1595 
4985 595 
5052 16 
5156 119 
5242 4342 
5295 443 
5326 641 
5338 27 
5351 43 
5388 517 
5446 253 
5522 14 
5558 417 
5561 20 
5586 17 
5604 369 
5612 144 
5624 1597 
5736 2036 
5805 4449 
5869 115 
5891 1484 
5902 2177 
5918 116 
5974 1510 
5983 43 
6067 654 
6115 2487 
6196 837 
6230 252 
6375 4615 
6480 39 
6504 35 
6571 144 
6582 392 
6602 1 
6604 1315 
6606 3225 
6669 98 
6683 243 
6686 12 
6733 191 
6777 9 
6825 450 
6892 2048 
6896 4064 
6976 877 
7020 1000 
7161 10 
7164 8 
7222 165 
7364 363 
7414 5 
7469 195 
7505 74 
7552 629 
7562 172 
7579 1142 
7667 14 
7673 24 
7779 763 
7817 60 
7857 865 
7890 89 
7950 513 
8031 1002 
8039 85 
8156 44 
8178 89 
8188 1766 
8285 108 
8364 4 
8421 1083 
8599 1684 
8609 3042 
8610 84 
8641 23 
8740 9 
8770 1698 
8803 248 
8811 488 
8892 126 
8893 455 
8941 781 
8962 1250 
8994 269 
9015 26456 
9048 673 
9139 37 
9211 194 
9250 514 
9342 1745 
9476 561 
9485 117 
9561 2313 
9580 2041 
9648 3830 
9711 3 
9791 2488 
9917 4170 
9920 351 
10024 9 
10258 1485 
10316 319 
10326 7245 
10469 53 
10503 6106 
10534 0 
10548 9 
10551 474 
10592 184 
10685 926 
10794 495 
10933 366 
10954 189 
10966 12144 
11034 2021 
11066 178 
11090 2108 
11263 15046 
11279 760 
11699 279 
11831 1088 
11947 631 
11997 831 
12007 649 
12115 1151 
12281 623 
12378 1 
12393 196 
12407 244 
12480 95 
12505 1196 
12603 214 
12620 1818 
12657 503 
12984 468 
13036 1030 
13216 396 
13304 241 
13311 369 
13361 33 
13383 2038 
13734 2056 
13801 134 
13810 3976 
14017 233 
14041 279 
14298 718 
14359 1287 
14456 4932 
14505 2010 
14506 1183 
14522 93 
14538 25 
14701 54 
14796 825 
15019 210 
15065 742 
15420 65 
15473 231 
15505 323 
15619 310 
15917 35 
15930 442 
16028 6330 
16092 31 
16210 269 
16458 108 
16511 267 
16529 1393 
16842 703 
16926 1156 
17017 203 
17090 141 
17131 120 
17291 23 
17395 1342 
17430 191 
17477 898 
17592 18 
17614 224 
17649 1480 
17697 2066 
17788 3398 
17911 1 
17989 476 
18181 1251 
18286 14 
18365 37 
18420 165 
18497 85 
18745 1027 
18812 484 
18818 153 
18943 1095 
19124 31 
19146 1232 
19156 1227 
19182 554 
19194 156 
19243 657 
19293 1283 
19334 221 
19391 835 
19551 667 
19583 263 
19668 668 
19721 78 
19774 168 
19854 490 
19877 0 
19907 1472 
20039 276 
20096 292 
20113 369 
20221 384 
20390 75 
20405 369 
20417 677 
20497 1282 
20514 4936 
20556 185 
20571 37 
20586 974 
20692 214 
20712 128 
20823 1339 
20868 206 
20871 1205 
20965 4149 
20998 429 
21092 1946 
21130 2860 
21196 572 
21205 877 
21240 255 
21269 1039 
21379 383 
21403 2415 
21403 626 
21433 131 
21442 1342 
21555 889 
21596 560 
21751 4376 
21811 267 
21896 284 
21905 1438 
22149 334 
22284 717 
22357 1482 
22357 2018 
22542 456 
22571 1984 
22699 1682 
22711 301 
22810 105 
22902 713 
23026 43 
23036 850 
23179 210 
23215 893 
23230 682 
23366 37 
23389 120 
23394 5232 
23397 46 
23407 79 
23420 1628 
23433 423 
23439 680 
23461 715 
23486 281 
23502 2731 
23550 1201 
23585 99 
23619 499 
23727 2680 
23756 6 
23767 288 
23793 1093 
23842 229 
23882 109 
23963 527 
24056 679 
24122 128 
24160 1232 
24169 621 
24384 79 
24585 182 
24604 4499 
24672 153 
24701 244 
24772 1531 
24777 501 
24819 342 
24909 266 
24910 598 
24938 7015 
24939 140 
24973 4321 
25001 535 
25031 802 
25063 1646 
25122 1592 
25125 1161 
25176 455 
25178 114 
25189 1234 
25193 1651 
25237 1005 
25263 43 
25272 826 
25273 2104 
25374 261 
25379 11 
25398 1557 
25406 2770 
25495 635 
25533 8829 
25607 388 
25704 2 
25729 101 
25755 1065 
25814 1104 
25834 189 
25964 2076 
25991 361 
26134 432 
26249 51 
26357 3291 
26375 213 
26382 102 
26397 140 
26432 9404 
26442 3010 
26626 2028 
26663 962 
26807 726 
26873 34 
26919 1004 
27025 252 
27086 1104 
27224 295 
27354 1269 
27373 23831 
27461 645 
27482 3656 
27517 2483 
27566 283 
27623 1312 
27632 279 
27797 0 
27800 47 
27824 1089 
27850 180 
27870 592 
27873 766 
27931 90 
27950 10957 
27963 3619 
27985 954 
28036 2618 
28066 1605 
28096 937 
28187 956 
28220 1063 
28237 558 
28237 558 
28352 141 
28459 27 
28524 2918 
28593 666 
28702 215 
28727 2919 
28756 231 
28806 55 
28857 916 
28984 691 
28991 1324 
28993 805 
29007 1101 
29012 1226 
29017 2587 
29042 224 
29129 123 
29178 258 
29185 668 
29432 570 
29461 90 
29472 1020 
29581 6091 
29592 16995 
29634 2718 
29635 174 
29767 392 
29809 1034 
29891 161 
29915 155 
29962 6709 
30021 973 
30146 492 
30197 138 
30270 5828 
30277 7798 
30324 1713 
30346 2285 
30366 35 
30374 2142 
30390 16 
30406 440 
30420 1341 
30428 3791 
30446 821 
30455 1437 
30486 2795 
30532 457 
30545 1196 
30570 75404 
30583 1121 
30592 257 
30594 290 
30680 558 
30744 501 
30905 190 
30956 1847 
30984 1075 
30985 3184 
31035 299 
31045 958 
31079 82 
31081 537 
31113 1106 
31160 29 
31171 528 
31175 0 
31237 43 
31239 689 
31314 470 
31370 15449 
31489 1275 
31552 328 
31622 2447 
31675 199 
31710 221 
31740 450 
31746 1717 
31746 9 
31863 768 
31868 16 
31872 206 
31943 248 
31949 1313 
31963 158 
32026 385 
32040 1115 
32062 757 
32100 1296 
32177 1665 
32247 1202 
32272 99 
32345 3176 
32350 865 
32424 1446 
32475 2296 
32505 1175 
32509 1755 
32599 663 
32633 295 
32635 551 
32645 207 
32661 89 
32726 1651 
32788 235 
32858 4814 
32867 383 
33068 1743 
33074 232 
33077 130 
33189 218 
33269 910 
33269 5921 
33372 282 
33375 2259 
33454 190 
33538 278 
33551 1937 
33580 379 
33586 328 
33587 10 
33590 15 
33619 193 
33683 599 
33718 177 
33837 1218 
33905 3092 
33917 1904 
33950 265 
33972 141 
34036 778 
34067 320 
34182 922 
34220 592 
34225 2139 
34241 71 
34257 891 
34325 333 
34376 2195 
34377 375 
34442 1535 
34477 87 
34496 88 
34525 69 
34554 578 
34558 588 
34592 113 
34638 538 
34668 897 
34679 697 
34709 2542 
34744 1338 
34755 87 
34799 432 
34847 1602 
34886 944 
34939 802 
35012 102 
35080 106 
35113 1750 
35234 545 
35241 181 
35318 300 
35472 179 
35521 37 
35560 3 
35575 90 
35577 126 
35630 1661 
35692 946 
35716 270 
35857 177 
35866 526 
35869 109 
35870 221 
35885 595 
35955 3719 
36000 1941 
36002 1805 
36041 255 
36210 1 
36275 7 
36342 110 
36390 68 
36453 57 
36523 1849 
36567 324 
36571 625 
36631 1422 
36639 3106 
36672 152 
36749 627 
36849 182 
36857 27 
36860 303 
36891 32 
36941 416 
36987 477 
37011 801 
37207 524 
37300 296 
37360 38 
37368 1116 
37376 111 
37383 841 
37399 2331 
37467 292 
37478 91 
37482 1708 
37507 251 
37523 4144 
37529 835 
37531 579 
37555 119 
37589 357 
37642 638 
37647 576 
37738 1064 
37842 605 
37883 143 
37919 74 
37941 445 
37954 227 
37977 724 
37983 50 
38006 2062 
38056 385 
38067 268 
38069 432 
38084 738 
38105 1114 
38127 512 
38163 304 
38189 2064 
38255 115 
38318 1067 
38481 4000 
38601 295 
38612 1507 
38615 2480 
38627 157 
38630 180 
38635 131 
38661 403 
38689 1666 
38789 300 
38894 333 
38976 87 
38984 932 
39082 5338 
39089 1361 
39138 2154 
39158 924 
39175 157 
39202 265 
39218 3256 
39226 1575 
39262 259 
39274 230 
39287 402 
39313 106 
39343 1453 
39368 1526 
39381 433 
39394 128 
39444 2421 
39480 318 
39514 510 
39546 720 
39558 847 
39566 968 
39610 2060 
39651 351 
39669 551 
39689 616 
39799 9 
39846 111 
39887 1276 
40136 78 
40218 325 
40451 923 
40491 399 
40536 290 
40542 1126 
40546 20 
40565 779 
40630 667 
40691 253 
40705 960 
40708 417 
40746 449 
40753 3552 
40802 296 
40819 2795 
40854 2897 
40863 127 
41027 58 
41038 458 
41047 3857 
41072 2055 
41075 1224 
41095 2396 
41106 593 
41218 1732 
41218 2659 
41237 814 
41259 3540 
41306 81 
41345 831 
41356 22 
41363 256 
41425 265 
41501 534 
41506 11 
41522 1741 
41542 68 
41557 426 
41593 2938 
41625 1217 
41720 330 
41768 1408 
41816 6891 
41836 4 
41850 196 
41856 1487 
41866 2465 
41891 222 
41915 641 
41930 377 
41990 7192 
42013 239 
42102 268 
42116 854 
42203 117 
42473 107 
42480 1622 
42494 2797 
42520 609 
42530 50 
42572 5256 
42580 77 
42591 125 
42672 4600 
42713 1072 
42767 1151 
42798 144 
42804 197 
42810 959 
42814 2103 
42840 18 
42853 1833 
42873 425 
42874 1534 
42877 34 
42911 573 
42957 52 
42959 309 
42968 722 
42976 2430 
43000 692 
43045 3477 
43046 281 
43049 1546 
43059 391 
43073 957 
43116 813 
43172 5197 
43174 294 
43178 77 
43189 560 
43200 782 
43254 59 
43283 1196 
43285 253 
43304 513 
43362 63 
43366 3671 
43371 124 
43385 2086 
43394 188 
43488 4131 
43506 74 
43529 953 
43529 638 
43597 314 
43597 6118 
43641 51710 
43644 1080 
43658 2409 
43666 2621 
43686 132 
43703 107 
43704 335 
43744 117 
43780 1307 
43811 404 
43847 15 
43852 249 
43922 679 
43939 165 
43964 1797 
44053 1341 
44059 16 
44077 415 
44136 129 
44171 1186 
44248 2724 
44262 146 
44393 83 
44439 418 
44480 214 
44535 2079 
44544 623 
44548 655 
44549 954 
44603 496 
44604 244 
44704 128 
44740 2659 
44745 262 
44752 800 
44796 516 
44864 234 
44960 2564 
44988 264 
45040 480 
45066 1429 
45074 59 
45086 2822 
45146 728 
45181 196 
45182 300 
45190 2000 
45230 119 
45259 117 
45288 304 
45332 644 
45337 1287 
45337 652 
45388 1254 
45389 189 
45397 213 
45436 2186 
45462 5328 
45477 1475 
45502 429 
45506 919 
45517 885 
45541 8 
45568 2023 
45582 3578 
45635 1876 
45714 559 
45720 1587 
45721 1418 
45755 25496 
45783 427 
45789 843 
45790 1429 
45844 398 
45847 664 
45864 26 
45935 296 
45970 472 
46091 1796 
46148 456 
46187 265 
46190 441 
46202 1051 
46236 564 
46236 17 
46277 499 
46288 322 
46341 1116 
46355 1142 
46403 382 
46473 70 
46480 1200 
46482 2324 
46493 464 
46493 1008 
46539 603 
46545 155 
46571 643 
46574 1749 
46576 1315 
46581 668 
46606 265 
46636 621 
46650 399 
46657 250 
46721 741 
46737 141 
46751 140 
46814 148 
46823 556 
46865 872 
46941 73 
46968 972 
46990 474 
47043 9 
47052 756 
47076 3585 
47096 5628 
47208 789 
47254 256 
47317 5522 
47370 465 
47406 1160 
47445 161 
47456 614 
47499 379 
47513 189 
47578 658 
47665 221 
47699 1240 
47712 168 
47756 1440 
47763 1751 
47783 2490 
47799 811 
47836 385 
47899 2429 
47912 325 
47931 1374 
47939 65 
47946 55 
47953 75 
47956 124 
48016 482 
48028 909 
48053 544 
48082 446 
48105 539 
48141 427 
48155 121 
48176 526 
48205 463 
48213 120 
48229 354 
48254 132 
48306 768 
48362 252 
48408 106 
48421 470 
48462 1051 
48584 485 
48624 7956 
48646 844 
48651 119 
48683 320 
48725 449 
48736 170 
48868 15 
48905 90 
48906 468 
48940 632 
48956 713 
48961 897 
48966 72 
48967 882 
49018 45 
49069 798 
49070 488 
49148 718 
49252 530 
49286 52 
49436 80 
49439 754 
49588 1871 
49619 268 
49655 90 
49658 2382 
49665 955 
49702 606 
49792 2029 
49826 1739 
49887 150 
49898 1933 
49915 405 
49945 5209 
50004 260 
50015 4068 
50058 85 
50067 289 
50087 1260 
50091 192 
50092 812 
50119 555 
50156 52 
50156 42 
50186 582 
50293 3060 
50300 265 
50489 418 
50499 2787 
50543 467 
50543 1735 
50603 209 
50665 741 
50679 814 
50682 84 
50716 1595 
50725 1395 
50744 755 
50766 210 
50793 1967 
50850 757 
50860 2999 
50904 137 
50906 545 
50925 86 
50952 477 
50973 238 
51019 597 
51053 909 
51071 594 
51120 82 
51165 958 
51186 700 
51202 955 
51291 1971 
51303 216 
51322 3330 
51330 1809 
51332 1715 
51376 3052 
51438 28 
51616 2167 
51648 1073 
51668 640 
51687 688 
51691 325 
51692 1294 
51692 401 
51724 1544 
51734 725 
51752 84 
51771 623 
51777 304 
51806 391 
51826 781 
51943 1656 
51956 1257 
51979 493 
52018 3370 
52054 1559 
52125 364 
52147 272 
52199 512 
52212 0 
52245 1022 
52246 335 
52286 192 
52360 952 
52384 896 
52421 368 
52430 534 
52432 1 
52480 33 
52611 3241 
52703 275 
52794 540 
52810 568 
52897 693 
52899 148 
52916 890 
52922 1128 
53185 725 
53292 147 
53442 471 
53495 133 
53528 24 
53533 471 
53552 463 
53564 221 
53574 3572 
53604 471 
53636 217 
53669 921 
53726 202 
53741 53 
53815 1113 
53826 1735 
53869 1496 
53880 1225 
53906 1020 
54008 12593 
54048 1075 
54053 741 
54073 580 
54092 296 
54126 218 
54163 443 
54164 269 
54226 1101 
54285 585 
54347 439 
54398 560 
54429 228 
54458 103 
54463 586 
54470 884 
54480 14 
54484 1911 
54496 143 
54512 280 
54534 211 
54542 1354 
54550 747 
54550 266 
54578 844 
54588 1252 
54622 70 
54666 442 
54666 1274 
54679 243 
54692 117 
54701 925 
54703 926 
54707 157 
54712 0 
54753 7550 
54870 639 
54884 831 
54916 570 
54934 1643 
54943 393 
54959 53 
55213 468 
55239 33 
55258 207 
55334 649 
55377 1422 
55388 138 
55431 11 
55471 942 
55512 107 
55525 312 
55607 3707 
55608 589 
55620 3596 
55630 126 
55662 805 
55673 35 
55696 964 
55718 237 
55746 1886 
55768 336 
55772 262 
55780 329 
55780 1950 
55796 952 
55831 1409 
55853 418 
55870 2127 
55874 3849 
55898 1954 
55922 877 
55956 95 
56002 1625 
56078 394 
56154 1553 
56184 20 
56197 1333 
56238 73 
56256 1115 
56260 59 
56273 656 
56298 2333 
56314 497 
56316 557 
56395 605 
56404 393 
56515 1077 
56537 249 
56594 974 
56631 769 
56650 1797 
56708 1169 
56760 2496 
56806 10092 
56898 1371 
56906 7381 
56914 335 
56951 224 
56960 481 
56965 536 
56987 2458 
56988 746 
57015 1084 
57022 829 
57040 154 
57047 251 
57052 734 
57070 2907 
57087 2460 
57106 1355 
57165 2383 
57178 830 
57203 134 
57211 769 
57223 207 
57356 952 
57369 1166 
57459 382 
57509 861 
57519 180 
57546 1003 
57554 1403 
57592 10 
57656 706 
57679 1351 
57696 2149 
57722 52 
57784 402 
57796 234 
57809 147 
57830 2707 
57841 668 
57915 468 
57952 400 
57957 383 
57976 614 
57986 363 
57991 687 
58008 1130 
58036 45 
58088 896 
58138 689 
58208 132 
58208 1258 
58230 179 
58241 1009 
58278 644 
58278 644 
58545 28 
58649 84 
58847 1313 
58973 1123 
59074 2160 
59124 293 
59133 232 
59173 283 
59198 1836 
59213 411 
59215 575 
59299 61 
59355 12 
59418 316 
59570 2511 
59593 1968 
59738 37 
59783 3 
59814 180 
59861 103 
59905 644 
59975 882 
60050 1699 
60114 89 
60173 622 
60233 44 
60248 1110 
60263 1348 
60268 680 
60299 238 
60305 195 
60309 1390 
60363 229 
60366 73 
60386 194 
60387 1034 
60438 802 
60458 8605 
60479 445 
60548 1 
60559 132 
60585 1329 
60605 471 
60687 1331 
60741 2243 
60822 3926 
60834 1936 
60880 5059 
60983 7 
60989 260 
60997 594 
61018 25 
61146 1403 
61233 715 
61293 891 
61310 342 
61340 463 
61344 1198 
61365 1756 
61381 2021 
61391 20 
61450 2010 
61487 3896 
61515 311 
61555 253 
61598 346 
61691 562 
61705 685 
61873 2460 
61968 924 
62024 2280 
62112 2 
62115 979 
62115 3834 
62135 4769 
62153 134 
62163 1614 
62188 587 
62230 3072 
62237 2057 
62273 82 
62299 1831 
62324 860 
62358 1394 
62438 648 
62441 14956 
62464 185 
62520 1808 
62549 335 
62555 403 
62579 350 
62653 425 
62693 1045 
62722 1019 
62729 1037 
62894 856 
62907 109 
62924 386 
62934 620 
62938 73 
63030 1357 
63044 1465 
63092 235 
63101 2044 
63123 2708 
63332 3266 
63402 356 
63531 3320 
63580 63 
63591 98 
63651 1112 
63744 98 
63759 806 
63762 890 
63786 1974 
63814 563 
63827 457 
63840 733 
63861 1715 
63862 155 
63868 248 
63884 189 
63904 649 
63983 1415 
63985 127 
63991 256 
64025 3242 
64029 40 
64059 545 
64064 141 
64073 1350 
64073 2609 
64135 0 
64204 3139 
64270 127 
64302 2461 
64411 646 
64422 195 
64478 205 
64484 3230 
64497 112 
64520 131 
64522 2040 
64540 77 
64638 1422 
64656 198 
64663 502 
64672 39 
64708 3712 
64738 1387 
64738 793 
64750 416 
64791 534 
64867 357 
64919 4209 
64929 104 
64940 1516 
65086 1474 
65092 170 
65112 2268 
65166 786 
65234 162 
65251 1690 
65252 453 
65398 916 
65422 1081 
65455 195 
65548 983 
65559 238 
65585 754 
65587 415 
65595 381 
65676 12 
65681 1038 
65696 5279 
65748 602 
65801 1810 
65813 1318 
65825 10424 
65865 1347 
65886 110 
65904 81 
65961 384 
66115 1888 
66161 891 
66241 813 
66277 1769 
66290 1629 
66292 1056 
66303 116 
66306 1305 
66471 1823 
66497 381 
66512 198 
66542 1277 
66611 1226 
66624 585 
66637 10406 
66656 1158 
66694 296 
66698 1429 
66706 107 
66715 217 
66791 129 
66801 84 
66803 11 
66808 1159 
66863 142 
66943 49 
66996 274 
67020 1541 
67166 844 
67288 16071 
67298 203 
67318 894 
67329 791 
67332 101 
67359 1273 
67412 2868 
67433 1019 
67485 1420 
67519 1602 
67563 103 
67634 455 
67639 1212 
67786 1752 
67819 218 
67877 8114 
67928 309 
68022 346 
68035 574 
68069 188 
68087 33 
68091 21 
68149 1492 
68176 263 
68185 690 
68187 234 
68192 1182 
68198 281 
68219 211 
68224 300 
68227 335 
68255 46 
68276 269 
68278 3214 
68290 838 
68302 168 
68310 1663 
68311 56 
68349 238 
68406 1262 
68452 30 
68463 91 
68465 686 
68472 2306 
68474 1333 
68501 154 
68509 111 
68525 21 
68546 1708 
68565 50 
68580 456 
68649 6547 
68733 1045 
68764 2914 
68789 1915 
68843 652 
68852 522 
68875 232 
68878 3402 
68893 109 
68904 530 
69003 1309 
69018 467 
69032 1635 
69040 2175 
69057 2715 
69076 154 
69160 668 
69169 651 
69300 386 
69311 342 
69360 2814 
69417 1656 
69465 139 
69470 2311 
69472 3903 
69561 1469 
69641 501 
69647 1777 
69663 377 
69664 147 
69687 183 
69759 78 
69805 1507 
69950 874 
70004 1676 
70059 155 
70060 135 
70090 481 
70093 2062 
70114 2894 
70188 970 
70207 324 
70211 961 
70213 1859 
70241 3054 
70270 2313 
70295 365 
70318 57 
70323 1095 
70355 1200 
70421 232 
70427 460 
70450 242 
70457 1089 
70465 698 
70532 278 
70629 1337 
70647 24 
70682 531 
70688 1185 
70729 452 
70737 12 
70750 18 
70767 51 
70872 70 
70875 684 
70877 1566 
70897 1341 
70912 633 
70948 520 
70985 232 
71014 228 
71044 208 
71050 3268 
71073 121 
71128 92 
71130 914 
71143 1364 
71442 4159 
71490 302 
71547 1245 
71571 15 
71722 431 
71786 837 
71797 377 
71798 1745 
71836 2199 
71844 225 
71911 280 
71951 2868 
71983 1167 
71994 349 
72168 1092 
72477 1391 
72494 5094 
72523 1147 
72615 1279 
72649 352 
72745 2110 
72784 1194 
72878 526 
72886 367 
72985 386 
73081 214 
73110 208 
73283 275 
73303 419 
73343 82 
73440 101 
73452 675 
73472 1211 
73595 1516 
73617 2927 
73728 1410 
73736 647 
73767 111 
73834 1903 
73850 6378 
74440 933 
74448 746 
74609 329 
74732 1588 
74783 450 
74785 3449 
74908 1040 
74955 491 
75067 1045 
75269 409 
75533 4668 
75537 4746 
75575 3536 
75638 8 
75824 37 
75968 145 
76109 160 
76238 372 
76323 141 
76473 0 
76617 38 
76899 106 
76977 654 
77066 1029 
77101 97 
77109 32 
77197 844 
77213 1383 
77263 756 
77331 2856 
77350 872 
77479 340 
77554 190 
77678 914 
77721 3145 
77957 789 
77958 1226 
77966 56 
78073 76 
78245 137 
78255 164 
78271 471 
78336 2614 
78414 630 
78485 670 
78533 1505 
78565 39 
78723 119 
78822 1328 
78829 266 
78834 730 
78972 886 
78991 2893 
79089 822 
79242 119 
79252 309 
79289 572 
79292 3677 
79304 114 
79345 5569 
79745 10163 
79804 1743 
79872 195 
79875 651 
79892 14286 
79925 626 
79987 1024 
80015 1736 
80069 869 
80346 634 
80408 125 
80472 239 
80736 1007 
80762 13 
80805 717 
80960 248 
80984 75 
81465 998 
81478 352 
81529 310 
81632 169 
81892 46 
81960 1088 
82278 122 
82330 52 
82689 285 
82723 1019 
82944 17 
83077 2473 
83510 719 
83662 1427 
83761 631 
83826 685 
84105 98 
84269 1105 
84424 660 
84613 420 
84626 80 
85735 3787 
85961 2244 
85965 2073 
86872 92 
86905 403 
87144 505 
87243 565 
87686 606 
87718 145 
90596 257 
91814 159 
92184 1225 
92233 110 
92672 1005 
92897 158 
93358 530 
93838 303 
94539 1458 
95843 741 
98191 43 
99345 151 
99906 406 
100668 1 
100669 312 
100935 435 
101644 1421 
102780 94 
103028 878 
104201 1013 
104201 1013 
106458 1100 
106655 1886 
106712 1480 
106821 2438 
106862 1429 
106904 2118 
107172 1065 
107299 1662 
107723 1577 
108524 25 
109123 1360 
109130 222 
109254 481 
109266 71 
109320 331 
109593 1131 
109712 2334 
109814 365 
110554 2739 
110911 258 
110931 426 
111652 549 
113353 292 
113430 409 
114079 2676 
114209 407 
114362 47 
114451 261 
115211 454 
115527 842 
116076 297 
116643 649 
116672 823 
117033 823 
117043 447 
117151 572 
117347 525 
117532 760 
117623 1753 
117749 1621 
117871 91 
118037 200 
118102 243 
118201 10813 
118544 92 
118859 3150 
118947 11 
118995 9812 
119154 218 
119262 107 
119346 330 
119589 118 
119622 807 
119890 103 
120344 330 
120392 418 
120637 1685 
120718 876 
121057 482 
121307 9879 
121410 370 
121835 3538 
121857 133 
121868 1211 
121926 6230 
122098 3425 
122858 2414 
122885 7811 
122998 1342 
123024 91 
123272 130 
123274 75 
124200 20 
124337 211 
124391 292 
124859 248 
126310 17 
126594 781 
126835 194 
126923 673 
127234 1007 
127493 461 
127530 4833 
127640 998 
127847 428 
128042 1361 
128522 165 
128641 119 
128919 109 
129036 3016 
129074 534 
129104 245 
129318 649 
129426 13 
129622 366 
129626 478 
130286 325 
130386 1060 
130453 460 
130604 246 
130683 597 
130688 182 
130834 441 
131223 1755 
131381 472 
131516 625 
131893 7081 
131925 189 
131969 326 
131971 283 
132096 168 
132127 557 
132400 78 
132566 880 
132609 1884 
132633 2 
132671 13632 
132797 496 
132865 653 
133000 2934 
133364 156 
133390 554 
133504 1301 
133551 640 
133843 1483 
133963 1633 
134247 416 
134519 745 
134559 264 
134601 1214 
134828 329 
135044 172 
135882 55 
135882 1969 
136075 32 
136377 1159 
136382 1477 
136466 1381 
136517 3957 
136605 1703 
136660 305 
136777 288 
137248 1583 
137266 1715 
137560 1957 
137830 1329 
138274 140 
138456 2080 
139190 1025 
139407 1400 
139418 627 
139537 627 
139572 1098 
139867 253 
140091 147 
140474 1480 
140857 1906 
140883 159 
141259 1376 
141786 1968 
141786 128 
142039 185 
142182 3753 
142187 4460 
142317 814 
142836 590 
142869 500 
143008 687 
143389 771 
143551 169 
143590 956 
143600 225 
143657 333 
143730 448 
144452 924 
144663 654 
144756 75 
144965 1350 
145520 473 
145680 885 
146707 918 
146724 262 
146942 675 
147100 3039 
147606 361 
147712 1021 
147819 303 
148240 1063 
148287 108 
148292 3379 
148299 396 
148440 1187 
149386 776 
149393 16 
149537 151 
149552 769 
149554 16 
149634 1048 
149759 979 
149877 9147 
150214 908 
150253 649 
150339 236 
151156 830 
151476 354 
151499 24 
151581 1365 
152122 773 
152688 1554 
152720 809 
152725 2066 
153010 113 
153360 175 
153750 1523 
153851 190 
153880 4550 
153948 2187 
154055 939 
154206 8091 
154441 167 
154473 1155 
155146 164 
155373 1613 
155525 1964 
155601 2 
156185 1840 
156252 241 
156537 147 
156724 1734 
156785 40 
157210 2960 
157492 348 
157727 1088 
158440 981 
158486 315 
158513 3817 
158522 74 
158607 83 
158646 1761 
158836 1116 
158853 1929 
160503 35 
160503 111 
160995 191 
161604 643 
161669 175 
161820 220 
161982 581 
162222 45 
162455 1251 
162653 179 
162705 3265 
162820 1299 
162824 2013 
163032 8621 
163248 2579 
163286 548 
163373 1572 
163549 609 
163931 380 
164174 441 
164541 1153 
164899 536 
164966 1589 
165152 453 
166507 1571 
166601 998 
167087 453 
167746 2165 
168785 72 
169329 278 
169646 28 
169722 158 
169755 636 
170206 539 
171035 65 
171303 671 
171330 1101 
171453 79 
172215 224 
172388 274 
173572 383 
174105 897 
174258 1464 
174297 1145 
174770 764 
175717 273 
176184 194 
176847 435 
180826 632 
191592 77 
191972 887 
193701 268 
194885 1362 
195034 2198 
196063 1224 
196095 4970 
197056 2763 
197964 1877 
200643 906 
205498 2250 
205737 1470 
206709 5186 
206942 783 
207409 1585 
207425 1193 
207460 148 
207715 1320 
207764 326 
208506 442 
209419 155 
210249 631 
210562 82 
210747 148 
211298 512 
212111 472 
212519 1518 
214574 1623 
215280 1514 
215598 333 
215927 667 
216845 380 
216934 72 
217008 1429 
217288 675 
217558 1310 
217848 1256 
218075 178 
218247 782 
218864 43 
220002 711 
220009 484 
220091 2981 
220495 3051 
220739 1436 
221050 533 
221437 217 
221836 477 
222028 809 
222464 829 
222756 1471 
222846 3815 
222886 6874 
223174 185 
223546 1151 
224224 717 
224322 596 
224817 1556 
225247 180 
225248 210 
225570 1295 
226207 70 
226438 523 
226735 1548 
226879 8974 
228627 2664 
229285 786 
229362 186 
229366 430 
229832 45 
230119 698 
230355 635 
235068 238 
235190 1110 
235450 1687 
235579 165 
235939 111 
236463 865 
237124 2969 
237606 4532 
237993 841 
238734 2367 
238746 67 
239293 1147 
250963 663 
252093 530 
253035 576 
254891 539 
256261 874 
256466 46137 
260774 473 
262305 123 
262440 137 
270747 163 
270766 196 
272996 16505 
277755 1116 
280241 462 
280373 1498 
280473 2238 
282037 156 
286650 1021 
287135 769 
287534 415 
290817 170 
291719 1249 
294042 1010 
294964 270 
296554 1424 
298394 679 
300125 6503 
300187 3135 
300418 2561 
300441 77 
300993 16 
303097 472 
304011 1229 
304081 41 
304202 1370 
304373 208 
306775 766 
307493 1165 
308404 919 
308556 916 
309077 2361 
309357 450 
312149 1032 
313620 1198 
314305 565 
314650 348 
316320 1539 
316424 47 
316559 180 
317180 82 
317466 83 
317538 229 
318794 1746 
319604 813 
321895 1307 
323788 185 
324152 2268 
324546 65 
324634 335 
325426 464 
327715 1538 
327980 16 
328142 1511 
330549 233 
330986 1264 
331838 448 
332255 179 
332534 611 
334217 114 
334596 194 
334911 25 
336766 292 
338464 538 
339258 2148 
340716 277 
342512 708 
344073 99 
345876 6210 
348247 225 
349761 354 
352867 260 
355508 73 
356510 306 
359506 815 
361459 435 
373230 1558 
376033 298 
378631 751 
379113 152 
384238 830 
386241 269 
386804 1320 
388567 316 
388935 1330 
388984 2724 
390296 1092 
393373 786 
394977 287 
395507 71 
397766 69 
398424 302 
399696 568 
408176 610 
410104 1026 
413373 1923 
414070 196 
416681 35 
418515 1254 
419213 25108 
419223 7332 
422929 192 
423804 101 
424571 1711 
426899 243 
428512 278 
430468 71 
433371 302 
433552 396 
436353 148 
436446 1 
438895 1385 
446299 2435 
460726 503 
469479 1044 
469804 41 
475047 435 
485097 95 
485663 71 
488439 1365 
494620 577 
495764 279 
512014 1572 
512167 1572 
518306 184 
518357 408 
551614 47 
553808 391 
562893 645 
563480 1332 
572641 299 
581151 721 
582852 569 
596949 944 
