3597 2.7494212963
0 235945 
14 294 
18 61 
18 72 
19 16 
20 168 
21 216 
21 25 
21 1005 
22 31 
22 158 
24 5 
25 1214 
26 20 
26 576 
27 21 
28 32 
28 386 
29 53 
29 84 
29 1296 
30 289 
30 1374 
31 481 
31 57 
31 445 
31 122 
31 124 
32 58 
32 40 
33 69 
34 656 
34 127 
34 94 
34 7 
35 91 
35 27 
35 609 
35 41 
36 178 
36 194 
37 115 
37 45 
38 866 
38 17 
38 542 
38 77 
38 4 
38 16 
38 127 
39 25 
39 373 
39 314 
40 84 
40 146 
40 27 
41 235 
41 44 
41 157 
41 72 
42 52 
42 148 
42 245 
42 499 
43 24 
44 24 
44 25 
44 22 
44 22 
44 260 
44 605 
45 705 
45 740 
45 24 
45 4 
46 25 
46 16 
46 90 
48 372 
48 42 
48 150 
48 38 
48 338 
49 1123 
49 15 
50 680 
50 64 
51 276 
51 16 
51 5 
51 6 
52 17 
52 1474 
53 947 
53 605 
53 17 
53 12 
54 45 
54 136 
54 34 
54 568 
55 11 
55 451 
56 37 
57 3 
57 154 
57 35 
57 364 
57 9 
58 137 
58 159 
58 77 
58 41 
59 424 
59 41 
60 73 
60 7 
60 291 
61 15 
62 38 
62 155 
63 115 
63 17 
63 56 
65 148 
66 44 
66 169 
66 54 
66 547 
67 1087 
67 1056 
67 68 
68 135 
68 65 
68 55 
68 103 
69 12 
69 50 
69 72 
70 659 
70 2 
70 184 
70 70 
71 19 
71 22 
71 439 
71 186 
72 17 
72 326 
72 630 
72 51 
72 90 
73 21 
73 17 
73 23 
73 19 
73 17 
74 56 
75 38 
75 21 
75 195 
76 525 
76 56 
76 109 
76 58 
76 20 
77 53 
77 576 
77 23 
77 118 
77 84 
77 539 
77 38 
77 155 
78 117 
78 177 
78 53 
78 105 
78 516 
78 120 
79 232 
80 14 
81 23 
81 45 
81 36 
82 4 
83 138 
83 49 
83 128 
83 5 
83 166 
84 48 
84 175 
85 126 
85 11 
86 19 
86 30 
86 27 
86 56 
87 405 
87 118 
87 1000 
87 1271 
87 109 
88 35 
89 2 
89 40 
89 622 
89 96 
89 234 
89 13 
90 124 
90 59 
90 212 
90 5 
90 152 
91 743 
91 143 
91 189 
91 214 
91 74 
92 67 
92 46 
92 26 
92 40 
92 7 
93 54 
93 79 
94 173 
94 29 
94 432 
95 81 
95 415 
95 733 
95 74 
95 74 
95 255 
95 166 
96 153 
97 569 
97 359 
98 26 
98 7 
98 80 
99 10 
100 40 
100 5 
100 36 
100 50 
100 365 
101 27 
101 146 
101 52 
101 158 
102 165 
102 1 
102 207 
102 52 
102 9 
102 6 
103 23 
104 108 
105 669 
105 344 
105 72 
106 76 
106 424 
107 9 
108 11 
108 1 
108 89 
109 8 
109 109 
109 105 
112 52 
114 69 
115 1 
115 68 
115 73 
116 40 
117 145 
117 51 
117 422 
117 186 
117 31 
118 1 
119 91 
119 3 
120 84 
120 104 
120 202 
121 43 
121 151 
121 141 
121 91 
121 24 
121 167 
122 175 
122 65 
122 70 
123 195 
123 494 
123 172 
123 10 
124 40 
124 649 
124 9 
125 66 
125 92 
125 82 
126 252 
126 40 
126 37 
126 141 
127 86 
127 247 
127 5 
127 223 
127 14 
128 563 
128 15 
130 158 
130 1324 
130 338 
131 33 
131 36 
131 46 
131 34 
132 176 
132 11 
132 9 
133 35 
134 13 
134 1327 
134 12 
134 23 
134 8 
134 58 
134 88 
135 3 
135 1224 
135 41 
136 27 
136 118 
136 31 
136 11 
136 396 
137 299 
138 197 
139 55 
139 7 
139 15 
139 37 
139 398 
140 101 
141 7 
141 1307 
142 113 
142 104 
142 316 
142 23 
143 168 
143 25 
143 0 
145 9 
145 378 
145 35 
145 0 
146 289 
146 24 
147 32 
147 1039 
147 119 
147 949 
148 24 
149 140 
149 100 
150 530 
150 20 
151 151 
151 22 
151 125 
152 17 
153 6 
153 179 
154 22 
154 52 
155 152 
155 10 
157 187 
157 353 
157 4 
157 19 
157 37 
158 197 
158 20 
158 224 
158 169 
159 44 
159 32 
160 14 
160 34 
162 7 
162 94 
162 136 
162 16 
162 135 
163 177 
163 46 
163 11 
164 0 
164 1 
164 21 
165 189 
165 108 
165 92 
165 50 
166 610 
168 44 
169 75 
169 42 
169 78 
169 64 
170 48 
170 372 
170 11 
171 41 
171 46 
171 153 
172 91 
172 587 
172 44 
173 217 
173 109 
174 52 
174 192 
174 441 
174 50 
176 143 
176 92 
176 47 
176 4 
177 371 
177 74 
177 3 
179 22 
180 105 
180 1411 
180 265 
180 490 
180 148 
181 939 
181 14 
182 105 
182 118 
182 87 
183 125 
183 6 
183 38 
183 21 
184 2041 
185 126 
185 758 
186 56 
187 116 
187 173 
187 86 
188 9 
188 14 
188 40 
190 32 
192 137 
193 141 
193 419 
194 235 
194 9 
194 117 
195 8 
196 8 
196 26 
197 352 
197 237 
197 709 
198 301 
198 27 
200 147 
201 255 
203 20 
203 5 
203 55 
204 92 
205 91 
205 41 
205 9 
206 705 
207 124 
208 46 
208 179 
208 43 
210 34 
211 27 
211 214 
211 238 
211 162 
211 30 
212 377 
212 100 
213 36 
213 244 
214 48 
214 17 
215 32 
216 5 
216 18 
217 168 
218 37 
218 48 
218 16 
220 176 
221 1 
221 535 
221 30 
222 24 
222 65 
222 13 
223 20 
223 22 
224 53 
224 23 
225 5 
225 142 
225 34 
226 13 
226 57 
226 46 
226 24 
227 256 
227 1 
227 86 
228 26 
228 43 
229 18 
231 12 
232 239 
232 6 
233 190 
233 16 
234 173 
236 592 
237 106 
237 78 
237 98 
238 423 
238 360 
239 44 
239 10 
241 44 
242 40 
243 5 
243 14 
244 22 
244 166 
244 28 
244 92 
244 32 
244 26 
246 169 
246 549 
247 10 
248 44 
248 26 
248 162 
249 194 
249 86 
250 73 
250 269 
251 18 
251 231 
251 3 
254 22 
254 207 
254 99 
257 958 
257 24 
257 227 
257 2 
260 17 
264 35 
264 154 
264 33 
266 558 
267 29 
267 39 
267 31 
267 78 
268 76 
268 154 
269 160 
270 506 
270 804 
271 3 
272 89 
272 34 
272 0 
273 51 
274 22 
275 130 
275 107 
275 111 
275 5 
279 15 
281 261 
282 25 
283 0 
283 55 
283 15 
283 2 
285 375 
286 155 
287 18 
287 151 
289 11 
289 0 
290 262 
292 51 
293 149 
293 552 
294 34 
294 136 
294 114 
294 335 
294 36 
295 9 
295 56 
296 24 
296 5 
297 56 
297 57 
297 39 
298 9 
298 87 
299 6 
299 22 
301 0 
301 19 
302 25 
303 350 
303 35 
304 75 
305 52 
306 120 
307 31 
307 29 
308 773 
308 129 
308 3 
308 184 
309 88 
309 39 
310 3 
310 17 
312 0 
313 74 
314 3 
315 155 
316 9 
317 25 
317 7 
317 5 
318 141 
319 43 
319 41 
320 114 
321 32 
323 16 
324 183 
324 182 
325 34 
325 85 
326 6 
328 40 
328 81 
329 550 
329 598 
329 51 
330 68 
330 2748 
331 45 
332 43 
336 74 
336 179 
337 37 
340 377 
342 0 
344 90 
344 16 
344 91 
345 19 
346 259 
347 276 
348 82 
348 123 
349 260 
350 47 
350 4 
350 51 
351 62 
352 154 
352 161 
352 88 
353 44 
354 46 
354 405 
355 292 
355 10 
356 27 
356 18 
357 13 
358 9 
358 9 
358 67 
358 276 
359 1023 
359 217 
359 257 
359 11 
360 40 
361 72 
362 27 
363 112 
363 9 
363 1666 
364 132 
365 5 
366 56 
367 81 
367 341 
369 8 
369 254 
371 101 
371 8 
372 5 
373 17 
373 68 
373 128 
374 52 
377 34 
377 144 
378 281 
379 57 
379 231 
380 5 
383 20 
383 1283 
384 1636 
384 28 
386 1 
386 39 
388 2 
389 135 
390 5 
392 252 
393 26 
394 364 
395 254 
395 591 
396 155 
397 6 
398 84 
398 40 
401 32 
402 28 
403 8 
403 8 
405 14 
406 160 
406 461 
407 124 
408 27 
410 3 
410 55 
411 194 
411 28 
411 18 
412 12 
413 10 
413 2 
413 7 
413 3 
414 923 
417 58 
418 60 
419 87 
419 91 
420 33 
421 18 
425 335 
425 40 
427 24 
427 36 
428 5 
429 30 
430 454 
430 99 
431 44 
431 91 
432 95 
432 1680 
432 67 
432 80 
434 873 
435 78 
435 95 
437 315 
437 931 
439 53 
439 16 
440 346 
441 10 
441 140 
441 123 
442 97 
442 52 
443 10 
443 26 
444 47 
444 36 
445 15 
446 768 
447 26 
447 22 
448 5 
448 18 
449 55 
450 85 
450 108 
451 91 
452 118 
452 613 
453 340 
453 27 
454 95 
454 257 
455 107 
455 123 
456 72 
456 46 
456 58 
459 67 
460 2 
461 44 
463 72 
463 76 
464 8 
465 251 
465 9 
466 11 
466 65 
466 6 
468 8 
469 167 
469 41 
470 27 
471 22 
472 96 
473 4 
474 74 
474 162 
477 113 
477 11 
480 26 
480 226 
481 4 
482 133 
482 20 
483 4 
484 117 
486 27 
488 14 
488 42 
488 14 
488 68 
488 92 
489 2 
489 131 
489 13 
490 536 
490 72 
491 300 
493 22 
493 62 
494 36 
495 155 
495 21 
496 39 
497 55 
497 17 
498 22 
500 38 
501 39 
501 53 
507 25 
508 0 
510 265 
510 5 
511 387 
512 142 
514 40 
514 33 
515 63 
516 20 
517 99 
517 17 
518 599 
518 3 
519 41 
521 58 
521 99 
522 18 
523 19 
524 26 
524 136 
524 182 
525 1321 
526 9 
527 39 
528 9 
528 26 
529 21 
529 4 
532 105 
532 98 
535 5 
536 103 
537 41 
537 24 
538 907 
538 22 
539 12 
540 88 
542 23 
543 10 
544 183 
544 29 
548 16 
548 89 
548 19 
548 62 
549 2 
549 79 
549 93 
550 11 
552 15 
553 231 
553 18 
554 198 
554 373 
555 36 
556 18 
558 11 
558 1879 
559 32 
559 172 
564 727 
565 109 
567 25 
567 21 
569 4 
572 39 
573 33 
573 18 
576 14 
576 78 
577 68 
578 3 
578 145 
580 19 
580 40 
583 22 
584 36 
586 51 
586 143 
587 50 
588 175 
591 53 
592 141 
592 13 
593 49 
593 67 
594 327 
595 21 
596 167 
596 146 
597 113 
600 9 
601 63 
602 8 
607 10 
607 68 
608 22 
609 664 
610 25 
611 43 
611 26 
613 10 
613 65 
614 47 
615 139 
617 28 
617 10 
620 20 
622 41 
624 76 
626 20 
627 40 
629 190 
629 26 
633 60 
635 46 
637 211 
638 36 
638 22 
638 11 
639 127 
640 17 
640 185 
644 45 
645 60 
648 3 
648 70 
648 108 
649 9 
649 254 
651 19 
653 230 
654 27 
654 34 
654 910 
655 86 
655 129 
655 15 
655 1 
655 55 
657 5 
659 21 
661 696 
667 66 
667 548 
668 47 
669 32 
669 37 
670 46 
672 389 
674 54 
678 50 
679 11 
682 24 
682 6 
682 22 
683 54 
683 142 
684 84 
685 35 
686 9 
686 19 
687 53 
692 23 
694 59 
695 23 
697 265 
698 6 
698 174 
699 39 
699 657 
700 122 
700 122 
702 163 
703 104 
703 353 
705 79 
706 11 
706 22 
707 82 
708 155 
708 81 
710 272 
711 27 
712 151 
712 96 
713 4 
714 13 
715 7 
717 29 
718 44 
721 132 
721 36 
722 84 
725 11 
726 93 
726 102 
728 405 
730 985 
731 254 
734 81 
734 40 
734 15 
734 23 
735 14 
738 164 
738 20 
739 195 
741 7 
742 225 
745 434 
748 36 
748 12 
748 33 
749 482 
750 42 
750 492 
752 134 
753 35 
754 63 
761 395 
761 103 
762 8 
763 123 
764 108 
764 2 
765 19 
765 176 
766 71 
768 108 
768 141 
768 542 
768 3256 
769 5 
771 15 
772 72 
772 98 
773 77 
775 42 
777 87 
777 5 
781 450 
781 26 
782 121 
782 959 
786 59 
793 9 
793 4 
794 25 
794 42 
794 90 
797 980 
800 17 
800 95 
801 69 
803 24 
804 13 
805 36 
805 20 
811 44 
813 5 
815 5 
820 1019 
821 557 
822 740 
822 33 
824 25 
826 44 
827 63 
828 10 
829 279 
830 22 
830 12 
830 15 
830 363 
833 53 
836 4 
837 933 
837 47 
837 33 
837 132 
837 60 
838 29 
839 36 
841 43 
843 108 
843 29 
844 340 
850 4 
850 23 
852 1 
854 15 
855 18 
856 9 
859 259 
862 76 
864 79 
864 20 
865 33 
866 8 
870 110 
870 28 
870 31 
870 91 
872 9 
873 2 
877 747 
878 219 
879 29 
882 1066 
882 67 
883 63 
884 98 
884 653 
884 809 
886 22 
886 5 
889 31 
889 18 
890 13 
890 133 
891 64 
899 61 
902 16 
904 27 
905 15 
905 31 
906 831 
907 140 
909 137 
910 61 
915 27 
916 125 
917 45 
918 40 
919 22 
921 7 
922 245 
922 15 
924 123 
925 367 
925 14 
926 10 
927 45 
928 16 
930 108 
931 42 
932 66 
933 233 
939 119 
939 74 
939 1801 
940 24 
944 31 
944 31 
950 60 
950 60 
956 10 
956 10 
960 35 
960 19 
960 19 
960 35 
963 129 
963 129 
965 48 
965 48 
968 0 
968 0 
971 101 
971 7 
971 101 
971 7 
974 577 
974 577 
978 174 
978 174 
983 8 
983 8 
987 154 
987 154 
992 57 
992 3 
992 57 
992 3 
993 158 
993 158 
996 28 
996 14 
996 14 
996 28 
998 17 
998 17 
1000 6 
1000 6 
1003 75 
1003 75 
1006 64 
1006 24 
1007 45 
1013 61 
1013 92 
1015 82 
1016 1455 
1019 481 
1020 540 
1023 82 
1029 69 
1031 15 
1032 25 
1032 7 
1032 85 
1032 66 
1033 66 
1033 60 
1034 249 
1034 25 
1035 15 
1036 94 
1036 9 
1038 63 
1038 67 
1038 71 
1040 49 
1043 76 
1043 241 
1049 31 
1053 6 
1054 33 
1054 78 
1055 1889 
1055 384 
1056 23 
1059 94 
1061 9 
1064 2 
1064 26 
1065 1605 
1065 47 
1067 11 
1073 40 
1073 35 
1073 4 
1079 382 
1079 32 
1079 340 
1080 81 
1082 35 
1083 52 
1086 32 
1086 8 
1089 34 
1091 3 
1094 48 
1094 105 
1099 132 
1105 100 
1105 214 
1110 122 
1112 155 
1113 81 
1113 443 
1115 36 
1117 10 
1118 44 
1122 23 
1124 272 
1126 12 
1130 123 
1133 4 
1136 164 
1136 9 
1136 161 
1137 15 
1139 17 
1141 4 
1146 38 
1146 55 
1153 104 
1158 42 
1158 16 
1159 46 
1159 15 
1160 14 
1163 259 
1165 66 
1171 44 
1173 52 
1174 3879 
1175 67 
1175 409 
1177 34 
1182 26 
1187 1 
1188 23 
1188 13 
1190 61 
1195 117 
1197 9 
1199 21 
1201 8 
1202 23 
1202 19 
1206 1286 
1207 53 
1209 37 
1209 529 
1213 10 
1219 14 
1220 30 
1226 6 
1227 80 
1228 27 
1230 83 
1231 18 
1234 2 
1234 246 
1238 307 
1239 82 
1241 56 
1242 60 
1243 30 
1247 198 
1251 40 
1252 16 
1253 1 
1254 24 
1254 28 
1260 5 
1264 162 
1268 72 
1269 56 
1269 4 
1271 31 
1271 19 
1273 51 
1274 19 
1277 342 
1278 377 
1278 15 
1279 17 
1280 5 
1283 13 
1285 9 
1286 92 
1291 5 
1294 20 
1295 528 
1301 3 
1308 11 
1309 279 
1311 5 
1312 29 
1315 10 
1315 17 
1316 18 
1316 11 
1321 66 
1321 19 
1323 191 
1324 33306 
1324 243 
1325 48 
1329 145 
1333 8 
1335 8 
1339 29 
1342 213 
1343 180 
1344 24 
1350 134 
1353 18 
1354 7 
1354 31 
1354 265 
1360 62 
1366 18 
1369 211 
1373 142 
1374 270 
1375 2388 
1375 627 
1381 134 
1384 212 
1386 13 
1387 38 
1389 346 
1394 148 
1395 8 
1395 106 
1401 70 
1402 21 
1403 2 
1406 99 
1407 14 
1408 97 
1409 9 
1410 11 
1412 8 
1412 97 
1414 158 
1416 9 
1418 478 
1426 76 
1427 90 
1427 42 
1428 74 
1434 55 
1434 34 
1438 12 
1439 1 
1441 114 
1444 31 
1445 217 
1446 1228 
1447 145 
1448 109 
1452 62 
1455 298 
1459 124 
1462 18 
1462 63 
1463 69 
1467 278 
1472 64 
1476 105 
1478 537 
1480 19 
1480 41 
1483 4 
1492 35 
1492 64 
1495 30 
1499 8 
1503 57 
1504 9590 
1505 8 
1509 16 
1512 386 
1514 37 
1517 12 
1518 16 
1522 35 
1522 11 
1529 22 
1532 6 
1534 52 
1536 38 
1536 28 
1539 34 
1540 124 
1540 61 
1541 121 
1542 479 
1543 0 
1546 40 
1546 22 
1552 192 
1552 125 
1555 158 
1555 36 
1555 23617 
1556 19 
1561 64 
1561 47 
1561 208 
1561 51 
1561 77 
1563 107 
1563 37 
1565 66 
1565 506 
1567 42 
1569 8 
1569 6 
1569 17 
1572 141 
1574 122 
1575 10 
1580 80 
1582 30 
1588 6 
1588 31 
1591 10 
1593 422 
1596 42 
1599 347 
1599 296 
1599 29 
1601 51 
1602 1274 
1605 133 
1612 53 
1618 15890 
1618 13 
1621 228 
1627 76 
1628 39 
1630 64 
1631 23 
1635 110 
1638 135 
1643 70 
1643 96 
1645 92 
1646 64 
1646 4 
1648 131 
1653 55 
1654 103 
1663 12 
1665 11 
1671 24 
1681 208 
1681 50 
1683 33 
1683 17 
1684 27 
1684 8 
1685 52 
1689 94 
1690 49 
1693 21 
1697 385 
1698 22 
1701 104 
1702 201 
1702 29 
1703 1018 
1703 19 
1704 31 
1707 10 
1709 27 
1710 17 
1716 74 
1720 121 
1721 158 
1727 11 
1727 10 
1730 66 
1732 152 
1733 23 
1733 13 
1733 1 
1734 25 
1735 430 
1735 55 
1735 5 
1737 80 
1739 14 
1742 12 
1745 13 
1753 97 
1754 157 
1754 24 
1754 167 
1757 53 
1758 694 
1763 324 
1764 455 
1765 180 
1765 78 
1765 15 
1766 7 
1767 59 
1769 507 
1773 1 
1778 263 
1780 80 
1781 49 
1782 4 
1784 33 
1785 41 
1785 47 
1786 51 
1787 154 
1787 1 
1788 286 
1790 63 
1793 13 
1797 22 
1798 539 
1800 20 
1800 159 
1802 26 
1804 61 
1806 22 
1810 89 
1810 254 
1810 117 
1810 42 
1811 1 
1811 250 
1812 31 
1814 95 
1821 34 
1821 25 
1824 330 
1827 10 
1827 60 
1829 5 
1831 78 
1837 10 
1840 37 
1841 44 
1843 98 
1848 73 
1853 6 
1854 26 
1856 76 
1857 10 
1859 598 
1862 81 
1862 219 
1862 91 
1864 27 
1864 113 
1865 65 
1871 18 
1877 162 
1878 32 
1880 40 
1886 73 
1889 125 
1892 12 
1893 112 
1893 47 
1893 314 
1895 51 
1904 46 
1908 59 
1909 39 
1909 12 
1911 2 
1915 24 
1917 150 
1918 29 
1920 20 
1920 33 
1920 89 
1922 1 
1922 67 
1924 74 
1927 88 
1930 12 
1930 28 
1931 86 
1936 29 
1938 36 
1942 11 
1944 19 
1944 41 
1946 15 
1949 36 
1950 71 
1952 33 
1956 21 
1959 20 
1961 28 
1963 43 
1965 14 
1966 50 
1966 82 
1970 218 
1972 387 
1977 17 
1978 5 
1980 107 
1982 1388 
1982 21 
1986 1 
1986 154 
1988 6 
1988 52 
1991 5 
1991 35 
1992 184 
1993 46 
1993 44 
1997 64 
1998 155 
1999 23 
2000 10 
2001 73 
2008 155 
2010 1024 
2010 1 
2015 23 
2015 44 
2023 73 
2024 63 
2024 109 
2028 27 
2030 37 
2034 12 
2041 40 
2041 18 
2043 166 
2044 70 
2044 29 
2054 25 
2058 28 
2061 6 
2063 4 
2077 24 
2077 5 
2077 39 
2078 260 
2080 52 
2081 36 
2085 11 
2087 17 
2094 12 
2097 73 
2098 498 
2099 7 
2101 9 
2108 57 
2117 16 
2119 29 
2119 10 
2121 29 
2121 36 
2122 6 
2124 41 
2124 12 
2127 106 
2128 50 
2130 3 
2132 16 
2134 35 
2141 37 
2144 67 
2146 1 
2150 66 
2152 37 
2155 36 
2164 14 
2165 27 
2173 76 
2174 43 
2189 98 
2189 228 
2198 19 
2200 14 
2200 256 
2202 77 
2202 170 
2202 22 
2204 1 
2206 32 
2209 30 
2209 141 
2215 8 
2221 122 
2222 13 
2224 325 
2225 59 
2228 30 
2230 20 
2231 179 
2235 40 
2235 92 
2237 17 
2244 34 
2246 16 
2246 28 
2249 26 
2249 170 
2250 44 
2251 50 
2254 240 
2255 182 
2256 177 
2256 61 
2261 52 
2263 5 
2272 122 
2275 0 
2275 304 
2277 222 
2284 43 
2289 37 
2292 9 
2295 21 
2298 24 
2301 161 
2307 22 
2310 2 
2317 61 
2319 27 
2334 594 
2338 0 
2341 59 
2341 28 
2343 47 
2344 9 
2344 253 
2348 101 
2349 55 
2352 535 
2359 43 
2361 19 
2363 354 
2374 24 
2376 146 
2379 17 
2380 52 
2396 51 
2397 23 
2398 8 
2398 26 
2410 36 
2411 16 
2418 14 
2418 80 
2420 10 
2420 23 
2424 174 
2425 30 
2427 8 
2430 31 
2434 35 
2436 216 
2443 121 
2443 39 
2445 33 
2446 114 
2449 39 
2449 229 
2453 58 
2456 116 
2457 44 
2457 202 
2457 146 
2463 26 
2469 121 
2471 13 
2472 5 
2473 63 
2475 52 
2476 13 
2476 133 
2484 2 
2485 32 
2486 268 
2487 74 
2488 1049 
2491 104 
2494 4 
2499 65 
2500 108 
2500 47 
2515 102 
2517 319 
2525 37 
2527 25 
2528 236 
2532 162 
2535 13 
2537 623 
2540 26 
2541 4 
2541 73 
2543 17 
2543 98 
2545 4 
2549 4 
2553 23 
2559 12 
2561 329 
2563 48 
2563 30 
2565 33 
2567 8 
2571 35 
2576 64 
2579 6 
2582 125 
2586 117 
2587 12 
2596 23 
2598 335 
2599 64 
2602 34 
2607 81 
2610 157 
2610 47 
2611 19 
2611 120 
2616 83 
2618 37 
2632 46 
2633 83 
2640 10 
2640 5 
2649 22 
2655 20 
2655 8 
2660 33 
2662 15 
2663 14 
2665 21 
2667 679 
2668 35 
2669 147 
2669 65 
2676 23 
2679 412 
2691 70 
2699 7 
2701 6 
2704 11 
2713 8 
2714 574 
2717 3 
2721 86 
2721 58 
2723 480 
2724 50 
2737 623 
2739 4 
2740 23 
2743 38 
2743 70 
2744 36 
2744 108 
2745 11 
2746 11 
2751 21 
2754 118 
2756 187 
2756 36 
2756 75 
2760 9 
2761 8 
2768 24 
2770 44 
2770 10 
2775 30 
2776 17 
2780 14 
2782 117 
2784 82 
2784 15 
2785 82 
2786 3 
2792 653 
2796 128 
2800 86 
2805 16 
2806 87 
2808 34 
2813 109 
2814 171 
2814 3 
2820 8 
2832 17 
2843 59 
2849 21 
2850 12 
2850 75 
2853 119 
2859 23 
2862 58 
2863 41 
2864 11 
2866 133 
2872 20 
2872 130 
2873 29 
2883 42 
2887 17 
2890 1 
2892 28 
2894 2 
2903 25 
2903 14 
2905 45 
2910 109 
2920 4 
2921 36 
2922 726 
2923 115 
2927 132 
2933 0 
2940 64 
2950 12 
2951 4 
2954 21 
2958 12 
2966 5 
2968 44 
2977 66 
2981 10 
2992 280 
2997 5 
2998 254 
2999 297 
3014 143 
3018 6 
3019 66 
3021 203 
3021 1692 
3022 69 
3028 155 
3035 9 
3041 70 
3045 14 
3045 163 
3047 84 
3065 5 
3067 56 
3070 29 
3072 62 
3073 9 
3074 71 
3076 104 
3076 122 
3077 28 
3081 152 
3086 56 
3086 183 
3089 341 
3090 96 
3102 114 
3107 150 
3108 113 
3110 3 
3112 255 
3112 18 
3121 39 
3125 69 
3126 302 
3130 526 
3130 74 
3137 93 
3150 92 
3151 29 
3156 43 
3162 20 
3162 94 
3168 25 
3169 28 
3172 24 
3176 14 
3176 113 
3176 12 
3177 2 
3180 33 
3186 7 
3186 16 
3187 41 
3187 5 
3191 8 
3194 50 
3195 12 
3208 13 
3218 20 
3223 20 
3232 263 
3232 105 
3232 115 
3232 17 
3234 55 
3236 30 
3238 100 
3238 20 
3249 109 
3253 118 
3257 161 
3260 306 
3269 37 
3273 52 
3280 617 
3281 75 
3285 0 
3286 112 
3289 565 
3289 35 
3289 52 
3298 26 
3299 95 
3299 14 
3303 93 
3308 115 
3309 134 
3310 3 
3320 320 
3322 23 
3327 9 
3331 161 
3332 45 
3342 17 
3347 39 
3349 79 
3358 241 
3360 12 
3366 178 
3374 63 
3378 4 
3379 32 
3387 3 
3394 20 
3401 6 
3404 164 
3405 16 
3418 119 
3419 249 
3421 19 
3434 12 
3436 188 
3437 16 
3444 24 
3445 16 
3449 47 
3453 9 
3460 37 
3460 152 
3470 53 
3473 76 
3482 53 
3489 15 
3492 66 
3497 196 
3499 141 
3500 536 
3501 98 
3507 13 
3509 136 
3509 18 
3510 25 
3516 24 
3517 290 
3519 13 
3526 109 
3526 30 
3528 2 
3529 64 
3529 47 
3531 11 
3540 241 
3557 23 
3560 3 
3561 17 
3561 30 
3588 20 
3591 154 
3594 45 
3596 58 
3598 9 
3600 28 
3605 178 
3610 81 
3627 47 
3632 30 
3632 52 
3634 81 
3637 82 
3642 14 
3652 40 
3656 25 
3662 7 
3663 41 
3674 50 
3684 64 
3689 24 
3690 79 
3692 46 
3693 2515 
3693 47 
3693 29 
3694 154 
3694 6 
3695 54 
3698 12 
3700 68 
3701 84 
3702 8 
3707 58 
3709 646 
3710 14 
3711 38 
3712 110 
3716 36 
3717 10 
3724 3 
3725 45 
3737 34 
3738 35 
3751 47 
3751 149 
3754 13 
3756 89 
3757 17 
3772 11 
3773 420 
3785 119 
3808 2 
3814 79 
3814 55 
3814 60 
3814 61 
3815 24 
3840 23 
3847 7 
3851 42 
3854 376 
3857 17 
3875 324 
3875 26 
3875 78 
3879 78 
3880 10 
3883 30 
3886 136 
3889 55 
3893 29 
3894 135 
3898 45 
3917 34 
3918 62 
3918 20 
3919 11 
3922 15 
3925 49 
3928 25 
3929 42 
3931 14 
3931 724 
3952 58 
3962 69 
3964 73 
3967 39 
3975 117 
3980 91 
3980 22 
3992 5 
4006 181 
4010 86 
4016 28 
4023 110 
4029 50 
4031 17 
4036 10 
4036 3 
4043 10 
4044 3 
4046 57 
4051 24 
4057 74 
4058 73 
4068 28 
4071 3 
4076 163 
4090 17 
4094 41 
4102 57 
4117 0 
4122 27 
4125 24 
4126 10 
4129 37 
4147 84 
4159 42 
4162 9 
4162 67 
4164 17 
4166 14 
4169 404 
4173 108 
4180 33 
4187 4 
4187 157 
4192 127 
4195 10 
4197 10 
4198 97 
4217 54 
4236 32 
4238 28 
4244 3 
4245 148 
4248 12 
4262 49 
4262 50 
4263 9 
4268 7 
4268 31 
4290 74 
4290 139 
4298 13 
4302 85 
4307 29 
4317 13 
4317 24 
4320 11 
4327 15 
4330 21 
4334 11 
4337 3 
4344 3 
4344 6 
4349 32 
4349 26 
4350 473 
4356 118 
4357 35 
4361 2 
4362 45 
4362 214 
4366 22 
4369 12 
4373 114 
4400 21 
4405 162 
4405 5 
4406 9 
4412 10 
4419 201 
4422 235 
4425 2 
4429 3 
4432 25 
4433 158 
4444 10 
4446 241 
4452 7 
4454 32 
4455 6 
4469 82 
4469 617 
4471 34 
4477 4 
4480 15 
4487 36 
4489 27 
4495 87 
4502 31 
4505 4 
4514 30 
4517 21 
4519 18 
4526 13 
4530 26 
4535 47 
4535 44 
4539 34 
4546 34 
4547 41 
4552 23 
4552 82 
4557 18 
4560 6 
4565 1427 
4573 286 
4579 59 
4581 1 
4588 22 
4590 33 
4592 12 
4594 11 
4597 10 
4601 116 
4602 92 
4615 57 
4624 8 
4628 62 
4631 4 
4633 15 
4635 116 
4650 117 
4653 215 
4658 223 
4670 32 
4674 17 
4687 112 
4694 28 
4714 19 
4715 25 
4716 45 
4717 436 
4732 972690 
4741 163 
4743 25 
4744 93 
4746 56 
4748 8 
4750 12 
4752 33 
4762 25 
4763 19 
4765 52 
4771 49 
4774 18 
4778 25 
4780 26 
4783 338 
4784 26 
4789 8 
4790 472 
4792 6 
4794 28 
4797 24 
4800 55 
4805 150 
4823 4 
4823 213 
4830 64 
4836 14 
4847 46 
4851 44 
4859 16 
4860 70 
4868 32 
4872 46 
4873 9 
4875 6 
4887 22 
4899 127 
4906 29 
4908 36 
4910 34 
4918 190 
4931 50 
4938 274 
4941 3 
4943 32 
4949 44 
4949 20 
4952 106 
4955 91 
4961 14 
4961 38 
4969 6 
4970 172 
4984 10 
4997 119 
5006 26 
5010 17 
5017 40 
5021 82 
5022 17 
5025 28 
5025 9 
5034 53 
5041 35 
5044 10 
5044 98 
5049 8 
5061 7 
5082 143 
5086 74 
5100 152 
5101 71 
5106 27 
5107 11 
5107 22 
5114 18 
5124 17 
5126 107 
5130 9 
5131 52 
5132 80 
5132 35 
5132 86 
5144 7 
5144 52 
5151 9 
5166 32 
5166 13 
5167 98 
5176 516 
5178 25 
5182 20 
5193 64 
5194 13 
5213 71 
5213 16 
5217 267 
5227 39 
5247 13 
5252 137 
5263 32 
5266 3 
5274 17 
5274 100 
5278 62 
5301 61 
5302 72 
5314 15 
5317 16 
5332 2277 
5335 286 
5340 35 
5340 61 
5346 336 
5353 1 
5357 52 
5360 21 
5366 30 
5369 55 
5370 11 
5377 371 
5385 36 
5395 14 
5397 29 
5397 3 
5402 33 
5406 41 
5431 216 
5433 49 
5447 22 
5451 24 
5470 63 
5477 21 
5482 16 
5492 103 
5498 14 
5506 112 
5509 27 
5529 11 
5544 27 
5550 11 
5557 2 
5563 157 
5564 44 
5582 46 
5586 45 
5588 69 
5589 21 
5590 260 
5596 92 
5598 10 
5598 62 
5604 51 
5605 28 
5607 115 
5607 12 
5622 47 
5627 19 
5627 12 
5627 31 
5633 23 
5638 71 
5648 83 
5659 50 
5666 29 
5669 40 
5673 30 
5693 69 
5698 15 
5700 6 
5749 10 
5754 2 
5757 35 
5774 15 
5779 4 
5784 211 
5785 5 
5806 289 
5814 6 
5831 87 
5860 11 
5870 246 
5875 71 
5880 269 
5883 66 
5887 503 
5889 413 
5910 15 
5911 3 
5928 51 
5938 1 
5953 0 
5969 62 
5969 21 
5974 5 
6015 30 
6033 17 
6043 28 
6055 13 
6065 53 
6073 96 
6076 45 
6077 64 
6093 20 
6102 4 
6130 45 
6132 735 
6135 25 
6139 4 
6143 36 
6157 242 
6165 137 
6183 14 
6197 65 
6202 3 
6209 19 
6218 138 
6237 32 
6240 20 
6248 256 
6253 45 
6268 7 
6270 45 
6278 45 
6301 17 
6317 14 
6320 11 
6320 17 
6326 31 
6339 14 
6350 527 
6365 24 
6385 4 
6386 55 
6387 57 
6391 39 
6391 13 
6392 711 
6399 7 
6403 11 
6404 296 
6415 10 
6416 51 
6417 603 
6423 22 
6426 27 
6428 8 
6431 23 
6433 12 
6433 49 
6434 5 
6441 141 
6443 41 
6452 81 
6453 20 
6465 38 
6478 21 
6478 17 
6493 20 
6497 13 
6503 91 
6508 5 
6521 741 
6523 9 
6541 28 
6541 16 
6541 18 
6545 982 
6564 39 
6565 18 
6566 49 
6573 3 
6575 43 
6583 67 
6588 89 
6589 23 
6597 820 
6597 83 
6605 32 
6621 103 
6622 68 
6623 119 
6623 26 
6627 37 
6628 12 
6637 12 
6638 25 
6640 340 
6641 26 
6646 43 
6652 1698 
6665 56 
6675 233 
6680 4 
6685 0 
6696 15 
6711 4 
6734 97 
6746 1 
6748 281 
6748 35 
6776 22 
6778 30 
6788 23 
6790 8 
6790 818 
6792 32 
6821 5369 
6825 73 
6839 86 
6840 1890 
6844 13 
6846 310 
6853 1135 
6859 573 
6862 11 
6863 809 
6863 22 
6866 84 
6871 20 
6886 3 
6922 15 
6929 179 
6931 341 
6934 61 
6950 252 
6963 39 
6971 5688 
6972 13 
6972 32 
6974 10 
6996 186 
7007 558 
7015 17 
7016 102 
7020 28 
7021 62 
7023 1 
7028 33 
7040 14 
7055 13 
7078 2 
7098 4 
7107 2 
7110 4 
7114 46 
7156 459 
7169 34 
7190 27 
7200 28 
7204 1730 
7207 178 
7207 34 
7209 8 
7243 23 
7249 145 
7255 40 
7290 24 
7328 4 
7345 4 
7349 269 
7350 166 
7355 18 
7356 3 
7378 18 
7418 43 
7429 18 
7431 20 
7439 2 
7440 4 
7452 52 
7452 2 
7467 2877 
7494 174 
7517 12 
7521 16 
7530 85 
7531 9 
7532 12 
7551 221 
7553 4 
7558 134 
7563 103 
7574 25 
7584 2 
7587 15 
7588 17 
7591 527 
7592 65 
7598 17 
7599 69 
7614 2 
7619 13 
7619 26 
7629 43 
7633 2254 
7636 7 
7656 1229 
7682 19 
7686 39 
7719 73 
7723 37 
7725 18 
7743 30 
7746 11368 
7777 77 
7784 938 
7784 904 
7793 29 
7815 9 
7821 1 
7840 39 
7863 4 
7897 11 
7900 35 
7901 66 
7906 4 
7936 177 
7937 29 
7948 23 
7955 226 
7975 8 
7979 23 
8005 1301 
8020 33 
8021 24 
8031 25 
8038 80 
8127 34 
8139 29 
8148 15 
8155 174 
8169 9 
8181 29 
8205 11 
8230 87 
8232 407 
8236 85 
8253 20 
8263 223 
8263 21 
8272 43 
8292 41 
8295 158 
8303 82 
8317 29 
8345 5 
8367 5 
8379 26 
8404 16 
8405 6 
8410 12 
8427 23 
8448 69 
8453 55 
8457 56 
8469 19 
8493 119 
8496 97 
8522 45 
8533 11 
8534 10 
8541 101 
8554 462 
8559 53 
8560 178 
8571 8 
8586 35 
8600 61 
8602 25 
8621 15 
8628 50 
8634 138 
8636 28 
8643 169 
8643 9 
8648 12 
8673 16 
8685 25 
8732 5 
8734 6 
8736 6 
8752 3 
8754 10 
8775 1228 
8788 664 
8805 0 
8832 281 
8836 107 
8838 252 
8858 3 
8861 7 
8887 51 
8924 24 
8932 114 
8955 83 
8957 36 
8958 14 
8959 43 
8965 34 
8968 15 
9012 20 
9049 13 
9066 458 
9144 1 
9193 21 
9235 13 
9238 21 
9244 33 
9249 10 
9260 52 
9310 20 
9370 28 
9372 138 
9376 92 
9410 67 
9440 9 
9453 78 
9489 0 
9549 14 
9549 11 
9566 477 
9567 42 
9586 12 
9598 26 
9601 7 
9660 9 
9669 25 
9685 237 
9688 10 
9705 20 
9730 11 
9742 23 
9754 4 
9774 28 
9782 3 
9791 18 
9800 43 
9817 10 
9829 81 
9845 204 
9849 218 
9884 16 
9934 237 
9936 37 
9981 139 
9991 64 
9991 19 
9992 77 
10024 36 
10025 64 
10026 246 
10040 9 
10076 8 
10103 9 
10109 295 
10110 62 
10117 9 
10147 14 
10152 91 
10156 47 
10225 1 
10228 18 
10228 25 
10246 14 
10257 23 
10262 43 
10277 29 
10279 7 
10309 412 
10311 9 
10313 2 
10324 41 
10348 18 
10364 38 
10368 313 
10410 93 
10449 17 
10451 19 
10453 49 
10502 11 
10502 20 
10505 22 
10564 43 
10567 81 
10593 328 
10617 54 
10628 19 
10694 15 
10736 23 
10855 15 
10887 29 
10893 24 
10946 11 
10975 354 
10985 3 
10995 48 
11004 16 
11013 346 
11017 14 
11025 31 
11036 48 
11038 24 
11061 73 
11069 9 
11073 18 
11079 35 
11095 53 
11104 11 
11118 100 
11125 2 
11144 21 
11151 302 
11152 115 
11180 186 
11210 8 
11253 30 
11259 131 
11323 46 
11332 29 
11335 92 
11372 43 
11383 4 
11422 6 
11453 5 
11460 26 
11481 15 
11498 9 
11507 19 
11559 26 
11563 85 
11586 139 
11588 49 
11690 39 
11702 7 
11715 1 
11723 13 
11727 18 
11737 34 
11803 59 
11820 34 
11831 15 
11876 40 
11893 0 
11901 51 
11960 26 
11977 621 
12034 27 
12071 12 
12072 154 
12115 13 
12125 60 
12129 9 
12149 17 
12181 68 
12187 19 
12188 26 
12207 15 
12233 186 
12259 11 
12297 7 
12308 1 
12308 56 
12310 13 
12368 19 
12441 2 
12467 58 
12493 15 
12504 170 
12534 0 
12624 24 
12657 154 
12701 6 
12756 8 
12760 38 
12762 21 
12881 111 
12928 14 
12973 23 
13015 7 
13020 17 
13115 17 
13163 35 
13183 55 
13194 210 
13217 8 
13247 4 
13262 38 
13287 2213 
13336 222 
13336 80 
13363 87 
13374 41 
13402 13 
13430 21 
13436 15 
13452 18 
13458 28 
13462 13 
13507 337 
13512 42 
13520 8 
13624 32 
13636 15 
13675 32 
13716 9 
13728 12 
13769 16 
13786 329 
13807 3 
13862 4 
13868 18 
13948 17 
14004 26 
14007 2 
14079 1598 
14125 193 
14131 964 
14163 50 
14171 22 
14207 29 
14229 55 
14234 38 
14265 128 
14281 12 
14346 17 
14357 19 
14460 22 
14497 20 
14544 13 
14549 50 
14555 722 
14642 97 
14649 8 
14720 771 
14729 10 
14742 43 
14811 17 
14841 198 
14889 15 
14897 43 
14910 6 
15036 25 
15096 10 
15111 4 
15127 73 
15166 464 
15204 65 
15204 21 
15235 55 
15243 29 
15409 4 
15415 93 
15465 16 
15486 40 
15532 345 
15688 5 
15718 2 
15718 15 
15765 45 
15798 20 
15892 9 
15892 9 
15918 1 
15953 583 
16000 40 
16030 124 
16046 138 
16053 222 
16076 70 
16277 5 
16293 12 
16426 534 
16431 60 
16538 106 
16576 14 
16603 42 
16657 169 
16664 3 
16770 7 
16794 2 
16918 54 
16953 41 
16992 16 
17012 30 
17017 18 
17054 785 
17089 29 
17102 4 
17146 22 
17176 36 
17218 513 
17239 57 
17239 230 
17291 6 
17320 145 
17336 867 
17391 38 
17408 254 
17421 9 
17493 7 
17501 39 
17507 2 
17605 60 
17681 13 
17720 16 
17851 14 
18072 8 
18168 32 
18186 27 
18268 2 
18310 15 
18343 42 
18421 2364 
18455 39 
18509 19 
18651 164 
18665 108 
18740 4 
18911 22 
18927 13 
18999 6 
19019 47 
19037 167 
19129 425 
19244 255 
19320 140 
19486 79 
19495 15 
19504 4 
19541 23 
19838 17 
19878 2 
19894 397 
19915 157 
20028 2 
20110 7 
20245 34 
20589 5 
20631 45 
20661 32 
20663 77 
20738 25 
20808 15 
20901 15 
21159 299 
21164 132 
21197 5 
21214 15 
21334 51 
21378 7 
21525 87 
21527 222 
21589 2 
21661 21 
21664 23 
21684 4 
21888 10 
22049 51 
22071 11 
22265 39 
22384 7 
22508 48 
22514 106 
22552 19 
22809 21 
22827 68 
23009 9 
23387 80 
23717 37 
23717 13 
23749 8 
24003 18 
24300 28 
24608 2 
24652 179 
24913 35 
24940 426 
24973 23 
25087 5 
25195 2 
25217 168 
25636 57 
25639 15 
25764 40 
25772 44 
25928 58 
25995 13 
26228 105 
26295 8 
26300 177 
27565 3 
27887 93 
27902 285 
28196 17 
28214 8 
28317 26 
28340 2 
28979 46 
29395 121 
29556 5 
29643 214 
29649 4 
30085 11 
30362 10 
31573 17 
32937 14 
32969 14 
33063 76 
33076 2 
34061 1 
34084 6 
34678 6 
35027 11 
35813 29 
36854 19 
37069 6 
37752 34 
38046 6 
38090 19 
38242 23 
39195 82 
39647 27 
39656 53 
39766 52 
39786 373 
39815 1308 
39893 568 
40285 33 
40505 85 
41066 793 
41234 34 
41936 32 
42008 18 
42188 5 
42248 26 
42449 6 
43703 51 
43877 124 
43907 25 
44090 10 
44422 45 
44499 65 
44801 4 
44991 6 
45194 0 
45259 14 
45336 40 
45432 96 
45791 6 
46217 116 
46217 116 
46230 18 
46584 17 
46792 10 
46817 157 
46830 9 
46884 26 
47312 27 
47420 167 
47437 1164 
47473 21 
47592 11 
47739 6 
47767 19 
47881 6 
48100 21 
48118 2 
48334 83 
48456 2 
48642 27 
48681 12 
49090 15 
49127 22 
50599 11 
50737 11 
50776 22 
50899 6 
51266 4 
51545 21 
51765 52 
53395 398 
53539 16 
53886 433 
53958 26 
54549 126 
54700 35 
55192 30 
55340 73 
55705 146 
55713 48 
55781 20 
55924 22 
55972 152 
56549 95 
56631 224 
56909 20 
56992 96 
57999 7121 
58231 909 
58299 7 
58567 12 
59891 38 
60275 13 
60635 8 
60891 69 
61599 26 
62654 1 
62939 84 
63386 53 
63602 1 
63729 1 
63940 53 
64192 5 
64838 17 
65130 13 
65591 8 
65618 22 
66366 72 
67256 10 
67504 122 
67873 45 
68989 23 
69355 5 
69795 150 
70135 14 
71206 244 
71346 64 
71602 11 
71927 7 
73591 627 
73772 54 
74304 373 
75608 33 
75720 33 
77236 310 
77843 11 
78653 110 
79218 0 
79866 60 
82511 16 
83315 276 
84682 47 
84689 59 
84761 54 
84791 27 
85815 0 
86719 13 
86809 190 
86857 27 
88010 76 
88773 0 
89539 12 
89709 364 
89750 213 
89758 222 
90045 25 
90224 95 
90224 95 
90249 69 
91266 21 
91355 7 
91806 1 
92265 15 
92630 142 
94208 33 
96269 18 
96502 27 
96971 116 
97082 18 
97831 21 
98186 9 
98912 1 
99049 5 
100175 54 
100334 123 
100835 5 
101859 20 
103186 12 
103298 10 
103412 12 
118612 17 
124569 18 
125894 263 
138790 21 
139638 8 
150164 10 
150886 4 
153476 17 
153493 36 
156558 0 
159734 36 
160188 18 
160296 12 
163308 79 
164328 4 
180922 40 
183300 11 
187448 33 
188062 38 
240129 143 
255194 4 
272186 37 
280156 88 
326041 8 
342925 12 
354161 7 
406242 64 
442265 122 
566051 12 
585121 0 
590729 116 
