2800 1.95894675926
0 87070 
6 4128 
7 136 
9 199 
10 39 
11 486 
11 188 
11 280 
12 56 
14 399 
15 413 
15 191 
16 6 
16 19 
18 410 
18 120 
18 46 
20 575 
20 176 
21 1176 
21 1190 
21 620 
22 272 
22 122 
22 470 
23 393 
24 177 
24 137 
25 52 
27 59 
27 315 
27 208 
27 90 
28 99 
28 130 
28 476 
28 37 
28 1164 
29 217 
29 411 
30 173 
30 321 
31 891 
31 109 
31 577 
31 72 
31 30 
31 406 
32 168 
32 97 
33 44 
33 191 
33 204 
34 78 
35 180 
35 54 
35 236 
36 142 
36 307 
37 134 
37 333 
37 142 
38 358 
39 39 
39 147 
40 80 
41 701 
41 158 
42 125 
42 64 
42 85 
42 18 
42 9 
43 51 
43 56 
43 97 
44 64 
44 49 
44 141 
44 197 
45 664 
45 159 
45 225 
46 81 
46 17 
46 844 
46 130 
47 740 
47 1033 
47 100 
47 263 
47 57 
48 101 
48 114 
49 215 
49 29 
49 221 
50 151 
50 250 
50 367 
50 58 
51 110 
51 300 
52 38 
52 252 
52 113 
52 160 
52 159 
52 107 
53 208 
54 50 
55 431 
55 153 
55 127 
56 111 
56 734 
57 143 
57 166 
58 60 
58 83 
58 197 
58 58 
58 223 
58 228 
58 497 
60 477 
60 212 
61 113 
62 67 
63 133 
64 298 
64 80 
65 471 
65 258 
66 450 
66 122 
66 724 
66 80 
67 42 
67 60 
67 281 
67 102 
68 14 
68 2676 
68 199 
68 86 
69 91 
69 240 
69 54 
69 122 
70 6 
70 62 
70 346 
70 103 
71 140 
72 29 
75 28 
75 176 
76 117 
77 137 
77 95 
77 261 
77 126 
77 55 
78 15 
78 12 
78 653 
78 101 
79 403 
79 531 
79 136 
79 78 
79 392 
79 68 
80 174 
80 372 
81 73 
81 986 
81 63 
82 24 
82 201 
82 72 
83 179 
84 14 
84 199 
84 40 
85 280 
85 434 
86 151 
86 85 
86 124 
87 277 
88 58 
88 276 
88 9 
89 414 
89 40 
89 108 
91 226 
91 118 
91 167 
91 215 
91 68 
93 788 
93 147 
94 77 
94 60 
95 18 
95 90 
97 45 
98 11 
98 28 
99 146 
99 192 
99 237 
101 127 
101 199 
101 168 
101 119 
102 49 
102 419 
104 122 
104 1144 
104 138 
104 19 
105 56 
107 208 
107 598 
107 196 
108 108 
108 208 
109 65 
110 49 
110 220 
110 919 
111 110 
111 241 
112 52 
112 29 
113 31 
113 44 
114 215 
114 98 
114 10 
115 66 
115 13 
116 258 
116 110 
116 111 
117 144 
118 174 
118 56 
118 672 
118 179 
120 224 
120 41 
120 389 
120 53 
121 94 
122 229 
123 399 
125 47 
125 196 
125 338 
126 839 
128 19 
128 1373 
128 66 
128 51 
128 179 
129 165 
130 23 
130 47 
131 6 
133 54 
134 41 
134 1309 
134 162 
134 46 
134 155 
134 91 
135 8 
135 80 
135 456 
137 101 
137 85 
138 422 
138 5 
138 120 
140 65 
140 165 
140 121 
142 941 
142 1193 
142 177 
142 88 
146 117 
146 115 
147 48 
147 290 
148 1373 
148 110 
148 259 
148 238 
149 237 
149 93 
150 550 
150 269 
151 329 
153 361 
154 266 
156 188 
156 170 
156 662 
157 61 
157 269 
159 10 
160 32 
160 64 
160 208 
161 330 
162 7 
163 1256 
163 71 
163 56 
163 30 
164 48 
164 68 
164 440 
165 400 
165 37 
166 52 
167 215 
167 28 
167 259 
167 81 
168 143 
169 399 
171 268 
172 444 
173 64 
175 114 
181 386 
182 186 
185 49 
186 139 
187 252 
189 46 
189 78 
190 92 
190 90 
190 64 
190 87 
192 89 
192 9 
192 53 
192 144 
193 62 
193 179 
194 19 
195 10 
196 482 
196 112 
197 325 
198 215 
198 16 
199 34 
201 717 
202 127 
202 126 
202 978 
202 47 
203 1058 
203 714 
203 126 
205 76 
206 129 
206 75 
208 375 
208 1367 
209 2173 
209 382 
210 138 
210 1252 
212 407 
213 114 
217 483 
219 1932 
220 79 
220 92 
221 179 
221 147 
222 32 
222 21 
224 42 
225 340 
227 202 
227 290 
229 116 
229 2040 
229 7 
229 69 
229 59 
229 93 
231 62 
232 91 
232 329 
233 78 
235 21 
235 163 
235 135 
236 677 
236 6 
236 338 
237 89 
238 135 
241 125 
241 1665 
241 16 
242 47 
244 32 
244 52 
244 1062 
245 37 
248 9 
249 159 
249 907 
249 115 
250 373 
250 112 
251 12 
252 155 
253 69 
253 57 
253 28 
254 133 
256 98 
256 171 
256 341 
257 91 
257 259 
258 103 
258 36 
259 493 
259 694 
260 20 
262 28 
262 178 
263 87 
264 329 
269 16 
271 201 
272 186 
272 34 
272 223 
275 80 
277 344 
277 233 
278 143 
279 80 
280 37 
283 232 
283 485 
283 199 
284 587 
286 510 
286 1006 
287 78 
288 102 
288 166 
288 74 
291 380 
291 96 
292 76 
292 104 
293 92 
296 265 
299 110 
300 51 
300 195 
301 234 
302 29 
302 136 
303 102 
303 141 
304 32 
307 68 
308 433 
310 76 
313 278 
313 241 
316 17 
319 75 
320 22 
320 202 
322 179 
323 377 
324 355 
325 8 
326 162 
331 111 
333 118 
334 929 
341 62 
341 109 
345 32 
347 84 
347 8 
349 35 
350 30 
353 166 
354 5 
358 235 
361 515 
361 30 
362 192 
364 173 
366 87 
366 16 
366 95 
367 99 
367 82 
367 56 
368 55 
368 127 
369 50 
372 812 
372 89 
375 83 
375 565 
375 268 
376 47 
382 259 
384 36 
384 106 
388 529 
389 194 
393 300 
394 1200 
395 28 
395 80 
396 257 
397 207 
397 313 
399 60 
401 73 
401 152 
406 64 
407 39 
407 38 
410 168 
410 41 
410 173 
412 2530 
412 70 
412 76 
413 16 
414 95 
414 197 
415 109 
416 130 
418 45 
419 262 
419 162 
419 249 
425 110 
426 36 
429 32 
431 208 
434 152 
434 68 
439 67 
444 317 
446 324 
447 34 
447 536 
449 134 
451 98 
455 316 
456 103 
460 171 
461 667 
461 18 
463 49 
463 48 
464 417 
468 86 
469 131 
473 803 
473 28 
476 91 
477 16 
483 141 
489 16 
489 75 
490 118 
491 192 
495 141 
495 417 
497 53 
498 106 
501 113 
505 147 
506 108 
507 277 
514 71 
514 419 
521 185 
529 32 
530 34 
531 403 
534 461 
534 100 
535 64 
535 50 
536 102 
537 309 
537 56 
539 266 
541 83 
541 104 
542 39 
544 596 
548 406 
559 109 
561 55 
562 719 
563 284 
565 763 
567 565 
567 78 
568 46 
569 2 
570 45 
571 63 
573 68 
573 76 
575 236 
577 6 
577 412 
580 229 
583 70 
584 385 
585 543 
591 215 
594 23 
594 170 
594 14290 
599 327 
600 54 
600 42 
601 104 
603 30 
603 158 
607 66 
615 82 
618 138 
618 73 
621 1281 
622 249 
628 26 
628 76 
633 326 
634 28 
635 132 
636 566 
636 4 
637 89 
638 101 
638 112 
640 42 
640 148 
640 13 
644 561 
645 190 
646 61 
646 18 
648 168 
656 95 
658 38 
660 67 
661 46 
661 53 
665 16 
665 69 
670 141 
677 36 
678 36 
680 24 
681 252 
685 72 
686 147 
688 700 
693 70 
693 75 
694 112 
697 189 
699 80 
703 64 
707 15 
707 549 
712 84 
715 77 
716 386 
718 91 
720 234 
720 39 
722 341 
723 769 
736 42 
743 24 
743 158 
743 242 
744 93 
744 133 
748 98 
749 144 
750 377 
754 183 
760 255 
769 220 
770 162 
772 15 
773 77 
775 18 
778 36 
779 67 
780 52 
783 89 
785 45 
787 108 
788 73 
790 41 
791 273 
792 73 
793 62 
795 152 
795 53 
798 289 
798 97 
798 33 
799 2400 
800 180 
802 65 
805 1071 
806 82 
813 286 
815 54 
818 315 
825 30 
844 166 
845 276 
849 137 
853 72 
856 67 
858 423 
859 55 
861 59 
866 763 
872 64 
876 158 
878 34 
882 294 
885 29 
885 158 
886 65 
887 16 
891 104 
892 202 
897 127 
904 483 
906 655 
908 120 
915 24 
917 429 
925 356 
925 19 
929 83 
930 76 
931 84 
931 59 
934 27 
935 446 
938 61 
940 211 
940 24 
943 60 
948 209 
948 142 
952 97 
957 46 
958 152 
961 148 
962 32 
963 43 
965 53 
967 190 
967 53 
967 26 
968 58 
969 16 
970 140 
981 64 
982 363 
983 7 
987 32 
990 225 
999 143 
1010 130 
1013 20 
1017 541 
1018 42 
1021 185 
1021 42 
1025 275 
1027 546 
1029 178 
1034 144 
1034 1 
1035 1181 
1045 167 
1049 96 
1054 16 
1058 130 
1060 167 
1065 16 
1068 66 
1076 377 
1081 122 
1085 51 
1085 43 
1087 617 
1088 129 
1090 39 
1091 125 
1098 69 
1099 23 
1100 130 
1109 161 
1112 191 
1112 64 
1126 108 
1128 27 
1129 114 
1139 233 
1139 85 
1143 475 
1159 464 
1160 55 
1162 517 
1165 1999 
1165 17 
1171 342 
1175 232 
1176 33 
1177 3 
1182 74 
1183 242 
1188 35 
1191 15 
1198 153 
1214 73 
1222 74 
1224 36 
1233 61 
1235 136 
1235 37 
1236 31 
1253 127 
1258 45 
1261 76 
1276 18 
1277 127 
1279 158 
1282 19 
1282 78 
1288 13 
1302 34 
1306 41 
1306 215 
1311 32 
1316 175 
1317 7 
1317 624 
1318 167 
1323 131 
1325 90 
1331 563 
1336 21 
1339 67 
1342 75 
1343 19 
1350 40 
1353 234 
1354 73 
1360 57 
1371 231 
1373 685 
1375 67 
1383 307 
1383 77 
1384 9 
1387 174 
1388 18 
1391 126 
1398 116 
1403 25 
1405 75 
1407 29 
1415 30 
1421 39 
1426 1009 
1441 32 
1445 139 
1463 14 
1463 2180 
1473 30 
1479 51 
1484 233 
1486 56 
1486 75 
1489 152 
1493 36 
1504 77 
1506 18 
1513 36 
1513 122 
1517 121 
1526 251 
1534 39 
1538 62 
1547 831 
1557 9 
1558 70 
1560 41 
1565 62 
1570 50 
1571 749 
1575 36 
1582 212 
1589 305 
1596 33 
1607 137 
1618 212 
1621 157 
1627 87 
1635 42 
1640 54 
1645 37 
1647 171 
1648 62 
1660 53 
1663 61 
1674 12 
1679 33 
1686 15 
1686 105 
1689 159 
1691 57 
1693 110 
1696 108 
1696 8 
1698 47 
1702 61 
1704 9 
1710 23 
1715 8 
1728 200 
1735 71 
1740 130 
1746 253 
1751 73 
1751 33 
1757 149 
1761 49 
1762 8 
1762 31 
1764 59 
1768 37 
1775 65 
1778 246 
1788 39 
1802 83 
1803 41 
1804 641 
1807 48 
1813 104 
1814 88 
1818 139 
1821 74 
1821 187 
1829 5 
1832 9 
1842 117 
1861 341 
1887 178 
1901 883 
1904 84 
1907 22 
1918 48 
1927 52 
1943 163 
1944 100 
1945 64 
1951 61 
1960 170 
1994 234 
1999 72 
2003 60 
2021 137 
2022 43 
2024 20 
2028 337 
2029 46 
2035 91 
2035 35 
2040 65 
2043 198 
2044 1141 
2046 111 
2047 62 
2051 24 
2056 102 
2066 125 
2075 153 
2075 296 
2087 25 
2109 13 
2131 233 
2133 149 
2139 76 
2146 103 
2149 18 
2152 58 
2155 38 
2165 86 
2217 23 
2219 28 
2221 49 
2222 62 
2229 10 
2229 116 
2237 39 
2238 118 
2242 50 
2264 256 
2274 55 
2281 72 
2283 159 
2290 146 
2310 9 
2315 106 
2320 194 
2324 63 
2333 282 
2340 81 
2363 2 
2369 83 
2375 9 
2406 330 
2413 91 
2438 98 
2442 116 
2452 47 
2454 121 
2462 29 
2469 96 
2471 78 
2480 50 
2506 92 
2509 103 
2518 279 
2535 95 
2537 44 
2540 36 
2551 34 
2559 1207 
2569 524 
2573 145 
2582 14 
2610 91 
2638 85 
2649 19 
2649 139 
2653 10 
2658 8472 
2685 284 
2701 154 
2712 55 
2719 28 
2726 19 
2737 233 
2744 388 
2751 56 
2789 82 
2795 153 
2818 33 
2821 9 
2829 42 
2832 209 
2833 194 
2847 78 
2853 57 
2861 124 
2865 58 
2869 86 
2883 52 
2884 33 
2898 35 
2910 100 
2924 429 
2930 47 
2953 135 
2954 80 
2965 86 
2970 194 
2981 9 
2988 97 
2997 29 
3002 67 
3012 6 
3029 159 
3033 4 
3038 335 
3043 69 
3051 102 
3058 380 
3065 47 
3067 11 
3077 113 
3077 36 
3095 57 
3103 37 
3115 249 
3116 79 
3118 50 
3120 145 
3126 72 
3128 5364 
3131 184 
3143 38 
3156 145 
3159 385 
3161 243 
3161 86 
3171 182 
3171 169 
3172 107 
3174 123 
3184 70 
3192 90 
3195 46 
3204 366 
3208 224 
3216 83 
3220 189 
3221 29 
3225 37 
3244 215 
3248 994 
3258 38 
3259 82 
3266 183 
3276 38 
3281 60 
3300 970 
3300 109 
3316 256 
3319 64 
3321 125 
3334 81 
3345 15 
3347 78 
3361 48 
3380 53 
3382 179 
3394 105 
3396 161 
3396 448 
3408 68 
3416 112 
3423 49 
3424 21 
3433 90 
3434 48 
3440 37 
3467 119 
3491 9 
3494 135 
3509 38 
3523 1021 
3534 33 
3549 688 
3550 44 
3581 39 
3583 85 
3603 194 
3604 24 
3610 18 
3620 12 
3631 343 
3646 578 
3648 572 
3650 410 
3657 180 
3668 106 
3670 32 
3684 252 
3686 112 
3695 204 
3702 21 
3710 38 
3721 32 
3741 122 
3748 64 
3778 142 
3781 72 
3783 142 
3784 74 
3789 455 
3795 561 
3828 219 
3835 28 
3836 102 
3840 108 
3853 515 
3853 354 
3868 99 
3874 79 
3876 162 
3900 19 
3917 635 
3932 212 
3936 632 
3943 97 
3955 65 
3971 22 
3992 29 
4034 654 
4042 61 
4049 38 
4064 286 
4068 83 
4079 5 
4081 92 
4088 47 
4111 88 
4126 62 
4141 14 
4150 72 
4164 92 
4181 10 
4185 49 
4211 207 
4219 28 
4246 208 
4258 28 
4269 137 
4269 671 
4289 88 
4301 565 
4310 17 
4321 48 
4348 61 
4379 11 
4383 14 
4398 96 
4399 161 
4434 104 
4449 39 
4456 25 
4465 68 
4481 281 
4482 29 
4494 176 
4509 1339 
4514 1599 
4518 386 
4521 221 
4528 412 
4570 454 
4585 307 
4591 588 
4647 26 
4667 26 
4685 19 
4689 22 
4705 237 
4758 18 
4777 28 
4780 186 
4797 29 
4807 558 
4825 72 
4826 56 
4829 708 
4833 14 
4834 41 
4849 66 
4872 22 
4873 131 
4876 182 
4882 87 
4919 68 
4947 42 
4956 58 
4965 22 
4973 160 
5017 73 
5039 13 
5040 45 
5044 14 
5058 80 
5063 79 
5064 230 
5081 101 
5133 10 
5221 78 
5234 24 
5238 14 
5261 13 
5337 20 
5340 139 
5349 53 
5355 71 
5389 223 
5391 29 
5420 11 
5470 62 
5480 78 
5519 86 
5533 523 
5578 218 
5581 41 
5586 48 
5609 75 
5660 149 
5669 85 
5690 91 
5726 63 
5747 41 
5754 40 
5754 12 
5755 96 
5782 16 
5797 67 
5807 211 
5809 546 
5830 68 
5834 29 
5882 40 
5959 144 
5963 279 
5973 215 
5991 110 
6015 38 
6041 55 
6058 60 
6077 20 
6087 19 
6093 157 
6100 60 
6123 99 
6144 40 
6207 66 
6219 132 
6255 110 
6285 134 
6303 136 
6310 111 
6328 85 
6366 44 
6368 117 
6381 55 
6396 22 
6410 336 
6430 27 
6435 15 
6439 12 
6508 232 
6532 242 
6547 64 
6562 39 
6588 691 
6594 166 
6694 77 
6719 40 
6730 44 
6752 20 
6755 135 
6795 511 
6802 130 
6833 59 
6877 139 
6898 4 
6905 24 
6940 32 
6951 126 
7040 26 
7066 9 
7070 41 
7122 19 
7136 81 
7152 58 
7202 128 
7226 68 
7242 326 
7258 199 
7266 20 
7274 95 
7274 275 
7289 30 
7305 26 
7328 1692 
7332 115 
7349 31 
7355 131 
7380 208 
7404 122 
7405 122 
7425 90 
7473 9 
7490 183 
7496 106 
7499 47 
7517 42 
7581 8 
7599 129 
7604 158 
7606 64 
7627 402 
7635 128 
7659 254 
7681 404 
7683 50 
7692 20 
7742 807 
7803 65 
7831 119 
7847 77 
7851 34 
7905 140 
7968 34 
7975 57 
7984 59 
8017 130 
8017 129 
8084 241 
8085 9 
8092 65 
8111 642 
8140 668 
8155 0 
8175 37 
8234 7 
8284 64 
8341 96 
8395 121 
8416 30 
8425 15 
8462 192 
8467 117 
8496 67 
8546 187 
8595 349 
8600 22 
8612 37 
8654 37 
8660 6 
8678 297 
8687 64 
8691 283 
8815 6 
8848 165 
8913 8 
8988 119 
9023 85 
9023 85 
9034 253 
9034 253 
9049 9 
9049 9 
9083 276 
9083 276 
9138 110 
9182 1789 
9226 89 
9230 465 
9271 107 
9276 5 
9278 73 
9320 31 
9345 114 
9357 89 
9367 128 
9384 553 
9387 140 
9403 20 
9417 42 
9466 14 
9472 25 
9475 143 
9477 93 
9491 93 
9495 101 
9527 152 
9549 47 
9561 10 
9572 43 
9578 54 
9606 198 
9647 8 
9663 907 
9704 191 
9709 41 
9738 179 
9785 289 
9795 8 
9796 39 
9798 55 
9798 55 
9798 238 
9840 67 
9864 340 
9902 8 
9928 1197 
9936 278 
9952 2280 
9966 431 
9976 126 
9984 290 
9995 1047 
10016 27 
10032 71 
10073 41 
10074 157 
10100 541 
10101 25 
10132 77 
10176 51 
10179 24 
10186 535 
10192 861 
10205 856 
10216 578 
10223 2072 
10248 401 
10249 1138 
10253 173 
10259 72 
10266 39 
10287 5 
10324 457 
10325 4 
10340 434 
10347 133 
10351 124 
10359 106 
10362 127 
10391 123 
10400 197 
10403 2581 
10446 83 
10446 428 
10454 1 
10514 0 
10522 202 
10570 203 
10572 155 
10577 216 
10579 251 
10618 99 
10631 28 
10678 72 
10681 21 
10689 117 
10705 129 
10751 21 
10760 1001 
10785 1835 
10872 226 
10884 77 
10924 83 
10956 72 
10963 200 
10968 89 
11015 139 
11064 57 
11080 65 
11103 38 
11182 18 
11222 9 
11235 201 
11235 156 
11250 52 
11305 79 
11377 18 
11430 35 
11433 358 
11451 114 
11459 32 
11460 206 
11467 164 
11577 209 
11637 13 
11687 143 
11733 69 
11739 42 
11747 10 
11751 170 
11757 297 
11760 66 
11761 76 
11838 17 
12048 172 
12074 184 
12085 167 
12104 94 
12136 75 
12165 58 
12170 30 
12181 59 
12186 3144 
12265 47 
12287 23 
12297 38 
12350 48 
12415 199 
12434 133 
12440 26 
12457 5 
12458 69 
12461 11 
12492 16 
12543 638 
12583 9 
12595 123 
12617 104 
12622 210 
12623 83 
12623 138 
12672 74 
12689 82 
12706 91 
12808 152 
12841 182 
12849 155 
12871 91 
12910 197 
12918 32 
12941 51 
12952 120 
13018 36 
13031 27 
13177 7 
13185 78 
13206 173 
13228 52 
13372 46 
13384 53 
13390 144 
13441 49 
13479 84 
13495 42 
13787 24 
13873 49 
14113 86 
14162 81 
14214 127 
14221 37 
14304 43 
14307 283 
14320 62 
14332 19 
14355 347 
14365 85 
14384 124 
14416 108 
14417 245 
14430 109 
14435 980 
14466 42 
14523 15 
14564 434 
14581 60 
14590 154 
14594 368 
14636 152 
14639 289 
14656 26 
14691 138 
14691 763 
14696 80 
14705 230 
14731 201 
14745 29 
14749 430 
14764 50 
14791 910 
14798 70 
14800 1279 
14826 181 
14842 402 
14861 61 
14915 544 
14920 46 
14941 3 
14961 13 
14999 591 
15025 535 
15078 429 
15112 1042 
15128 316 
15129 162 
15214 275 
15215 22 
15263 38 
15322 10 
15336 274 
15400 378 
15434 1144 
15483 99 
15512 8 
15517 88 
15518 86 
15556 75 
15592 11 
15627 473 
15739 122 
15795 90 
15799 258 
15836 504 
15846 164 
15933 31 
15957 169 
15967 115 
15982 14 
16031 61 
16067 47 
16110 52 
16123 9 
16152 455 
16162 58 
16180 9 
16191 783 
16202 1374 
16275 92 
16285 254 
16332 78 
16420 257 
16853 87 
17085 210 
17364 12 
17525 78 
17563 13 
17609 33 
17625 445 
17653 36 
17673 82 
18159 20 
18205 84 
18238 126 
18269 12 
18282 83 
18311 21 
18348 8 
18662 19 
18690 7 
18777 87 
18782 80 
18846 39 
18979 50 
19098 20 
19120 16 
19252 46 
19333 10 
19333 25 
19430 139 
19616 19 
19861 22 
19883 5 
20224 147 
20259 1 
20302 69 
20538 6 
20547 124 
20670 142 
20722 33 
20855 10 
21232 220 
21243 115 
21601 160 
21605 10 
21631 24 
21657 61 
21695 101 
21745 71 
21826 223 
21949 7 
22050 88 
22055 56 
22131 164 
22163 134 
22211 384 
22248 176 
22294 75 
22532 26 
22562 13 
22604 22 
22761 48 
22864 50 
23107 71 
23355 131 
23412 62 
23439 32 
23469 88 
23505 3100 
23879 107 
23971 24 
24073 58 
24141 126 
24209 255 
24570 3 
24693 1390 
24806 192 
25037 291 
25086 87 
25500 3383 
25558 76 
25569 252 
25728 57 
25733 58 
25786 8 
25803 23 
25812 129 
25850 127 
26408 1474 
26453 1032 
26458 159 
26499 1175 
26629 89 
26702 22 
26729 803 
26800 113 
26926 722 
26927 57 
27270 39 
27618 284 
27637 231 
27756 612 
27890 198 
27914 32 
28072 126 
28407 10 
28590 9 
28678 71 
28729 16 
28845 104 
28893 18 
28908 185 
28996 96 
29099 178 
29130 103 
29158 101 
29175 102 
29308 6 
29496 15 
29569 5031 
29571 820 
29578 3082 
29611 3103 
29696 16 
29696 363 
29702 899 
29721 1922 
29730 40 
29749 45 
29749 42 
29773 722 
29839 357 
29876 2443 
29880 529 
29905 5664 
29932 66 
29961 122 
29978 122 
30062 126 
30196 1118 
30215 47 
30436 152 
30441 53 
30584 214 
30611 49 
30675 114 
30716 11 
30944 34 
31006 70 
31172 27 
31263 33 
31319 137 
31346 9 
31642 207 
31738 7 
31753 134 
32026 48 
32088 81 
32204 4 
32226 56 
32299 371 
32358 42 
32379 36 
32531 135 
32569 1060 
32718 720 
32723 39 
32737 75 
32760 104 
33006 82 
33293 561 
33317 62 
33374 1 
33381 62 
33447 0 
33590 14 
33719 94 
33821 88 
33882 1373 
33978 205 
34044 270 
34086 319 
34200 434 
34446 87 
34634 54 
34641 231 
34674 51 
34679 55 
34990 29 
35080 31 
35208 214 
35253 19 
35915 321 
35927 1010 
36064 3 
36366 359 
36373 110 
36421 37 
36427 285 
36583 24 
36589 59 
36635 62 
36985 63 
37003 121 
37729 369 
37795 97 
37805 2 
37865 82 
37926 32 
38015 873 
38039 767 
38052 215 
38100 4 
38150 24 
38200 30 
38203 941 
38218 28 
38236 7 
38268 752 
38582 26 
38592 20 
38645 2 
38645 2 
38901 183 
38936 156 
39089 32 
39202 68 
39885 38 
39932 20 
39969 176 
40080 5 
40109 20 
40213 871 
40271 21 
40478 34 
40613 36 
41336 23 
42047 14800 
42058 488 
42080 1876 
42117 627 
42178 30 
42487 238 
42737 229 
43005 57 
43045 9 
43109 92 
43583 33 
43755 16 
44294 137 
44365 203 
45769 70 
45860 13 
45981 13 
46171 280 
46484 2 
47422 14 
48604 84 
48701 14 
48795 29 
48912 10 
48943 24 
49096 135 
49181 267 
49888 486 
50411 222 
50468 226 
50637 105 
50989 281 
51071 99 
51132 503 
51139 295 
51493 69 
51590 50 
51707 34 
51995 39 
52093 41 
52462 26 
52573 3 
52621 64 
52808 236 
52828 236 
52912 105 
53722 27 
53766 104 
53939 338 
54119 40 
54399 65 
54517 293 
55296 73 
55334 133 
55403 571 
55462 217 
55694 730 
55911 608 
56026 241 
56219 9 
56363 25 
56371 990 
56417 33 
56678 304 
57060 140 
57130 49 
57167 272 
57713 51 
58012 25 
58554 53 
58706 12 
58926 101 
58957 1070 
59084 2302 
59182 12 
59182 1128 
59221 28 
59421 360 
59466 96 
59944 194 
60928 27 
61352 254 
61588 85 
61699 99 
61761 1099 
61824 72 
61968 1151 
62034 88 
62050 13 
62054 384 
62217 481 
62296 430 
62371 236 
62514 314 
62543 27 
62668 787 
62730 96 
62751 162 
63002 90 
63554 33 
63821 191 
63923 84 
64098 196 
64821 234 
64898 21 
64983 1170 
65105 49 
65426 934 
65602 590 
65621 208 
65622 1187 
65716 1275 
65820 759 
65848 238 
65971 329 
66020 372 
66071 54 
66109 232 
66202 432 
66309 52 
66372 131 
66428 140 
66705 448 
66725 945 
66751 101 
66759 273 
66825 451 
66857 1127 
66869 635 
66912 104 
67007 286 
67068 71 
67099 270 
67415 81 
67963 50 
68226 879 
68268 729 
68285 213 
68375 58 
68405 281 
68422 109 
68591 145 
68608 1018 
68636 291 
68708 1071 
68760 93 
68870 1070 
69124 56 
69204 23 
69292 385 
69292 385 
69422 883 
69447 53 
69518 706 
69841 10 
69843 108 
69992 80 
70047 189 
70090 1207 
70204 67 
70517 337 
70753 264 
72881 26 
72935 1843 
72950 381 
72953 331 
73331 3 
73350 117 
73751 10 
73852 128 
74159 251 
74378 4 
74405 32 
75031 1 
75418 522 
75977 402 
76020 32 
76047 1254 
76116 343 
76131 1559 
76140 15 
76244 108 
76284 504 
76449 581 
77068 109 
77510 13 
77529 135 
77673 3 
77753 4 
78199 175 
78816 157 
78841 514 
78960 143 
79108 118 
79338 15 
79372 384 
79419 1895 
79425 187 
79439 556 
79470 22 
79477 1180 
79527 2088 
79619 676 
79650 67 
79656 85 
80144 618 
80193 93 
80292 205 
80300 106 
80690 1562 
81158 152 
81263 106 
81316 816 
81374 24 
81685 273 
82038 240 
82071 1020 
82088 796 
82124 223 
82147 1208 
82207 323 
82281 142 
82300 555 
82493 454 
83167 46 
83317 683 
83326 141 
83486 69 
83647 348 
84035 92 
84099 131 
84267 20 
84295 6 
84645 336 
84697 48 
84807 8 
85427 50 
85476 79 
86035 73 
86110 1 
86675 408 
86987 63 
87093 19 
87414 30 
88208 49 
89086 165 
89304 23 
89480 63 
89489 42 
91643 31 
91674 71 
92093 537 
92502 525 
93014 3 
93467 405 
93648 215 
93684 422 
93721 6 
93753 848 
93760 421 
93826 507 
93843 103 
93894 538 
93922 318 
94838 253 
95111 272 
95119 166 
95148 38 
95179 26 
95441 53 
95483 69 
96105 411 
96134 921 
96322 254 
96410 54 
98187 89 
98632 183 
99217 688 
99527 386 
99556 180 
99571 130 
99591 22 
100122 52 
100363 190 
101017 274 
102103 94 
103733 7 
104182 97 
104872 125 
105350 462 
105669 307 
105912 0 
107317 14 
108760 109 
112054 175 
113187 89 
113307 169 
113770 116 
113910 883 
113941 2076 
115348 273 
115473 222 
115506 191 
115583 102 
115855 105 
116275 105 
116748 99 
116975 11 
117331 122 
118673 51 
119769 96 
122513 43 
123653 40 
126218 41 
127147 6 
129780 107 
132457 491 
133490 159 
133655 190 
133927 1228 
134539 71 
134551 27 
135335 232 
136361 40 
138151 54 
139268 56 
140393 289 
140411 185 
140499 66 
140568 24 
142210 828 
142225 970 
146678 19 
146998 340 
149135 1271 
149153 315 
149164 1246 
149547 838 
149831 30 
149845 264 
149846 75 
149859 208 
150020 426 
150418 89 
151440 64 
151518 170 
152449 58 
153649 727 
154005 2936 
154050 118 
154062 50 
154158 107 
154219 87 
154272 1723 
155086 2443 
155257 622 
155273 54 
156344 23 
156635 2 
156842 464 
157446 132 
157746 12 
157897 95 
158490 69 
158490 69 
159209 207 
159689 22 
160362 70 
162295 56 
163392 13 
164272 239 
164902 134 
165051 10 
165178 37 
166612 291 
167102 10 
167847 14 
169162 455 
169782 34 
170525 282 
170774 50 
170943 987 
170962 310 
171079 84 
171743 88 
171920 83 
171923 122 
175691 3454 
175699 1341 
175859 846 
175931 85 
176056 1001 
176066 680 
176132 122 
176217 302 
176349 92 
176349 96 
176385 1483 
176666 608 
177084 31 
177624 815 
177640 22 
177737 3 
178277 734 
178293 276 
178328 190 
178337 702 
178365 132 
178426 65 
179101 126 
179418 360 
179453 3236 
179581 531 
179676 690 
179707 284 
180075 153 
180562 38 
181382 305 
181416 76 
181693 57 
183366 34 
183413 310 
186395 87 
186644 117 
187798 881 
187840 270 
188024 163 
188112 361 
188486 881 
188918 802 
188925 464 
189018 775 
189321 285 
189757 628 
194457 42 
196162 53 
196609 129 
196839 191 
196929 67 
198664 127 
198699 114 
201910 79 
206081 159 
216095 64 
218023 25 
218134 107 
219916 94 
220166 99 
220226 42 
223604 241 
223828 43 
223845 100 
223931 102 
226397 115 
226834 19 
227738 67 
231393 137 
231462 171 
231627 183 
236363 42 
238697 200 
239679 377 
240591 342 
242473 228 
244367 32 
247328 410 
247332 370 
247338 704 
247349 785 
247351 417 
247363 97 
247365 227 
247387 167 
247407 420 
247421 49 
247446 246 
247464 1320 
247488 24 
247516 299 
247540 1030 
247548 51 
247550 547 
247560 233 
247663 1303 
247663 141 
247705 389 
247721 30 
247722 753 
247738 421 
247845 886 
247898 529 
248229 17 
248258 82 
248258 268 
248342 100 
248424 114 
249047 21 
249708 151 
249750 69 
250133 89 
250441 7 
250535 14 
250832 6 
251079 217 
252801 109 
252888 119 
253291 130 
253339 85 
255189 36 
255502 151 
255924 91 
257466 3 
258159 3314 
258514 21 
262266 8 
265032 9 
266105 30 
272875 508 
273787 253 
273891 358 
273934 338 
273945 244 
274246 182 
274287 1742 
274320 3823 
274330 614 
274336 1348 
274347 1176 
274388 415 
274399 330 
274533 331 
274542 670 
274605 293 
274978 122 
274986 631 
275148 158 
276010 155 
276671 338 
277191 74 
277372 639 
277629 88 
277960 177 
277974 33 
279414 331 
280402 106 
282172 10 
283812 108 
292267 22 
292734 57 
298500 91 
300369 48 
302717 176 
303165 33 
309007 53 
309742 43 
311570 2998 
312757 74 
313255 204 
313350 84 
313661 24 
316753 138 
319220 277 
319822 23913 
322202 29 
326478 7 
329786 259 
330986 247 
336646 42 
339280 51 
341271 150 
343279 80 
343297 12 
343302 340 
343542 128 
343551 52 
343593 481 
343993 490 
344366 339 
344568 234 
344668 5 
344951 14 
345603 391 
345827 125 
345957 25 
347105 323 
350753 149 
351203 188 
351709 122 
357209 7 
362388 20 
362690 93 
363037 198 
363105 450 
363153 577 
363299 38 
363444 166 
363503 9 
363524 34 
363557 84 
363637 47 
363773 1343 
363829 126 
364234 415 
364305 41 
364310 138 
364450 81 
364986 31 
365122 90 
365824 431 
366414 25 
368048 29 
371332 3249 
371400 507 
371481 239 
371484 189 
371601 288 
371891 1169 
372798 125 
377645 240 
389622 77 
390026 3 
391519 71 
392646 336 
394973 1097 
402961 14 
403200 73 
405480 21 
413962 165 
417132 75 
423677 62 
424710 70 
426208 19 
429410 42 
442150 158 
447002 297 
447888 67 
454325 363 
470121 15 
474777 34 
478964 589 
479065 199 
479143 560 
479171 420 
479268 33 
479356 413 
480487 273 
480704 399 
481094 559 
481432 193 
484957 163 
485056 262 
485072 174 
485319 24 
486273 448 
486377 466 
486577 1977 
486632 46 
487995 204 
489350 207 
489369 241 
489885 215 
489985 991 
490002 68 
490283 929 
490811 776 
490824 367 
490838 61 
491291 18 
491360 16 
491572 386 
491667 241 
491874 344 
491905 421 
491931 328 
492424 128 
492731 189 
493167 228 
496981 96 
496985 266 
496988 346 
497283 60 
497865 654 
498061 316 
498653 162 
499595 20 
499616 83 
500760 24 
500782 176 
500823 20 
500917 1544 
500924 564 
500962 2754 
501076 79 
501429 101 
501523 195 
501850 21 
502205 1062 
503187 70 
503330 48 
504216 290 
504485 243 
506234 225 
506867 139 
506938 51 
507226 170 
507226 170 
507616 285 
507758 238 
507808 281 
507948 23 
508013 442 
508066 23 
508243 52 
508421 69 
509524 682 
509643 840 
509666 768 
509669 533 
509712 155 
509768 1223 
509784 463 
510528 56 
510560 125 
511087 75 
511621 102 
511675 24 
511827 16 
511921 100 
513490 69 
514035 19 
514776 1526 
515071 276 
515098 1642 
515141 115 
515177 148 
515228 1573 
515241 651 
515245 130 
515254 1383 
515268 280 
515306 231 
515410 579 
515411 686 
515461 499 
515520 568 
515540 241 
515546 991 
515553 492 
515677 431 
515709 18 
516346 26 
516695 20 
516777 170 
516785 5 
518145 42 
518295 122 
518443 64 
519454 72 
522629 170 
523627 231 
527573 61 
527714 103 
532829 454 
532852 642 
532863 199 
532964 106 
532977 98 
533252 92 
533595 862 
533657 660 
533850 2644 
534301 177 
536049 216 
536249 861 
536399 609 
536466 255 
536467 198 
536769 525 
537002 317 
537103 512 
537489 292 
537509 90 
537822 159 
538458 58 
538645 72 
538662 252 
539078 271 
540336 1192 
540364 206 
540410 305 
540590 900 
541566 219 
549739 81 
551748 276 
553004 64 
554450 1952 
554505 547 
555455 41 
556995 487 
557318 46 
563705 4 
563787 95 
564101 1128 
564159 436 
565079 59 
565988 222 
570500 36 
575808 13 
577049 340 
583015 60 
583054 112 
583284 41 
597518 65 
599770 252 
601946 17 
602029 11 
