2839 1.91596064815
0 709756 
6 1373 
6 473 
7 327 
9 1148 
12 863 
13 3009 
14 10454 
14 17005 
14 1332 
15 35 
16 547 
18 140 
19 664 
20 503 
20 1377 
20 392 
20 17 
20 102 
21 1173 
21 504 
21 306 
22 227 
22 115 
22 1254 
23 611 
23 10 
23 1785 
23 528 
23 56 
24 176 
24 352 
24 182 
25 474 
26 24 
26 930 
26 221 
26 41 
26 1443 
26 310 
26 359 
26 518 
26 1666 
27 487 
27 486 
27 19 
27 823 
28 183 
28 85 
28 773 
29 227 
29 501 
29 68 
30 428 
30 1580 
30 731 
30 232 
31 143 
31 136 
32 19 
32 101 
32 598 
32 254 
32 3452 
33 780 
33 111 
33 1296 
34 683 
34 239 
34 943 
35 1727 
35 4 
35 17 
35 3137 
36 1007 
36 119 
36 927 
37 609 
37 263 
37 579 
37 59 
37 512 
38 632 
38 402 
39 215 
39 47 
39 280 
39 286 
39 603 
39 2 
40 287 
40 5537 
40 1460 
40 167 
40 493 
41 139 
41 38 
41 222 
42 485 
42 1206 
42 168 
42 1471 
42 818 
43 10 
43 203 
43 725 
43 17 
43 1220 
44 243 
44 43 
44 21 
44 1003 
44 19 
44 690 
44 9 
45 233 
45 5617 
45 352 
45 43 
46 918 
46 429 
46 2111 
46 124 
47 32 
47 540 
47 485 
47 168 
47 67 
48 989 
49 209 
49 461 
50 50 
50 213 
50 719 
51 1040 
51 327 
51 3663 
51 238 
51 1822 
51 460 
52 719 
52 402 
53 112 
53 1037 
53 7 
53 211 
53 845 
54 46 
54 78 
54 198 
55 720 
55 1105 
55 318 
56 131 
56 731 
57 131 
57 222 
57 958 
58 2588 
58 108 
58 431 
58 829 
58 674 
58 1221 
59 3274 
59 150 
59 28 
60 11 
61 45 
61 1606 
61 1918 
61 45 
61 105 
63 439 
63 1433 
63 268 
63 342 
64 838 
65 3624 
65 317 
65 79 
65 286 
65 15 
65 291 
65 1187 
66 130 
66 3745 
66 152 
67 268 
67 390 
67 387 
67 451 
67 611 
67 3143 
67 139 
67 130 
67 917 
68 334 
69 1062 
69 152 
69 393 
69 106 
69 49 
71 791 
71 19 
71 58 
71 775 
71 108 
71 100 
71 105 
72 830 
72 11 
72 712 
72 274 
72 106 
72 358 
72 1872 
73 2760 
74 5415 
74 75 
75 44 
75 754 
75 1294 
76 224 
77 102 
77 9287 
77 1562 
77 472 
77 669 
77 1179 
77 295 
78 620 
78 38 
78 542 
79 137 
80 251 
80 1707 
80 209 
80 306 
81 2281 
81 79 
81 702 
81 687 
81 45 
82 28 
82 1826 
83 1816 
83 712 
83 52 
84 154 
85 1939 
85 2435 
85 73 
86 28 
87 369 
87 304 
88 1143 
89 4063 
90 492 
90 196 
90 54 
91 541 
91 309 
92 108 
92 41 
93 12 
93 171 
93 7 
93 171 
93 305 
94 5 
94 1026 
94 602 
96 157 
96 60 
96 254 
97 205 
98 240 
99 607 
99 121 
100 43 
100 1138 
101 2528 
101 1920 
101 979 
101 223 
101 1054 
102 82 
103 933 
104 825 
104 4968 
104 199 
104 112 
104 92 
105 96 
105 252 
106 558 
106 8942 
106 3055 
106 25 
107 286 
108 691 
108 1646 
109 509 
109 150 
111 2867 
111 122 
112 48 
112 96 
112 189 
112 37 
113 9220 
114 260 
115 1552 
115 39 
116 129 
116 247 
116 581 
116 154 
117 716 
118 125 
118 24 
118 202 
119 217 
119 620 
120 745 
120 13 
120 147 
120 156 
120 42 
120 149 
121 280 
123 21 
123 221 
123 153 
124 11 
124 12 
127 1662 
127 28 
129 201 
129 173 
129 159 
130 1036 
131 66 
132 32 
132 31 
132 169 
132 16 
132 110 
133 1189 
133 945 
133 44 
133 764 
134 60 
135 153 
136 147 
137 167 
138 192 
138 675 
139 1357 
139 11 
139 30 
139 224 
140 65 
140 3704 
140 222 
140 162 
140 787 
141 604 
141 31 
141 24 
142 95 
142 42 
143 1021 
144 3844 
145 454 
145 147 
147 798 
147 90 
147 88 
147 56 
148 406 
148 2190 
148 630 
149 352 
149 161 
149 95 
150 89 
152 11640 
152 698 
153 589 
154 124 
155 244 
155 93 
156 1724 
156 199 
157 9 
158 110 
158 377 
158 211 
158 28 
159 897 
159 1920 
159 794 
160 308 
160 1517 
161 61 
161 993 
162 324 
162 1321 
164 119 
164 151 
165 125 
166 296 
166 84 
167 663 
167 121 
168 36 
168 397 
169 7 
170 355 
170 6224 
171 72 
171 139 
172 1936 
172 1843 
173 15 
173 263 
173 75 
174 166 
174 131 
174 65 
176 155 
176 845 
177 114 
177 144 
178 144 
179 317 
179 86 
180 116 
181 918 
182 1692 
182 4938 
182 134 
182 84 
183 690 
183 861 
183 1569 
184 450 
184 22 
184 1731 
185 117 
187 80 
187 397 
187 29 
189 255 
189 117 
190 648 
192 7 
192 174 
193 261 
193 34 
194 36 
195 823 
195 20298 
195 48 
197 213 
198 41 
198 72 
199 1135 
200 92 
201 774 
202 83 
202 642 
202 190 
202 1499 
204 268 
205 193 
206 134 
206 529 
206 185 
207 342 
208 552 
208 46 
208 83 
209 50 
209 166 
209 2959 
209 923 
210 533 
210 53 
211 26 
212 688 
213 166 
213 113 
215 305 
215 65 
215 727 
216 552 
217 483 
217 34 
218 108 
218 30 
220 2154 
221 388 
221 459 
223 1175 
224 1117 
225 728 
226 800 
227 20 
228 216 
228 15 
229 396 
229 577 
229 830 
232 1008 
234 79 
235 125 
235 1986 
235 260 
236 252 
237 153 
238 1526 
238 229 
239 636 
239 317 
241 22 
241 323 
241 15 
242 921 
243 463 
244 188 
244 28 
244 241 
245 600 
246 984 
246 324 
247 94 
248 73 
248 134 
249 462 
250 264 
250 18 
251 859 
252 169 
252 399 
254 174 
256 419 
257 47 
258 2841 
259 1653 
261 856 
261 225 
261 962 
261 100 
264 112 
264 886 
264 37 
265 1350 
267 49 
268 51 
269 1369 
269 595 
270 73 
271 275 
272 127 
272 280 
273 217 
274 8 
275 768 
275 4124 
275 8 
276 865 
276 1262 
276 81 
277 169 
277 488 
278 164 
278 108 
279 214 
281 263 
282 1743 
282 1653 
282 143 
283 5161 
284 467 
285 146 
285 207 
285 3716 
285 177 
286 163 
287 155 
287 235 
287 16 
287 65 
288 386 
289 239 
290 741 
291 1064 
292 3672 
292 54 
292 35 
293 378 
293 1054 
293 220 
293 3822 
296 28 
296 192 
297 243 
301 88 
302 15 
302 75 
303 1290 
307 783 
307 1485 
308 49 
308 231 
310 1456 
311 136 
312 54 
312 88 
313 572 
313 514 
313 59 
313 5 
315 103 
317 471 
318 715 
319 172 
324 130 
325 50 
325 411 
326 57 
327 316 
328 334 
328 157 
330 130 
331 1338 
332 2024 
336 1073 
337 529 
338 48 
338 149 
339 81 
339 732 
340 47 
340 3010 
342 64 
346 1385 
347 240 
347 19 
349 284 
352 57 
356 199 
356 392 
356 304 
357 1680 
359 2726 
360 808 
360 24 
361 70 
361 132 
361 107 
363 7145 
363 210 
364 66 
366 85 
366 125 
367 278 
369 128 
369 295 
370 247 
370 283 
372 473 
373 37 
373 8 
373 144 
374 389 
374 139 
375 1139 
376 967 
376 367 
377 7 
377 151 
377 85 
378 687 
378 49 
378 2702 
380 32 
381 489 
381 152 
382 318 
383 49 
384 249 
387 3705 
391 3893 
392 8 
393 120 
393 137 
396 1420 
396 991 
399 331 
400 3042 
401 760 
403 37 
405 509 
405 1017 
406 2 
407 1258 
408 370 
409 286 
411 173 
411 14 
411 23 
412 176 
413 21 
413 43 
413 121 
414 833 
415 1902 
415 211 
416 57 
418 7 
418 604 
418 136 
419 348 
421 97 
421 466 
421 81 
422 324 
423 110 
424 27 
425 85 
425 51 
428 35 
429 170 
429 88 
433 211 
434 215 
439 18 
439 199 
440 1056 
441 287 
441 850 
441 830 
441 1567 
442 1165 
442 2282 
442 291 
444 996 
445 902 
450 1680 
450 633 
452 1490 
457 60 
458 195 
459 636 
460 206 
460 558 
462 29 
463 102 
466 660 
466 23 
468 4162 
468 150 
468 1301 
469 104 
471 10 
471 35 
472 967 
474 645 
475 56 
475 136 
476 77 
476 1695 
476 188 
477 2369 
478 1027 
480 20 
482 275 
484 122 
487 107 
488 14 
488 90 
489 1765 
490 731 
491 21 
495 350 
498 539 
499 345 
500 1287 
501 62 
506 26 
510 867 
512 904 
513 59 
515 324 
515 69 
517 369 
518 2682 
520 51 
521 772 
521 114 
522 457 
522 212 
524 3920 
525 80 
525 301 
526 229 
527 78 
529 122 
531 2816 
532 674 
534 44 
535 7567 
535 1606 
536 545 
537 221 
540 791 
543 23 
543 304 
544 95 
545 18 
545 2540 
548 138 
549 584 
551 98 
553 109 
554 225 
555 88 
562 146 
565 3030 
567 3692 
570 147 
571 2193 
571 403 
573 163 
573 598 
574 987 
574 1913 
574 334 
575 3956 
576 541 
576 62 
577 183 
577 4540 
578 2238 
578 498 
580 375 
581 93 
585 57 
587 698 
587 41 
590 2541 
595 129 
596 1073 
596 20 
597 2079 
599 134 
600 59 
600 135 
600 337 
602 52 
607 62 
608 28 
609 20 
611 245 
612 1071 
612 621 
615 402 
615 105 
615 42 
616 789 
616 82 
617 829 
618 52 
619 3 
621 1487 
623 92 
623 660 
623 479 
623 14 
624 22 
627 892 
629 483 
629 753 
630 175 
634 153 
635 209 
635 868 
636 734 
640 615 
642 1927 
643 1024 
646 527 
646 67 
652 157 
652 249 
654 219 
664 136 
664 1751 
669 156 
669 33 
670 479 
671 22 
674 1229 
675 372 
679 347 
693 23 
695 37 
696 402 
701 1245 
704 804 
705 1401 
708 805 
710 77 
710 589 
713 2168 
714 202 
715 80 
717 321 
717 132 
725 329 
725 904 
726 317 
729 19 
736 353 
740 80 
741 59 
742 1299 
757 152 
759 339 
767 1105 
767 2124 
769 1988 
772 738 
773 1249 
774 433 
776 43 
776 115 
776 30 
778 5037 
786 1152 
786 537 
789 238 
799 2919 
802 1878 
802 1236 
805 60 
808 323 
808 32 
811 183 
822 1 
825 131 
826 42 
828 107 
829 321 
832 94 
832 157 
833 1463 
836 1909 
841 379 
841 7 
846 47 
850 48 
851 18 
851 0 
851 749 
852 73 
854 49 
856 129 
856 34 
857 237 
859 144 
862 981 
862 393 
863 280 
864 386 
869 775 
869 3176 
871 2799 
873 371 
875 485 
875 2292 
881 453 
886 2314 
892 7 
893 37 
896 431 
900 2502 
909 52 
910 10 
915 1054 
919 558 
919 1229 
921 386 
922 1030 
923 1907 
925 774 
925 123 
928 2155 
935 176 
956 2005 
962 210 
962 466 
962 3404 
964 36 
965 26 
969 567 
969 55 
970 1233 
970 3 
974 43 
984 221 
985 97 
988 39 
989 42 
991 13 
991 78 
992 147 
992 1021 
993 261 
998 546 
1005 288 
1010 199 
1012 43 
1015 879 
1021 246 
1021 1098 
1023 442 
1024 160 
1025 2091 
1030 26 
1032 422 
1032 950 
1033 24 
1034 24 
1039 675 
1042 13487 
1045 97 
1047 1388 
1048 1051 
1049 11 
1062 2456 
1069 90 
1073 15 
1073 335 
1075 303 
1081 244 
1082 329 
1082 8 
1083 295 
1084 1512 
1085 2932 
1097 1345 
1098 1900 
1101 218 
1104 14 
1105 2719 
1117 90 
1119 2582 
1122 1202 
1124 138 
1126 56 
1131 3878 
1133 38 
1134 354 
1135 167 
1140 117 
1144 3731 
1146 565 
1151 705 
1154 76 
1155 1117 
1158 41 
1158 3921 
1171 24 
1172 128 
1173 593 
1178 3 
1179 1004 
1180 26 
1181 684 
1182 432 
1183 181 
1185 57 
1191 108 
1198 30 
1200 68 
1201 867 
1203 3181 
1207 16 
1210 37 
1217 1043 
1222 219 
1225 206 
1231 35 
1232 237 
1236 38 
1236 120 
1237 529 
1238 486 
1240 357 
1243 115 
1243 79 
1245 551 
1245 4504 
1246 151 
1246 186 
1248 49 
1248 331 
1248 899 
1251 146 
1253 1178 
1255 206 
1257 312 
1257 303 
1257 254 
1266 712 
1267 686 
1269 690 
1272 611 
1272 166 
1274 9645 
1285 116 
1298 282 
1307 352 
1309 909 
1313 44 
1313 354 
1317 204 
1317 1378 
1328 128 
1329 66 
1334 148 
1336 894 
1344 214 
1350 126 
1352 117 
1353 82 
1355 148 
1358 990 
1359 430 
1360 64 
1361 551 
1363 96 
1363 782 
1365 1581 
1370 578 
1371 22 
1374 109 
1380 837 
1382 1385 
1383 2316 
1384 1756 
1388 460 
1389 1558 
1391 240 
1392 152 
1396 224 
1398 4552 
1400 241 
1401 63 
1408 109 
1408 78 
1411 85 
1412 13 
1413 331 
1418 107 
1418 118 
1419 50 
1421 969 
1423 263 
1425 96 
1429 100 
1430 73 
1436 45 
1439 31 
1444 303 
1445 528 
1445 162 
1446 1738 
1449 2100 
1452 298 
1455 739 
1460 1382 
1476 107 
1482 1241 
1483 837 
1486 945 
1495 229 
1501 242 
1509 3603 
1511 223 
1514 1206 
1525 477 
1534 951 
1534 1408 
1535 708 
1536 7 
1539 229 
1545 203 
1545 62 
1548 765 
1550 527 
1552 2911 
1557 342 
1560 1263 
1561 1179 
1562 21 
1565 38 
1568 97 
1571 200 
1574 1887 
1576 2828 
1577 3817 
1578 168 
1581 32 
1583 734 
1584 1916 
1584 12 
1585 1691 
1588 301 
1589 351 
1590 3398 
1601 373 
1601 10443 
1602 36 
1603 80 
1604 1322 
1621 1264 
1629 159 
1633 20 
1641 53 
1650 386 
1654 659 
1658 730 
1663 14 
1666 41 
1681 136 
1683 2141 
1683 578 
1685 133 
1694 107 
1695 16 
1700 974 
1704 124 
1719 1275 
1720 186 
1731 425 
1738 35 
1739 3 
1742 1064 
1743 152 
1744 184 
1744 23 
1747 63 
1749 251 
1753 461 
1756 21 
1756 1802 
1769 21 
1780 360 
1781 198 
1783 464 
1786 5351 
1800 546 
1800 337 
1805 73 
1809 32 
1813 258 
1818 176 
1818 799 
1819 27 
1821 382 
1823 704 
1828 27 
1833 303 
1837 4 
1839 85 
1847 67 
1848 431 
1849 588 
1850 694 
1856 22 
1862 184 
1866 66 
1867 130 
1869 866 
1870 103 
1871 96 
1874 300 
1880 0 
1884 39 
1888 214 
1897 1455 
1900 28 
1900 721 
1910 653 
1912 64 
1914 420 
1915 4201 
1920 236 
1920 432 
1926 948 
1931 3034 
1937 1064 
1942 21 
1967 82 
1975 1469 
1978 829 
1979 68 
1982 2602 
1985 54 
1986 2074 
1986 787 
1991 642 
1992 22 
1995 272 
1995 1062 
2009 205 
2011 759 
2027 133 
2029 1116 
2037 57 
2042 869 
2045 92 
2046 318 
2047 199 
2051 2254 
2067 3554 
2068 93 
2071 3639 
2074 564 
2076 141 
2085 253 
2088 154 
2090 122 
2091 1 
2099 440 
2099 186 
2100 838 
2102 0 
2103 195 
2105 1474 
2111 85 
2113 28 
2114 1625 
2115 170 
2116 1686 
2121 184 
2124 539 
2124 137 
2126 30 
2132 651 
2133 1206 
2135 527 
2138 191 
2138 80 
2143 344 
2144 192 
2156 5 
2160 1032 
2167 2960 
2182 199 
2189 328 
2196 805 
2198 380 
2203 200 
2204 32 
2211 705 
2211 713 
2215 224 
2226 1019 
2230 496 
2241 102 
2250 922 
2256 277 
2258 377 
2266 95 
2269 311 
2274 251 
2283 71 
2285 765 
2286 110 
2294 58 
2299 677 
2300 393 
2303 188 
2307 925 
2312 2731 
2317 159 
2320 110 
2322 36 
2324 122 
2352 25 
2359 3 
2359 444 
2381 2733 
2395 319 
2401 4 
2405 2547 
2414 11 
2418 283 
2429 251 
2440 404 
2443 3118 
2454 524 
2460 106 
2471 553 
2495 727 
2498 147 
2500 680 
2503 546 
2509 2043 
2514 15 
2529 7 
2544 3782 
2561 14 
2577 330 
2581 55 
2597 546 
2603 407 
2608 66 
2614 356 
2621 256 
2628 361 
2649 163 
2654 303 
2656 392 
2658 134 
2659 32 
2662 2125 
2681 692 
2682 55 
2686 165 
2694 125 
2698 731 
2710 564 
2711 1740 
2717 1682 
2729 323 
2733 1024 
2735 22 
2751 17 
2751 89 
2753 728 
2767 834 
2768 414 
2780 1249 
2789 402 
2793 2441 
2795 236 
2796 1675 
2818 23 
2818 2431 
2824 1563 
2825 57 
2856 37 
2866 1121 
2867 7900 
2871 901 
2877 33 
2888 288 
2891 751 
2892 336 
2901 102 
2907 1688 
2913 9090 
2919 2170 
2925 1 
2931 106 
2933 1143 
2943 47 
2947 106 
2978 17337 
2978 6006 
2992 413 
3006 2356 
3017 942 
3021 389 
3033 1392 
3034 2576 
3040 44 
3058 62 
3066 51 
3073 91 
3076 1131 
3082 130 
3082 1154 
3088 2331 
3122 27 
3127 9 
3139 20 
3140 340 
3154 1067 
3167 31 
3169 264 
3173 23 
3176 735 
3178 111 
3180 195 
3185 90 
3186 121 
3187 124 
3194 70 
3197 1483 
3204 79 
3207 123 
3208 2058 
3212 609 
3229 114 
3264 111 
3276 49 
3300 29 
3311 1164 
3313 237 
3330 209 
3356 123 
3360 74 
3363 386 
3373 2338 
3405 1027 
3408 6 
3413 65 
3416 465 
3442 2836 
3463 68 
3466 166 
3469 1224 
3512 430 
3527 332 
3531 2674 
3540 358 
3550 129 
3554 542 
3564 501 
3611 15 
3614 1529 
3660 159 
3686 367 
3711 671 
3720 2278 
3723 140 
3735 30 
3780 192 
3814 306 
3824 70 
3824 1002 
3832 30 
3862 1033 
3876 635 
3876 13 
3888 40 
3892 1880 
3897 5 
3900 552 
3939 301 
3962 291 
3971 1116 
3982 680 
4036 1636 
4053 90 
4078 1329 
4088 106 
4128 6777 
4138 27 
4147 463 
4154 2036 
4159 1102 
4172 224 
4211 346 
4225 6968 
4232 1919 
4237 462 
4237 267 
4259 1 
4265 93 
4265 410 
4280 201 
4302 1932 
4342 1276 
4359 1566 
4379 114 
4390 17 
4406 1392 
4413 80 
4468 15 
4472 769 
4487 18 
4535 242 
4550 356 
4559 921 
4590 93 
4599 205 
4617 29 
4623 93 
4629 127 
4708 1867 
4711 2351 
4795 2350 
4798 15 
4805 1203 
4810 1410 
4811 0 
4820 1133 
4866 304 
4873 1582 
4895 150 
4896 1074 
4943 447 
4953 506 
4983 929 
5004 388 
5034 136 
5117 1186 
5124 118 
5140 532 
5177 137 
5239 124 
5251 92 
5262 1008 
5268 159 
5270 1235 
5275 546 
5291 346 
5306 69 
5333 87 
5349 292 
5374 135 
5492 548 
5499 649 
5527 407 
5533 14 
5533 188 
5546 813 
5618 122 
5620 4 
5654 575 
5655 63 
5659 917 
5684 148 
5781 2899 
5812 6318 
5853 2 
5886 1570 
5955 1326 
5960 203 
5970 119 
5992 3619 
6037 1107 
6048 171 
6102 1050 
6118 57 
6158 19 
6162 616 
6200 550 
6203 86 
6368 10 
6372 62 
6403 285 
6404 319 
6496 1360 
6522 728 
6532 843 
6540 346 
6570 319 
6594 1447 
6600 1701 
6746 1738 
6746 291 
6766 350 
6795 177 
6804 249 
6871 460 
6897 718 
6975 197 
7028 43 
7044 223 
7074 337 
7127 206 
7149 128 
7156 957 
7159 142 
7214 395 
7235 392 
7274 124 
7412 394 
7455 569 
7470 45 
7473 1218 
7493 2958 
7509 60 
7534 2315 
7621 934 
7659 1243 
7671 124 
7673 139 
7683 12 
7685 2441 
7722 33 
7749 5139 
7755 20497 
7799 243 
7871 631 
7883 834 
7886 754 
7918 7 
8009 45 
8023 123 
8025 96 
8057 309 
8065 723 
8071 40 
8082 4576 
8150 83 
8319 754 
8470 1528 
8484 886 
8513 104 
8517 6 
8574 111 
8626 1030 
8631 1654 
8632 1237 
8649 829 
8656 439 
8694 323 
8778 1102 
8799 25 
8851 677 
8854 186 
8857 80 
9022 92 
9086 684 
9101 439 
9103 11 
9130 651 
9196 1026 
9201 31 
9207 1468 
9293 299 
9325 35 
9428 59 
9462 50 
9557 298 
9663 18974 
9696 1231 
9704 327 
9744 34 
9783 568 
9787 1008 
9809 382 
9829 291 
9933 51 
9955 4157 
9956 446 
9999 913 
10023 142 
10067 166 
10091 155 
10298 1522 
10339 611 
10428 158 
10568 680 
10571 33 
10692 78 
10721 14 
10748 122 
10758 295 
10760 502 
10775 2206 
10827 1909 
10835 69 
10837 25 
10874 934 
10948 2399 
10960 452 
10985 140 
11009 917 
11060 368 
11132 11 
11150 785 
11193 1164 
11207 806 
11214 2278 
11235 1925 
11330 246 
11363 5 
11365 1063 
11414 147 
11467 865 
11470 1054 
11494 108 
11578 121 
11659 1110 
11672 3411 
11730 1 
11796 1335 
11843 1107 
11985 80 
12063 95 
12089 1092 
12109 1285 
12148 394 
12194 644 
12306 97 
12321 266 
12357 228 
12456 1367 
12556 26 
12609 62 
12678 301 
12684 653 
12791 6345 
12791 6345 
12799 661 
12799 661 
12832 155 
12859 1053 
12962 184 
13020 563 
13103 241 
13169 1175 
13284 383 
13288 51 
13320 18 
13352 892 
13399 1255 
13400 541 
13416 2002 
13470 545 
13498 103 
13619 3699 
13702 292 
13720 190 
13780 7326 
13784 1347 
13824 103 
13846 6 
13872 400 
13937 56 
13965 174 
13968 2566 
13972 115 
14067 1184 
14069 192 
14195 136 
14205 199 
14244 334 
14287 969 
14312 286 
14714 733 
14830 3297 
14855 42 
14866 16062 
14879 4379 
14887 886 
14891 577 
14936 320 
14946 733 
14982 1343 
14990 45 
15050 147 
15084 1317 
15106 729 
15133 1924 
15299 487 
15402 693 
15452 718 
15594 4371 
15616 199 
15663 223 
15679 112 
15759 1623 
15790 225 
15809 609 
15933 1294 
15954 35 
16111 1192 
16206 11 
16290 679 
16326 65 
16375 78 
16496 1021 
16596 44 
16724 38 
16906 1178 
16979 178 
17092 174 
17157 2048 
17253 214 
17402 44 
17428 295 
17574 794 
17599 17 
17622 217 
17640 15 
17666 1130 
17913 28 
17915 1638 
17976 79 
18356 20903 
18382 1150 
18473 3233 
18501 1649 
18522 56 
18553 230 
18566 1248 
18601 250 
18665 14 
18773 2398 
18795 414 
18801 820 
18991 794 
19261 543 
19341 11 
19456 440 
19472 30 
19489 458 
19593 1610 
19607 34 
19645 1096 
19668 1 
19780 1234 
19868 259 
20005 1473 
20078 107 
20337 30 
20386 461 
20438 733 
20459 853 
20685 153 
20798 6 
20815 815 
21185 66 
21371 1013 
21454 290 
21684 2601 
21809 1638 
21875 2851 
21912 999 
22037 40 
22093 161 
22403 204 
22464 93 
22480 462 
22505 987 
22537 1226 
22752 630 
23053 678 
23161 135 
23930 391 
24181 115 
24440 548 
24594 93 
24758 1146 
24815 575 
24856 989 
24914 650 
24985 2056 
25023 843 
25276 1330 
25431 339 
25540 963 
25901 30 
26070 300 
26689 268 
27872 1535 
28350 1694 
28395 59 
28609 430 
28618 403 
28668 5 
28786 85 
28797 1160 
29043 635 
29152 3396 
29167 413 
29298 711 
29350 143 
29350 1460 
29433 43 
29508 1224 
29604 839 
29767 5805 
29952 8061 
30148 71 
30151 911 
30164 2906 
30356 1111 
30909 1860 
31402 497 
31556 961 
31629 619 
31780 1339 
32032 323 
32234 64 
32261 923 
32320 580 
32350 236 
32354 258 
32361 101 
32457 103 
32618 26 
32685 391 
32802 313 
33049 354 
33055 319 
33171 2690 
33196 554 
33252 1086 
33388 666 
33463 508 
33493 1359 
33500 220 
33546 895 
33601 223 
33757 703 
33780 1143 
33829 163 
33854 35 
33855 6180 
33860 8911 
33867 792 
33969 1324 
33975 175 
34038 229 
34137 2195 
34150 371 
34173 979 
34243 42 
34314 153 
34402 255 
34438 108 
34617 70 
34624 25 
34678 15 
34679 347 
34902 792 
34934 466 
35049 163 
35115 1292 
35116 1500 
35155 1639 
35191 762 
35218 14048 
35234 264 
35247 814 
35251 356 
35257 11 
35292 413 
35414 191 
35427 508 
35508 580 
35532 313 
35597 169 
35623 81 
35642 146 
35716 435 
35758 338 
35779 225 
35789 580 
35831 243 
35841 83 
35879 1248 
35954 226 
36090 1132 
36228 810 
36272 22 
36309 530 
36312 831 
36318 797 
36460 450 
36499 386 
36516 2550 
36567 508 
36766 782 
36839 1014 
36892 111 
36906 769 
36920 251 
37024 40 
37026 56 
37047 48 
37080 273 
37127 125 
37159 767 
37248 1127 
37270 713 
37325 1134 
37349 187 
37354 262 
37386 414 
37454 55 
37467 538 
37485 525 
37535 106 
37643 1563 
37658 2 
37677 445 
37726 445 
37744 413 
37759 175 
37837 16 
37856 397 
37870 584 
37907 2379 
37917 542 
37958 77 
38033 260 
38035 5 
38063 16 
38103 137 
38133 944 
38140 1744 
38158 134 
38297 762 
38428 1823 
38467 1973 
38468 463 
38512 294 
38527 60 
38597 18 
38621 311 
38625 416 
38635 24 
38730 26 
38734 136 
38746 356 
38784 171 
38803 718 
38816 382 
38843 313 
38859 200 
38890 90 
38914 9 
38985 1145 
39041 46 
39075 1168 
39099 250 
39225 2670 
39233 13 
39265 414 
39321 747 
39328 437 
39355 76 
39363 1541 
39583 737 
39667 39 
39757 240 
39767 656 
39865 747 
39880 1692 
39944 233 
39997 33 
40037 1311 
40042 181 
40146 83 
40164 629 
40207 204 
40218 32 
40237 111 
40256 5860 
40281 1615 
40351 260 
40359 2724 
40430 529 
40466 1352 
40477 11 
40477 1268 
40486 97 
40486 256 
40609 82 
40656 2022 
40813 162 
40895 44 
40928 54 
40956 341 
40999 1394 
41049 15 
41067 133 
41079 559 
41343 112 
41391 451 
41407 1138 
41420 14 
41437 419 
41452 537 
41508 1267 
41553 894 
41603 1025 
41622 414 
41650 1086 
41757 543 
41838 305 
41938 113 
41948 924 
41965 856 
42045 244 
42123 1177 
42134 411 
42194 776 
42246 687 
42474 3523 
42521 3260 
42532 582 
42724 850 
42792 314 
42841 1643 
42883 157 
42923 124 
42982 77 
42999 2391 
43060 2850 
43061 965 
43073 2605 
43095 82 
43119 643 
43181 1015 
43250 5 
43444 137 
43466 6868 
43470 363 
43566 436 
43600 489 
43624 384 
43647 2282 
43866 963 
43921 1135 
43934 2591 
43939 464 
43967 91 
44049 503 
44102 212 
44129 951 
44146 1098 
44180 210 
44281 425 
44373 280 
44393 1817 
44480 168 
44485 5 
44560 4001 
44587 510 
44588 36 
44611 2144 
44680 459 
44760 470 
44774 293 
44775 199 
44863 3475 
44877 581 
44994 1746 
45067 356 
45076 596 
45089 1231 
45130 835 
45178 772 
45203 1043 
45258 212 
45286 1121 
45363 1813 
45409 594 
45499 893 
45682 84 
45732 152 
45867 1481 
45915 1707 
45930 801 
45943 147 
46114 3833 
46258 386 
46298 1582 
46410 932 
46487 45 
46541 64 
46636 515 
46687 599 
46693 1176 
47063 811 
47184 91 
47282 1327 
47292 1052 
47293 8048 
47343 1849 
47361 1042 
47367 182 
47520 346 
47682 459 
47698 182 
47814 949 
47857 436 
47908 35 
47942 306 
48011 162 
48101 866 
48262 6 
48367 462 
48401 192 
48485 3 
48511 245 
48613 26 
48663 697 
48759 201 
48975 236 
49001 398 
49296 796 
49304 79 
49388 656 
49390 1317 
49448 209 
49482 535 
49627 17 
49653 393 
49734 1910 
49830 317 
49836 548 
49837 1156 
49847 145 
50347 2849 
50394 517 
50503 452 
50736 890 
50800 34 
50815 62 
51032 857 
51078 598 
51093 663 
51098 282 
51146 30 
51301 288 
51315 116 
51328 1556 
51330 31 
51682 0 
51796 94 
52184 484 
52272 2149 
52329 704 
52342 1387 
52367 194 
52624 325 
52797 321 
52914 419 
53012 5317 
53071 583 
53181 0 
53271 69 
53306 0 
53318 1373 
53421 333 
53445 15 
53608 329 
53697 502 
53734 2014 
53766 7 
53778 490 
53829 2495 
54078 357 
54113 302 
54162 121 
54326 1204 
54420 1113 
54494 2721 
54607 1578 
54969 64 
55203 351 
55207 440 
55409 84 
55459 593 
55471 406 
55629 145 
55746 893 
55832 1637 
56040 1429 
56136 1056 
56234 121 
56345 16 
56501 839 
56685 266 
56738 336 
56791 780 
56807 215 
56880 3571 
56896 3 
57205 178 
57236 236 
57555 3388 
57840 8 
57971 99 
58226 1213 
58306 3756 
58348 176 
58494 416 
58538 335 
58661 192 
58768 1598 
58827 110 
58953 654 
59128 659 
59131 1621 
59174 78 
59177 492 
59288 96 
59418 666 
60030 341 
60220 133 
60588 9118 
60810 2913 
61019 509 
61077 210 
61110 190 
61495 248 
61523 252 
61791 314 
61796 357 
61901 39 
61953 452 
62211 9 
62457 329 
63120 591 
63343 402 
63505 2011 
63691 952 
63710 1402 
63772 386 
63873 253 
63897 891 
64026 409 
64090 3061 
64161 182 
64367 425 
64482 54 
64931 787 
64956 1447 
65133 283 
65179 666 
65366 106 
65968 5584 
66190 85 
66282 1036 
66441 890 
66723 2601 
66757 3335 
66774 3632 
66800 401 
66821 1315 
66831 1144 
66880 1337 
67162 1098 
67201 79 
67348 168 
67645 694 
67659 744 
68048 281 
68075 121 
68415 1363 
68633 184 
68674 1443 
68706 15 
69057 1278 
69060 95 
69092 205 
69185 5609 
69409 10449 
69421 822 
69488 402 
70018 192 
70047 1201 
70120 115 
70185 90 
70435 106 
70650 101 
70682 45 
70693 40 
70997 583 
71410 514 
71428 1057 
71460 3226 
71665 572 
71676 757 
71710 457 
71978 1470 
72035 36 
72044 411 
72137 808 
72148 1141 
72179 1543 
72701 28 
72859 1510 
73037 237 
73121 940 
73261 224 
73587 834 
74111 201 
74264 1497 
74279 997 
74406 1344 
74502 1763 
75026 666 
75330 3534 
75337 2406 
75434 1095 
75454 2735 
75576 1275 
75596 432 
75628 292 
75900 238 
76336 26 
76441 1082 
76660 2567 
76827 1071 
76882 46 
76910 688 
77341 174 
77442 264 
77788 12 
77938 1655 
77984 151 
78287 2236 
78321 876 
78666 768 
78698 11 
78896 410 
78915 795 
79126 1200 
79473 574 
79577 1887 
79583 829 
79995 84 
80182 1303 
80187 499 
80274 454 
80658 845 
80771 715 
81007 113 
81054 6 
81106 235 
81336 335 
81758 409 
81890 308 
82746 810 
82809 112 
82836 30 
82840 950 
82973 3329 
83356 315 
83445 425 
84250 308 
85262 1203 
85321 1685 
85379 809 
85458 5 
85465 261 
85693 1487 
85879 16 
85909 53 
86545 764 
86701 1430 
86915 819 
87386 276 
88506 1128 
88968 5187 
90549 195 
91022 164 
91524 672 
91732 2293 
92394 13 
92545 373 
92766 119 
92908 1469 
93215 92 
98347 1732 
98642 32 
99183 301 
99984 1669 
100031 1276 
100335 1249 
101179 1962 
101703 351 
102547 895 
103384 369 
106790 1123 
109729 216 
111561 1706 
111931 39 
112972 1867 
113427 165 
114203 294 
114374 7 
115888 373 
116420 134 
117285 1049 
118964 332 
119185 2419 
121231 380 
121354 236 
123499 303 
126186 196 
126669 566 
127086 952 
127916 238 
128777 158 
131335 100 
132203 835 
133501 2068 
134174 366 
135474 196 
135618 789 
136186 145 
136733 1657 
138956 25 
139775 1052 
140144 44 
140973 119 
143964 762 
144153 143 
144935 216 
145313 218 
145372 1197 
146361 65 
146583 231 
147883 545 
148721 1145 
148736 196 
148832 794 
149003 1180 
149238 282 
149277 981 
149373 32112 
149397 183 
149415 428 
149418 211 
149428 118 
149436 197 
149524 528 
149571 98 
149606 436 
149686 866 
149722 175 
149863 129 
149878 275 
149888 824 
149922 119 
149961 100 
150015 3198 
150226 3850 
150358 277 
150404 1624 
150489 1389 
150530 1427 
150537 5 
150545 107 
150595 909 
150626 49 
150697 363 
150709 462 
150822 228 
150876 43 
151991 393 
152070 1008 
152218 181 
152506 78 
153112 1031 
153471 121 
153801 11339 
153819 94 
153827 102 
153845 322 
153857 460 
153859 244 
153865 120 
153879 12 
153990 683 
154027 1190 
154102 4 
154251 849 
154388 1034 
154456 72 
154929 38 
155000 445 
155096 746 
155209 37 
155683 612 
155837 42 
155980 591 
155984 242 
156935 561 
156997 13 
157018 44 
157471 487 
157606 726 
157757 1320 
158250 299 
158825 1100 
158844 542 
159347 47 
159755 206 
160085 556 
160152 704 
160450 88 
161031 85 
162020 216 
162822 422 
162980 276 
163510 1032 
163546 3124 
163720 205 
163843 2535 
164026 509 
164431 561 
164585 95 
165248 106 
165300 196 
165331 118 
165420 1814 
165626 298 
165764 172 
165821 80 
165983 365 
166055 135 
166067 1452 
166231 1229 
166520 34 
166766 238 
167183 317 
167678 115 
167914 132 
168007 104 
168192 4 
168289 212 
168890 115 
168926 1382 
169033 802 
169624 469 
171014 368 
171648 870 
173742 499 
175293 202 
176660 2056 
178280 985 
179486 2054 
183125 1446 
183912 571 
184507 49 
187140 53 
187363 166 
192312 867 
195030 199 
196536 132 
198057 1323 
204414 119 
210856 803 
211120 209 
212348 1142 
212907 892 
214056 56 
233408 1285 
236104 190 
237409 191 
237993 559 
246079 393 
247161 279 
248596 801 
249053 2249 
250190 613 
250632 239 
250847 1414 
252914 123 
254812 453 
255014 632 
255214 3070 
255346 66 
255790 93 
256084 24 
257380 1526 
257666 3180 
257948 49 
258234 4884 
260286 77 
261460 711 
261819 474 
262396 1185 
264419 227 
264805 1807 
266617 226 
268966 4513 
277113 480 
277555 146 
279353 173 
279374 875 
289667 2942 
290677 126 
292582 3125 
299860 162 
305071 242 
310208 71 
311777 118 
314352 3033 
318344 158 
321056 565 
327661 9039 
327830 600 
328454 970 
329335 1036 
331960 1330 
332830 753 
337141 67 
337356 172 
340068 176 
342976 4 
343003 67 
343134 860 
344673 2114 
344896 131 
346434 9204 
346480 85 
346494 138 
346548 104 
346602 1029 
352220 2176 
364434 1434 
369729 959 
370171 196 
371905 1045 
382685 76 
383811 20184 
383856 385 
385069 110 
391795 1134 
464320 110 
478142 44 
500566 1066 
515876 63 
551527 223 
552909 323 
597275 341 
604573 217 
