2671 6.00128472222
0 2248272 
17 155 
17 225 
20 171 
21 9 
27 974 
28 78 
30 66 
30 247 
31 1286 
33 106 
35 17 
35 123 
36 540 
36 184 
36 72 
36 478 
37 177 
39 188 
40 296 
41 7 
41 375 
41 7 
41 14 
42 128 
42 176 
43 158 
43 129 
43 122 
43 3 
44 12 
45 202 
45 105 
46 312 
46 165 
48 61 
48 593 
48 199 
48 372 
48 35 
50 6 
51 206 
51 83 
51 222 
52 105 
52 364 
52 111 
53 647 
53 59 
54 67 
56 97 
56 96 
57 117 
57 227 
57 9 
58 149 
58 1322 
58 143 
59 4 
59 130 
59 111 
60 282 
60 557 
60 156 
61 164 
61 91 
62 459 
62 86 
62 177 
63 61 
64 122 
64 82 
65 99 
65 233 
68 12 
68 258 
68 98 
68 510 
69 615 
69 39 
69 75 
69 46 
69 185 
69 257 
69 206 
70 47 
70 9 
70 86 
72 9126 
72 49 
72 1137 
72 158 
72 152 
73 446 
74 248 
75 123 
76 1306 
77 513 
77 262 
77 137 
77 94 
78 688 
79 86 
79 76 
79 67 
81 52 
82 140 
82 121 
82 557 
82 77 
82 19 
82 626 
82 214 
83 311 
84 1140 
84 126 
85 81 
85 490 
85 31 
86 174 
87 56 
87 85 
88 50 
88 607 
88 1465 
88 133 
89 90 
90 63 
90 464 
91 307 
91 36 
92 420 
92 29 
92 127 
92 71 
92 161 
93 159 
93 294 
93 139 
93 166 
94 171 
95 283 
96 180 
97 48 
97 20 
97 71 
98 143 
98 271 
98 3874 
99 105 
99 200 
99 484 
100 25 
100 87 
101 157 
101 106 
101 406 
101 308 
101 911 
102 309 
102 407 
102 168 
103 26 
103 327 
103 103 
104 141 
104 256 
104 11120 
105 60 
105 189 
105 189 
106 128 
106 168 
106 144 
106 151 
106 235 
106 1139 
107 93 
107 33 
107 170 
107 166 
107 145 
108 21 
108 141 
108 83 
109 20 
110 295 
110 143 
110 172 
110 24 
110 21 
110 67 
111 190 
111 78 
111 44 
111 59 
112 619 
112 28 
112 153 
113 258 
114 147 
114 1038 
115 96 
116 750 
116 276 
117 220 
117 202 
117 22 
117 325 
118 4585 
118 107 
118 16 
119 6923 
119 3284 
119 535 
119 4243 
120 87 
120 288 
121 94 
123 30 
123 749 
123 343 
123 181 
124 15 
124 320 
125 418 
126 119 
126 362 
126 446 
126 122 
126 25 
126 757 
127 524 
127 71 
127 37 
128 212 
128 82 
128 42 
128 889 
129 3411 
129 111 
130 3897 
130 79 
130 59 
130 52 
131 60 
131 279 
131 130 
131 145 
132 42 
133 1 
133 42 
134 49 
134 54 
134 110 
135 4706 
135 144 
135 124 
136 67 
136 44 
136 415 
137 185 
137 686 
138 29 
138 46 
138 81 
139 259 
140 442 
140 86 
141 10 
141 93 
143 991 
144 254 
144 1524 
145 2811 
145 167 
146 294 
146 284 
146 28 
147 183 
147 902 
147 143 
148 158 
149 23 
150 33 
150 176 
150 267 
151 3302 
152 6267 
152 500 
152 146 
153 419 
153 57 
153 4012 
155 316 
155 19 
156 158 
157 50 
157 114 
158 10 
158 133 
158 179 
158 189 
159 68 
159 60147 
160 501 
160 841 
160 829 
160 2233 
160 883 
160 2591 
161 113 
162 328 
163 2277 
163 218 
164 48 
165 89 
165 2 
165 4 
165 183 
166 528 
166 53 
166 293 
166 34 
169 66 
169 14 
169 16 
169 26 
170 39 
170 317 
170 18 
170 668 
171 416 
171 405 
172 3186 
172 5 
172 134 
173 1512 
173 105 
174 123 
175 788 
175 80 
175 229 
175 164 
177 1917 
177 8 
178 431 
178 45 
178 368 
179 403 
179 4593 
180 24 
181 223 
182 440 
182 1862 
182 139 
182 754 
182 339 
183 294 
186 139 
188 151 
190 1480 
190 46 
191 89 
191 545 
192 726 
192 79 
193 310 
193 424 
194 29 
196 270 
197 47 
198 3314 
198 12 
200 127 
200 138 
202 221 
202 793 
203 215 
203 3893 
203 3593 
204 1076 
204 2259 
205 1 
205 1077 
205 43 
206 166 
207 77 
208 172 
209 47 
210 54 
211 14 
213 5304 
213 94 
213 362 
213 229 
214 68 
214 1346 
214 34 
215 198 
215 17829 
215 1940 
215 126 
215 81 
218 58 
219 9 
219 16943 
220 170 
221 36 
222 1808 
223 251 
226 1604 
226 359 
226 50 
227 9154 
227 6202 
227 189 
228 186 
228 855 
229 222 
230 93 
232 95 
232 429 
232 116 
232 152 
233 86 
234 6334 
234 64 
234 200 
235 261 
235 55 
235 24 
236 861 
236 250 
238 103 
239 387 
239 1863 
240 62 
240 148 
240 865 
241 90 
241 329 
243 481 
243 328 
244 307 
245 27 
246 2964 
247 5080 
247 23 
248 2967 
248 262 
251 1182 
251 1609 
251 71 
252 86 
253 949 
254 173 
254 1592 
255 200 
256 337 
256 573 
257 20386 
258 263 
258 310 
258 36 
260 6 
261 837 
261 1394 
261 71 
262 278 
262 461 
262 2450 
263 70 
264 112 
264 1889 
264 143 
264 2963 
265 682 
267 317 
268 237 
268 1809 
268 1488 
268 611 
269 61 
269 2107 
270 991 
270 31 
271 282 
272 305 
272 888 
273 175 
273 315 
274 284 
274 66 
274 2100 
275 911 
276 517 
278 595 
278 1465 
278 4693 
278 793 
279 1850 
279 22 
280 151 
280 533 
282 717 
282 484 
282 1630 
283 36 
284 131 
284 74 
284 273 
284 2568 
285 359 
286 294 
286 15 
286 784 
286 2213 
287 758 
290 372 
290 434 
290 2440 
290 27 
291 1784 
294 557 
295 341 
296 481 
296 855 
297 2348 
297 113 
298 343 
298 5453 
298 126 
299 322 
299 118 
301 1155 
301 162 
302 804 
302 150 
303 43 
304 510 
306 525 
307 1014 
308 130 
308 413 
309 416 
311 3337 
311 229 
312 366 
313 34 
313 171 
313 150 
315 2392 
315 431 
317 543 
317 1965 
317 505 
318 1358 
318 74 
318 2805 
319 859 
319 1570 
319 321 
320 2937 
325 425 
325 2061 
325 478 
328 2315 
328 1523 
328 40 
329 138 
330 1376 
331 982 
333 128 
334 171 
335 93 
336 654 
337 221 
337 367 
338 157 
340 799 
340 2516 
341 9502 
342 681 
343 79 
345 319 
346 31001 
346 233 
347 85 
347 1657 
347 65 
349 204 
350 158 
352 564 
353 733 
355 1508 
357 1759 
357 30 
358 72 
358 177 
360 1476 
360 122 
361 868 
362 627 
363 240 
363 46 
365 165 
365 1108 
366 19 
367 144 
367 192 
368 274 
370 35 
372 70 
374 131 
374 543 
374 152 
374 997 
375 112 
378 573 
380 62 
386 129 
388 195 
391 1749 
391 671 
391 5153 
394 324 
396 2453 
397 246 
399 1636 
400 563 
400 2388 
400 779 
401 885 
402 14 
403 180 
404 216 
404 3423 
405 102 
405 360 
408 3207 
409 131 
409 11133 
411 2 
411 241 
413 943 
415 561 
417 485 
418 20 
418 2047 
419 34 
419 317 
419 1260 
420 64 
422 138 
427 31 
427 3159 
428 1372 
431 293 
431 1713 
432 919 
432 247 
435 91 
437 2 
438 126 
443 113 
445 128 
446 5 
446 1081 
446 166 
447 589 
448 6 
448 678 
448 841 
451 84 
452 6418 
456 2465 
457 39 
459 129 
459 407 
462 769 
463 259 
465 214 
467 31 
467 2608 
471 229 
474 574 
475 147 
479 1010 
480 243 
480 480 
480 1335 
480 56 
481 3061 
484 418 
488 273 
489 407 
491 813 
493 338 
493 79 
493 1862 
494 1361 
495 1490 
497 918 
507 548 
507 598 
508 1858 
509 453 
511 670 
514 1413 
516 149 
517 215 
518 140 
518 100 
520 204 
523 3446 
524 180 
524 540 
526 277 
526 104 
526 102 
528 460 
529 4528 
532 5 
533 19 
534 3501 
537 265 
537 681 
538 644 
538 209 
539 197 
539 74 
542 764 
547 3145 
548 222 
550 36 
551 2703 
551 489 
553 1086 
553 3418 
555 254 
556 181 
556 575 
563 2 
565 43 
565 456 
565 683 
566 629 
570 849 
571 3417 
573 156 
573 624 
573 348 
574 306 
581 1574 
581 493 
585 4850 
585 4761 
587 704 
588 531 
590 541 
590 456 
591 527 
591 6 
594 1360 
594 1234 
594 113 
598 1024 
600 306 
600 103 
600 535 
600 7861 
601 171 
603 136 
609 169 
611 1252 
612 1859 
615 15 
618 209 
618 2019 
621 3963 
622 239 
623 1608 
624 3072 
625 2903 
629 210 
630 570 
638 10431 
638 1821 
639 91 
640 1583 
640 3097 
641 460 
642 7 
646 330 
648 91 
649 202 
652 640 
652 1162 
657 139 
661 148 
665 346 
667 1105 
668 398 
672 309 
672 971 
673 51 
674 911 
674 243 
676 41 
678 598 
679 200 
680 10296 
683 2110 
686 106 
688 106 
693 1190 
695 57 
696 2338 
700 93 
700 100 
701 269 
702 230 
708 625 
711 3316 
713 677 
715 25 
716 72 
716 1574 
717 2243 
717 2395 
718 2859 
718 152 
720 428 
721 266 
722 441 
723 7982 
727 9729 
727 1324 
728 110 
734 30 
741 22 
742 615 
744 271 
744 233 
748 1701 
750 238 
754 609 
756 1247 
758 151 
759 5334 
760 6160 
763 1991 
765 36 
766 1190 
770 93 
773 53 
774 622 
774 536 
779 179 
781 1700 
785 2043 
786 198 
788 198 
789 517 
794 1534 
797 444 
799 374 
801 839 
804 199 
807 374 
807 7768 
813 111 
814 1624 
814 21 
814 528 
820 135 
823 5186 
824 2018 
826 653 
830 660 
832 348 
833 2271 
836 123 
836 4143 
845 4096 
847 304 
847 1503 
848 2822 
849 113 
852 85 
853 951 
863 314 
863 440 
865 191 
872 309 
876 279 
880 275 
881 4494 
883 626 
886 1087 
896 1151 
902 104 
908 2624 
909 169 
909 204 
910 216 
911 306 
911 26 
913 1114 
916 370 
917 2156 
923 185 
927 2574 
929 62 
930 284 
931 1163 
935 104 
935 141 
938 890 
941 258 
942 224 
946 690 
951 291 
952 30 
958 105 
962 361 
971 57 
974 642 
974 46 
976 647 
977 3031 
981 0 
982 683 
983 32 
985 154 
986 435 
992 129 
993 96 
1003 69 
1012 114 
1016 220 
1021 302 
1024 1975 
1028 264 
1035 10214 
1036 826 
1036 296 
1054 198 
1057 87 
1064 133 
1066 1979 
1066 9735 
1075 297 
1075 0 
1076 346 
1085 1231 
1091 10933 
1098 2703 
1100 745 
1104 477 
1107 1721 
1108 37 
1116 1069 
1124 357 
1127 1021 
1130 1329 
1131 121 
1132 10 
1134 290 
1145 183 
1156 266 
1170 456 
1173 548 
1173 754 
1189 1819 
1193 20 
1206 188 
1210 932 
1214 594 
1221 47 
1222 251 
1224 138 
1225 221 
1229 97 
1242 1038 
1252 116 
1258 1435 
1259 6 
1273 568 
1289 55 
1293 847 
1302 226 
1306 6 
1319 224 
1323 189 
1330 1572 
1338 537 
1361 346 
1367 124 
1369 82 
1372 260 
1372 829 
1379 243 
1387 62 
1392 92 
1393 60 
1399 871 
1399 635 
1401 1733 
1424 29 
1431 856 
1442 0 
1445 433 
1449 388 
1453 508 
1455 0 
1456 114 
1458 16446 
1465 350 
1476 246 
1476 1815 
1481 3955 
1485 3252 
1492 607 
1510 1927 
1514 3466 
1521 171 
1527 156 
1528 1171 
1531 550 
1546 1070 
1547 98 
1556 0 
1561 1886 
1567 186 
1567 452 
1584 1942 
1585 63 
1593 2 
1600 111 
1601 3152 
1619 177 
1633 336 
1644 222 
1647 23 
1648 185 
1654 1952 
1659 202 
1668 16 
1682 147 
1686 611 
1686 260 
1687 1513 
1697 43 
1699 546 
1700 3529 
1724 929 
1729 3170 
1737 13 
1737 329 
1741 1229 
1749 5 
1752 2120 
1759 1026 
1773 530 
1774 35 
1781 450 
1816 156 
1821 370 
1828 809 
1830 635 
1838 53 
1844 3249 
1867 941 
1873 94 
1878 205 
1898 2655 
1926 670 
1952 2062 
1959 65 
1962 181 
1969 364 
1970 4636 
1988 229 
1995 300 
2006 794 
2013 7356 
2014 51 
2015 192 
2017 692 
2026 200 
2027 6015 
2037 1117 
2047 329 
2058 893 
2072 25 
2074 2653 
2079 2165 
2085 116 
2094 1309 
2096 13 
2098 521 
2099 2752 
2108 2692 
2130 10 
2135 612 
2149 1395 
2163 2064 
2181 110 
2185 89 
2186 252 
2187 2301 
2189 193 
2193 622 
2203 552 
2209 335 
2210 2383 
2219 16 
2219 18 
2223 744 
2245 434 
2246 1623 
2246 383 
2251 2 
2256 699 
2268 111 
2269 91 
2270 317 
2277 509 
2281 102 
2283 152 
2332 373 
2336 1169 
2339 97 
2342 4 
2358 2661 
2366 197 
2367 138 
2371 594 
2378 1986 
2389 80 
2397 647 
2399 1856 
2409 2301 
2416 522 
2428 137 
2442 230 
2453 5559 
2466 447 
2466 1265 
2473 257 
2480 597 
2481 273 
2488 62 
2498 2482 
2511 360 
2513 77 
2530 103 
2536 110 
2540 769 
2545 1774 
2564 1521 
2583 94 
2587 2881 
2598 834 
2599 1365 
2606 140 
2614 1350 
2629 326 
2630 426 
2647 167 
2661 452 
2669 4914 
2674 136 
2675 538 
2679 189 
2685 284 
2691 716 
2708 343 
2709 41 
2713 349 
2722 3 
2727 331 
2731 145 
2738 58 
2751 17 
2752 4 
2765 413 
2766 1125 
2779 178 
2792 216 
2795 668 
2799 299 
2814 139 
2822 14 
2824 312 
2828 1833 
2833 1653 
2840 1210 
2843 53 
2848 2353 
2857 136 
2894 15 
2906 819 
2909 23 
2910 57 
2912 9680 
2914 376 
2915 522 
2937 691 
2938 508 
2939 359 
2949 810 
2950 252 
2951 8 
2965 281 
2972 493 
2973 665 
3008 70 
3015 439 
3023 135 
3031 3371 
3034 108 
3052 52 
3062 685 
3064 568 
3075 550 
3087 337 
3087 235 
3111 1345 
3114 79 
3114 367 
3123 70 
3129 820 
3134 0 
3138 355 
3163 192 
3182 31 
3186 17396 
3189 3272 
3205 774 
3207 2807 
3208 39 
3214 521 
3217 76 
3228 199 
3231 1281 
3237 57 
3238 551 
3239 57 
3240 477 
3241 861 
3246 828 
3258 3501 
3266 326 
3287 954 
3289 274 
3294 1722 
3312 133 
3347 462 
3367 213 
3373 191 
3384 16 
3397 196 
3398 14 
3413 429 
3422 278 
3432 8 
3435 663 
3447 4107 
3448 1234 
3448 95 
3450 254 
3452 322 
3463 2798 
3465 889 
3467 226 
3470 931 
3470 156 
3480 6171 
3487 3482 
3494 237 
3498 330 
3507 1234 
3525 582 
3526 424 
3530 86 
3532 189 
3536 123 
3539 253 
3586 227 
3594 129 
3614 2247 
3618 785 
3638 2556 
3641 595 
3648 1174 
3653 230 
3672 110 
3682 1559 
3692 952 
3711 46 
3714 173 
3719 335 
3721 334 
3728 3740 
3734 74 
3769 30 
3771 237 
3784 37 
3787 2545 
3802 223 
3820 101 
3838 2208 
3862 410 
3868 78 
3876 43 
3878 117 
3896 1113 
3912 914 
3915 154 
3927 106 
3931 254 
3945 224 
3962 54 
3969 56 
3977 278 
3981 71 
4046 152 
4046 25 
4059 746 
4062 410 
4062 226 
4080 8686 
4083 44 
4086 2490 
4098 2019 
4100 1962 
4114 167 
4118 174 
4122 2 
4123 290 
4132 1326 
4141 54 
4183 447 
4187 19 
4193 397 
4193 242 
4196 4458 
4199 2366 
4212 170 
4213 117 
4215 338 
4222 995 
4238 101 
4242 174 
4243 946 
4253 636 
4259 76 
4263 924 
4281 1869 
4287 6380 
4303 261 
4312 2565 
4326 350 
4335 151 
4352 264 
4366 188 
4390 0 
4392 3814 
4403 0 
4416 2733 
4426 2433 
4445 523 
4466 3850 
4466 288 
4480 454 
4483 165 
4487 435 
4513 16 
4516 86 
4530 2006 
4531 1058 
4532 403 
4534 3672 
4535 858 
4542 40 
4542 175 
4555 647 
4567 238 
4569 44 
4570 343 
4584 145 
4590 2 
4620 184 
4648 52 
4657 136 
4681 303 
4718 50 
4734 30 
4749 423 
4801 182 
4817 150 
4830 902 
4837 883 
4840 341 
4840 1283 
4873 367 
4877 2044 
4886 255 
4897 99 
4907 107 
4930 241 
4942 245 
4954 1087 
4958 1479 
4969 335 
4997 5873 
5033 8112 
5055 65 
5069 248 
5073 925 
5078 781 
5101 6018 
5103 939 
5105 197 
5111 544 
5118 82 
5118 1 
5120 779 
5123 1587 
5127 641 
5131 128 
5150 3937 
5150 49 
5156 517 
5156 943 
5158 25 
5183 518 
5194 1440 
5200 498 
5204 3004 
5205 5908 
5208 189 
5209 186 
5215 1608 
5217 87 
5235 1746 
5246 2614 
5255 208 
5280 1239 
5295 1010 
5327 295 
5328 23 
5351 12 
5357 31 
5402 836 
5410 106 
5446 365 
5493 1885 
5517 609 
5528 103 
5533 4058 
5540 830 
5568 29 
5570 1428 
5576 345 
5591 36 
5607 1045 
5618 689 
5621 46 
5664 1336 
5677 737 
5698 2823 
5714 65 
5719 400 
5722 373 
5746 158 
5748 241 
5752 51 
5753 1537 
5782 95 
5810 213 
5814 10 
5871 594 
5889 113 
5891 9 
5901 224 
5907 871 
5910 143 
5920 273 
5959 5 
5963 13 
5973 4086 
5979 170 
5985 3150 
5990 2355 
6006 243 
6015 1146 
6020 116 
6045 2217 
6052 57 
6052 2 
6065 182 
6074 132 
6075 12092 
6078 223 
6091 256 
6106 198 
6125 0 
6138 58 
6141 62 
6151 206 
6162 703 
6165 2117 
6168 113 
6187 306 
6189 116 
6201 124 
6207 635 
6209 1091 
6210 186 
6222 713 
6308 321 
6329 82 
6330 42 
6332 5253 
6351 3945 
6358 2649 
6377 2813 
6378 1603 
6390 777 
6403 15 
6413 252 
6415 586 
6450 233 
6470 40 
6483 1662 
6497 371 
6502 99 
6532 36 
6541 291 
6552 807 
6554 461 
6570 3497 
6609 578 
6611 147 
6633 3756 
6657 644 
6661 1698 
6674 1 
6680 454 
6681 507 
6684 1179 
6687 2835 
6696 164 
6701 962 
6705 721 
6746 954 
6756 61 
6759 442 
6781 81 
6781 700 
6796 18 
6842 3623 
6881 646 
6909 0 
6911 8 
6933 1386 
6943 658 
6949 33 
6983 1046 
7007 177 
7052 382 
7061 311 
7065 137 
7076 148 
7103 14 
7111 2878 
7129 769 
7134 263 
7173 149 
7184 25 
7219 2752 
7224 554 
7244 829 
7274 2010 
7296 2101 
7302 258 
7349 1864 
7361 57 
7399 1673 
7399 1673 
7422 375 
7422 375 
7440 63 
7453 104 
7476 1951 
7491 356 
7598 146 
7599 4 
7604 4788 
7607 2242 
7625 2073 
7646 1526 
7660 380 
7670 387 
7685 342 
7694 91 
7717 2334 
7719 1159 
7730 39 
7753 582 
7798 2333 
7835 4077 
7873 198 
7909 55 
7967 113 
7978 5306 
7982 1698 
8110 1649 
8112 79 
8114 79 
8153 217 
8162 251 
8163 370 
8242 8 
8293 292 
8309 669 
8317 100 
8352 418 
8362 311 
8371 2340 
8377 3377 
8390 2557 
8423 281 
8445 83 
8465 111 
8477 1506 
8481 77 
8533 166 
8545 597 
8551 282 
8603 1736 
8611 124 
8663 788 
8733 172 
8798 225 
8822 2301 
8858 303 
8867 426 
8973 571 
8975 334 
8990 51 
9013 357 
9041 3618 
9119 205 
9123 459 
9137 20 
9303 38 
9427 225 
9468 468 
9494 650 
9536 225 
9541 6601 
9543 1179 
9557 797 
9568 2405 
9577 655 
9591 1525 
9632 1038 
9645 2593 
9701 117 
9704 315 
9764 200 
9777 573 
9875 62 
10003 273 
10010 765 
10048 161 
10059 635 
10073 251 
10112 177 
10151 180 
10187 2624 
10189 794 
10215 110 
10223 3991 
10269 48 
10369 359 
10399 1785 
10405 1671 
10483 1069 
10514 1642 
10550 70 
10685 947 
10698 113 
10706 2225 
10765 1709 
10834 1338 
10855 190 
10926 209 
11044 35 
11070 537 
11104 25 
11121 132 
11207 137 
11285 144 
11325 187 
11415 236 
11418 355 
11573 9360 
11609 173 
11641 2268 
11684 14 
11687 130 
11720 156 
11738 144 
11752 76 
11757 75 
11757 246 
11805 4072 
11826 1121 
11828 369 
11883 324 
11938 431 
11966 679 
12004 926 
12021 48 
12064 2013 
12080 25 
12310 2 
12333 295 
12341 1294 
12402 73 
12451 2878 
12501 41 
12537 357 
12541 8983 
12567 304 
12661 517 
12770 1281 
12827 1564 
12875 535 
12968 1163 
12980 78 
13007 480 
13121 1541 
13151 6962 
13212 60 
13294 670 
13483 252 
13505 12307 
13514 668 
13525 1849 
13679 66 
13766 3900 
13991 189 
14017 492 
14183 3363 
14207 9853 
14217 111 
14251 127 
14278 205 
14310 300 
14313 3 
14316 4883 
14326 283 
14328 335 
14353 873 
14392 280 
14431 118 
14440 602 
14544 4902 
14551 11 
14569 10 
14570 148 
14598 428 
14648 695 
14852 371 
14960 2149 
15187 0 
15353 380 
15433 829 
15798 396 
15821 4025 
15851 306 
15874 484 
15890 1708 
15923 99 
16017 533 
16247 64 
16392 19463 
16498 1058 
17040 495 
17207 867 
17322 1568 
17353 67 
17375 873 
17439 5161 
17459 199 
17597 809 
17699 6400 
17746 1455 
17945 737 
17954 48 
18132 2153 
18164 2548 
18260 554 
19505 214 
19623 110 
19810 338 
20107 1443 
20462 1639 
20880 684 
20921 3172 
27075 300 
27468 484 
29609 27 
31470 2740 
32646 460 
32706 2920 
33209 74 
33281 190 
33282 2739 
33440 233 
33637 447 
33924 284 
34084 1088 
34143 263 
34750 359 
35765 1408 
35845 2847 
36168 1432 
36206 334 
36347 2571 
36560 162 
37276 255 
37580 1796 
37769 527 
37971 1265 
37971 1265 
38157 601 
38768 353 
38967 670 
39043 2259 
39127 103 
39180 205 
39338 355 
39944 19 
40195 334 
40330 33 
40358 472 
40453 115 
40782 186 
40892 2486 
40924 48 
40947 24 
40992 604 
41031 158 
41061 1488 
41091 14 
41113 99 
41179 63 
41224 294 
41231 1175 
41490 451 
41896 3825 
42014 4462 
42124 629 
42242 86 
42251 643 
42256 400 
42347 21 
42485 1932 
42562 17 
42725 7 
42726 2274 
42965 187 
43020 426 
43065 34 
43272 7 
43377 2239 
43426 265 
43426 165 
43468 267 
43583 161 
43608 1095 
43696 1691 
43749 228 
43762 37 
43841 44 
43948 965 
44074 241 
44478 1609 
44693 9172 
44738 498 
44743 72 
44745 759 
44797 43 
44927 285 
44937 26 
45025 1304 
45045 3211 
45066 34 
45118 2725 
45463 1537 
45511 90 
45670 1270 
45906 848 
45960 1881 
45963 56 
46145 281 
46380 61 
46386 1922 
46424 181 
46446 631 
46773 297 
47054 562 
47214 7 
47354 6 
47376 185 
47536 122 
47650 382 
47791 1566 
47811 1176 
47818 672 
47886 347 
47954 22 
48110 428 
48122 357 
48124 1606 
48173 1765 
48189 760 
48240 1483 
48244 2611 
48264 535 
48320 587 
48385 2058 
48574 4725 
48628 67 
48644 651 
48657 355 
48907 2900 
49105 1950 
49211 275 
49611 152 
49806 2789 
49822 5759 
49842 264 
49893 1451 
49977 207 
50182 979 
50216 70 
50230 39 
50318 122 
50373 326 
50384 2852 
50408 2203 
50434 121 
50480 3195 
50481 468 
50531 1653 
50616 1031 
50727 300 
50782 363 
50962 220 
51031 1236 
51180 632 
51410 963 
51571 241 
51595 157 
51605 404 
51702 436 
51705 408 
51744 3891 
51763 6695 
51777 767 
51782 1153 
51819 313 
51827 260 
51859 179 
51872 370 
51914 972 
51952 125 
51998 1440 
52043 17266 
52229 370 
52316 1722 
52342 138 
52441 1340 
52483 139 
52706 371 
52722 6046 
52758 1412 
52782 471 
52825 327 
52833 1242 
52851 844 
53033 1764 
53065 1269 
53105 992 
53233 86 
53269 903 
53269 903 
53287 243 
53287 243 
53390 207 
53430 4464 
53457 78 
53462 60 
53576 1356 
53593 734 
53763 1205 
53810 558 
53823 3539 
53936 4878 
53981 1423 
54006 529 
54185 625 
54193 450 
54202 466 
54332 847 
54368 104 
54395 411 
54560 378 
54577 309 
54585 329 
54661 1431 
54791 194 
54796 1596 
54835 307 
54852 491 
54910 1779 
54912 1774 
55015 5139 
55178 368 
55219 855 
55274 548 
55362 140 
55446 2307 
55571 239 
55611 583 
55690 1047 
55699 47 
55796 147 
55906 1287 
55972 142 
56054 12099 
56117 513 
56127 1376 
56160 514 
56161 2202 
56233 251 
56334 7438 
56396 913 
56581 106 
56648 196 
56752 101 
56792 11 
56793 1921 
56920 146 
56920 404 
56986 281 
56987 290 
57070 411 
57082 278 
57123 33 
57150 463 
57160 3087 
57248 156 
57249 145 
57308 186 
57371 2107 
57410 246 
57450 1124 
57479 152 
57494 855 
57511 0 
57580 36 
57652 924 
57657 149 
57689 7604 
57972 1251 
57980 866 
58026 2496 
58040 138 
58061 1127 
58095 546 
58102 1201 
58131 419 
58261 1351 
58354 47 
58393 360 
58414 112 
58444 955 
58476 4266 
58502 486 
58605 110 
58644 453 
58885 1246 
58908 217 
59061 1498 
59079 2961 
59176 161 
59183 1311 
59230 1933 
59265 875 
59308 595 
59326 922 
59352 115 
59363 190 
59392 269 
59419 202 
59500 261 
59612 358 
59634 106 
59642 236 
59735 457 
59929 6758 
59970 1035 
60056 831 
60071 120 
60078 915 
60137 222 
60174 280 
60191 1073 
60193 856 
60201 3149 
60243 156 
60287 258 
60315 1146 
60338 153 
60351 252 
60406 734 
60412 53 
60470 313 
60476 422 
60516 1888 
60650 31 
60672 5213 
60699 85 
61006 178 
61045 287 
61077 11938 
61142 2627 
61160 2457 
61176 829 
61257 227 
61340 506 
61569 86 
61646 1115 
61667 188 
61707 820 
61715 1650 
61741 123 
61805 208 
61865 661 
61868 167 
61901 1130 
61914 262 
61920 120 
61976 1563 
62102 1121 
62107 194 
62111 11317 
62135 449 
62168 969 
62194 286 
62736 3107 
62942 332 
63009 210 
63021 156 
63074 40 
63086 645 
63373 2586 
63439 260 
63573 264 
63594 760 
63621 213 
63979 368 
64119 3223 
64236 1388 
64274 127 
64285 254 
64292 1192 
64312 1468 
64341 929 
64407 2399 
64434 0 
64452 371 
64463 366 
64545 890 
64561 418 
64612 67 
64676 1844 
64747 3030 
64756 43 
64814 5159 
64836 1566 
64860 987 
65110 1382 
65184 269 
65274 45 
65411 6 
65559 1364 
65580 101 
65676 349 
65742 886 
65976 2949 
65982 2119 
65988 159 
65990 4308 
66057 12681 
66061 723 
66118 154 
66131 346 
66161 1003 
66164 87 
66284 1141 
66316 2462 
66421 95 
66428 2397 
66449 352 
66516 309 
66604 846 
66812 71 
67094 1050 
67150 274 
67167 373 
67385 180 
67458 494 
67651 719 
67722 2716 
67736 734 
67775 351 
67810 693 
68096 101 
68120 289 
68364 337 
68378 8974 
68385 42 
68413 147 
68492 2 
68502 379 
68506 142 
68672 586 
68762 768 
68787 384 
68924 1379 
68943 763 
69027 80 
69353 330 
69384 6949 
69454 266 
70063 698 
70224 233 
70229 887 
70320 2677 
70335 269 
70352 306 
70359 92 
70477 197 
70623 821 
70633 237 
70669 404 
70756 5278 
70934 2609 
71119 212 
71125 257 
71314 144 
71344 98 
71442 1436 
71489 856 
71506 3401 
71529 627 
71590 557 
71700 1313 
71715 1165 
71979 3959 
72092 114 
72099 55 
72232 723 
72284 662 
72355 563 
72449 1650 
72620 333 
72744 3874 
72783 760 
72825 3763 
72841 447 
72847 761 
72866 0 
72897 149 
72923 282 
72972 1739 
73106 143 
73133 3513 
73234 736 
73543 1360 
73853 357 
73955 6466 
73998 3567 
74210 68 
74269 145 
74309 19 
74513 502 
74550 144 
74566 177 
74618 173 
74636 64 
74666 95 
74963 671 
74966 1105 
75018 1162 
75050 413 
75061 204 
75095 793 
75169 375 
75288 3266 
75458 3325 
75501 294 
75520 167 
75808 445 
75847 1267 
75907 3842 
75949 221 
75966 27 
76008 1427 
76009 47 
76018 2603 
76053 3477 
76089 338 
76130 13 
76132 317 
76307 2657 
76323 2414 
76333 451 
76336 201 
76464 2097 
76513 4561 
76516 2720 
76742 1654 
76762 41 
76827 3804 
76950 81 
77009 577 
77029 774 
77161 1 
77267 5456 
77318 427 
77369 116 
77379 169 
77495 282 
77610 1056 
77639 1206 
77801 6919 
77819 186 
77899 142 
78008 3198 
78037 3210 
78062 52 
78162 151 
78342 209 
78425 414 
78465 1032 
78471 737 
78535 1029 
78605 614 
78702 3025 
78797 1404 
79054 1411 
79112 1269 
79138 355 
79210 2705 
79322 748 
79378 134 
79507 272 
79660 192 
79689 450 
80132 495 
80216 150 
80310 2 
80330 266 
80467 1345 
80510 0 
80526 1024 
80553 174 
80557 868 
80567 1313 
80589 63 
80635 615 
80748 72 
80852 74 
80917 715 
80953 156 
81042 4772 
81121 2001 
81148 2139 
81155 309 
81161 424 
81572 117 
81646 118 
81707 75 
81874 425 
81913 68 
81921 920 
81954 122 
92407 381 
92849 1843 
93027 3838 
93122 234 
93431 212 
93453 242 
93503 109 
93552 1397 
93714 192 
93791 701 
94172 1274 
94393 429 
95476 2334 
95548 173 
95919 78 
96440 242 
96851 81 
97324 133 
97886 176 
98534 113 
102677 79 
103102 401 
107922 420 
109136 966 
110480 369 
111229 617 
111521 72 
117542 383 
125318 3441 
125613 3882 
126331 1955 
128395 1097 
129266 381 
130405 878 
131157 126 
132539 240 
133015 2116 
134298 62 
134381 1338 
134779 8623 
134860 523 
134915 259 
135477 565 
135485 60 
135583 988 
135656 733 
135793 185 
135924 6281 
136736 928 
137223 1865 
137623 3204 
137722 491 
138110 370 
139436 805 
139987 4996 
140037 144 
140561 1016 
140871 162 
141186 1590 
141319 4554 
141812 5719 
141859 1441 
142064 664 
142222 629 
142237 159 
142341 5722 
142776 879 
142833 550 
142963 362 
143087 282 
143555 6596 
143569 3603 
143636 1748 
143884 322 
144051 696 
144416 1048 
144697 168 
144826 515 
144904 597 
146022 86 
146147 1086 
146215 246 
146438 1515 
147024 1883 
147108 342 
147737 1570 
148427 176 
148999 3489 
149784 868 
150744 368 
150905 3231 
151201 6324 
151546 304 
152142 4198 
152169 691 
152199 868 
153395 113 
154303 171 
154339 1533 
154395 258 
154763 186 
155456 4121 
155572 176 
156022 3254 
156242 315 
156376 77 
157019 592 
157203 1076 
157833 101 
157963 1170 
157963 1170 
157989 525 
157989 525 
158005 90 
158118 78 
158220 698 
158403 1149 
158405 597 
158696 1455 
160616 12 
161092 2312 
161324 3037 
161560 51 
162083 1599 
162162 1362 
163293 133 
163355 1021 
164129 641 
164209 266 
164431 3421 
164485 971 
164616 237 
165081 569 
166331 3982 
166356 1471 
166464 602 
167368 729 
168890 2454 
169566 71 
170084 157 
170292 448 
170624 91 
170695 115 
170880 157 
171404 17 
171541 1860 
174651 135 
174850 1299 
175350 585 
175467 377 
176449 217 
176598 1296 
176675 908 
178423 163 
179227 1046 
179603 391 
180064 2343 
180109 2842 
180677 2287 
181739 107 
182270 1630 
182280 3447 
182445 146 
182746 216 
183073 525 
183250 287 
187283 293 
187479 728 
189084 710 
192975 111 
209243 1244 
219223 30 
220279 879 
221178 944 
221433 5441 
221482 1784 
224342 182 
224355 40 
227854 205 
228101 2154 
230638 219 
231278 430 
231291 1164 
234633 315 
235258 118 
238609 138 
240840 141 
241016 1229 
245492 26 
246551 10112 
247361 977 
248454 250 
250318 1542 
250362 2845 
251262 189 
251402 2 
253459 136 
257085 2094 
261618 107 
261618 107 
263375 217 
265427 173 
269637 483 
271856 871 
273763 364 
274002 172 
285415 459 
300176 1887 
308495 1122 
321121 146 
322223 158 
323108 2142 
324081 757 
324266 2011 
325561 3070 
326128 1949 
327253 8 
327317 3265 
327339 1176 
327480 857 
327792 434 
327871 1854 
329785 219 
330002 14 
332334 316 
332545 200 
334646 568 
334699 77 
336774 1259 
343063 1959 
343077 1319 
343349 2477 
343624 1120 
348152 574 
348166 622 
352140 256 
364829 97 
368546 2479 
369321 236 
381866 384 
398948 2047 
404151 183 
404983 37 
409319 344 
414011 1686 
414023 2765 
418731 0 
429076 857 
431714 6461 
434135 145 
434524 1043 
466280 3291 
473322 558 
478311 646 
484970 1594 
488207 1748 
490584 52 
501852 2579 
558088 4931 
572472 53 
583046 1004 
585492 87 
599196 0 
