6649 7.87670138889
0 2886857 
10 2164 
12 267 
14 940 
15 103 
16 719 
17 262 
18 488 
19 730 
20 117 
20 54 
21 984 
22 137 
22 1195 
23 98 
23 975 
24 578 
25 271 
25 124 
26 255 
28 1896 
28 1016 
30 20 
31 317 
31 265 
32 514 
32 436 
33 44 
33 474 
33 461 
33 160 
34 732 
34 224 
35 480 
35 117 
35 440 
36 209 
37 1847 
37 204 
37 868 
38 1156 
38 102 
40 64 
40 84 
40 203 
40 345 
40 2054 
42 177 
43 43 
44 122 
44 454 
44 662 
45 82 
45 265 
46 92 
46 751 
46 368 
47 192 
47 294 
48 1160 
48 660 
49 457 
49 21 
49 223 
50 704 
51 31 
51 105 
51 322 
52 1599 
53 268 
53 679 
54 45 
54 732 
55 88 
56 1466 
56 211 
56 1271 
56 302 
57 618 
58 659 
58 456 
59 508 
60 432 
60 164 
60 199 
62 626 
62 244 
62 57 
62 2464 
63 429 
63 121 
63 238 
63 414 
64 66 
65 104 
65 97 
65 228 
66 221 
67 833 
67 94 
68 411 
69 216 
69 3232 
69 91 
70 192 
71 36 
72 4299 
73 5400 
74 700 
74 308 
74 2530 
74 22 
75 764 
76 371 
76 369 
76 2658 
77 150 
77 327 
77 273 
78 2742 
78 2106 
80 1431 
80 1591 
80 615 
80 231 
81 370 
81 78 
81 623 
81 2097 
82 40 
82 200 
82 175 
82 323 
83 2205 
85 86 
85 359 
86 487 
87 156 
87 285 
88 4350 
89 91 
90 214 
90 573 
92 383 
93 313 
93 225 
94 1023 
94 122 
94 255 
95 750 
95 236 
96 89 
96 89 
97 566 
97 253 
97 1653 
97 604 
97 136 
98 1103 
99 355 
99 888 
101 161 
101 98 
102 1115 
102 342 
102 101 
103 487 
104 125 
105 55 
105 849 
106 211 
106 81 
106 1720 
107 285 
109 819 
109 54 
111 195 
111 22 
112 185 
113 439 
114 175 
115 267 
116 209 
116 3330 
118 2739 
119 61712 
119 56 
119 379 
121 634 
121 1026 
121 165 
122 406 
122 798 
123 214 
123 298 
123 1880 
123 390 
123 198 
123 1765 
123 298 
123 544 
124 375 
125 175 
125 3074 
125 638 
126 238 
126 48 
126 114 
126 218 
128 157 
128 754 
130 133 
130 220 
131 302 
131 47 
131 397 
131 697 
133 34 
133 205 
133 472 
134 366 
134 1794 
135 269 
135 872 
136 58 
136 90 
139 152 
141 168 
141 36 
142 2164 
143 2324 
144 368 
144 412 
145 60 
145 542 
146 800 
146 141 
146 109 
146 1478 
147 249 
147 519 
148 5 
148 71 
148 1765 
148 47 
149 272 
150 382 
150 528 
151 312 
151 312 
153 273 
153 15 
154 93 
156 56 
156 3068 
156 227 
156 332 
157 2258 
157 369 
157 327 
157 154 
160 226 
160 2221 
161 613 
161 93 
162 571 
164 478 
164 69 
164 618 
164 65 
164 5263 
166 455 
168 430 
169 216 
170 86 
171 1066 
172 715 
173 251 
174 374 
174 24336 
175 981 
175 877 
178 196 
179 3558 
179 1650 
180 352 
181 166 
181 370 
181 272 
182 313 
182 155 
183 1097 
183 144 
184 2221 
186 126 
187 1480 
188 272 
189 1106 
189 86 
189 452 
190 97 
190 770 
191 218 
192 1442 
193 14098 
193 1118 
194 325 
195 157 
195 382 
196 86 
196 660 
197 213 
198 2091 
198 313 
198 1184 
198 712 
198 161 
200 259 
201 1114 
201 23 
201 3522 
201 462 
202 80 
203 12099 
203 694 
206 20 
206 762 
206 682 
208 227 
210 17 
211 285 
212 91 
212 15376 
213 921 
213 358 
214 8 
214 261 
214 73 
215 6730 
218 74 
218 2074 
219 200 
219 160 
220 95 
224 188 
226 929 
228 253 
228 290 
230 1286 
232 295 
232 170 
233 491 
234 174 
236 325 
236 176 
236 58 
236 338 
236 5013 
238 3248 
239 161 
240 33 
243 512 
243 249 
243 80 
244 10 
244 111 
246 65 
246 353 
247 819 
247 591 
248 1269 
250 301 
250 242 
251 782 
251 1673 
252 152 
254 45 
255 376 
255 758 
256 113 
259 3093 
259 437 
260 29 
261 1317 
261 43 
262 47 
264 108 
264 63 
266 31 
267 228 
268 294 
269 1402 
269 377 
270 107 
270 1378 
271 501 
272 837 
273 73 
273 1046 
273 6716 
274 421 
274 75 
275 114 
278 45 
280 3742 
280 48 
281 136 
282 219 
282 163 
283 683 
286 132 
286 81 
286 113 
287 575 
287 117 
288 289 
290 181 
292 888 
293 411 
294 186 
295 18 
295 479 
296 73 
296 88 
299 342 
299 563 
300 729 
301 236 
303 174 
303 220 
309 178 
309 16 
310 145 
310 121 
310 365 
310 764 
311 788 
311 7311 
312 181 
313 1332 
316 665 
316 234 
317 318 
317 641 
318 87 
318 24 
326 1804 
328 544 
330 133 
331 739 
333 564 
333 148 
334 58 
335 960 
338 311 
340 239 
342 622 
343 404 
343 779 
344 93 
345 1618 
346 871 
348 407 
349 328 
349 376 
350 1184 
350 1356 
352 312 
354 106 
354 530 
355 1363 
355 1299 
357 68 
357 170 
359 328 
362 181 
364 663 
364 955 
364 324 
369 82 
377 10482 
380 448 
380 16 
381 137 
383 45 
384 31 
386 156 
387 411 
388 1096 
388 154 
388 225 
393 837 
393 907 
394 254 
395 452 
401 474 
402 236 
406 369 
407 2170 
408 1083 
408 113 
410 778 
411 774 
415 294 
416 71 
417 248 
419 152 
420 349 
422 79 
422 508 
427 1729 
430 689 
433 52 
433 225 
435 22236 
435 85 
439 1293 
446 471 
448 22 
449 4743 
452 399 
453 75 
454 362 
458 35793 
460 84 
463 569 
463 1619 
463 117 
464 40 
464 238 
464 16 
466 66 
466 350 
467 189 
469 229 
469 113 
469 247 
471 105 
473 265 
474 740 
475 607 
475 202 
476 1939 
477 105 
482 196 
484 965 
484 102 
487 136 
490 90 
492 292 
495 3 
496 1001 
496 382 
500 339 
501 254 
503 518 
508 547 
514 209 
514 1741 
516 1596 
517 56 
517 158 
519 466 
520 184 
522 53 
522 447 
523 330 
527 206 
527 1176 
529 162 
530 983 
531 429 
531 70 
533 2133 
534 1634 
536 187 
538 618 
541 312 
543 108 
546 405 
546 1318 
547 382 
548 59 
549 45 
550 356 
550 1056 
554 1262 
554 3226 
554 45 
555 4558 
556 798 
556 43 
561 169 
561 400 
562 65 
563 638 
563 4967 
564 777 
569 30 
569 1567 
571 445 
574 12378 
574 95 
575 858 
576 87 
578 206 
578 94 
579 1375 
582 2014 
588 280 
593 351 
593 1981 
594 302 
594 242 
594 55 
596 1373 
598 244 
611 163 
611 287 
611 3047 
615 555 
617 115 
617 2138 
618 1732 
620 10 
623 904 
625 218 
626 873 
630 261 
631 557 
636 605 
638 113 
639 269 
642 226 
643 1064 
650 1356 
650 1544 
651 639 
651 264 
652 3263 
655 672 
657 113 
657 2676 
659 253 
664 68 
667 747 
669 998 
670 5437 
671 267 
671 1334 
679 638 
679 819 
682 1384 
685 7897 
685 1050 
685 102 
687 144 
687 366 
689 610 
693 520 
693 678 
694 6363 
697 365 
697 46 
705 1377 
705 4820 
710 2714 
712 866 
712 1221 
716 358 
717 6930 
717 422 
718 603 
720 5775 
722 395 
722 1014 
728 100 
729 354 
729 219 
731 51 
737 325 
738 334 
741 119 
742 1175 
744 57 
749 149 
751 1121 
752 239 
753 443 
755 1025 
758 704 
759 952 
763 79 
765 42 
770 1591 
770 444 
771 50 
779 27 
782 92 
783 506 
784 701 
793 20 
795 1547 
797 66 
798 814 
800 103 
800 76 
800 1096 
802 151 
805 229 
807 1199 
807 631 
813 2329 
825 122 
828 3 
833 343 
833 2151 
838 705 
844 504 
846 279 
848 582 
858 270 
859 187 
860 78 
868 34 
869 663 
873 94 
875 863 
879 90 
884 198 
886 126 
890 207 
895 145 
896 109 
901 1404 
908 302 
911 2302 
918 30 
920 1880 
926 62 
931 842 
932 748 
940 2513 
941 201 
942 61 
943 1361 
944 458 
947 1136 
948 17 
949 217 
968 4 
974 3 
978 504 
980 1035 
981 390 
984 813 
991 431 
1001 4668 
1011 1618 
1015 237 
1016 3514 
1037 317 
1037 37 
1039 177 
1044 274 
1045 648 
1055 1495 
1056 495 
1059 963 
1061 326 
1066 139 
1067 733 
1069 843 
1078 57 
1082 313 
1083 216 
1085 201 
1087 1270 
1104 133283 
1109 212 
1110 22 
1110 156 
1112 804 
1112 4125 
1116 547 
1117 3792 
1124 1327 
1126 52 
1127 1526 
1135 225 
1140 178 
1143 130 
1145 769 
1146 1017 
1147 2451 
1150 533 
1154 1535 
1154 475 
1155 405 
1162 134 
1165 102 
1165 459 
1170 450 
1173 110 
1175 353 
1176 75 
1183 147 
1187 96 
1201 274 
1205 346 
1206 3877 
1212 216 
1212 414 
1212 30 
1223 512 
1225 212 
1226 621 
1229 440 
1236 488 
1237 2179 
1237 610 
1238 1406 
1238 486 
1239 8338 
1244 2 
1244 157 
1261 656 
1265 387 
1266 194 
1270 111 
1272 85 
1273 1117 
1283 32 
1284 854 
1291 270 
1297 2488 
1298 3649 
1298 104 
1304 6 
1319 220 
1332 189 
1332 143 
1338 1015 
1349 510 
1352 230 
1353 633 
1358 265 
1364 44 
1367 2530 
1371 38 
1377 46 
1383 442 
1388 9 
1389 1220 
1396 511 
1398 50 
1401 1574 
1407 3922 
1407 339 
1418 183 
1424 1953 
1430 35 
1433 1463 
1433 5329 
1435 83 
1449 182 
1456 2067 
1458 2979 
1461 1216 
1467 78 
1468 228 
1469 1587 
1477 601 
1481 299 
1491 125 
1493 43 
1497 224 
1499 1632 
1510 1899 
1512 580 
1526 1596 
1531 671 
1531 34 
1538 1229 
1540 93 
1541 350 
1547 1207 
1554 393 
1561 319 
1563 1906 
1576 360 
1589 123 
1611 4170 
1614 28551 
1614 169 
1615 482 
1620 1665 
1630 162 
1642 1852 
1644 542 
1652 121 
1653 92 
1653 25 
1656 59 
1657 328 
1670 220 
1673 829 
1675 1234 
1680 95 
1691 221 
1692 1435 
1707 2123 
1713 1624 
1716 861 
1726 353 
1734 2006 
1749 1979 
1756 4569 
1759 1259 
1765 2816 
1768 784 
1771 49 
1774 3290 
1776 2897 
1778 667 
1787 477 
1790 781 
1791 1576 
1799 71312 
1814 558 
1818 52 
1819 202 
1840 171 
1841 126 
1850 404 
1852 28 
1853 122 
1863 728 
1863 703 
1873 52 
1878 123 
1895 935 
1914 236 
1923 448 
1925 149 
1926 2790 
1930 443 
1931 4593 
1936 6547 
1947 379 
1954 3006 
1955 2512 
1963 236 
1965 860 
1970 236 
1972 471 
1980 380 
1980 50 
1984 2492 
1987 2035 
1992 185 
2000 122 
2012 862 
2019 1494 
2020 2767 
2021 1811 
2021 1069 
2032 557 
2032 1762 
2037 278 
2043 460 
2059 301 
2064 540 
2065 88 
2069 363 
2069 971 
2072 4777 
2076 1910 
2080 1231 
2090 71 
2101 535 
2102 457 
2102 19 
2113 1031 
2115 39 
2119 192 
2120 515 
2125 700 
2125 200 
2127 278 
2127 178 
2132 383 
2138 73 
2141 1062 
2163 287 
2178 538 
2184 407 
2185 295 
2189 4446 
2191 338 
2192 2650 
2192 168 
2208 1473 
2212 4441 
2216 11221 
2224 178 
2231 824 
2236 9691 
2237 42 
2240 3 
2241 1798 
2251 273 
2256 1739 
2257 1089 
2258 1309 
2264 148 
2269 810 
2270 333 
2272 287 
2272 798 
2274 87 
2275 961 
2277 103 
2278 1138 
2279 14 
2286 374 
2288 1020 
2302 3139 
2305 39 
2305 439 
2310 765 
2317 46 
2317 50 
2317 643 
2318 483 
2324 109 
2328 6358 
2330 1158 
2331 108 
2331 1928 
2332 7 
2334 53 
2336 278 
2352 38 
2355 264 
2358 512 
2365 1611 
2376 17 
2377 207 
2379 1139 
2383 1558 
2385 380 
2394 36 
2406 562 
2408 422 
2410 2208 
2417 288 
2432 1907 
2432 64 
2445 1228 
2446 109 
2468 2182 
2469 396 
2476 147 
2479 1229 
2484 104 
2484 1220 
2489 1463 
2492 3314 
2501 68 
2512 200 
2518 628 
2523 3746 
2525 7612 
2529 2027 
2533 828 
2549 1155 
2560 2044 
2564 5022 
2566 1312 
2581 738 
2592 428 
2601 1023 
2602 769 
2610 225 
2615 471 
2618 1117 
2629 761 
2634 543 
2640 646 
2640 75 
2642 37 
2643 104 
2647 96 
2653 854 
2660 866 
2672 415 
2672 51 
2688 375 
2688 666 
2689 1168 
2690 428 
2692 3137 
2698 1940 
2699 299 
2702 1646 
2707 1150 
2717 450 
2719 738 
2722 848 
2726 416 
2726 391 
2735 471 
2737 772 
2739 754 
2742 572 
2744 694 
2750 340 
2750 360 
2768 163 
2772 681 
2776 670 
2797 75 
2805 400 
2815 847 
2816 1913 
2832 875 
2843 572 
2844 4949 
2893 192 
2906 60 
2918 943 
2918 1824 
2919 1025 
2924 111 
2932 1238 
2948 72 
2949 5210 
2951 66 
2958 7539 
2967 1577 
2970 344 
2973 2174 
2976 278 
2977 79 
2980 1140 
2981 753 
2988 2103 
2989 457 
2996 646 
2996 22 
2997 65 
2999 501 
3007 195 
3007 374 
3008 157 
3018 184 
3022 531 
3025 54 
3039 700 
3040 861 
3040 487 
3064 104 
3066 255 
3075 3126 
3077 228 
3085 49 
3087 213 
3094 1102 
3101 1681 
3122 782 
3122 257 
3124 634 
3127 109 
3129 166 
3134 353 
3138 298 
3139 1241 
3147 675 
3148 1620 
3153 1594 
3159 379 
3160 613 
3164 53 
3176 25 
3184 305 
3186 647 
3188 426 
3189 227 
3195 4375 
3196 52 
3198 2941 
3200 52 
3203 33 
3206 292 
3208 255 
3209 2849 
3209 1800 
3217 199 
3218 250 
3221 1692 
3231 1425 
3235 1833 
3235 340 
3236 482 
3242 300 
3250 106 
3251 355 
3251 210 
3251 40 
3259 3860 
3262 364 
3263 60 
3265 749 
3270 875 
3279 1411 
3288 1276 
3296 59 
3298 546 
3302 415 
3304 928 
3306 302 
3307 1137 
3310 123 
3319 23 
3323 1512 
3331 930 
3336 4463 
3342 84 
3352 388 
3355 46 
3357 377 
3359 353 
3384 726 
3389 114 
3393 152 
3401 106 
3405 1792 
3410 220 
3416 299 
3419 451 
3425 62 
3435 2599 
3450 275 
3453 427 
3466 582 
3470 675 
3477 1113 
3480 8208 
3483 2001 
3487 6573 
3502 71 
3504 632 
3510 881 
3512 8332 
3518 268 
3521 227 
3523 2867 
3524 2576 
3524 1083 
3530 476 
3536 1336 
3537 3505 
3537 9 
3546 9321 
3553 218 
3563 224 
3575 1268 
3575 205 
3588 128 
3590 537 
3597 390 
3598 439 
3600 6 
3610 384 
3612 647 
3613 288 
3613 294 
3613 6555 
3618 370 
3620 129 
3629 14 
3639 283 
3643 878 
3646 151 
3654 290 
3665 251 
3668 657 
3672 117 
3677 185 
3680 1925 
3690 910 
3694 636 
3697 1052 
3704 876 
3706 3797 
3713 2937 
3715 58 
3718 799 
3722 584 
3722 118 
3730 2937 
3737 730 
3737 403 
3740 1606 
3747 1440 
3749 246 
3754 223 
3757 248 
3762 518 
3765 43 
3766 5526 
3773 300 
3795 1429 
3799 329 
3810 1034 
3812 78 
3814 3174 
3816 168 
3827 1377 
3827 1526 
3841 149 
3846 1491 
3848 614 
3865 727 
3873 2361 
3882 897 
3886 132 
3886 167 
3891 181 
3892 3611 
3894 5349 
3901 143 
3901 786 
3922 613 
3939 75 
3943 970 
3948 156 
3949 329 
3950 246 
3953 76 
3956 1141 
3959 404 
3962 83 
3964 1205 
3965 2241 
3983 414 
3991 180 
4004 252 
4004 521 
4006 488 
4013 263 
4022 165 
4024 156 
4024 202 
4031 462 
4036 134 
4045 229 
4051 107 
4058 2070 
4073 346 
4075 4677 
4082 59 
4085 761 
4102 1596 
4106 8561 
4111 4038 
4112 130 
4116 818 
4117 1935 
4121 77 
4123 374 
4126 471 
4150 2354 
4157 4009 
4157 101 
4173 324 
4177 319 
4180 560 
4183 493 
4185 644 
4187 606 
4209 699 
4219 193 
4232 249 
4234 524 
4240 19 
4242 467 
4243 2135 
4256 2390 
4256 113 
4257 435 
4259 3397 
4259 68 
4264 111 
4273 276 
4293 797 
4303 415 
4309 1539 
4318 2292 
4320 451 
4322 411 
4330 115 
4334 129 
4337 1157 
4337 360 
4339 79 
4344 425 
4351 1117 
4359 65 
4360 676 
4367 78 
4368 559 
4379 9319 
4381 934 
4388 1002 
4400 71 
4405 245 
4409 3873 
4410 2375 
4411 27 
4417 71 
4428 76 
4435 984 
4444 1344 
4456 2268 
4466 1110 
4468 180 
4472 4643 
4475 1123 
4475 120 
4486 76 
4490 399 
4491 666 
4495 103 
4496 4908 
4498 2393 
4508 15 
4508 2625 
4514 895 
4515 116 
4522 888 
4522 87 
4528 66 
4529 422 
4532 4781 
4542 840 
4543 3372 
4548 1058 
4554 585 
4555 620 
4556 560 
4559 1120 
4568 592 
4576 2036 
4577 14468 
4586 105 
4590 647 
4590 267 
4609 9193 
4625 82 
4651 126 
4663 1512 
4665 1202 
4682 5280 
4698 410 
4729 333 
4734 546 
4737 1616 
4738 1105 
4746 3246 
4756 103 
4777 271 
4784 37 
4807 825 
4809 218 
4813 110 
4818 172 
4818 588 
4844 2620 
4852 147 
4854 1384 
4862 513 
4873 1425 
4878 310 
4885 1552 
4886 293 
4887 325 
4891 288 
4891 196 
4892 1126 
4907 6081 
4908 1104 
4924 71 
4931 1217 
4932 922 
4937 59 
4937 287 
4938 72 
4947 980 
4958 281 
4968 1437 
4976 1229 
4977 1733 
4981 4518 
5000 762 
5019 113 
5023 710 
5028 118 
5030 394 
5043 191 
5044 304 
5065 343 
5073 12277 
5073 1913 
5076 508 
5080 224 
5090 659 
5093 974 
5105 342 
5118 227 
5121 72 
5124 186 
5127 313 
5133 424 
5147 785 
5151 216 
5156 225 
5168 1367 
5171 536 
5174 474 
5175 1514 
5176 143 
5183 309 
5185 1117 
5190 388 
5202 879 
5219 1170 
5237 1306 
5247 915 
5255 400 
5257 78 
5275 546 
5281 740 
5291 1840 
5293 794 
5298 558 
5311 38 
5326 157 
5327 5688 
5329 103 
5358 313 
5359 95 
5367 1621 
5373 236 
5386 12316 
5392 73 
5395 59 
5405 501 
5413 264 
5416 239 
5452 1418 
5460 1689 
5470 797 
5473 49 
5474 1034 
5483 352 
5485 1894 
5499 3166 
5505 636 
5508 72 
5509 965 
5519 186 
5538 945 
5539 65 
5562 104 
5573 265 
5574 853 
5576 236 
5588 71 
5594 180 
5620 825 
5635 917 
5635 42 
5646 257 
5654 274 
5663 464 
5692 313 
5712 190 
5723 46 
5740 44 
5744 1189 
5771 1295 
5781 6328 
5791 1417 
5796 1303 
5823 5410 
5828 99 
5834 5287 
5834 11 
5836 2604 
5839 2374 
5839 793 
5843 1908 
5856 1528 
5856 796 
5860 243 
5870 3802 
5875 4898 
5876 11 
5904 563 
5906 262 
5915 253 
5929 598 
5931 3280 
5937 2573 
5945 90 
5956 40 
5959 219 
5964 419 
5965 357 
5974 2120 
5976 399 
5982 5134 
5987 640 
5989 1924 
6000 5045 
6003 777 
6004 1671 
6015 66 
6025 1278 
6037 655 
6038 1099 
6052 643 
6081 445 
6083 2340 
6090 284 
6099 1070 
6112 1302 
6116 2255 
6117 483 
6121 443 
6144 308 
6151 298 
6153 532 
6156 469 
6159 307 
6162 586 
6170 213 
6187 440 
6200 270 
6224 307 
6233 234 
6239 3390 
6246 1197 
6246 531 
6246 3877 
6255 1236 
6256 376 
6261 791 
6267 633 
6280 386 
6282 296 
6286 403 
6288 90 
6295 45 
6301 191 
6317 361 
6326 775 
6334 1347 
6334 653 
6359 280 
6371 134 
6373 1807 
6402 64 
6402 1329 
6404 510 
6405 413 
6406 255 
6409 102 
6421 32 
6423 175 
6429 720 
6444 296 
6458 6224 
6463 407 
6470 6220 
6490 83 
6491 17253 
6491 1476 
6492 443 
6504 2134 
6505 1149 
6508 1193 
6509 271 
6518 148 
6519 7088 
6523 1664 
6527 598 
6529 594 
6540 203 
6549 223 
6550 258 
6555 342 
6556 330 
6558 68 
6563 288 
6570 719 
6575 5921 
6576 3206 
6584 478 
6585 799 
6599 324 
6602 303 
6621 161 
6627 1301 
6630 285 
6631 269 
6646 959 
6647 3578 
6648 172 
6653 88 
6669 2004 
6678 447 
6679 189 
6684 3 
6690 62 
6698 435 
6702 173 
6703 405 
6703 842 
6704 479 
6708 170 
6718 3329 
6742 1690 
6745 1354 
6748 3475 
6749 2947 
6749 498 
6775 55 
6777 257 
6777 18906 
6784 749 
6828 165 
6862 60 
6897 349 
6900 981 
6906 78 
6909 1210 
6923 831 
6933 171 
6935 222 
6947 368 
6956 711 
6964 79 
6964 489 
6982 3390 
6984 576 
7000 3021 
7002 63 
7004 79 
7010 1321 
7025 3399 
7046 955 
7070 14 
7099 2597 
7100 428 
7107 782 
7130 398 
7142 87 
7147 1664 
7155 2511 
7175 1472 
7216 1477 
7228 1925 
7232 1691 
7259 645 
7279 6329 
7289 1320 
7289 309 
7302 806 
7309 7112 
7314 22 
7327 537 
7341 134 
7353 1368 
7359 109 
7398 2082 
7401 380 
7418 283 
7430 271 
7442 3640 
7457 1170 
7488 1747 
7502 254 
7516 41453 
7517 1205 
7526 523 
7529 1101 
7535 2229 
7535 568 
7546 130 
7548 245 
7553 179 
7553 178 
7555 1544 
7559 357 
7561 1122 
7562 3102 
7607 19434 
7610 203 
7647 14 
7655 103 
7656 79 
7660 494 
7665 1420 
7672 49 
7689 547 
7700 1464 
7702 36 
7715 623 
7727 777 
7735 1224 
7747 1533 
7751 689 
7754 134 
7769 9 
7769 2435 
7790 2390 
7794 233 
7802 526 
7815 4429 
7825 97 
7847 26 
7855 1360 
7859 31 
7878 744 
7884 7082 
7897 251 
7902 191 
7903 1360 
7904 222 
7916 122 
7916 1252 
7926 54 
7931 521 
7936 0 
7961 1245 
7961 328 
7962 281 
7964 1941 
7964 1102 
7966 722 
7984 77 
8002 385 
8009 348 
8033 435 
8058 1058 
8064 388 
8074 347 
8082 497 
8083 119 
8085 1570 
8087 1217 
8087 631 
8100 164 
8112 516 
8122 185 
8156 16 
8167 359 
8174 1309 
8176 141 
8178 1036 
8182 259 
8184 28 
8194 20 
8204 2482 
8212 1289 
8215 30 
8218 232 
8232 244 
8262 362 
8325 251 
8331 492 
8334 256 
8391 28 
8414 166 
8436 133 
8445 26 
8447 238 
8466 2016 
8473 178 
8483 59 
8505 557 
8508 463 
8515 562 
8517 19 
8559 8 
8585 339 
8612 284 
8652 255 
8664 1077 
8668 1519 
8676 583 
8679 748 
8680 159 
8715 173 
8724 867 
8733 43 
8749 472 
8752 4138 
8756 261 
8772 109 
8774 476 
8778 29 
8790 15 
8842 962 
8846 1131 
8861 1629 
8868 350 
8878 356 
8892 858 
8928 436 
8949 1685 
8953 6452 
8969 198 
8969 4172 
8975 242 
9008 283 
9027 1138 
9069 159 
9113 549 
9142 30 
9165 2907 
9210 182 
9217 624 
9242 584 
9259 392 
9274 2193 
9303 1815 
9309 1580 
9318 121 
9327 242 
9328 399 
9333 20 
9345 1069 
9352 1955 
9360 1575 
9368 446 
9374 740 
9383 375 
9396 60 
9399 1507 
9407 4533 
9410 470 
9429 2 
9445 144 
9457 324 
9489 1337 
9490 67 
9510 122 
9550 276 
9562 1786 
9579 998 
9606 791 
9631 1972 
9634 457 
9647 24 
9650 160 
9661 428 
9666 58 
9693 550 
9719 937 
9726 354 
9736 4300 
9746 453 
9764 323 
9770 192 
9775 2866 
9779 376 
9786 1526 
9793 482 
9813 551 
9825 86 
9828 190 
9833 456 
9853 114 
9867 387 
9868 764 
9895 131 
9900 187 
9918 1338 
9927 122 
9944 93 
9953 857 
9956 940 
9963 351 
10031 1182 
10034 729 
10042 755 
10077 727 
10091 1456 
10093 1182 
10109 954 
10128 116 
10129 1161 
10149 82 
10152 188 
10153 14 
10193 19 
10204 926 
10219 310 
10219 234 
10233 1646 
10297 179 
10308 503 
10314 1182 
10316 334 
10322 29 
10345 763 
10346 4576 
10350 4099 
10355 1884 
10378 575 
10380 372 
10381 19 
10433 1026 
10437 490 
10458 723 
10473 1808 
10498 577 
10504 477 
10506 1118 
10517 257 
10526 214 
10532 1362 
10550 1182 
10555 1279 
10559 918 
10561 2170 
10563 55 
10579 2067 
10603 357 
10617 2173 
10628 146 
10629 554 
10634 267 
10638 476 
10642 349 
10647 21 
10689 3501 
10693 492 
10718 348 
10718 348 
10719 1155 
10719 1155 
10729 1448 
10729 1483 
10729 1483 
10729 1448 
10736 1236 
10736 1236 
10741 1342 
10741 1342 
10774 105 
10800 1268 
10802 16 
10805 82 
10827 989 
10851 91 
10868 550 
10868 347 
10869 1520 
10878 214 
10879 723 
10902 938 
10909 6795 
10933 388 
10934 903 
10946 158 
10960 179 
10963 3831 
10971 224 
10979 225 
10983 322 
10997 107 
11000 809 
11005 391 
11006 1300 
11017 1012 
11020 712 
11037 258 
11044 319 
11066 820 
11068 812 
11070 860 
11092 100 
11095 1921 
11116 2400 
11118 118 
11127 860 
11143 64 
11146 147 
11147 4987 
11149 365 
11156 117 
11159 866 
11191 102 
11223 174 
11256 908 
11283 205 
11316 399 
11336 153 
11401 830 
11403 886 
11445 32 
11462 178 
11472 564 
11481 177 
11484 120 
11521 2796 
11544 1337 
11562 252 
11568 62 
11569 2619 
11573 537 
11573 2445 
11602 1013 
11620 1277 
11633 252 
11637 979 
11646 541 
11662 548 
11672 469 
11689 9920 
11730 157 
11738 193 
11778 188 
11790 105 
11836 213 
11839 500 
11846 328 
11848 201 
11851 17 
11851 570 
11866 632 
11896 447 
11898 290 
11914 382 
11940 645 
11947 6286 
11952 6542 
11954 573 
11991 1101 
12006 1423 
12016 130 
12026 1201 
12027 907 
12027 366 
12038 274 
12046 1333 
12049 1603 
12088 13 
12095 471 
12098 587 
12114 1801 
12147 2855 
12157 251 
12165 179 
12173 654 
12181 1375 
12182 1456 
12222 532 
12245 70 
12252 197 
12257 874 
12259 3117 
12278 1498 
12285 148 
12327 342 
12346 3982 
12379 431 
12406 459 
12410 287 
12416 1 
12456 917 
12469 138 
12570 292 
12577 566 
12590 4056 
12603 66 
12604 443 
12622 249 
12629 344 
12635 1195 
12671 274 
12674 750 
12678 493 
12682 892 
12685 3257 
12702 459 
12717 7958 
12732 1159 
12733 124 
12760 6014 
12762 294 
12768 645 
12773 45 
12777 22 
12790 607 
12828 440 
12874 150 
12877 1632 
12890 152 
12895 431 
12899 3442 
12919 556 
12922 657 
12928 1723 
12938 99 
12960 667 
12964 331 
12972 583 
12973 1866 
12979 1036 
13006 147 
13013 1216 
13014 131 
13033 291 
13037 148 
13038 106 
13041 2048 
13047 15 
13058 1264 
13058 317 
13070 376 
13083 4402 
13093 325 
13104 1157 
13113 341 
13120 556 
13141 499 
13150 53 
13171 421 
13200 286 
13233 1420 
13251 1763 
13256 10 
13257 152 
13258 476 
13262 130 
13273 19 
13337 364 
13343 91 
13346 1206 
13349 3683 
13366 28 
13370 390 
13374 38 
13377 444 
13384 68 
13397 105 
13398 398 
13405 237 
13406 526 
13407 351 
13435 94 
13444 260 
13459 529 
13461 66 
13484 735 
13494 226 
13506 11006 
13514 1118 
13516 1213 
13530 4173 
13548 523 
13549 267 
13552 627 
13566 2053 
13567 34 
13578 24 
13578 1007 
13585 39 
13592 302 
13599 1671 
13608 825 
13608 28 
13608 3560 
13625 711 
13638 213 
13639 300 
13677 141 
13679 138 
13685 743 
13690 1141 
13704 148 
13705 688 
13735 561 
13744 468 
13761 89 
13772 266 
13787 2074 
13795 82 
13821 21729 
13841 132 
13848 1082 
13850 2839 
13854 74 
13873 669 
13888 1392 
13895 1968 
13898 629 
13905 795 
13915 867 
13918 78 
13945 3258 
13964 728 
13974 71 
13980 486 
13984 770 
13990 5169 
14006 645 
14012 344 
14012 27 
14017 313 
14022 17 
14040 2782 
14078 231 
14094 560 
14104 2846 
14112 77 
14119 283 
14126 269 
14128 39 
14146 2964 
14168 1644 
14172 415 
14185 1151 
14185 1339 
14197 877 
14214 413 
14221 999 
14234 26 
14271 593 
14279 165 
14282 989 
14290 206 
14311 1142 
14328 1393 
14336 15 
14349 2380 
14350 76 
14360 82 
14371 1834 
14383 366 
14422 1470 
14448 523 
14464 814 
14480 237 
14509 4720 
14512 3694 
14513 1267 
14521 1643 
14535 2199 
14551 1825 
14559 35 
14569 33 
14573 1518 
14578 71 
14592 384 
14619 238 
14622 319 
14637 167 
14672 85 
14673 1562 
14675 2959 
14700 4 
14725 1868 
14736 178 
14770 1574 
14770 10065 
14789 1279 
14843 137 
14855 2250 
14864 1135 
14926 1235 
14928 737 
14941 4270 
14958 1322 
14963 8025 
14964 471 
15012 111 
15024 881 
15072 3022 
15073 226 
15094 599 
15096 4691 
15105 320 
15122 599 
15131 311 
15134 322 
15139 150 
15142 1252 
15154 1410 
15157 1224 
15180 1061 
15201 1305 
15238 945 
15251 98 
15263 1277 
15278 1503 
15292 119 
15328 1277 
15345 83 
15367 1357 
15376 56 
15412 5134 
15437 223 
15444 6 
15449 483 
15461 198 
15471 549 
15481 2245 
15485 554 
15497 215 
15510 402 
15534 532 
15546 4571 
15635 1561 
15685 247 
15693 1367 
15732 274 
15738 105 
15756 245 
15781 1056 
15789 78 
15795 320 
15815 92 
15842 322 
15846 2254 
15853 980 
15867 113 
15868 3169 
15926 326 
15973 127 
15982 785 
16006 1633 
16032 1841 
16043 13577 
16051 274 
16060 202 
16094 189 
16097 417 
16112 410 
16125 279 
16129 243 
16130 808 
16152 1 
16157 4181 
16173 617 
16176 108 
16197 61 
16202 1710 
16207 1819 
16272 3282 
16290 78 
16293 836 
16294 736 
16298 673 
16332 581 
16380 182 
16385 59 
16391 389 
16436 1237 
16441 1011 
16444 13 
16459 326 
16467 1358 
16480 890 
16506 855 
16517 217 
16519 215 
16530 492 
16530 515 
16542 57 
16550 929 
16592 680 
16601 657 
16609 2435 
16624 1856 
16626 171 
16635 512 
16655 39 
16669 1349 
16672 195 
16726 1260 
16735 152 
16737 50 
16738 173 
16757 646 
16809 137 
16821 207 
16833 71 
16862 86 
16880 520 
16888 605 
16896 282 
16944 448 
16999 388 
17029 9 
17034 1903 
17058 227 
17073 51 
17098 227 
17102 74 
17124 835 
17140 652 
17141 10122 
17172 67 
17200 40 
17204 834 
17212 510 
17222 3955 
17225 573 
17228 1226 
17245 1521 
17282 2413 
17293 351 
17336 181 
17396 178 
17398 129 
17407 2339 
17412 241 
17436 2468 
17470 199 
17511 101 
17532 21 
17547 3312 
17573 17752 
17600 354 
17607 648 
17629 1422 
17630 1712 
17670 4503 
17673 2678 
17675 706 
17684 563 
17704 419 
17709 159 
17749 135 
17834 408 
17835 196 
17855 96 
17916 27 
17926 6457 
17930 287 
17938 718 
17963 494 
18019 633 
18021 702 
18022 5164 
18031 993 
18033 34 
18034 178 
18046 236 
18062 88 
18123 2334 
18176 420 
18193 44 
18200 775 
18212 1722 
18227 349 
18349 302 
18413 1072 
18416 17236 
18435 223 
18459 123 
18471 434 
18479 165 
18488 662 
18491 24095 
18501 90 
18503 1222 
18519 891 
18523 669 
18533 1467 
18535 229 
18547 380 
18555 860 
18559 225 
18560 30 
18564 2306 
18569 140 
18570 362 
18586 4023 
18599 16 
18627 679 
18635 213 
18649 1584 
18654 291 
18664 688 
18676 44 
18708 1399 
18730 1614 
18779 1102 
18815 1978 
18817 179 
18835 1057 
18839 16 
18887 56 
18889 57 
18890 171 
18919 2957 
18992 56 
19022 1093 
19023 214 
19028 1855 
19046 217 
19068 944 
19071 3041 
19077 766 
19080 1109 
19096 639 
19112 1842 
19124 691 
19125 1085 
19128 710 
19132 10642 
19142 2076 
19157 1470 
19158 886 
19177 175 
19188 2239 
19188 124 
19191 1005 
19195 121 
19197 275 
19201 243 
19226 356 
19267 1598 
19310 68 
19319 719 
19323 167 
19348 90 
19371 115 
19396 1245 
19479 424 
19506 14 
19551 86 
19572 1618 
19601 2083 
19607 1616 
19620 228 
19643 1323 
19673 415 
19673 7741 
19705 506 
19734 91 
19749 408 
19754 849 
19763 8057 
19820 144 
19857 790 
19876 816 
19885 1320 
19898 1739 
19905 83 
19911 224 
19915 1103 
19931 855 
19939 24 
19944 162 
19972 176 
20003 37 
20022 154 
20070 217 
20115 159 
20139 283 
20154 410 
20160 779 
20164 174 
20179 453 
20224 351 
20254 364 
20269 1201 
20331 4800 
20332 144 
20334 344 
20348 444 
20348 1051 
20354 758 
20363 1201 
20390 606 
20393 774 
20394 557 
20401 68 
20404 151 
20410 1516 
20414 84 
20430 1242 
20475 6553 
20510 171 
20517 7687 
20644 72 
20650 14 
20675 1153 
20680 5285 
20732 467 
20750 1317 
20751 322 
20758 1032 
20767 221 
20795 1761 
20807 1009 
20832 29 
20859 1957 
20877 247 
20903 280 
20905 103 
20921 1157 
20923 2467 
20940 1633 
20960 688 
20962 124 
20981 1857 
20996 537 
21018 214 
21056 185 
21060 522 
21079 585 
21092 2181 
21125 485 
21169 905 
21197 88 
21241 1748 
21247 840 
21252 2996 
21258 390 
21261 131 
21283 746 
21294 277 
21294 268 
21301 494 
21316 150 
21319 61 
21322 6801 
21337 900 
21361 1072 
21373 77 
21399 139 
21441 4082 
21505 1133 
21555 229 
21556 688 
21574 462 
21587 955 
21590 66 
21640 34 
21663 1241 
21666 1285 
21693 828 
21714 520 
21717 447 
21726 477 
21741 1543 
21784 760 
21812 341 
21865 1224 
21874 1667 
21922 1868 
21925 539 
21955 719 
22011 394 
22031 1156 
22084 2320 
22200 387 
22229 403 
22253 371 
22288 135 
22293 22 
22319 567 
22338 465 
22350 1184 
22386 144 
22398 157 
22412 1209 
22419 274 
22432 357 
22460 3385 
22478 8006 
22502 271 
22507 76 
22509 1244 
22521 59 
22527 1450 
22529 161 
22536 61 
22614 747 
22627 1599 
22666 215 
22699 657 
22705 290 
22715 639 
22843 316 
22947 219 
22983 1133 
22993 327 
23002 290 
23012 524 
23016 696 
23043 57 
23062 116 
23106 144 
23137 661 
23144 537 
23146 550 
23156 310 
23164 1258 
23218 2116 
23218 327 
23225 788 
23231 703 
23237 3981 
23324 302 
23325 662 
23330 829 
23351 1307 
23377 2258 
23386 38 
23390 131 
23398 657 
23412 2279 
23509 657 
23512 105 
23540 927 
23574 833 
23582 172 
23630 1116 
23715 99 
23724 431 
23805 791 
23848 763 
23874 2028 
23913 199 
23937 31 
23952 1230 
23957 1620 
24014 925 
24059 1387 
24102 1914 
24143 1861 
24195 2771 
24211 941 
24239 494 
24265 970 
24301 1187 
24334 194 
24349 994 
24351 612 
24361 763 
24369 140 
24403 2686 
24410 962 
24420 5874 
24454 1333 
24461 136 
24489 403 
24512 101 
24546 178 
24561 1730 
24569 219 
24593 1395 
24604 687 
24612 219 
24621 579 
24666 214 
24703 1306 
24720 1107 
24729 1189 
24742 365 
24756 390 
24764 95 
24768 204 
24790 65 
24791 1164 
24812 985 
24815 1455 
24825 2425 
24834 1721 
24838 3345 
24874 1063 
24885 520 
24909 1019 
24937 329 
25014 326 
25025 268 
25057 1038 
25097 153 
25149 12331 
25190 544 
25197 402 
25199 504 
25217 3397 
25314 247 
25371 638 
25398 338 
25427 279 
25597 4172 
25661 1434 
25680 604 
25707 344 
25751 794 
25923 697 
25997 1768 
25997 1768 
26123 1645 
26146 2981 
26238 46 
26386 2117 
26390 87 
26432 216 
26432 954 
26450 661 
26492 501 
26509 56 
26514 109 
26534 197 
26561 198 
26571 459 
26628 302 
26757 140 
26858 441 
26860 34 
26967 527 
26975 96 
27074 940 
27077 243 
27189 16 
27193 1070 
27262 21 
27303 2244 
27307 333 
27339 16 
27339 327 
27386 986 
27408 469 
27441 490 
27473 1352 
27482 777 
27491 272 
27503 1810 
27505 356 
27556 319 
27628 795 
27665 634 
27678 1004 
27679 827 
27701 597 
27708 167 
27719 444 
27722 4500 
27755 1065 
27766 2413 
27767 656 
27806 2416 
27812 321 
27825 3202 
27840 389 
27904 851 
27929 8194 
27936 5220 
27952 93 
27964 945 
27976 432 
27983 817 
28055 44 
28070 350 
28083 1138 
28111 199 
28140 837 
28143 272 
28148 912 
28154 629 
28201 470 
28229 3765 
28235 401 
28266 131 
28277 1964 
28343 795 
28430 403 
28440 56 
28487 2503 
28545 626 
28596 482 
28611 5355 
28659 643 
28715 296 
28725 73 
28735 518 
28773 258 
28783 1219 
28788 2324 
28798 35 
28805 550 
28838 503 
28925 356 
28971 486 
28981 56 
28986 2592 
29239 217 
29272 4704 
29313 115 
29329 168 
29403 75 
29424 13 
29518 1253 
29543 807 
29608 725 
29656 2504 
29727 3649 
29786 175 
29839 655 
29852 841 
29863 33 
29948 1257 
30037 25 
30068 205 
30119 259 
30148 893 
30195 357 
30246 240 
30263 1048 
30319 452 
30370 2646 
30609 149 
30634 195 
30693 1515 
30701 1894 
30744 1411 
30794 0 
30805 516 
30851 190 
30988 379 
31152 212 
31198 523 
31339 13 
31357 222 
31471 131 
31548 143 
31560 2234 
31624 1797 
31637 138 
31750 60 
31806 752 
31827 238 
31870 118 
31888 1791 
31896 117 
31931 49 
31980 409 
31993 379 
31994 175 
32034 172 
32046 81 
32142 657 
32188 198 
32219 124 
32435 222 
32596 18639 
32623 891 
32684 716 
32693 5246 
32759 110 
32782 765 
32805 15 
32817 1095 
32946 2043 
33053 74 
33053 164 
33142 1342 
33204 910 
33215 21926 
33239 1283 
33278 229 
33307 324 
33312 12 
33340 1117 
33441 121 
33461 2605 
33500 501 
33511 426 
33557 46 
33564 731 
33583 367 
33719 120 
33764 228 
33828 101 
33860 321 
33897 209 
33956 619 
33976 462 
34000 48 
34122 177 
34185 6443 
34298 1068 
34370 1406 
34406 3540 
34578 398 
34673 379 
34682 367 
34728 3146 
34798 546 
34899 2363 
34957 1370 
35101 292 
35139 786 
35195 28 
35212 275 
35246 2794 
35247 2 
35278 362 
35311 1477 
35312 550 
35368 3086 
35396 396 
35404 544 
35493 564 
35494 138 
35500 1056 
35519 342 
35535 532 
35541 924 
35629 340 
35774 31 
35776 1351 
35779 2101 
35831 5409 
35841 903 
35858 153 
35897 1502 
35931 547 
35966 1845 
36059 953 
36115 58 
36126 201 
36200 108 
36230 1147 
36247 896 
36267 7692 
36270 286 
36314 23 
36334 1142 
36357 2663 
36358 556 
36370 1111 
36395 1011 
36412 101 
36416 1725 
36620 362 
36658 921 
36771 213 
36802 17781 
36838 2440 
36857 893 
36870 3730 
36909 514 
36931 31 
36964 5595 
37021 6540 
37034 804 
37043 19360 
37059 4194 
37079 13 
37081 382 
37096 363 
37119 99 
37280 11931 
37327 1121 
37399 218 
37568 3750 
37596 1029 
37702 418 
37812 762 
37912 4 
38000 1406 
38156 788 
38156 65 
38159 1013 
38212 505 
38237 3488 
38287 24975 
38296 4592 
38329 509 
38339 1440 
38356 98 
38390 1488 
38406 507 
38420 3054 
38528 845 
38573 303 
38639 1546 
38660 31 
38690 1375 
38708 133 
38717 972 
38723 716 
38723 2255 
38768 20 
38784 1176 
38847 342 
38880 2703 
38996 1253 
39048 519 
39068 245 
39162 4 
39300 207 
39372 436 
39408 758 
39486 6221 
39494 446 
39571 171 
39599 1437 
39622 1289 
39706 429 
39757 67 
39757 784 
39807 3721 
39836 585 
39837 132 
39883 762 
39912 909 
39981 2805 
40003 139 
40012 2734 
40029 1373 
40151 594 
40161 5842 
40190 1812 
40266 153 
40299 115 
40331 24191 
40347 435 
40354 467 
40440 235 
40464 1747 
40495 143 
40686 614 
40712 250 
40808 128 
40814 33 
40819 168 
40854 93 
40864 1052 
40991 174 
41001 960 
41033 85 
41051 121 
41063 131 
41078 261 
41113 2199 
41130 2234 
41142 233 
41187 380 
41444 1516 
41444 1516 
41479 30 
41479 30 
41609 163 
41612 71 
41615 154 
41695 387 
41714 617 
41728 3869 
41732 2351 
41754 786 
41764 2693 
41791 527 
41820 480 
41894 13 
41904 659 
42012 69 
42101 193 
42109 328 
42116 437 
42130 712 
42148 1181 
42170 2623 
42194 58 
42217 2705 
42220 2269 
42260 380 
42319 5399 
42367 2864 
42396 4104 
42424 133 
42477 215 
42479 1373 
42610 355 
42613 68 
42619 645 
42669 3715 
42715 158 
42754 395 
42771 1840 
42808 51879 
42881 252 
42893 187 
42899 743 
42926 679 
42943 8625 
42957 703 
42975 364 
42984 190 
42988 367 
42997 521 
42999 1434 
43032 1250 
43080 5214 
43095 229 
43098 1137 
43135 1015 
43164 425 
43175 1513 
43177 83 
43272 130 
43289 492 
43300 1293 
43307 480 
43314 2493 
43332 433 
43455 695 
43520 526 
43630 2553 
43660 1254 
43665 229 
43724 45 
43764 1052 
43775 1504 
43777 1092 
43780 95 
43784 271 
43806 285 
43844 391 
43905 487 
44188 24 
44192 777 
44194 148 
44264 722 
44269 49 
44275 2398 
44332 3 
44365 106 
44439 464 
44522 279 
44539 329 
44656 1622 
44694 12922 
44761 310 
44775 44 
44827 1109 
44874 725 
44940 3218 
44980 2009 
44989 101 
45047 549 
45131 103 
45143 488 
45150 900 
45194 875 
45199 8011 
45208 458 
45215 1659 
45217 3186 
45227 1138 
45307 435 
45338 506 
45555 1514 
45563 239 
45597 705 
45606 853 
45660 1131 
45687 26 
45709 69 
45774 289 
45932 594 
45933 238 
45950 879 
45987 120 
45995 795 
46015 193 
46047 2029 
46069 3359 
46087 32 
46130 596 
46167 242 
46176 2527 
46183 16 
46211 909 
46232 987 
46240 872 
46325 429 
46333 53 
46371 91 
46599 49 
46654 1858 
46672 152 
46797 2215 
46864 1626 
46866 0 
46941 379 
47042 10090 
47065 30 
47102 1811 
47104 27 
47162 1035 
47241 1865 
47251 267 
47260 1760 
47276 53 
47305 1137 
47373 388 
47417 634 
47491 745 
47512 223 
47555 402 
47618 26 
47641 536 
47646 812 
47685 439 
47721 223 
47775 119 
47778 666 
47880 137 
47976 243 
48039 778 
48154 1168 
48265 80 
48271 83 
48347 491 
48364 528 
48403 686 
48504 159 
48558 2274 
48575 1492 
48627 2577 
48667 405 
48704 562 
48722 1258 
48756 212 
48915 823 
48920 678 
48984 67 
49066 506 
49347 732 
49391 149 
49404 172 
49414 18 
49467 1038 
49537 1429 
49568 3226 
49586 1127 
49612 753 
49613 382 
49624 13 
49664 123 
49723 296 
49751 121 
50072 232 
50078 1527 
50112 279 
50120 1325 
50190 249 
50249 358 
50275 96 
50310 149 
50394 21568 
50407 1463 
50418 1083 
50432 1487 
50451 196 
50476 712 
50483 114 
50490 456 
50499 301 
50520 996 
50572 1334 
50574 1780 
50594 1956 
50630 303 
50707 456 
50816 2856 
50819 695 
50844 5 
50884 692 
50896 1172 
50902 400 
50909 999 
50916 866 
50924 472 
50942 531 
50949 287 
50956 1070 
50990 312 
51033 606 
51037 602 
51043 2096 
51080 1823 
51112 1390 
51162 399 
51176 1908 
51195 1150 
51198 449 
51221 83 
51264 841 
51313 1157 
51314 61 
51366 2396 
51408 1164 
51449 629 
51500 560 
51551 47 
51591 1346 
51712 365 
51789 98 
51840 147 
52054 1097 
52071 958 
52115 970 
52137 140 
52138 108 
52174 474 
52189 1510 
52212 213 
52250 1205 
52285 654 
52294 26 
52363 253 
52368 103 
52408 1071 
52411 1697 
52451 2397 
52527 668 
52568 826 
52576 201 
52581 288 
52627 5871 
52647 108 
52735 116 
52752 2061 
52786 606 
52825 2271 
52841 1370 
52841 1425 
52871 340 
52975 624 
53041 1126 
53098 1944 
53151 315 
53239 223 
53289 529 
53306 1759 
53346 1535 
53356 2055 
53396 1885 
53410 601 
53442 180 
53455 2419 
53479 379 
53553 680 
53621 415 
53673 261 
53712 102 
53715 806 
53768 1043 
53789 927 
53841 226 
53846 2714 
53890 1607 
53895 679 
53895 1719 
54073 436 
54080 518 
54217 159 
54229 151 
54272 159 
54363 251 
54500 127 
54543 85 
54564 272 
54598 398 
54609 793 
54937 34 
54937 34 
54986 1610 
54986 1610 
55266 50 
55301 37 
55340 837 
55353 1622 
55399 955 
55404 793 
55404 29 
55424 339 
55568 1294 
55585 462 
55598 343 
55646 121 
55690 50 
55703 420 
55729 1809 
55969 177 
56008 34 
56008 576 
56019 50 
56031 92 
56046 696 
56073 98 
56202 449 
56209 410 
56239 1048 
56340 466 
56341 158 
56413 317 
56465 0 
56488 256 
56489 28 
56511 749 
56534 16687 
56552 711 
56556 179 
56638 292 
56640 165 
56691 399 
56705 1002 
56749 1885 
56751 208 
56773 125 
56780 1810 
56783 320 
56803 448 
56886 969 
56889 1191 
56929 4 
56945 121 
56981 291 
57002 218 
57004 53 
57070 462 
57072 1015 
57100 106 
57124 530 
57145 677 
57207 758 
57304 348 
57322 1980 
57338 117 
57345 892 
57405 164 
57458 539 
57461 43 
57478 277 
57550 131 
57574 958 
57610 352 
57661 215 
57707 249 
57713 218 
57717 152 
57767 39 
57778 208 
57780 352 
57806 1060 
57885 533 
57893 1275 
57919 1253 
57965 364 
57994 865 
58118 349 
58331 131 
58490 112 
58499 348 
58546 441 
58813 1073 
58849 410 
58851 772 
58857 2828 
58935 3904 
58962 127 
59006 2632 
59040 3161 
59044 901 
59132 1836 
59160 419 
59163 156 
59174 1137 
59188 7623 
59211 68 
59219 1419 
59262 1690 
59286 834 
59376 25 
59377 125 
59397 134 
59402 54 
59527 475 
59546 388 
59614 461 
59697 333 
59746 836 
59754 1737 
59776 1503 
59794 301 
59834 535 
59875 210 
59946 56 
59957 882 
59975 343 
60043 28 
60175 291 
60201 607 
60201 711 
60205 563 
60230 232 
60230 333 
60249 305 
60252 530 
60285 521 
60292 1046 
60303 874 
60311 33 
60318 1309 
60337 278 
60381 443 
60389 504 
60405 1376 
60412 317 
60431 1242 
60480 1291 
60505 759 
60520 124 
60531 536 
60532 31 
60548 31 
60617 1595 
60630 251 
60677 793 
60677 461 
60689 493 
60695 843 
60696 1487 
60714 201 
60719 828 
60729 68 
60798 93 
60825 200 
60851 493 
60927 1132 
60936 889 
60950 483 
60965 205 
60970 485 
60976 31 
60990 1175 
61022 747 
61033 103 
61083 5474 
61173 1788 
61192 4717 
61285 1248 
61309 4793 
61330 131 
61331 137 
61332 582 
61348 85 
61387 307 
61422 1213 
61455 10 
61491 117 
61521 67 
61642 2616 
61683 934 
61720 805 
61742 319 
61764 672 
61783 1220 
61795 1220 
61797 735 
61808 824 
61868 872 
61924 320 
61936 552 
61991 636 
62005 4012 
62007 26 
62007 493 
62037 596 
62103 125 
62125 57 
62166 1964 
62171 3252 
62173 291 
62204 151 
62284 114 
62330 169 
62353 43 
62374 1941 
62396 156 
62435 463 
62494 1364 
62504 1058 
62518 129 
62547 43 
62565 203 
62569 147 
62579 92 
62583 214 
62701 4085 
62705 346 
62717 1000 
62719 124 
62723 1173 
62750 1073 
62774 2639 
62792 1438 
62812 260 
62818 24 
62845 150 
62850 95 
62928 192 
62943 175 
62980 7261 
62999 370 
63013 10098 
63014 1149 
63040 548 
63041 655 
63047 609 
63057 61 
63067 940 
63071 60 
63090 199 
63105 678 
63120 914 
63120 1069 
63135 795 
63136 2012 
63138 1645 
63190 5373 
63207 385 
63208 235 
63232 421 
63269 2 
63326 1193 
63359 16 
63445 142 
63459 4941 
63459 1185 
63490 381 
63522 2225 
63558 652 
63621 1494 
63622 1251 
63636 547 
63703 206 
63761 767 
63766 103 
63775 2991 
63813 346 
63847 9 
63853 148 
63899 1022 
63953 129 
63982 140 
64039 45 
64046 237 
64051 12641 
64058 279 
64109 230 
64128 178 
64150 656 
64162 1176 
64231 202 
64400 1337 
64406 457 
64419 944 
64432 1192 
64433 1613 
64441 2119 
64483 916 
64573 195 
64656 181 
64699 12 
64732 337 
64732 1352 
64761 96 
64768 1440 
64803 170 
64815 1686 
64846 1508 
64849 52 
64858 1081 
64861 1181 
64892 168 
64901 2971 
64963 761 
65018 3730 
65040 664 
65046 357 
65062 1967 
65103 298 
65194 421 
65222 168 
65251 96 
65321 294 
65323 31 
65342 189 
65347 6233 
65362 24 
65395 548 
65473 86 
65493 924 
65513 546 
65513 1550 
65570 1329 
65576 1042 
65610 326 
65636 157 
65641 1315 
65724 423 
65737 939 
65742 240 
65756 290 
65756 812 
65777 644 
65844 161 
65850 1492 
65858 1483 
65913 240 
65954 432 
65976 375 
65989 207 
65994 1032 
66034 1285 
66075 1605 
66097 54 
66136 675 
66189 182 
66219 53 
66252 888 
66255 401 
66324 83 
66391 1925 
66404 462 
66413 127 
66450 581 
66451 159 
66460 27 
66491 470 
66506 236 
66531 244 
66552 2516 
66556 1122 
66567 264 
66580 643 
66590 120 
66705 322 
66712 198 
66721 803 
66765 970 
66790 1103 
66821 1731 
66822 201 
66841 1918 
66842 26 
66844 2253 
66858 504 
66904 41084 
66906 1733 
66916 370 
66940 672 
66942 823 
66946 1322 
66950 151 
66952 396 
66952 229 
66956 457 
66958 503 
66964 422 
66982 39 
67018 1129 
67081 1293 
67091 2723 
67100 7300 
67142 558 
67162 1080 
67184 1283 
67197 405 
67197 140 
67198 212 
67199 818 
67218 1138 
67224 1689 
67237 350 
67254 138 
67318 1459 
67370 237 
67413 482 
67415 663 
67423 413 
67431 1306 
67442 1585 
67469 2566 
67477 159 
67483 2511 
67492 202 
67502 2718 
67515 32 
67542 646 
67554 71 
67576 1164 
67684 237 
67724 4102 
67748 386 
67751 632 
67826 228 
67857 188 
67857 359 
67859 87 
67881 418 
67983 104 
67991 1266 
67994 251 
68047 376 
68057 449 
68065 184 
68097 224 
68106 413 
68141 428 
68174 48 
68177 190 
68207 55 
68208 479 
68208 1390 
68214 240 
68242 1087 
68285 501 
68290 607 
68302 440 
68322 636 
68326 475 
68327 1304 
68447 602 
68464 759 
68488 781 
68507 102 
68530 166 
68532 138 
68536 80 
68554 5322 
68571 79 
68573 117 
68627 16272 
68641 363 
68641 841 
68654 619 
68661 198 
68663 429 
68667 792 
68669 104 
68671 253 
68675 396 
68677 5139 
68678 130 
68686 176 
68690 169 
68698 221 
68703 405 
68706 86 
68708 193 
68711 1469 
68721 103 
68727 1130 
68730 220 
68735 701 
68751 953 
68751 32 
68758 527 
68786 84 
68793 137 
68809 192 
68821 173 
68825 79 
68827 208 
68835 1994 
68837 533 
68840 1359 
68851 590 
68853 459 
68897 447 
68920 940 
68922 274 
68926 775 
68942 218 
68948 210 
68951 734 
68977 592 
68984 551 
69012 332 
69025 272 
69035 327 
69041 15 
69046 9607 
69050 13 
69073 1149 
69081 3663 
69096 399 
69098 1273 
69104 1 
69126 549 
69145 730 
69183 34 
69192 256 
69193 1022 
69240 3 
69253 304 
69267 100 
69310 781 
69331 66 
69365 578 
69371 623 
69419 174 
69423 1128 
69444 537 
69463 636 
69480 1502 
69480 1502 
69491 240 
69491 240 
69497 6246 
69497 6246 
69517 73 
69518 719 
69526 1607 
69580 891 
69595 374 
69647 1083 
69737 229 
69752 378 
69752 1278 
69811 923 
69839 1254 
69858 1363 
69875 712 
69883 560 
69884 191 
69890 325 
69920 1797 
69922 7201 
69935 82 
69966 3083 
69979 115 
70050 1627 
70051 776 
70062 499 
70084 2012 
70096 1041 
70104 136 
70108 130 
70121 1579 
70141 185 
70144 175 
70173 572 
70177 934 
70181 730 
70184 205 
70206 565 
70214 852 
70224 60181 
70250 888 
70270 203 
70281 82 
70299 336 
70303 1141 
70304 348 
70312 42 
70341 1214 
70345 186 
70350 69 
70406 4307 
70421 507 
70448 532 
70453 481 
70460 190 
70493 195 
70504 160 
70521 9590 
70533 884 
70547 635 
70568 230 
70571 971 
70572 393 
70602 1431 
70607 396 
70617 24 
70636 155 
70700 395 
70720 955 
70780 584 
70791 4237 
70807 157 
70839 232 
70854 1047 
70854 369 
70914 97 
70923 2318 
70934 919 
70944 874 
70972 615 
70986 171 
71042 1395 
71077 1463 
71110 831 
71116 329 
71143 1173 
71169 419 
71237 119 
71285 224 
71289 2019 
71329 661 
71336 265 
71353 291 
71354 96 
71362 1003 
71372 757 
71408 144 
71438 1067 
71481 1835 
71485 531 
71505 242 
71550 337 
71554 4608 
71587 2146 
71588 142 
71598 49 
71630 677 
71632 1045 
71648 156 
71678 721 
71710 3224 
71734 34 
71738 435 
71777 183 
71855 613 
71894 195 
71927 1280 
71941 5 
71957 365 
71958 616 
71965 1425 
71994 866 
71998 791 
72001 214 
72006 74 
72011 486 
72046 253 
72079 380 
72165 2090 
72230 988 
72255 13 
72289 229 
72324 487 
72337 453 
72347 229 
72374 4767 
72460 428 
72466 1536 
72469 483 
72499 263 
72511 193 
72568 973 
72598 275 
72644 1778 
72653 3835 
72685 202 
72793 219 
72812 248 
72816 1026 
72821 1149 
72845 654 
72845 187 
72886 1132 
72908 336 
72953 12 
72960 440 
73038 48 
73040 324 
73063 1833 
73065 247 
73084 4978 
73105 1254 
73107 183 
73132 844 
73165 2652 
73182 79 
73199 485 
73245 2875 
73262 1103 
73299 246 
73337 842 
73350 3570 
73435 61 
73441 1943 
73449 843 
73451 1168 
73465 790 
73479 188 
73487 2165 
73511 2773 
73514 4256 
73519 2142 
73547 655 
73555 211 
73566 1545 
73569 996 
73583 191 
73591 838 
73595 27 
73642 112 
73672 812 
73674 145 
73686 1727 
73754 229 
73766 1271 
73808 1821 
73867 412 
73937 1194 
73948 308 
73979 2088 
73988 1418 
74077 733 
74124 332 
74133 583 
74160 439 
74167 560 
74240 444 
74338 301 
74347 713 
74376 509 
74427 962 
74538 425 
74585 170 
74592 1181 
74619 407 
74628 156 
74655 57 
74677 1755 
74711 1359 
74806 359 
74820 31 
74829 115 
74890 153 
75054 611 
75068 90 
75069 1116 
75173 1123 
75200 3188 
75213 1115 
75274 2210 
75312 749 
75369 47 
75452 190 
75462 2713 
75567 2347 
75591 1028 
75622 51 
75647 448 
75753 62 
75799 1587 
75931 148 
75959 708 
75967 1229 
75981 1076 
76006 6449 
76039 1031 
76063 5646 
76109 787 
76155 1695 
76204 1631 
76226 210 
76251 623 
76316 899 
76323 139 
76356 1151 
76367 206 
76377 611 
76380 301 
76513 685 
76576 751 
76611 404 
76626 578 
76644 645 
76681 394 
76731 107 
76741 374 
76844 135 
76862 1738 
76871 288 
77041 1436 
77047 119 
77064 2767 
77066 639 
77067 381 
77084 236 
77110 178 
77128 249 
77133 183 
77159 551 
77310 157 
77394 114 
77430 129 
77573 620 
77589 1513 
77610 472 
77648 834 
77680 486 
77762 463 
77842 662 
77859 114 
77916 202 
78104 43 
78104 680 
78126 15 
78245 18 
78261 473 
78274 506 
78293 882 
78369 740 
78422 186 
78433 294 
78457 2619 
78463 1015 
78473 17391 
78520 293 
78531 714 
78537 277 
78540 903 
78598 2235 
78606 2130 
78608 956 
78633 338 
78701 3 
78777 645 
78865 367 
78870 220 
78886 985 
78944 19 
79021 148 
79039 7 
79115 300 
79140 207 
79190 196 
79193 931 
79224 863 
79226 31 
79297 179 
79300 123 
79315 545 
79347 3686 
79414 62 
79475 188 
79620 137 
79629 121 
79694 1819 
79781 22 
80159 431 
80255 1952 
80398 356 
80517 574 
80693 1658 
81431 1632 
81560 263 
81671 256 
82281 24 
82341 157 
82344 863 
82474 1951 
82478 425 
82562 178 
82568 1050 
82600 418 
82610 376 
82642 1035 
82661 80 
82681 471 
82698 1914 
82772 268 
82797 75 
82818 294 
82897 1211 
82909 350 
82914 1954 
82926 271 
82937 1401 
82952 329 
82965 192 
82965 1821 
82969 141 
82976 601 
82979 701 
82986 620 
82999 270 
83098 1135 
83126 2133 
83143 212 
83188 951 
83208 2021 
83219 1371 
83222 435 
83275 1770 
83276 827 
83360 33 
83462 3780 
83481 21 
83536 317 
83581 41 
83638 3355 
83639 323 
83639 889 
83649 2284 
83653 552 
83658 360 
83663 1639 
83675 550 
83678 86 
83683 850 
83712 154 
83714 3075 
83718 821 
83732 369 
83749 629 
83771 115 
83821 2174 
83829 785 
83861 2290 
83879 810 
83892 120 
83894 486 
83917 326 
83939 4834 
83990 461 
83990 461 
84086 786 
84117 1198 
84180 386 
84307 1033 
84338 226 
84415 1288 
84443 23 
84453 308 
84460 1156 
84497 106 
84544 994 
84581 584 
84609 3183 
84628 10190 
84633 547 
84663 5044 
84703 528 
84737 419 
84815 2425 
84886 304 
84956 764 
84964 618 
85022 177 
85097 1 
85107 388 
85123 1930 
85130 133 
85154 227 
85154 1567 
85206 2809 
85229 71 
85284 5118 
85299 137 
85389 155 
85397 1789 
85462 562 
85568 1719 
85583 2030 
85652 1167 
85672 153 
85681 379 
85690 549 
85693 516 
85770 122 
85808 6063 
85817 796 
85854 685 
85891 357 
85927 982 
85948 3066 
85959 1587 
85986 224 
86049 176 
86075 255 
86078 396 
86110 1264 
86153 1315 
86172 385 
86186 1041 
86188 1529 
86230 305 
86248 591 
86304 466 
86304 2217 
86419 1250 
86420 14431 
86435 773 
86437 89 
86460 122 
86528 170 
86626 107 
86629 11299 
86636 31 
86637 211 
86675 1023 
86721 274 
86765 1848 
86777 59 
86810 1026 
86992 1740 
87056 1511 
87076 998 
87089 126 
87118 319 
87161 1974 
87173 2309 
87373 221 
87429 768 
87466 1321 
87469 895 
87500 54 
87538 1290 
87554 1355 
87588 358 
87594 713 
87595 4 
87655 1301 
87765 946 
87810 339 
87862 316 
88032 451 
88110 298 
88210 1282 
88280 9305 
88332 157 
88345 1004 
88347 55 
88375 68 
88380 93 
88401 689 
88408 1979 
88454 1738 
88515 1218 
88516 1171 
88572 712 
88600 305 
88604 1338 
88617 2187 
88719 1786 
88723 310 
88774 401 
88854 20 
88864 1735 
88877 277 
88926 708 
88937 771 
88939 86 
88979 48 
88979 268 
88989 279 
89087 70 
89102 252 
89127 3632 
89280 172 
89317 380 
89343 36 
89432 161 
89454 370 
89589 2833 
89591 1974 
89680 7242 
89749 395 
89830 40 
89848 137 
89916 513 
89916 133 
90099 221 
90129 381 
90146 326 
90156 421 
90189 791 
90206 307 
90368 1727 
90432 260 
90454 1185 
90482 551 
90494 472 
90526 175 
90550 556 
90557 78 
90621 1523 
90647 265 
90648 1123 
90660 115 
90783 755 
90802 772 
90832 1360 
90856 389 
90891 1384 
90903 272 
90994 613 
91003 292 
91076 428 
91110 1483 
91201 1955 
91216 457 
91240 412 
91290 162 
91323 327 
91338 88 
91356 1389 
91382 342 
91382 173 
91419 1120 
91424 792 
91533 56 
91552 8 
91557 161 
91565 1992 
91582 1393 
91601 1879 
91624 429 
91654 1935 
91689 56 
91737 38 
91750 9 
91813 613 
91906 210 
91956 2178 
92022 3914 
92046 282 
92058 103 
92071 220 
92124 1216 
92264 1018 
92295 804 
92305 298 
92341 227 
92343 338 
92364 179 
92436 418 
92611 1272 
92628 1243 
92720 164 
92765 27 
92897 34 
92942 424 
93009 673 
93206 221 
93242 50 
93369 1280 
93693 1347 
93763 1048 
94077 28 
94085 1761 
94122 396 
94321 206 
94353 39 
94378 372 
94380 421 
94398 231 
94516 286 
94775 956 
94980 330 
95024 1020 
95077 103 
95118 910 
95149 360 
95159 231 
95190 68 
95458 141 
95499 574 
95516 1235 
95714 164 
95782 309 
96006 164 
96009 1523 
96013 1336 
96044 537 
96080 29 
96165 259 
96173 2084 
96232 1574 
96257 5669 
96316 224 
96319 69 
96367 9039 
96553 510 
96697 807 
96832 563 
96838 190 
96873 448 
96891 92 
96903 225 
96920 935 
97014 480 
97050 2578 
97070 907 
97095 20283 
97250 2936 
97260 255 
97286 3963 
97425 47 
97600 1389 
97714 475 
97825 177 
97828 73 
97888 35 
97892 213 
97905 238 
97943 511 
97964 153 
97995 84 
98016 1043 
98036 45 
98038 398 
98078 451 
98081 527 
98215 2210 
98293 169 
98304 1272 
98343 448 
98362 539 
98381 1337 
98466 252 
98497 1254 
98577 184 
98596 1262 
98633 1053 
98657 1146 
98665 528 
98685 716 
98698 356 
98714 164 
98739 133 
98769 1590 
98825 45 
98846 63 
98957 592 
98959 88 
98962 841 
99167 488 
99300 35 
99319 411 
99433 166 
99481 2210 
99482 393 
99485 114 
99493 1544 
99520 118 
99606 617 
99609 48 
99664 112 
99685 220 
99692 435 
99740 3313 
99840 618 
99845 843 
99949 6831 
99953 2007 
99989 1768 
100018 1266 
100046 2199 
100102 1380 
100148 1167 
100163 649 
100189 846 
100192 361 
100335 122 
100338 1167 
100349 15 
100372 10705 
100498 1828 
100522 452 
100625 92 
100678 176 
100810 178 
100849 48 
100874 1984 
100937 321 
100963 1581 
100976 2408 
100979 598 
100981 102 
101045 728 
101061 280 
101095 224 
101110 228 
101181 65 
101303 33 
101345 2133 
101372 1744 
101388 1550 
101392 3676 
101401 1946 
101506 129 
101517 5238 
101554 285 
101573 181 
101580 164 
101625 127 
101629 158 
101632 109 
101677 643 
101912 646 
102069 529 
102241 50 
102268 903 
102273 35 
102292 362 
102294 307 
102337 585 
102362 158 
102369 1511 
102483 278 
102534 204 
102614 82 
102652 564 
102674 154 
102828 603 
103014 1273 
103014 2866 
103057 178 
103101 413 
103158 414 
103159 361 
103237 142 
103258 1690 
103276 39 
103329 177 
103341 182 
103380 1305 
103435 72 
103565 267 
103614 651 
103721 43 
103889 275 
103953 869 
104163 10 
104241 2498 
104245 7452 
104272 215 
104400 885 
104498 295 
104528 1324 
104549 2751 
104559 462 
104787 186 
105115 584 
105146 0 
105165 3073 
105199 97 
105488 3155 
105528 22 
105711 681 
105777 631 
106000 945 
106136 628 
106238 1776 
106268 89 
106348 786 
106426 160 
106540 2141 
106549 94 
106731 1156 
106984 106 
107310 104 
107361 34 
107437 2796 
107444 579 
107447 383 
107621 283 
107631 1958 
107643 1236 
107699 267 
107705 42 
107730 230 
107786 7290 
107832 735 
108005 328 
108012 290 
108037 426 
108052 32 
108067 403 
108528 914 
108593 1077 
108604 474 
108640 367 
108660 304 
108687 240 
108691 727 
108715 3686 
108844 152 
108849 28 
108854 18 
108922 3746 
109011 85 
109012 204 
109047 1576 
109362 792 
109446 675 
109466 2523 
109624 215 
109701 54 
109709 109 
109764 136 
109770 200 
109791 178 
109814 213 
109855 265 
109963 7527 
109967 959 
109983 247 
109989 404 
109998 87 
110000 1125 
110010 544 
110010 53 
110014 66 
110016 772 
110039 74 
110040 1328 
110045 261 
110050 785 
110052 1634 
110070 100 
110070 373 
110078 219 
110116 197 
110125 67 
110129 470 
110140 167 
110144 420 
110170 97 
110175 295 
110176 54 
110176 83 
110193 431 
110196 71 
110209 407 
110217 1033 
110228 398 
110249 257 
110258 622 
110261 258 
110271 851 
110271 221 
110304 664 
110308 95 
110314 191 
110315 433 
110356 82 
110395 144 
110418 76 
110447 815 
110474 3815 
110585 103 
110592 632 
110601 352 
110811 158 
110832 119 
110847 240 
110872 158 
110881 109 
110960 60 
110976 1764 
110983 1577 
111024 1891 
111034 1255 
111061 88 
111063 343 
111071 745 
111075 1282 
111079 466 
111115 23 
111174 24 
111213 1012 
111245 1758 
111316 123 
111388 13 
111553 858 
111568 331 
111678 1069 
111696 79 
111702 6239 
111716 292 
111758 136 
111796 334 
111814 1102 
111837 190 
111866 275 
111886 27 
112099 35 
112147 184 
112149 129 
112242 277 
112286 70 
112297 317 
112346 60 
112396 115 
112409 485 
112418 1599 
112454 104 
112462 509 
112554 138 
112562 277 
112668 7 
112697 182 
112701 303 
112785 124 
112815 24 
112904 333 
112913 778 
113035 140 
113064 10036 
113086 4506 
113107 1089 
113244 97 
113295 219 
113355 55 
113385 1726 
113422 839 
113452 1191 
113666 157 
113779 14 
113828 1336 
113855 5611 
113879 641 
113885 4652 
113953 685 
113970 66 
114038 1119 
114391 157 
114654 1238 
114752 403 
114801 2864 
114812 140 
114812 133 
114940 539 
114964 1131 
115007 211 
115046 3593 
115220 1107 
115275 358 
115570 13 
115594 385 
115596 54 
115648 280 
115733 155 
115751 920 
115763 346 
115819 93 
115837 1406 
115863 84 
116108 231 
116591 356 
116607 70 
117425 357 
117507 3153 
117563 195 
117565 112 
117660 136 
117720 388 
117749 557 
117937 520 
118056 8257 
118141 3349 
118166 1 
118211 737 
118273 2244 
118328 392 
118450 1 
118521 404 
118532 37 
118557 1562 
118653 312 
118801 1308 
118801 1308 
118826 204 
118905 1893 
119013 1325 
119020 605 
119111 145 
119193 22 
119245 220 
119245 61 
119303 202 
119305 3433 
119356 155 
119623 1455 
119710 4941 
119717 1807 
119754 972 
119818 275 
119834 1434 
119845 222 
120025 548 
120051 24 
120083 25 
120116 127 
120162 1109 
120218 508 
120317 338 
120528 227 
120532 181 
120782 1251 
120996 78 
121015 1422 
121368 173 
121575 93 
121670 428 
121709 1114 
121854 286 
121880 54 
121887 217 
122027 108 
122030 25 
122196 15 
122753 261 
122976 232 
123129 273 
123199 49 
123334 414 
123340 1089 
123371 4108 
123675 777 
123712 2206 
123903 472 
123928 101 
124036 2334 
124110 234 
124430 912 
124442 3919 
124705 1972 
124711 3681 
124789 176 
124828 347 
124839 1499 
124919 813 
124957 27 
124968 25 
125135 213 
125223 1658 
125646 734 
125669 53 
125888 134 
125998 721 
126170 405 
126210 59 
126399 812 
126510 754 
126512 2176 
126674 43 
126727 841 
126771 1417 
126804 722 
127040 129 
127066 77 
127207 49 
127381 362 
127451 318 
127565 112 
127603 218 
127630 439 
127674 1151 
127691 1315 
127803 1575 
128213 829 
128247 1185 
128266 3 
128284 467 
128501 177 
128864 9430 
129193 301 
129268 1448 
129289 552 
129290 967 
129561 18 
129767 93 
130062 250 
130093 997 
130295 250 
130343 810 
130485 37 
130559 4190 
130608 143331 
130650 1042 
130681 44 
130728 576 
130729 309 
130854 118 
130870 19214 
130928 886 
130979 1263 
130990 1906 
131032 1877 
131111 231 
131168 2222 
131170 3002 
131213 73 
131228 502 
131233 502 
131486 2808 
131634 86 
131657 400 
131793 1561 
131830 679 
131840 30 
131945 669 
132007 1251 
132061 3014 
132070 760 
132088 463 
132184 559 
132405 289 
132712 2838 
132712 2838 
132767 221 
132816 349 
132965 280 
132975 710 
133266 2921 
134885 466 
135001 1837 
135089 512 
135131 251 
135279 1122 
135684 193 
135690 3130 
135720 98 
135762 1227 
136005 191 
136014 219 
136497 240 
136511 183 
136776 1091 
136967 820 
136995 1299 
137138 1743 
137211 532 
137295 17 
137355 88 
137363 1190 
137548 376 
137813 123 
137844 643 
138012 623 
138131 1848 
139282 47 
139391 495 
139404 152 
139655 368 
139705 2056 
139735 1029 
139811 156 
139861 1247 
140074 1895 
140393 1871 
140542 4642 
140681 38863 
140759 652 
140836 170 
140877 502 
140879 520 
140911 104 
140942 263 
141166 4488 
141289 297 
141373 444 
141461 324 
141489 296 
141532 26 
142207 1234 
142281 224 
143815 6598 
143836 1411 
143857 1097 
143874 587 
144123 1634 
144142 1964 
144259 426 
144314 1018 
144579 1588 
144592 3382 
144614 1176 
144627 168 
144686 377 
144799 4510 
144808 2555 
145034 420 
145084 83 
145084 83 
145137 112 
145163 485 
145185 120 
145242 57 
145353 1763 
145362 535 
145365 4425 
145370 10798 
145552 21 
145668 577 
145740 1936 
145764 48 
145852 96 
145913 94 
146021 214 
146150 673 
146506 1034 
146588 1097 
146853 5511 
147175 3594 
147225 136 
147233 114 
147263 173 
147353 2659 
147378 97 
147528 612 
147731 205 
147748 661 
147926 148 
148204 123 
148397 245 
148673 458 
149105 164 
149113 143 
149143 681 
149153 795 
149193 1083 
149231 1364 
149239 30 
149248 2232 
149449 489 
149554 4692 
149778 93 
150165 405 
150466 343 
150665 325 
150951 320 
150973 496 
151192 338 
151202 1230 
151596 64 
151976 5271 
152135 601 
152147 409 
152350 1251 
152397 682 
152466 924 
152519 227 
152555 192 
153195 58 
153230 310 
153242 1 
153301 682 
153588 586 
153708 255 
153723 588 
154259 759 
154470 108 
154608 105 
155001 412 
155131 221 
155173 541 
155275 1199 
155306 123 
155341 1725 
155632 270 
155742 214 
155782 602 
155840 133 
155900 198 
156132 928 
156287 5365 
156354 546 
156608 1001 
156716 688 
156938 161 
156960 125 
156999 1822 
157213 5543 
157246 200 
157257 295 
157257 654 
157358 1282 
157571 342 
157596 1254 
157597 111 
157658 131 
157839 108 
158000 1076 
158043 226 
158084 1756 
158200 327 
158247 683 
158362 450 
158617 626 
158636 1109 
158675 205 
159011 512 
159728 9 
159731 333 
159787 150 
159915 161 
159984 843 
160049 1306 
160149 948 
160507 1034 
160743 163 
160816 2314 
160857 750 
160987 1257 
160994 315 
161027 173 
161033 865 
161052 802 
161099 462 
161112 362 
161125 859 
161481 427 
161493 2103 
161528 281 
161533 243 
161564 69 
161579 177 
161583 149 
161654 233 
161665 271 
161770 804 
161811 1282 
161850 267 
162027 821 
162220 504 
162245 107 
162297 3129 
162316 193 
162339 603 
162448 55 
162462 728 
162480 752 
162505 227 
162664 1083 
162692 743 
162881 386 
163680 979 
163722 140 
163902 53 
164069 256 
164260 1009 
164408 6250 
164441 216 
164473 6718 
164475 313 
164494 152 
164500 55 
164579 429 
164711 943 
164798 1219 
164894 7408 
164898 153 
164915 1280 
165014 267 
165153 86 
165154 14 
165162 1149 
165194 267 
165210 1616 
165231 240 
165237 1324 
165250 118 
165252 288 
165263 145 
165276 475 
165313 42 
165322 901 
165338 163 
165338 272 
165365 1577 
165459 282 
165462 375 
165558 369 
165903 32 
165912 620 
166025 669 
166122 394 
166127 776 
166127 3020 
166135 279 
166142 171 
166151 844 
166154 292 
166161 341 
166190 84 
166205 355 
166238 84 
166312 507 
166319 2618 
166545 294 
166625 806 
166972 220 
166984 76 
167007 289 
167080 165 
167272 195 
167322 58 
167334 1267 
167665 98 
167751 103 
167806 12418 
168088 825 
168125 1218 
168231 158 
168425 145 
168471 121 
168509 737 
168631 702 
168716 323 
168971 5467 
169002 337 
169032 241 
169049 173 
169107 1338 
169166 3114 
169223 356 
169224 264 
169272 175 
169288 200 
169294 89 
169380 388 
169393 185 
169408 722 
169449 3227 
169471 2649 
169507 84 
169509 3798 
169519 4 
169782 1543 
170087 1342 
170106 642 
170398 82 
170508 4110 
170510 313 
170522 550 
170528 1008 
170685 432 
170785 1312 
170924 17 
171270 1083 
171352 881 
171439 720 
172047 101 
172051 177 
172179 240 
172266 61 
172326 1085 
172396 1313 
172862 42 
172969 106 
173384 166 
173539 449 
173747 110 
173753 75 
173949 3 
173981 316 
174075 560 
174107 2036 
174145 6799 
174158 396 
174195 4657 
174377 1741 
174539 56 
174601 647 
174617 75 
174746 95 
174750 780 
174786 124 
174790 918 
174803 507 
175163 92 
175451 478 
175615 384 
175767 64 
175789 562 
175790 95 
176080 1679 
176125 219 
176136 4204 
176149 4255 
176423 880 
176452 193 
176518 207 
176588 125 
176949 878 
177036 123 
177155 89 
177239 1937 
177304 393 
177333 1074 
177398 113 
177749 277 
178048 1317 
178107 569 
178303 55 
178366 622 
178407 493 
178412 91 
178415 151 
178437 232 
178445 466 
178448 76 
178462 448 
178493 284 
178493 672 
178609 70 
178687 331 
178773 376 
178792 6593 
178799 1433 
178804 2190 
178827 50 
178924 176 
178932 235 
178959 403 
179010 466 
179035 1344 
179080 382 
179087 440 
179104 713 
179416 1353 
179445 341 
179534 240 
179579 681 
179683 251 
179918 171 
179940 111 
180200 231 
181370 283 
181386 695 
181418 0 
181424 1443 
181532 629 
181574 5142 
181661 327 
181811 218 
181930 192 
182040 55 
182152 171 
182214 0 
182526 683 
182544 513 
182868 977 
182909 0 
183062 995 
183181 671 
183449 14 
183629 1255 
183632 256 
183640 2793 
183686 1082 
183727 0 
183745 246 
183995 1123 
184023 1098 
184100 44 
184484 1973 
184551 184 
184586 0 
184586 45 
184592 629 
184810 87 
185134 942 
185405 1407 
185450 1176 
185718 955 
185724 1492 
185781 718 
185942 373 
185954 4054 
186010 0 
186239 478 
186352 1186 
186391 134 
186474 1000 
186485 8469 
187155 966 
187432 132 
188061 23 
188485 224 
188908 191 
188921 7960 
189203 112 
189288 299 
189327 397 
190455 114 
190900 899 
191065 599 
191505 1154 
191591 196 
191958 269 
192057 369 
192086 2344 
192311 1029 
192353 215 
192377 122 
192998 372 
193596 1281 
194726 1129 
194888 76 
195319 377 
195578 454 
195876 833 
195905 9 
196360 115 
196821 1159 
196845 116 
198242 184 
198721 354 
198736 126 
198739 373 
198750 552 
198951 1073 
200152 188 
200955 253 
201086 13 
201230 1016 
201278 1409 
204788 411 
205144 198 
205433 1228 
206692 524 
206894 167 
207098 851 
208127 955 
210556 303 
210720 72 
210836 1751 
211683 345 
212415 94 
212760 1134 
214637 182 
215092 597 
215097 109 
215107 3370 
215982 6152 
216124 2569 
216254 737 
216300 71 
216431 1812 
216473 341 
217083 813 
217432 564 
218440 1048 
218855 594 
219935 94 
221960 1203 
222916 243 
223174 239 
223195 548 
223197 4606 
223293 168 
223538 2329 
223880 262 
224142 64 
224411 222 
224622 318 
224746 159 
224947 268 
225493 624 
225579 783 
226231 199 
226959 376 
227488 2079 
227675 696 
228718 874 
229598 1213 
230161 1566 
230183 465 
230513 134 
230522 342 
230530 377 
230550 2732 
231332 290 
231462 286 
231473 579 
231507 353 
231557 1782 
231722 1488 
231791 2453 
231847 1042 
232014 119 
232118 1262 
232158 5830 
232245 1237 
232660 1368 
232833 2426 
232857 3142 
232940 66 
233016 730 
233333 572 
233342 476 
233515 248 
233678 1725 
233697 520 
233739 635 
233915 76 
234277 1452 
234407 192 
234472 100 
234751 26 
234787 768 
235070 19280 
235347 843 
235505 614 
235513 156 
235636 465 
236116 318 
236543 58 
237104 878 
237199 647 
237340 2023 
237392 15 
237664 426 
237902 806 
238039 2215 
238586 132 
238815 0 
238974 2405 
239040 6344 
239114 413 
239238 126 
239357 0 
239523 1354 
239529 89 
239539 2356 
240026 1179 
240367 1031 
240826 3847 
240953 100 
240963 219 
241174 122 
241220 1608 
241249 53 
241392 1763 
241645 633 
241846 171 
242036 1620 
242056 238 
242078 343 
242081 1325 
242302 575 
242317 28 
242657 470 
242765 378 
243072 1772 
243119 1973 
243153 548 
243181 174 
243433 732 
243590 28 
243835 143 
243953 196 
244277 17 
244304 596 
244363 80 
244575 1711 
244580 479 
244627 205 
244823 321 
244899 1244 
245204 80 
245205 2237 
245267 359 
245270 1998 
246169 499 
246217 433 
246362 1105 
247363 68 
247616 1285 
247709 17 
247980 78 
248002 953 
248034 619 
248208 271 
248239 210 
248435 2170 
248452 641 
249052 652 
249118 121 
249150 214 
249223 107 
249372 639 
249444 2001 
249641 65 
249722 32 
249729 370 
249790 221 
249791 216 
249822 469 
249843 199 
249990 770 
250153 161 
250182 324 
250241 2588 
250340 411 
250380 518 
250476 1304 
250528 244 
250700 264 
250799 869 
250957 150 
251072 168 
251716 0 
251812 440 
251851 493 
251950 152 
252240 333 
252267 555 
252434 3 
252496 1669 
252579 249 
252825 1213 
252989 258 
253038 575 
253247 26 
253266 668 
253690 336 
253939 928 
254573 1157 
254927 169 
255262 166 
255812 913 
255871 641 
256154 294 
256189 504 
256237 406 
256611 297 
256801 52 
257141 90 
257476 1800 
257665 13694 
257692 786 
257993 3568 
258001 701 
258004 1225 
258009 205 
258086 1455 
258089 11119 
258112 187 
258114 779 
258133 4899 
258149 661 
258330 466 
258374 3605 
258444 1452 
258455 1684 
258473 65 
258518 1594 
258551 566 
258675 1725 
258857 448 
259440 751 
259666 308 
259784 374 
259809 1628 
259889 120 
259981 431 
260118 192 
260192 127 
260392 134 
260406 1696 
260425 271 
260430 0 
260456 219 
260903 63 
260913 25 
261292 292 
261420 1343 
261535 772 
261809 429 
261841 721 
261946 1491 
261955 57 
261970 2669 
261995 292 
262238 621 
262313 127 
262376 32 
262624 487 
262754 2987 
262778 860 
262802 533 
262828 525 
263242 210 
263336 1246 
263606 492 
263902 517 
264133 1345 
264190 1825 
264224 38 
264410 240 
264468 1278 
264586 2943 
264649 377 
264661 143 
264670 347 
264676 135 
264679 226 
264810 149 
265129 90 
265234 479 
265243 2467 
265276 340 
265286 243 
265703 802 
265852 90 
266055 1115 
266163 1459 
266434 1937 
266474 411 
266503 1472 
266514 5228 
266644 191 
266662 162 
266926 2562 
267065 71 
267192 443 
267192 1977 
267487 0 
267511 2023 
267716 233 
268074 771 
268150 48 
268311 1619 
268860 203 
268917 137 
269072 368 
269310 145 
269475 111 
269920 111 
270333 177 
270500 771 
271539 5569 
271903 1551 
272273 1309 
272681 38 
272741 592 
273116 291 
273653 1470 
274047 113 
274484 175 
274710 1995 
274844 772 
275330 9 
275400 71 
275542 30 
275699 1539 
275725 128 
275770 160 
275933 1852 
276348 152 
276520 106 
276843 1722 
277739 75 
278836 1128 
279535 1929 
279674 787 
279766 777 
279816 96 
279958 924 
279998 269 
280068 6449 
280071 1569 
280159 3857 
280323 163 
280341 145 
280635 172 
280755 33 
281381 1231 
281411 1841 
282272 1432 
282314 1935 
282577 145 
282768 97 
282797 817 
283396 565 
283403 300 
283994 92 
284827 414 
285202 6 
285223 99 
285229 541 
285292 822 
285349 413 
285350 221 
285529 1143 
286898 1738 
286956 69 
287924 148 
289431 1965 
289781 606 
292032 693 
294093 1382 
297117 576 
297935 628 
298947 71 
299518 704 
299770 61 
300012 87 
301119 358 
304266 286 
304789 1541 
304847 570 
305115 378 
305171 133 
305248 392 
305294 224 
307766 938 
307795 3170 
307825 107 
310766 134 
311558 1377 
312206 2003 
312306 428 
312426 157 
313222 569 
314219 1102 
314483 1261 
315467 405 
316629 1034 
316656 825 
316807 2204 
317269 148 
318159 586 
318963 940 
319212 151 
319396 178 
319403 26 
319816 1317 
320096 217 
320609 5701 
321081 204 
321219 432 
321720 165 
322140 402 
322246 532 
323788 340 
324127 1455 
324389 340 
324919 1449 
325027 0 
325872 89 
326324 472 
327422 694 
328718 1284 
329350 43 
329586 1607 
329884 926 
330370 2164 
330853 13 
331356 158 
331471 320 
331515 65 
331690 171 
332262 878 
332346 27 
332367 956 
333450 1072 
333985 0 
334098 1964 
334214 409 
334231 100 
334409 234 
334535 152 
334817 533 
335395 486 
335802 824 
336770 2869 
336866 642 
337250 106 
337253 0 
337270 286 
337706 387 
338615 361 
339116 580 
339431 338 
340372 7653 
340558 104 
340739 1115 
340745 143 
340780 2141 
341341 54 
341393 6812 
341412 5879 
341440 643 
341441 1438 
341447 702 
341461 762 
341461 636 
341471 935 
341548 181 
342497 100 
342581 71 
342999 235 
343227 232 
343369 206 
343415 34 
343420 652 
343444 144 
343503 218 
343708 94 
344257 148 
344352 165 
344842 128 
344926 437 
345321 14 
345518 267 
346901 1019 
347154 871 
347396 258 
347824 131 
348295 45 
348985 0 
349186 153 
349394 1966 
349769 3177 
350388 154 
350726 556 
350848 0 
351131 0 
351481 479 
351610 96 
351707 0 
352452 712 
353016 351 
353062 329 
355231 160 
355296 417 
355401 454 
356046 0 
356785 0 
357764 676 
357910 230 
359147 1189 
359326 817 
359463 1468 
360815 233 
361050 544 
361893 3543 
361900 1768 
362051 38 
363686 2316 
365730 15 
365740 852 
368560 1062 
368662 3287 
368687 1451 
368732 958 
369118 3533 
369149 1736 
369160 1875 
369226 445 
369441 1376 
369622 63 
371846 106 
371967 509 
373812 114 
373876 2 
374088 851 
388336 442 
388890 567 
390565 869 
391121 47 
391638 1089 
391846 335 
393926 109 
394733 108 
396920 287 
398596 165 
399222 392 
399918 154 
400504 129 
400725 109 
400729 397 
401461 4501 
402057 496 
402068 125 
402563 1156 
403329 157 
403420 181 
404422 541 
404503 241 
404677 1420 
405759 617 
406149 691 
406161 329 
406394 447 
406668 644 
406673 627 
406741 19 
407392 3 
407643 1498 
407761 212 
408086 1101 
408251 37 
408464 125 
408511 166 
408664 2611 
410289 1720 
410573 2228 
410691 380 
410864 432 
410946 126 
411486 715 
411505 198 
411903 1058 
411980 392 
414779 28 
415205 1360 
415691 124 
416023 2267 
416048 5780 
416104 16 
416632 1608 
417628 368 
417874 269 
417968 1102 
418147 986 
418162 1023 
419586 799 
420431 1647 
420959 2223 
421461 683 
421472 3086 
421494 2738 
421551 172 
422581 46 
423097 451 
424578 468 
426745 116 
426896 2193 
427080 1155 
427342 148 
427380 4434 
428506 11 
428891 58 
429525 1954 
429552 3105 
429590 904 
429592 3 
430311 240 
431841 1189 
432322 1292 
432361 759 
433287 0 
433602 76 
433671 3657 
434358 0 
436204 299 
436871 2086 
438190 319 
438203 754 
439613 2125 
439793 89 
440132 317 
441217 398 
443683 1275 
443826 423 
444953 148 
445232 127 
450310 154 
453344 1247 
454029 103 
454122 151 
456108 238 
462521 413 
464766 358 
467725 64 
471375 9840 
480068 1315 
483331 424 
484032 207 
489108 94 
489126 296 
491418 2169 
491528 412 
493201 6031 
493253 587 
493363 596 
495085 209 
499629 387 
500560 610 
501322 0 
502189 0 
503661 93 
504575 121 
504786 233 
507102 241 
508724 5502 
508733 2129 
509519 206 
511893 2405 
511937 217 
511942 68 
512042 1 
512080 260 
512534 590 
512743 547 
513502 0 
514316 34 
514685 170 
515070 796 
515125 915 
516245 434 
516720 2050 
516947 324 
517009 140 
517062 323 
517104 274 
517224 77 
517728 16 
517891 1375 
518218 93 
518447 628 
518541 458 
519021 338 
519659 3052 
519659 1129 
519836 404 
521379 1491 
521963 1304 
522092 0 
524101 1138 
524429 639 
526070 6346 
526117 354 
526172 2562 
526361 4728 
526404 787 
527674 0 
528624 272 
528664 667 
529740 1714 
531124 145 
531316 485 
531903 595 
532038 244 
534335 669 
535251 693 
536039 753 
536708 889 
537530 718 
537596 122 
538542 804 
538592 220 
538618 360 
539224 26 
539407 222 
541509 177 
542877 385 
543887 353 
544052 2571 
544068 5562 
544274 2883 
544581 91 
552708 28 
559946 5587 
560025 406 
560052 564 
563766 65 
563810 31 
569262 765 
574209 272 
574278 947 
574980 225 
575819 238 
575907 306 
576441 9 
580409 1910 
582893 491 
583254 1250 
585187 0 
585859 0 
588802 227 
589141 244 
589170 2020 
589307 305 
589361 298 
590960 3057 
592059 953 
592120 73 
595007 1314 
595029 670 
595666 452 
595681 47837 
595733 82 
595827 626 
595829 229 
595909 1722 
595909 1722 
597636 685 
598281 843 
598388 102 
598417 192 
599171 285 
601256 3768 
601378 1768 
601513 153255 
601557 228 
601577 150 
601588 59 
601594 28 
601601 78 
601602 117 
601608 511 
601647 25 
601658 13 
601724 161 
601793 839 
601799 568 
601920 248 
601937 264 
602041 942 
602197 54 
602238 56 
602368 55 
602501 91 
602621 2578 
603896 492 
