2691 7.73274305556
0 3123500 
9 193 
16 66 
22 121 
23 27 
23 195 
24 98 
26 3757 
26 260 
28 74 
29 545 
29 45 
29 136 
30 180 
31 26 
31 209 
31 138 
32 143 
33 96 
33 112 
34 419 
34 120 
35 659 
36 37 
36 14 
36 70 
40 110 
41 216 
41 148 
41 142 
42 259 
42 383 
42 34 
43 508 
43 101 
43 16 
44 37 
44 514 
45 39 
46 110 
46 63 
46 23 
46 447 
48 352 
48 90 
49 70 
50 32 
50 57 
51 112 
51 370 
51 516 
51 52 
51 22 
51 349 
52 60 
53 53 
54 766 
54 453 
54 50 
54 273 
55 40 
55 33 
55 66 
56 212 
56 198 
56 203 
58 20 
58 256 
59 467 
59 141 
59 40 
60 197 
60 129 
61 162 
61 229 
61 462 
62 22 
62 58 
62 133 
63 104 
63 107 
63 107 
64 7 
64 63 
65 45 
65 42 
68 53 
68 341 
68 197 
70 83 
70 88 
70 74 
71 106 
71 234 
71 17 
71 113 
72 77 
72 115 
72 133 
72 761 
73 65 
73 1971 
73 9 
73 118 
75 154 
75 156 
76 84 
76 63 
77 176 
78 495 
78 22 
78 61 
79 19 
79 61 
79 76 
79 237 
80 87 
80 200 
81 638 
81 221 
81 62 
83 58 
83 27 
83 155 
83 175 
83 77 
84 204 
84 205 
84 71 
84 85 
84 971 
84 307 
84 1389 
85 139 
85 196 
86 113 
87 0 
88 311 
89 158 
90 217 
90 12 
90 228 
91 261 
92 400 
92 975 
93 281 
93 103 
93 535 
93 21 
94 293 
94 113 
94 100 
94 80 
94 803 
95 46 
95 44 
96 221 
96 112 
97 89 
97 69 
98 166 
98 67 
98 49 
99 141 
99 61 
99 23 
101 130 
101 732 
102 51 
104 22 
104 326 
106 233 
106 768 
106 58 
106 118 
107 553 
108 153 
110 51 
110 78 
111 116 
111 58 
113 246 
113 134 
113 79 
113 125 
114 384 
114 8 
114 143 
114 446 
116 117 
117 191 
117 68 
117 229 
118 19 
118 164 
119 11 
119 89 
120 208 
120 358 
120 355 
121 101 
121 57 
121 436 
122 554 
122 734 
123 39 
123 30 
124 107 
124 149404 
124 84 
124 35 
124 14 
124 120 
125 151 
126 294 
127 115 
128 580 
128 38 
129 165 
129 23 
129 174 
130 205 
130 8 
132 261 
132 294 
133 41 
134 639 
134 42 
135 41 
136 263 
137 51 
137 10 
138 251 
139 67 
139 2 
140 316 
140 32 
141 133 
141 33 
141 162 
141 106 
143 48 
143 92 
144 297 
145 4 
145 231 
145 137 
145 62 
148 176 
148 87 
149 236 
151 10 
153 88 
153 11 
154 48 
155 70 
157 160 
158 117 
158 21 
160 89 
160 215 
160 117998 
161 401 
161 72 
162 133 
162 9 
164 152 
164 75 
164 19 
168 19 
168 3 
169 119 
169 345 
169 372 
169 411 
169 168 
171 123 
172 567 
172 82 
172 145 
174 119 
175 263 
176 229 
176 188 
177 24 
177 211 
178 78 
178 6606 
180 251 
180 123 
181 169 
182 130 
183 685 
184 2020 
185 128 
185 42 
185 120 
185 125 
187 45 
188 10 
188 244 
190 87 
191 74 
191 157 
192 283 
193 61 
193 210 
194 29 
195 172 
199 277 
199 41 
199 61 
199 26 
200 165 
200 69 
201 74 
201 271 
202 14 
202 157 
202 147 
203 75 
204 110 
206 595 
208 40 
208 27 
209 701 
210 260 
210 237 
213 86 
214 127 
215 173 
217 247 
217 59 
218 204 
218 55 
218 447 
218 166 
218 89 
218 116 
219 105 
220 283 
220 33 
221 100 
221 619 
222 80 
222 408 
222 57 
223 72 
223 87 
225 200 
225 182 
225 72 
225 85 
225 238 
225 50 
230 85 
230 21 
232 167 
233 76 
233 82 
233 554 
234 61 
237 101 
237 47 
239 40 
241 97 
241 79 
242 50 
243 48 
244 195 
244 35 
245 178 
247 93 
247 34 
249 25 
250 126 
250 343 
252 734 
253 213 
253 53 
257 107 
258 69 
258 14 
260 168 
260 1091 
264 119 
265 147 
266 62 
266 244 
267 47 
267 52 
268 455 
269 254 
270 32 
270 602 
275 64 
275 44 
275 186 
275 175 
276 43 
277 2 
277 41 
278 78 
278 58 
278 67 
280 216 
280 84 
280 29 
281 114 
281 116 
282 209 
283 196 
284 547 
285 455 
285 80 
285 62 
286 395 
286 14 
287 122 
287 221 
290 57 
290 874 
292 296 
292 43 
294 1763 
297 6 
297 370 
298 74 
299 85 
300 195 
308 318 
311 113 
311 58 
312 32 
312 36 
312 420 
312 136 
313 74 
315 234 
315 12 
316 127 
316 139 
317 190 
317 32 
320 422 
320 30 
320 300 
321 20 
325 14 
325 126 
325 122 
326 45 
326 194 
329 179 
332 13 
332 323 
332 39 
334 115 
335 33 
336 25 
337 412 
338 37 
339 89 
341 112 
342 58 
342 13 
343 13 
343 125 
344 662 
344 30 
346 77 
346 103 
347 653 
347 244 
347 63 
348 122 
348 18 
350 311 
350 2 
351 132 
355 180 
355 195 
356 96 
356 109 
357 443 
358 761 
362 5 
362 31 
363 202 
364 74 
365 63 
367 75 
367 768 
367 156 
368 184 
371 83 
371 11 
372 58 
372 67 
372 19 
376 5 
380 46 
381 3 
381 133 
382 1291 
383 638 
386 2618 
387 88 
388 191 
389 99 
389 268 
392 3 
393 94 
394 22 
403 53 
404 2135 
406 190 
406 20 
407 28 
409 6 
410 172 
410 225 
412 62 
413 228 
413 195 
415 280 
416 139 
420 107 
420 70 
421 474 
421 47 
423 12 
423 94 
423 50 
423 334 
428 0 
429 62 
433 423 
433 21 
434 51 
435 11 
436 140 
439 420 
439 129 
440 35 
441 19 
443 203 
443 115 
444 47 
447 103 
453 26 
454 68 
454 137 
461 14 
461 13 
463 341 
463 342 
467 139 
468 10 
469 110 
469 150 
469 23 
472 23 
473 156 
473 608 
474 841 
476 41 
477 106 
478 55 
478 68 
481 3 
483 152 
484 66 
485 520 
486 141 
486 364 
487 86 
487 10 
489 202 
492 1317 
493 84 
493 118 
493 801 
494 22 
496 171 
497 199 
499 47 
499 38 
500 109 
503 34 
503 75 
508 163 
510 110 
510 97 
511 42 
513 11 
514 12 
515 108 
520 814 
522 109 
523 87 
524 48 
525 71 
526 48 
526 116 
527 30 
529 38 
530 36 
530 250 
535 130 
536 60 
536 57 
536 60 
544 34 
545 48 
545 417583 
545 34 
546 76 
547 312 
547 14 
549 25 
550 30 
550 117 
553 218 
554 89 
556 21 
556 132 
562 220 
563 1809 
566 126 
567 783 
570 2 
572 1310 
573 447 
575 63 
580 90 
580 49 
581 188 
582 214 
582 358 
584 274 
585 46 
587 492 
587 220 
588 154 
589 43 
593 55 
593 64 
596 46 
604 342 
606 54 
610 381 
610 233 
612 34 
616 33 
616 19 
617 133 
618 85 
618 78 
620 99 
620 250 
621 195 
622 14 
623 9 
628 812 
628 33 
629 284 
629 10 
630 60 
633 31 
634 322 
634 39 
634 47 
636 240 
637 34 
645 102 
646 194 
646 247 
646 115 
647 165 
647 199 
648 246 
648 34 
650 7 
650 243 
655 210 
655 642 
656 7 
656 1003 
656 32 
658 26 
662 128 
663 19 
663 259 
664 198 
670 206 
670 51 
671 54 
674 627 
674 3764 
674 12 
675 312 
685 2 
686 273 
689 70 
694 128 
696 935 
696 131 
702 72 
703 87 
703 217 
709 71 
710 31 
710 141 
711 277 
711 129 
715 269 
722 152 
727 243 
732 111 
741 115 
741 59 
743 30 
745 291 
748 9 
753 358 
762 1369 
762 168 
762 152 
763 244 
766 87 
768 18 
769 96 
770 332 
770 82 
770 15 
770 410 
772 234 
773 10 
775 54 
775 118 
776 234 
778 79 
779 296985 
781 157 
782 84 
786 131 
789 178 
791 997 
793 9 
793 133 
793 635 
795 238 
795 8 
796 76 
800 175 
800 266 
805 11 
806 72 
808 53 
810 58 
810 28 
811 3 
811 600 
812 43 
812 127 
813 31 
814 237 
815 28 
818 131 
821 40 
823 97 
826 38 
827 689 
827 32 
827 51 
828 432 
829 217 
830 59 
830 57 
830 496 
831 173 
834 19 
838 183 
842 37 
843 58 
844 104 
845 292 
845 60 
851 39 
854 1241 
855 36 
857 50 
858 4 
863 307 
865 217 
866 6944 
868 213 
874 102 
874 35 
876 30 
883 18 
886 98 
893 176 
895 7 
896 32 
896 142 
896 214 
898 129 
899 6731 
899 249 
900 105 
903 1234 
905 58 
909 83 
915 149 
923 1018 
925 140 
926 49 
927 212 
932 317 
939 165 
943 89 
944 381 
948 1243 
948 35 
950 24 
952 50 
953 172 
954 22 
955 769 
956 283 
961 101 
968 57 
971 50 
972 188 
972 48 
974 95 
975 353 
976 20 
977 504 
977 26 
978 47 
981 36 
982 157 
982 64 
984 143 
986 23 
987 111 
993 21 
1000 115 
1006 209 
1008 74 
1008 339 
1013 22 
1015 310 
1015 558 
1016 36 
1020 288 
1021 62 
1026 24 
1027 119 
1031 30 
1038 12 
1043 93 
1045 158 
1046 167 
1047 31 
1050 999 
1054 155 
1057 100 
1061 6 
1062 31 
1062 736 
1063 54 
1065 45 
1066 287 
1069 3 
1072 28 
1076 167 
1078 155 
1079 46 
1080 157 
1082 388 
1083 104 
1084 61 
1085 218 
1087 95 
1089 397 
1094 29 
1102 77 
1105 219 
1108 31 
1111 68 
1112 939 
1114 5 
1122 83 
1125 54 
1126 25 
1129 184 
1135 0 
1136 50 
1138 880 
1139 68 
1142 62 
1143 93 
1146 147 
1149 10 
1150 381 
1152 37 
1153 69 
1153 303 
1155 24 
1157 225 
1159 5 
1160 3 
1167 26 
1170 106 
1176 122 
1178 50 
1179 90 
1180 114 
1182 331 
1189 40 
1189 139 
1192 155 
1194 59 
1196 946 
1197 97 
1197 1758 
1202 467 
1204 140 
1205 13 
1205 283 
1205 1530 
1205 64 
1205 17 
1214 44 
1223 238 
1224 10 
1225 44 
1226 49 
1228 65 
1238 153 
1242 160 
1242 115 
1244 55 
1245 38 
1246 389 
1246 612 
1247 23 
1253 17 
1258 128 
1260 330 
1260 172 
1261 82 
1263 63 
1264 26 
1267 175 
1271 127 
1279 340 
1280 46 
1283 149 
1287 15 
1288 4 
1291 128 
1295 60 
1302 450 
1305 148 
1312 6 
1315 19 
1325 55 
1331 42 
1338 158 
1340 136 
1344 82 
1351 137 
1352 63 
1358 39 
1364 187 
1368 46 
1373 134 
1373 415 
1377 167 
1382 262 
1385 250 
1388 153 
1392 47 
1394 236 
1403 41 
1410 247 
1411 34 
1413 25 
1429 82 
1434 81 
1436 30 
1438 208 
1439 27 
1439 21 
1442 175 
1442 2 
1443 703 
1446 54 
1448 26 
1451 432 
1455 82 
1455 38 
1460 93 
1464 115 
1467 65 
1469 46 
1473 69 
1479 280 
1479 33 
1482 171 
1488 276 
1492 37 
1500 133 
1504 366 
1506 118 
1515 114 
1519 84 
1519 16 
1519 226 
1522 605 
1523 118 
1531 235 
1532 52 
1534 97 
1535 2226 
1535 52 
1535 12 
1535 5 
1535 859 
1541 435 
1541 866 
1543 290 
1543 11 
1551 3 
1552 184 
1561 35 
1562 1851 
1567 436 
1568 93 
1572 47 
1576 48 
1578 92 
1581 103 
1582 186 
1583 8 
1583 462 
1584 34 
1585 114 
1590 167 
1590 31 
1592 261 
1595 103 
1597 142 
1598 720 
1610 96 
1612 22 
1613 26 
1619 94 
1624 135 
1626 93 
1627 13 
1629 84 
1630 31 
1640 124 
1649 46 
1650 77 
1651 45 
1657 66 
1657 175 
1659 21 
1660 301 
1666 602 
1667 279 
1668 81 
1668 1 
1671 704 
1676 27 
1691 52 
1696 148 
1702 51 
1709 17 
1709 97 
1710 14 
1714 86 
1715 1 
1720 134 
1722 101 
1728 1374 
1738 133 
1738 183 
1745 130 
1746 524 
1750 370 
1751 10 
1751 192 
1757 18 
1758 291 
1759 0 
1763 169 
1764 4 
1769 170 
1775 63 
1778 20 
1779 15 
1780 30 
1787 49 
1788 145 
1794 49 
1801 15 
1803 74 
1811 299 
1821 134 
1829 63 
1829 47 
1830 245 
1832 269 
1835 70 
1837 175 
1841 123 
1841 7 
1843 429 
1849 104 
1855 50 
1857 125 
1857 166 
1859 95 
1859 18 
1859 387 
1863 85 
1863 2 
1865 61 
1866 209 
1869 50 
1869 96 
1871 130 
1873 200 
1874 218 
1875 33 
1880 11 
1900 672 
1903 62 
1911 313 
1916 1133 
1918 325 
1920 61 
1920 146 
1932 81 
1935 423 
1941 28 
1942 15 
1944 41 
1946 383 
1950 474 
1951 24 
1961 9 
1967 22 
1968 91 
1969 131 
1974 11 
1975 328 
1979 2 
1979 31 
1979 177 
1991 26 
1992 89 
1993 246 
1994 99 
1995 216 
1996 137 
1996 121 
1999 1667 
2011 89 
2013 23 
2014 227 
2015 100 
2019 70 
2027 6 
2028 1723 
2030 87 
2033 118 
2034 22 
2036 15 
2041 118 
2043 22 
2044 78 
2045 134 
2048 22 
2049 5 
2049 972 
2054 374 
2056 279 
2057 6 
2068 5 
2071 23 
2075 88 
2075 54 
2076 62 
2083 25 
2089 37 
2090 35 
2094 37 
2094 28 
2094 189 
2096 54 
2098 72 
2103 30 
2124 44 
2129 109 
2138 88 
2154 43 
2155 220 
2168 102 
2169 46 
2170 302 
2174 0 
2175 75 
2176 154 
2178 68 
2189 592 
2195 65 
2210 59 
2222 111 
2226 17 
2236 29 
2239 337 
2247 677 
2252 316 
2254 73 
2254 17 
2260 8 
2273 34 
2276 953 
2277 94 
2277 103 
2278 150 
2312 88 
2314 296 
2316 1 
2321 31 
2323 0 
2335 56 
2336 30 
2340 175 
2345 188 
2345 7 
2389 40 
2393 52 
2401 1549 
2401 57 
2413 109 
2417 42 
2419 804 
2429 2 
2434 137 
2444 97 
2450 1338 
2452 86 
2459 29 
2462 389 
2465 36 
2467 7 
2472 162 
2481 5 
2481 209 
2487 169 
2492 147 
2508 19 
2512 50 
2523 574 
2525 263 
2528 14 
2536 28 
2540 40 
2542 154 
2543 166 
2550 136 
2552 5 
2553 41 
2554 127 
2556 42 
2562 25 
2568 41 
2572 18 
2578 272 
2611 83 
2625 89 
2632 93 
2634 7 
2640 44 
2646 22 
2655 17 
2680 31 
2684 132 
2705 115 
2716 51 
2740 12 
2743 38 
2745 143 
2754 48 
2759 550 
2763 312 
2764 15 
2769 212 
2777 121 
2787 14 
2789 59 
2795 275 
2804 144 
2813 9 
2824 107 
2827 30 
2829 1350 
2847 152 
2848 135 
2850 54 
2865 30 
2872 90 
2879 105 
2887 55 
2894 55 
2894 2325 
2897 55 
2901 135112 
2904 67 
2906 284 
2922 116 
2924 3 
2927 22 
2927 414 
2929 390 
2935 36 
2937 397 
2938 41 
2940 36 
2944 494 
2945 52 
2946 232 
2946 403 
2947 126 
2949 151 
2951 522 
2952 66 
2952 83 
2955 554 
2960 334 
2962 1040 
2965 452 
2965 498 
2967 487 
2968 114 
2969 307 
2969 235 
2971 75 
2977 112 
2980 112 
2980 164 
2981 75 
2984 54 
2984 399 
2985 385 
2988 230 
2996 134 
3000 90 
3001 119 
3005 15 
3007 108 
3008 49 
3016 79 
3021 216 
3027 158 
3029 157 
3030 88 
3032 7 
3043 106 
3043 139 
3045 33 
3045 31 
3047 449 
3048 41 
3048 146 
3060 83 
3063 4309 
3066 188 
3067 551 
3071 248 
3072 84 
3076 120 
3080 200 
3080 44 
3081 30 
3081 115 
3091 158 
3092 192 
3093 108 
3096 46 
3100 81 
3102 211 
3105 84 
3106 188 
3111 24 
3111 155 
3113 60 
3113 145 
3118 610 
3121 220 
3122 120 
3129 87 
3130 108 
3130 247 
3132 38 
3135 18 
3139 133 
3143 153 
3146 20 
3150 30 
3154 46 
3154 72 
3156 100 
3156 252 
3161 46 
3174 18 
3174 97 
3180 153 
3180 28 
3181 90 
3183 80 
3185 29 
3189 126 
3190 33 
3192 39 
3205 59 
3206 2856 
3208 2 
3208 64 
3209 74 
3210 32 
3211 25 
3215 69 
3216 100 
3221 11 
3223 318 
3223 110 
3229 186 
3230 30 
3232 581 
3234 165 
3235 577 
3237 78 
3240 54 
3245 19 
3253 83 
3256 169 
3262 986 
3264 0 
3267 442 
3268 334 
3270 71 
3273 26 
3277 67 
3283 3 
3283 20 
3284 249 
3285 37 
3287 65 
3288 81 
3291 36 
3306 374 
3311 36 
3317 8673 
3319 54 
3323 143 
3329 69 
3331 111 
3334 15 
3334 117 
3336 3867 
3341 213 
3354 65 
3354 103 
3367 28 
3372 120 
3373 59 
3376 42 
3380 154 
3383 444 
3390 78 
3395 191 
3401 78 
3404 13 
3407 60 
3409 40 
3411 17 
3413 139 
3438 161 
3453 211 
3454 120 
3461 42 
3467 6 
3471 6 
3483 86 
3493 246 
3493 78 
3496 53 
3498 60 
3498 126 
3501 148 
3503 24 
3514 64 
3516 38 
3519 41 
3525 18 
3526 14 
3530 546 
3530 146 
3536 11 
3537 69 
3543 51 
3543 188 
3545 333 
3549 393 
3550 123 
3558 412 
3558 709 
3563 158 
3564 106 
3579 154 
3589 16 
3593 79 
3594 20 
3595 31 
3611 58 
3613 335 
3621 336 
3627 82 
3629 22 
3630 21 
3633 3 
3636 84 
3636 143 
3637 38 
3638 42 
3642 1023 
3643 34 
3643 55 
3645 228 
3658 19 
3663 110 
3672 278 
3681 35 
3683 37 
3717 45 
3726 63 
3731 19 
3733 158 
3737 109 
3742 295 
3743 347 
3746 33 
3748 78 
3762 64 
3769 18 
3769 343 
3772 319 
3783 45 
3786 50 
3792 97 
3796 69 
3798 15 
3803 41 
3813 9 
3815 55 
3825 17 
3864 49 
3868 528 
3871 60 
3889 215 
3890 25 
3914 126 
3920 43 
3951 45 
3963 15 
3967 51 
3977 22 
3986 22 
3991 32 
3996 109 
3996 111 
4004 61 
4006 47 
4006 885 
4006 131 
4008 39 
4010 324 
4030 588 
4032 120 
4039 37 
4042 29 
4070 29 
4073 37 
4078 37 
4078 1967 
4085 38 
4088 10 
4093 201 
4100 54 
4115 48 
4122 18 
4125 27 
4126 19 
4132 23 
4142 439 
4151 21 
4172 62 
4176 626 
4180 49 
4186 53 
4186 19 
4189 32 
4204 67 
4207 62 
4224 75 
4226 35 
4228 80 
4232 27 
4232 610 
4234 58 
4235 105 
4235 18 
4242 30 
4252 36 
4253 30 
4254 69 
4258 318 
4259 6936 
4262 49 
4266 281 
4269 49 
4271 1229 
4274 9 
4281 19 
4284 145 
4286 8 
4287 6 
4295 73 
4296 5 
4311 62 
4312 69 
4313 129 
4323 51 
4332 22 
4340 42 
4344 90 
4354 48 
4354 115 
4357 46 
4358 125 
4369 101 
4375 1704 
4394 9 
4401 69 
4403 32 
4416 192 
4423 50 
4425 63 
4431 2 
4443 27 
4443 50 
4463 25 
4472 25 
4474 222 
4477 571 
4490 31 
4513 98 
4514 22 
4529 45 
4529 21 
4536 44 
4537 504 
4545 64 
4574 9 
4602 9 
4613 118 
4613 182 
4613 83 
4615 161 
4627 148 
4631 316 
4638 99 
4643 84 
4647 74 
4652 94 
4658 178 
4672 28 
4678 98 
4687 292 
4694 18 
4694 8 
4705 223 
4710 1091 
4712 419 
4713 28 
4717 6 
4717 298 
4727 35 
4728 10 
4735 31 
4736 105 
4739 21 
4749 18 
4760 19 
4770 42 
4780 80 
4794 46 
4794 271 
4795 50 
4800 292 
4810 6953 
4813 174 
4816 74 
4825 245 
4828 41 
4831 93 
4888 197 
4899 100 
4912 75 
4920 115 
4952 95 
4956 5 
4976 260 
4979 145 
4983 4 
4985 11 
4993 19 
5016 267 
5038 306 
5046 33 
5048 10 
5057 53 
5070 18 
5072 37 
5096 87 
5099 30 
5116 42 
5122 117 
5127 208 
5127 13 
5129 27094 
5149 38 
5150 197 
5181 1791 
5208 18 
5211 4 
5222 855 
5222 34 
5227 2 
5229 20 
5244 116 
5268 152 
5277 66 
5278 3 
5278 52 
5283 24 
5288 14 
5303 259 
5306 19 
5314 15 
5320 939 
5325 7 
5327 25 
5354 213 
5361 164 
5365 205 
5367 84 
5375 13 
5381 31 
5401 122 
5404 1371 
5424 41 
5459 137 
5462 11 
5468 326 
5483 16 
5494 53 
5508 32 
5515 493 
5516 283 
5527 19 
5535 65 
5540 184 
5553 29 
5564 190 
5577 75 
5583 5 
5589 141 
5608 26 
5610 7 
5650 145 
5669 30 
5679 46 
5694 324 
5719 26 
5722 122 
5732 103 
5734 131 
5748 56 
5751 6 
5772 165 
5809 8 
5809 65 
5814 23 
5828 69 
5830 102 
5850 71 
5857 155 
5858 12 
5869 7 
5882 187 
5894 32 
5908 70 
5913 43 
5918 46 
5923 59 
5948 22 
5952 2 
5960 202 
5969 48 
5971 147 
5980 225 
6002 224 
6016 100 
6033 50 
6038 6 
6057 124 
6091 74 
6110 1489 
6112 99 
6115 477 
6118 8 
6155 43 
6173 21 
6177 8 
6189 413 
6197 83 
6201 28 
6222 34 
6246 17 
6252 10 
6285 9 
6302 98 
6336 58 
6342 246 
6349 206 
6364 42 
6376 19 
6386 104 
6387 10 
6401 12 
6431 34 
6453 313 
6463 312 
6465 59 
6486 81 
6486 88 
6505 45 
6514 298 
6528 279 
6533 88 
6534 27 
6535 170 
6549 47 
6570 18 
6577 110 
6584 39 
6585 20 
6587 11 
6594 40 
6604 27 
6606 20 
6622 54 
6662 18 
6711 16 
6713 243 
6714 121 
6741 178 
6745 93 
6755 5 
6758 29 
6759 807 
6798 33 
6807 109 
6807 240 
6817 88 
6818 236 
6831 63 
6834 14 
6853 15 
6892 380 
6894 75 
6906 28 
6930 234 
6940 86 
6975 48 
6984 249 
7010 32 
7013 27 
7035 13 
7042 76 
7051 96 
7051 207 
7058 88 
7060 63 
7063 12 
7064 109 
7070 94 
7074 184 
7136 116 
7139 53 
7146 40 
7149 5 
7154 279 
7182 562 
7183 45 
7183 233 
7198 119 
7203 920 
7235 24 
7258 192 
7285 85 
7296 73 
7328 23 
7335 44 
7336 95 
7339 87 
7367 49 
7383 73 
7386 24 
7391 14 
7397 10 
7399 1293 
7417 88 
7421 95 
7450 2 
7452 3 
7479 115 
7489 2 
7491 147 
7495 46 
7504 23 
7520 18 
7564 56 
7568 31 
7578 73 
7579 92 
7601 21 
7617 33 
7631 15 
7635 258 
7636 229 
7638 656 
7643 27 
7645 25 
7647 2 
7674 89 
7692 21 
7696 46 
7715 24 
7725 48 
7747 4 
7761 57 
7767 77 
7767 52 
7768 435 
7793 101 
7816 222 
7822 59 
7859 7 
7870 51 
7878 29 
7896 614 
7899 62 
7900 51 
7924 9 
7932 48 
7956 232 
7960 189 
7964 55 
7965 13 
7972 614 
7977 39 
7986 13 
8000 44 
8031 45 
8034 12 
8038 37 
8044 15 
8065 99 
8083 34 
8102 8 
8123 178 
8125 6 
8137 555 
8171 101 
8201 100 
8217 8 
8222 63 
8224 785 
8249 137 
8270 8 
8276 124 
8306 60 
8335 75 
8351 55 
8351 55 
8357 56 
8357 56 
8365 157 
8365 157 
8409 245 
8414 130 
8477 8 
8506 9 
8535 104 
8546 58 
8546 45 
8571 403 
8581 270 
8587 295 
8590 1238 
8601 19 
8601 608 
8605 44 
8624 73 
8633 233 
8635 516 
8649 6649 
8654 68 
8663 58 
8674 17 
8697 30 
8706 321 
8721 109 
8733 167 
8733 2 
8738 331 
8758 56 
8814 1302 
8840 120 
8851 52 
8885 114 
8898 84 
8899 48 
8906 298 
8907 27 
8919 25 
8950 72 
8952 134 
8956 277 
8961 279 
8968 158 
9025 23 
9064 166 
9088 603 
9100 1007 
9110 120 
9136 305 
9140 126 
9172 18 
9231 898 
9312 13 
9330 423 
9350 170 
9359 74 
9373 13 
9386 333 
9386 93 
9409 14 
9422 53 
9431 43 
9437 389 
9444 78 
9464 56 
9487 52 
9488 126 
9500 107 
9503 39 
9504 809 
9507 97 
9540 7 
9548 58 
9553 18 
9560 168 
9561 631 
9576 201 
9580 533 
9586 129 
9618 4 
9618 36 
9676 4 
9696 205 
9715 348 
9760 26 
9792 1761 
9795 7 
9798 26 
9823 102 
9831 33 
9856 1892 
9880 45 
9893 47 
9893 8 
9900 53 
9906 227 
9916 92 
9944 97 
9950 14 
9995 11 
10005 83 
10045 177 
10048 8 
10052 79 
10074 60 
10083 103 
10085 79 
10087 212 
10117 29 
10125 672 
10136 53 
10183 72 
10201 7 
10218 5 
10280 9 
10297 51 
10307 14 
10318 16 
10327 12 
10354 42 
10375 58 
10441 107 
10461 56 
10497 56 
10528 25 
10558 84 
10627 35 
10640 12 
10646 62 
10663 35 
10666 3 
10681 162 
10713 131 
10739 55 
10782 18 
10793 15 
10857 41 
10862 30 
10889 42 
10897 207 
10901 76 
10904 141 
10934 22 
10940 7 
10955 2353 
10966 124 
10979 162 
10995 110 
11020 56 
11025 148 
11037 104 
11069 63 
11069 278 
11090 48 
11091 3872 
11144 24 
11165 41 
11172 326 
11175 320 
11193 14 
11195 1021 
11200 9 
11208 36 
11318 10 
11318 62 
11353 50 
11405 33 
11409 185 
11460 12 
11487 13 
11507 26 
11540 115 
11556 159 
11595 221 
11610 37 
11640 123 
11670 9 
11670 61 
11695 31 
11706 1855 
11721 74 
11725 613 
11841 35 
11867 99 
11933 5 
11936 44 
11941 63 
11957 97 
12017 92 
12029 111 
12052 177 
12060 28 
12098 174 
12112 11 
12119 118 
12170 697 
12202 26 
12203 38 
12245 24 
12274 433 
12276 28 
12300 59 
12366 22 
12405 76 
12409 35 
12413 15 
12423 121 
12439 983 
12480 47 
12490 79 
12519 17 
12611 543 
12622 35 
12634 33 
12708 52 
12721 64 
12728 12 
12730 154 
12774 137 
12788 57 
12834 14 
12844 237 
12852 4 
12885 36 
12895 135 
12899 60 
12929 309 
12976 76 
13011 79 
13017 6 
13063 121 
13098 19 
13124 88 
13130 6 
13133 98 
13230 97 
13305 17 
13406 41 
13469 157 
13488 163 
13535 85 
13657 0 
13702 9 
13819 22 
14073 441 
14102 7 
14232 17 
14271 123 
14345 143 
14425 79 
14453 13 
14492 8 
14577 36 
14737 40 
14867 62 
14932 41 
14980 141 
15106 100 
15111 779 
15174 130 
15241 13 
15284 40 
15319 62 
15347 60 
15365 5 
15487 807 
15496 15 
15603 120 
15753 157 
15757 50 
15781 44 
16133 39 
16263 3 
16422 27 
16432 101 
16476 94 
16478 8 
16804 56 
16882 384 
17002 9 
17068 2 
17263 76 
17342 58 
17372 17 
17403 15 
17484 98 
17528 43 
17645 23 
17812 71 
17996 60 
18176 1805 
18319 16 
18371 45 
18381 61 
18415 2 
18514 59 
18670 23 
18926 99 
19002 23 
19096 7 
19133 161 
19142 7 
19184 12 
19320 13 
19481 25 
19531 37 
19615 11 
19668 26 
19893 69 
19974 24 
20959 38 
21133 295 
21169 13 
21193 25 
21466 206 
21621 215 
21678 767 
21961 58 
21980 419 
22186 524 
22415 509 
23437 429 
23500 71 
23534 1 
23605 14 
23687 9 
23815 5 
23827 49 
23954 37 
24126 36 
24518 1027 
24589 123 
24762 151 
25099 19 
25287 390 
25341 169 
25342 1 
25380 199 
25442 14 
25912 25 
26018 38087 
26084 33 
26085 324 
26172 107 
26352 517 
26468 12 
26563 28 
26691 52 
26697 414 
26716 230 
26776 71 
26869 120 
26894 1254 
26905 1339 
27024 476 
27407 27 
27944 113 
27993 8 
28199 348 
28254 138 
28367 107 
28443 105 
28621 7 
28671 1729 
28987 8 
29108 297 
29465 15 
29921 21 
30094 33 
30201 24421 
30249 375 
30395 356 
30791 627 
30831 105 
30925 189 
31154 8 
31210 20 
31668 70 
31689 6 
31844 26 
32132 46 
32166 36 
32321 4 
32480 1244 
32539 181 
32565 7 
32609 398 
32648 190 
32988 543 
33257 5 
35340 6 
35377 40 
35432 19 
35964 3173 
36311 80 
36343 29 
36381 51 
36932 41 
37024 29 
37364 328 
37518 17 
38134 5 
39052 59 
39265 19 
40104 270 
40526 438 
40530 496 
40615 76 
40921 28 
41224 137 
41498 20 
41528 12 
42148 685 
42150 167 
42178 168 
42183 93 
42256 310 
42470 2 
42701 14 
42840 1058 
42879 305 
42976 1778 
43227 73 
43948 2755 
43952 12 
43988 433 
44189 291 
44621 80 
45337 18 
45595 101 
46927 102 
48329 24 
48875 36 
49252 4 
50022 206 
50534 1385 
52028 2 
55035 4 
57316 739 
57399 14 
57745 16 
61931 20 
62053 2 
62938 13 
63099 10 
63195 12 
67785 201 
68302 27 
69087 125 
69559 967 
70016 31 
70387 27 
71176 15 
72530 13 
72827 855 
72970 81 
74086 249 
74332 5 
77709 173 
79190 173 
79344 63 
81481 0 
81551 48 
81937 21 
81937 21 
82737 117 
84306 1 
85154 51 
85306 28 
85312 133 
85875 132 
86824 77 
88273 0 
95480 103 
97747 9 
101504 11 
103438 20 
103453 11 
104160 36162 
104178 467 
104196 96 
104201 1056 
104207 139 
104219 88 
104222 1842 
104224 191 
104231 713 
104242 210 
104261 165 
104267 1609 
104271 178 
104293 15 
104313 477 
104348 656 
104353 173 
104358 53 
104378 59 
104411 487 
104440 154 
104447 72 
104529 51 
104538 282 
104553 2323 
104636 176 
104639 239 
104694 158 
104732 277 
104875 75 
105001 171 
105153 116 
105548 210 
105604 65 
105894 32 
106212 35 
106426 600 
106688 678 
106729 14196 
106827 493 
106844 17 
106856 23 
106875 171 
106914 64 
107013 270 
107015 97 
107045 55 
107107 167 
107437 342 
107528 96 
108520 117 
108720 28 
108861 77 
109098 237 
109246 92 
110608 22 
112921 11 
113947 190 
119857 95 
123280 93 
125062 1332 
125079 223 
125303 3 
125575 456 
126082 43 
126371 244 
126763 912 
127468 63 
128031 1595 
129910 1722 
129955 503 
130735 86 
133225 900 
133301 9126 
133336 106 
133353 132 
136063 37 
139277 71 
139331 39 
144785 1 
148468 34 
148941 112 
149975 13 
152524 21 
152757 69 
154613 1 
163706 126 
168062 88 
168344 280 
175713 41 
177984 16 
179017 9 
180674 1321 
180882 501 
181047 69 
181275 39 
181289 892 
183466 228 
189669 2 
207929 228 
208608 280 
208792 748 
209561 16 
210572 53 
211160 158 
211746 276 
211930 19 
211937 664 
212017 141 
212245 252 
213516 852 
214115 689 
216170 56 
217134 93 
217661 9 
221099 666 
222566 454 
224190 89 
229773 194 
235299 262 
236607 204 
236864 685 
237096 72 
237480 106 
239506 92 
240993 0 
248480 23 
255689 210 
255865 12 
256270 1059 
260416 83 
260934 41 
263784 18 
265999 20 
267424 10 
274913 1243 
280748 873 
291416 138 
292986 20 
297623 17 
297675 47 
300328 17 
303786 15 
315942 7 
324498 148 
329189 1 
333004 259 
333780 245 
334111 72 
334739 109 
335227 630 
336411 53 
364030 440 
364757 71 
397998 100 
401929 6 
404238 273 
407505 103 
414591 127 
414637 103 
418182 17 
420096 256 
420782 122 
423700 121 
428002 6 
440054 580 
446777 631 
447907 23 
448396 73 
451556 257 
469927 0 
475509 3 
480987 23 
486026 192 
492288 54 
492310 270 
507119 20 
512236 15 
518830 73 
519547 57 
528576 11 
535880 33 
536899 63 
538671 130 
539945 112 
549025 245 
551564 7 
554260 135 
559029 6 
561531 130 
561947 46 
580905 86 
600666 0 
