6569 6.07637731481
0 5947 
9 722 
13 184 
22 147 
27 475 
29 1072 
33 335 
35 212 
36 108 
38 321 
38 180 
40 393 
42 265 
43 331 
49 255 
52 344 
53 370 
53 35 
57 182 
58 634 
59 181 
64 559 
67 746 
68 42 
74 228 
75 283 
83 140 
83 9 
86 330 
90 480 
91 163 
91 263 
93 270 
94 31 
95 39 
95 88 
95 88 
100 2254 
101 97 
110 397 
114 30 
117 9372 
117 518 
121 275 
121 1616 
123 1019 
124 107 
127 1070 
135 50 
135 53 
137 195 
138 64 
144 94 
145 89 
146 1320 
149 282 
153 287 
153 307 
153 183 
154 158 
155 311 
157 92 
159 906 
161 123 
164 322 
171 573 
177 57 
180 187 
186 717 
186 294 
187 68 
189 369 
190 144 
191 197 
191 147 
193 248 
193 1768 
196 286 
196 1176 
197 23 
198 35 
202 80 
204 266 
206 530 
208 251 
211 296 
213 240 
215 155 
215 93 
215 69 
216 163 
219 405 
221 166 
223 80 
227 82 
228 375 
230 133 
230 839 
230 25 
231 647 
235 318 
237 53 
238 295 
240 214 
244 84 
246 49 
251 92 
255 267 
258 143 
260 42 
261 288 
269 3870 
275 376 
276 178 
279 22 
280 167 
281 149 
281 279 
284 92 
286 146 
289 593 
292 79 
294 222 
295 30 
295 187 
296 46 
296 178 
302 181 
304 219 
304 101 
307 160 
314 222 
317 280 
318 1107 
318 232 
319 516 
320 169 
322 252 
325 255 
325 77 
329 1186 
333 247 
335 85 
338 1056 
341 128 
343 130 
346 466 
346 186 
347 74 
348 1849 
351 5456 
354 423 
354 207 
355 93 
358 149 
361 80 
369 919 
374 245 
374 119 
375 124 
381 1076 
383 257 
384 148 
386 630 
389 36 
389 471 
391 171 
392 336 
393 196 
393 54 
402 122 
403 80 
404 670 
405 123 
408 71 
409 633 
411 258 
411 299 
413 332 
415 59 
417 2228 
419 162 
427 31 
432 87 
433 233 
434 67 
435 101 
435 112 
437 337 
438 55 
440 80 
445 97 
450 87 
452 196 
452 342 
453 64 
456 90 
462 111 
467 306 
468 176 
469 795 
471 45 
472 106 
473 161 
473 67 
474 76 
476 157 
477 41 
480 26 
481 227 
484 613 
494 837 
496 468 
497 273 
499 459 
499 312 
506 82 
507 462 
507 326 
508 396 
510 123 
511 308 
511 206 
512 212 
513 937 
513 758 
513 364 
513 982 
515 447 
516 133 
521 78 
521 309 
524 85 
526 402 
528 217 
530 291 
534 147 
538 156 
543 342 
547 23 
551 2037 
552 98 
557 527 
562 88 
572 12 
578 658 
579 5 
580 109 
581 342 
584 219 
586 131 
586 300 
588 201 
589 261 
594 353 
597 382 
598 179 
602 40 
603 230 
605 192 
606 108 
610 50 
612 208 
613 87 
620 130 
621 328 
623 301 
630 587 
632 124 
634 348 
634 1572 
634 178 
636 95 
637 340 
637 437 
639 92 
644 122 
645 410 
645 80 
652 512 
656 111 
657 59 
658 63 
658 116 
661 233 
668 772 
669 5 
673 146 
679 64 
680 817 
680 73 
683 123 
683 341 
689 459 
691 37 
693 51 
696 778 
697 373 
697 126 
704 387 
712 696 
714 91 
714 159 
720 841 
723 85 
723 321 
725 781 
735 139 
737 102 
740 134 
741 99 
743 689 
743 2723 
745 98 
750 42 
750 566 
754 230 
756 81 
757 219 
757 525 
758 202 
759 110 
761 74 
765 314 
766 154 
766 373 
768 66 
770 470 
775 83 
776 42 
776 338 
778 158 
785 0 
786 495 
787 188 
789 202 
801 425 
802 68 
803 576 
804 219 
807 107 
809 87 
811 52 
812 82 
814 223 
821 119 
827 506 
833 173 
834 223 
837 67 
838 244 
840 48 
844 67 
846 131 
849 71 
852 204 
855 318 
855 414 
865 30 
868 213 
870 45 
873 108 
874 170 
874 924 
876 2196 
882 679 
885 317 
893 88 
893 65 
893 65 
893 88 
896 233 
896 233 
899 90 
899 90 
900 370 
900 370 
902 49 
902 49 
903 135 
903 135 
905 242 
905 242 
907 40 
907 1490 
907 40 
907 1490 
911 204 
911 204 
918 76 
918 76 
920 2948 
920 2948 
922 194 
922 194 
927 829 
927 314 
927 829 
927 314 
933 46 
933 46 
937 260 
941 95 
942 689 
944 357 
944 195 
952 43 
954 192 
959 68 
960 112 
961 17 
965 105 
968 71 
970 101 
973 39 
975 137 
979 363 
985 171 
991 1195 
993 384 
993 1061 
994 4 
1000 285 
1018 657 
1019 371 
1036 263 
1037 125 
1038 154 
1041 140 
1053 120 
1057 201 
1058 1381 
1070 244 
1072 529 
1086 34 
1088 179 
1095 66 
1096 96 
1101 85 
1101 452 
1101 159 
1104 386 
1106 32 
1107 112 
1110 31 
1113 349 
1114 72 
1127 221 
1131 224 
1131 166 
1135 2118 
1139 57 
1143 120 
1144 121 
1146 82 
1146 1178 
1146 238 
1147 55 
1151 101 
1152 83 
1159 57 
1162 67 
1169 585 
1177 121 
1192 250 
1205 941 
1206 3 
1213 93 
1213 576 
1215 39 
1218 60 
1220 168 
1221 202 
1221 8 
1225 282 
1225 55 
1227 447 
1228 59 
1229 292 
1239 478 
1240 345 
1241 25 
1241 89 
1248 176 
1253 478 
1256 111 
1260 105 
1265 6050 
1266 131 
1266 27 
1266 284 
1272 618 
1278 45 
1283 14 
1290 65 
1292 219 
1297 389 
1301 261 
1308 255 
1315 258 
1319 77 
1321 123 
1325 45 
1332 131 
1332 163 
1335 25 
1343 135 
1345 27 
1346 265 
1351 28 
1355 48 
1359 454 
1359 136 
1363 384 
1367 84 
1367 270 
1370 255 
1372 524 
1376 200 
1402 1025 
1403 431 
1405 69 
1406 69 
1408 121 
1408 104 
1417 467 
1418 36 
1421 114 
1423 103 
1425 812 
1430 615 
1434 44 
1451 20 
1452 87 
1453 259 
1459 77 
1469 120 
1471 168 
1475 85 
1478 38 
1484 27 
1490 92 
1494 188 
1501 16 
1504 1063 
1515 595 
1518 133 
1533 18 
1533 544 
1550 65 
1552 206 
1564 107 
1568 141 
1570 108 
1571 30 
1571 25 
1572 481 
1573 37 
1580 240 
1580 66 
1580 104 
1585 193 
1585 43 
1587 237 
1590 8 
1590 329 
1594 409 
1597 298 
1599 5 
1615 20 
1618 345 
1620 41 
1626 568 
1628 146 
1631 94 
1634 63 
1641 478 
1644 87 
1659 1014 
1661 356 
1669 189 
1671 94 
1673 247 
1675 82 
1680 101 
1680 29 
1681 167 
1685 165 
1692 47 
1693 655 
1694 92 
1694 75 
1698 74 
1700 102 
1701 13 
1706 129 
1710 48 
1716 925 
1718 204 
1726 111 
1727 307 
1731 270 
1734 570 
1736 98 
1741 67 
1742 152 
1742 34 
1742 159 
1746 90 
1746 73 
1748 93 
1751 94 
1753 132 
1764 390 
1775 39 
1776 456 
1783 34 
1786 67 
1788 210 
1790 7 
1792 443 
1792 99 
1793 308 
1796 244 
1796 70 
1800 327 
1801 53 
1809 53 
1815 97 
1820 105 
1829 126 
1830 24 
1830 104 
1831 4 
1836 158 
1837 555 
1845 1077 
1849 353 
1852 18 
1855 248 
1867 155 
1877 149 
1878 675 
1907 319 
1907 90 
1915 57 
1917 195 
1922 132 
1934 35 
1943 133 
1946 9 
1950 322 
1952 48 
1952 190 
1954 122 
1957 18 
1960 523 
1962 139 
1964 415 
1964 113 
1977 15 
1978 15 
1990 132 
1996 47 
2001 220 
2001 147 
2002 49 
2011 290 
2016 64 
2018 185 
2018 88 
2023 161 
2035 140 
2036 115 
2037 125 
2038 223 
2039 165 
2041 75 
2043 48 
2043 41 
2046 245 
2053 329 
2059 523 
2061 326 
2065 82 
2076 168 
2078 89 
2082 116 
2087 886 
2097 226 
2097 48 
2103 158 
2106 56 
2112 148 
2115 38 
2122 581 
2124 12 
2136 358 
2167 1027 
2167 223 
2177 84 
2185 41 
2205 16 
2209 154 
2209 547 
2212 21 
2214 106 
2216 419 
2224 177 
2230 150 
2237 95 
2239 407 
2250 60 
2252 216 
2264 161 
2264 67 
2267 379 
2269 192 
2269 289 
2270 1356 
2271 59 
2272 508 
2283 165 
2283 15 
2289 861 
2291 289 
2293 226 
2296 131 
2297 179 
2304 12 
2311 528 
2315 60 
2328 22 
2329 26 
2333 444 
2348 389 
2360 573 
2375 23 
2392 179 
2395 21 
2399 2 
2401 1335 
2404 175 
2413 45 
2415 45 
2421 90 
2429 192 
2429 210 
2429 15 
2433 134 
2434 29 
2446 150 
2446 134 
2446 101 
2448 16 
2448 148 
2448 84 
2451 139 
2459 123 
2459 174 
2460 112 
2461 19 
2465 87 
2468 120 
2480 46 
2486 300 
2488 88 
2490 643 
2492 416 
2499 299 
2502 701 
2514 39 
2515 51 
2516 7095 
2520 56 
2522 63 
2525 46 
2526 251 
2529 159 
2531 49 
2532 38 
2536 44 
2542 386 
2552 11 
2553 234 
2571 163 
2574 49 
2582 175 
2583 126 
2587 36 
2588 174 
2601 244 
2613 116 
2618 54 
2624 102 
2647 79 
2648 331 
2654 78 
2657 57 
2689 924 
2695 199 
2699 268 
2700 49 
2705 52 
2708 26 
2717 120 
2721 1322 
2722 23 
2726 220 
2729 52 
2733 156 
2740 1542 
2745 729 
2753 216 
2757 381 
2778 117 
2779 93 
2779 52 
2780 984 
2786 124 
2788 49 
2806 123 
2807 65 
2807 167 
2826 149 
2841 1087 
2843 37 
2843 164 
2847 261 
2848 462 
2852 201 
2879 426 
2888 95 
2892 127 
2899 145 
2900 75 
2900 36 
2901 41 
2909 66 
2910 15 
2910 156 
2915 103 
2920 227 
2928 71 
2932 167 
2934 1385 
2936 123 
2936 46 
2938 27 
2942 105 
2945 871 
2946 81 
2948 2896 
2950 8 
2958 11 
2968 383 
2970 208 
2974 63 
2982 183 
2989 514 
2994 247 
2996 32 
3000 262 
3007 195 
3008 263 
3019 479 
3019 108 
3026 120 
3035 296 
3036 1821 
3037 53 
3038 441 
3039 37 
3044 164 
3068 274 
3069 835 
3073 269 
3082 738 
3092 42 
3095 158 
3099 32 
3106 1417 
3118 121 
3123 474 
3127 529 
3128 39 
3147 1049 
3152 80 
3158 90 
3159 44 
3162 136 
3164 63 
3165 110 
3166 94 
3170 15 
3176 3712 
3178 47 
3180 76 
3188 520 
3189 168 
3191 12 
3196 97 
3197 340 
3199 182 
3203 351 
3204 7 
3204 538 
3209 458 
3214 116 
3223 265 
3229 53 
3235 66 
3236 21 
3237 52 
3238 72 
3240 56 
3244 596 
3254 226 
3256 35 
3268 112 
3269 279 
3272 109 
3276 48 
3297 175 
3298 32 
3299 323 
3304 513 
3311 170 
3317 302 
3318 270 
3320 171 
3321 188 
3325 503 
3341 147 
3341 83 
3347 61 
3347 81 
3388 500 
3398 38 
3399 1513 
3401 548 
3413 91 
3417 64 
3423 64 
3435 35 
3440 47 
3445 147 
3450 126 
3450 77 
3452 64 
3454 454 
3459 135 
3467 103 
3467 348 
3470 39 
3483 101 
3486 3 
3494 380 
3506 85 
3519 107 
3530 68 
3531 46 
3538 6 
3543 9 
3557 308 
3563 138 
3569 34 
3570 48 
3580 41 
3583 13 
3611 171 
3617 200 
3622 470 
3630 16 
3638 126 
3645 26 
3646 167 
3652 155 
3652 220 
3665 624 
3676 347 
3689 186 
3692 366 
3695 65 
3696 174 
3698 60 
3699 10 
3717 52 
3721 1410 
3723 32 
3724 220 
3727 97 
3730 63 
3731 168 
3732 760 
3739 36915 
3748 184 
3748 55 
3749 656 
3754 67 
3759 120 
3776 71 
3776 66 
3782 63 
3790 424 
3791 224 
3801 58 
3808 45 
3816 178 
3820 113 
3829 249 
3848 507 
3856 29 
3859 295 
3862 158 
3862 160 
3866 39 
3870 890 
3870 18 
3876 154 
3886 197 
3897 522 
3904 73 
3908 88 
3912 57 
3914 56 
3916 68 
3933 56 
3938 55 
3942 119 
3958 98 
3958 459 
3965 144 
3977 234 
3983 111 
3984 34 
3988 133 
3990 54 
4001 218 
4008 43 
4018 31 
4021 32 
4035 162 
4039 917 
4049 54 
4051 17 
4075 315 
4075 57 
4077 48 
4081 49 
4090 129 
4105 357 
4112 279 
4118 290 
4119 60 
4122 75 
4125 64 
4126 27 
4129 80 
4131 104 
4132 517 
4139 77 
4146 436 
4148 55 
4154 110 
4162 253 
4168 72 
4179 111 
4192 40 
4192 629 
4192 745 
4197 785 
4204 15191 
4210 149 
4219 988 
4222 262 
4222 39 
4228 114 
4239 305 
4240 90 
4243 226 
4247 449 
4266 133 
4280 354 
4282 44 
4284 71 
4286 197 
4287 2693 
4289 136 
4291 31 
4293 104 
4303 709 
4308 73 
4312 369 
4317 37 
4319 108 
4320 228 
4328 228 
4330 93 
4330 198 
4330 310 
4338 51 
4348 192 
4350 240 
4351 7 
4351 546 
4353 35 
4354 161 
4365 459 
4366 1694 
4366 187 
4378 240 
4401 171 
4411 65 
4415 161 
4426 168 
4428 13 
4428 136 
4436 92 
4443 55 
4443 233 
4444 182 
4447 363 
4447 247 
4515 71 
4516 217 
4519 73 
4536 15 
4546 521 
4555 71 
4556 73 
4556 453 
4564 220 
4573 1424 
4574 1876 
4602 127 
4607 20 
4613 138 
4618 48 
4630 174 
4639 953 
4641 47 
4655 78 
4656 49 
4656 448 
4664 30 
4672 56 
4677 660 
4683 106 
4698 655 
4710 169 
4712 354 
4713 91 
4716 26 
4734 1048 
4736 36 
4740 45 
4745 464 
4746 105 
4747 23 
4750 80 
4778 245 
4792 28 
4811 70 
4812 205 
4815 34 
4824 484 
4826 47 
4833 50 
4841 125 
4873 73 
4876 128 
4882 23 
4887 86 
4887 379 
4888 65 
4892 14 
4898 132 
4900 172 
4900 44 
4903 166 
4910 151 
4916 23 
4920 317 
4933 396 
4951 354 
4956 483 
4964 90 
4967 47 
4971 41 
4991 168 
4996 76 
5002 465 
5004 100 
5009 114 
5014 39 
5014 45 
5024 92 
5024 43 
5027 5 
5033 101 
5041 236 
5044 30 
5058 138 
5067 161 
5078 32 
5079 165 
5079 108 
5086 15 
5099 557 
5103 176 
5133 207 
5134 57 
5137 35 
5146 922 
5151 61 
5165 101 
5201 55 
5202 218 
5233 8 
5236 98 
5251 43 
5253 194 
5283 244 
5284 69 
5289 99 
5295 378 
5298 21 
5327 75 
5328 46 
5328 138 
5333 392 
5347 56 
5349 46 
5353 205 
5354 278 
5356 61 
5365 72 
5411 99 
5414 129 
5417 279 
5425 181 
5429 102 
5439 79 
5460 63 
5470 175 
5474 71 
5482 96 
5494 183 
5511 74 
5523 62 
5524 122 
5544 94 
5567 42 
5568 1235 
5570 504 
5571 177 
5612 20 
5615 182 
5618 144 
5626 1337 
5637 269 
5641 146 
5651 171 
5656 90 
5660 56 
5664 23 
5680 59 
5696 4 
5729 27 
5738 336 
5746 71 
5747 151 
5758 65 
5769 118 
5781 60 
5782 66 
5797 85 
5800 120 
5810 25 
5832 172 
5855 329 
5869 72 
5869 10 
5871 332 
5875 81 
5883 25 
5885 106 
5891 36 
5891 7767 
5899 126 
5901 206 
5906 45 
5921 18 
5937 123 
5968 50 
5972 27 
5977 140 
5978 133 
5983 68 
5992 178 
5993 20 
6007 4 
6018 784 
6034 27 
6035 351 
6035 114 
6048 535 
6052 51 
6055 113 
6055 912 
6060 1670 
6067 66 
6089 341 
6092 65 
6107 119 
6111 417 
6114 493 
6127 283 
6129 93 
6133 132 
6139 40 
6140 5 
6151 1276 
6151 400 
6160 30 
6171 25 
6176 44 
6177 72 
6177 8 
6197 22 
6213 45 
6217 134 
6229 162 
6234 19 
6236 42 
6237 2599 
6246 55 
6259 41 
6284 66 
6289 230 
6319 132 
6343 54 
6345 112 
6348 83 
6362 52 
6363 73 
6376 187 
6377 55 
6393 291 
6395 84 
6404 118 
6410 125 
6416 27 
6420 370 
6443 109 
6443 47 
6450 358 
6465 5 
6468 6 
6473 9 
6484 32 
6487 904 
6493 259 
6515 67 
6530 75 
6537 8931 
6544 10 
6551 90 
6570 136 
6574 702 
6576 133 
6578 14203 
6579 110 
6582 33 
6583 27 
6588 135 
6593 44 
6603 94 
6603 107 
6604 92 
6607 24 
6608 30 
6615 753 
6630 98 
6631 107 
6632 282 
6645 39 
6673 128 
6675 26 
6676 29 
6679 25 
6691 23 
6697 34 
6702 41 
6711 41 
6737 108 
6740 23 
6758 45 
6776 30 
6778 54 
6783 3 
6815 212 
6869 1300 
6877 523 
6889 36 
6909 37 
6909 22 
6913 18 
6916 793 
6921 77 
6923 583 
6942 146 
6946 56 
6951 116 
6990 613 
7000 5 
7022 29 
7034 296 
7049 55 
7052 19 
7057 2776 
7070 136 
7078 74 
7085 490 
7086 78 
7089 110 
7103 45 
7133 85 
7147 411 
7161 44 
7166 49 
7168 197 
7178 19 
7188 266 
7191 145 
7191 59 
7202 90 
7212 96 
7212 251 
7218 20 
7226 149 
7232 5 
7254 14 
7256 71 
7264 70 
7278 176 
7293 826 
7299 50 
7302 116 
7304 28 
7312 216 
7334 149 
7339 244 
7340 409 
7355 54 
7363 2 
7364 49 
7368 26 
7377 143 
7387 95 
7391 214 
7408 114 
7417 10 
7421 216 
7423 91 
7438 182 
7440 237 
7458 461 
7460 23 
7463 88 
7470 108 
7480 332 
7487 69 
7497 3137 
7549 1269 
7556 56 
7560 66 
7570 877 
7572 22 
7602 137 
7620 26 
7631 73 
7650 47 
7655 63 
7693 171 
7704 21 
7709 40 
7733 191 
7744 73 
7745 28 
7745 340 
7748 412 
7750 93 
7753 11 
7757 471 
7763 74 
7776 438 
7785 81 
7809 702 
7812 137 
7828 83 
7839 117 
7847 96 
7853 557 
7864 622 
7873 360 
7879 112 
7880 284 
7890 96 
7909 636 
7909 46 
7918 618 
7921 48 
7933 93 
7939 101 
7940 568 
7955 40 
7955 288 
7955 889 
8019 416 
8022 44 
8039 37 
8053 54 
8066 69 
8079 320 
8103 50 
8110 42 
8114 402 
8118 193 
8131 39 
8132 525 
8166 115 
8175 37 
8180 66 
8187 186 
8190 152 
8199 15 
8249 139 
8262 125 
8276 217 
8283 151 
8283 1310 
8284 29 
8286 620 
8299 136 
8300 58 
8308 2354 
8316 41 
8316 38 
8317 1005 
8328 175 
8340 74 
8359 247 
8376 52 
8391 98 
8397 1397 
8403 160 
8408 114 
8417 104 
8418 27 
8421 71 
8422 422 
8422 388 
8422 238 
8428 63 
8445 251 
8447 73 
8468 135 
8478 424 
8481 119 
8486 207 
8487 30 
8519 65 
8531 52 
8540 258 
8540 26 
8557 41 
8558 506 
8565 4 
8566 163 
8570 83 
8575 402 
8585 316 
8599 36 
8601 7 
8613 10 
8622 13 
8628 38 
8666 40 
8699 63 
8705 167 
8709 95 
8730 434 
8730 171 
8739 1559 
8740 35 
8759 124 
8770 433 
8784 447 
8794 438 
8796 587 
8811 2682 
8822 188 
8827 796 
8847 239 
8856 9016 
8864 38 
8884 34 
8887 19 
8896 382 
8898 253 
8902 234 
8916 124 
8920 68 
8923 569 
8956 35 
8959 396 
8961 145 
8963 113 
8967 66 
8986 593 
8992 215 
8994 41 
9007 306 
9020 12 
9020 81 
9021 54 
9023 8041 
9026 96 
9036 101 
9037 267 
9052 202 
9055 79 
9059 830 
9076 67 
9085 184 
9092 75 
9095 196 
9100 297 
9117 423 
9121 32 
9130 39 
9157 24 
9161 24 
9162 150 
9184 96 
9207 94 
9239 146 
9241 14 
9252 329 
9268 112 
9277 191 
9323 48 
9335 59 
9345 108 
9346 179 
9347 88 
9364 64 
9367 155 
9370 637 
9374 496 
9404 78 
9422 125 
9440 1975 
9466 226 
9472 72 
9489 22 
9490 321 
9515 665 
9522 3225 
9537 805 
9545 157 
9560 438 
9561 905 
9579 14 
9591 1625 
9593 794 
9595 270 
9596 1061 
9606 104 
9624 170 
9640 883 
9646 159 
9668 646 
9682 96 
9696 62 
9703 39 
9720 121 
9723 168 
9734 809 
9755 77 
9756 44 
9761 119 
9765 690 
9766 180 
9798 180 
9816 77 
9822 5 
9842 178 
9845 33 
9863 91 
9877 62 
9885 147 
9910 680 
9912 130 
9943 20 
9969 168 
9971 70 
9980 410 
9994 1151 
10012 48 
10033 249 
10034 73 
10036 241 
10040 270 
10054 270 
10060 70 
10078 46 
10080 49 
10085 377 
10090 175 
10096 66 
10116 417 
10126 78 
10138 52 
10164 25 
10167 82 
10185 141 
10219 480 
10245 27 
10261 179 
10263 222 
10312 42 
10315 167 
10338 45 
10339 48 
10353 242 
10359 78 
10365 743 
10368 145 
10383 62 
10389 205 
10391 641 
10391 59 
10454 23 
10457 372 
10466 882 
10469 72 
10470 24 
10482 26 
10483 88 
10491 64 
10495 281 
10510 605 
10510 118 
10518 12 
10540 150 
10566 6 
10570 31 
10581 68 
10581 19 
10583 355 
10590 91 
10593 407 
10602 627 
10618 151 
10622 140 
10625 78 
10638 61 
10646 60 
10658 248 
10679 259 
10703 55 
10736 5143 
10737 200 
10754 305 
10755 50 
10763 56 
10770 260 
10777 5255 
10790 108 
10800 100 
10808 1055 
10812 134 
10818 1259 
10825 191 
10832 51 
10833 120 
10837 45 
10840 81 
10840 112 
10858 503 
10863 167 
10868 40 
10884 61 
10885 29 
10904 660 
10919 733 
10932 1699 
10951 73 
10972 1021 
10982 173 
10994 82 
11011 54 
11014 728 
11037 295 
11044 186 
11058 151 
11059 101 
11081 699 
11088 196 
11100 118 
11104 198 
11115 345 
11142 51 
11157 73 
11170 26 
11173 211 
11188 159 
11205 22 
11209 59 
11213 31 
11220 204 
11225 7 
11241 27 
11244 62 
11245 198 
11258 2371 
11268 200 
11298 196 
11318 147 
11320 14 
11323 40 
11330 306 
11335 215 
11339 25 
11367 26 
11405 17 
11416 291 
11424 35 
11426 45 
11428 123 
11450 291 
11485 34 
11488 20 
11510 907 
11511 43 
11520 42 
11525 97 
11533 1235 
11539 88 
11543 35 
11545 100 
11550 370 
11563 278 
11575 162 
11602 65 
11605 895 
11612 94 
11634 33 
11641 32 
11658 2728 
11668 364 
11671 211 
11675 250 
11675 256 
11684 395 
11689 827 
11722 78 
11724 124 
11730 304 
11736 4 
11741 171 
11744 215 
11763 21 
11770 256 
11814 30 
11818 67 
11843 180 
11844 810 
11855 208 
11857 531 
11873 37576 
11882 92 
11885 43 
11893 180 
11894 151 
11914 66 
11960 241 
11973 406 
11982 75 
11988 67 
11999 315 
12033 1434 
12063 47 
12064 747 
12069 342 
12080 32 
12095 35 
12099 17 
12106 406 
12142 57 
12159 29 
12162 27 
12181 174 
12191 137 
12196 362 
12212 57 
12217 62 
12219 63 
12224 693 
12258 137 
12261 214 
12277 215 
12285 171 
12288 83 
12292 179 
12303 262 
12308 121 
12314 40 
12326 122 
12341 59 
12350 31 
12382 3371 
12392 23 
12394 137 
12401 212 
12413 28 
12416 63524 
12436 2340 
12438 238 
12443 109 
12488 22 
12493 703 
12500 578 
12500 80 
12503 52 
12504 3 
12510 26 
12523 310 
12526 38 
12527 10 
12535 137 
12552 294 
12573 67 
12579 184 
12595 143 
12601 374 
12630 150 
12636 235 
12653 5202 
12677 130 
12683 73 
12707 1017 
12711 74 
12733 3 
12748 381 
12782 707 
12788 40 
12822 25 
12836 394 
12844 10754 
12845 871 
12874 853 
12884 94 
12888 66 
12916 243 
12939 536 
12960 5434 
13017 127 
13023 66 
13035 29 
13037 61 
13052 558 
13054 103 
13106 27 
13117 253 
13134 162 
13143 69 
13163 30 
13177 788 
13193 1219 
13194 44 
13226 25 
13232 191 
13238 203 
13239 107 
13247 34 
13262 58 
13267 2018 
13272 10 
13280 166 
13291 12 
13294 62 
13301 139 
13302 487 
13303 97 
13310 52 
13312 58 
13332 160 
13333 10 
13340 25 
13343 109 
13345 265 
13345 305 
13356 32 
13358 7 
13375 3 
13384 123 
13393 331 
13416 94 
13423 371 
13430 33 
13446 58 
13459 314 
13462 22 
13474 460 
13493 29 
13493 249 
13512 103 
13545 99 
13564 111 
13604 9 
13604 117 
13622 125 
13635 395 
13665 655 
13690 211 
13716 198 
13752 294 
13767 194 
13783 45 
13829 74 
13846 411 
13870 475 
13873 30 
13892 57 
13909 65 
13916 146 
13949 384 
14007 44 
14018 10 
14044 16 
14045 62 
14056 115 
14064 433 
14082 193 
14097 18 
14099 10 
14107 0 
14148 25 
14163 141 
14169 210 
14174 153 
14201 81 
14221 704 
14229 11 
14267 229 
14270 121 
14301 1155 
14309 344 
14311 65 
14322 200 
14350 244 
14422 491 
14427 1531 
14429 149 
14436 215 
14439 294 
14449 58 
14453 44 
14481 182 
14509 120 
14524 264 
14566 163 
14621 98 
14622 22 
14648 479 
14654 454 
14672 528 
14688 161 
14691 14 
14705 175 
14707 236 
14718 412 
14728 143 
14752 174 
14809 153 
14814 576 
14815 135 
14822 185 
14825 80 
14833 93 
14834 21 
14850 73 
14863 459 
14926 29 
14933 2532 
14974 13 
15008 155 
15015 1976 
15041 333 
15041 316 
15047 40 
15052 87 
15104 153 
15109 53 
15126 227 
15132 489 
15142 358 
15147 97 
15178 2139 
15180 28 
15185 59 
15194 22 
15204 10 
15216 1236 
15223 120 
15224 159 
15232 14 
15246 526 
15253 49 
15259 119 
15269 72 
15283 35 
15296 801 
15303 87 
15334 19 
15345 0 
15345 68 
15346 137 
15350 77 
15354 36 
15358 184 
15385 1466 
15401 285 
15413 350 
15418 72 
15422 366 
15423 88 
15423 169 
15431 52 
15432 103 
15434 720 
15446 83 
15454 168 
15476 32 
15478 668 
15480 61 
15510 28 
15522 445 
15536 439 
15554 78 
15562 29 
15574 42 
15578 289 
15591 370 
15603 154 
15640 164 
15667 338 
15673 117 
15674 1033 
15687 1505 
15689 18 
15689 66 
15697 40 
15703 23 
15708 36 
15713 99 
15719 106 
15727 151 
15728 205 
15741 24 
15742 38 
15748 123 
15757 138 
15769 35 
15770 118 
15775 79 
15834 4557 
15848 88 
15848 90 
15851 67 
15851 80 
15866 176 
15880 86 
15918 34 
15944 62 
15955 120 
15982 48 
15988 78 
16010 131 
16010 131 
16027 227 
16027 227 
16038 183 
16038 183 
16044 256 
16044 256 
16049 68 
16049 68 
16163 10 
16178 20 
16188 33 
16199 233 
16222 355 
16232 16 
16232 27 
16236 179 
16245 200 
16246 138 
16256 117 
16267 683 
16282 170 
16286 188 
16296 13 
16299 178 
16304 116 
16309 30 
16314 194 
16335 23 
16343 211 
16347 203 
16351 897 
16385 49 
16404 169 
16411 379 
16413 56 
16413 536 
16415 72 
16416 472 
16425 256 
16438 86 
16466 144 
16468 362 
16500 85 
16500 182 
16518 20 
16550 22 
16556 48 
16564 809 
16575 160 
16600 236 
16618 124 
16625 66 
16631 153 
16634 106 
16658 33 
16659 127 
16689 46 
16710 522 
16710 675 
16711 161 
16714 171 
16727 18 
16753 50 
16759 16 
16761 21 
16762 154 
16778 102 
16784 96 
16805 45 
16844 84 
16852 1070 
16862 163 
16862 304 
16863 116 
16866 124 
16902 4 
16902 197 
16909 51 
16910 323 
16917 289 
16931 91 
16958 70 
16965 155 
16976 101 
16979 147 
16987 1203 
16995 478 
17007 3 
17037 335 
17039 104 
17052 60 
17098 70 
17106 149 
17117 96 
17117 51 
17133 10 
17152 69 
17162 9 
17170 378 
17171 36 
17198 148 
17203 272 
17205 152 
17227 117 
17244 26 
17284 104 
17310 35 
17313 21 
17314 198 
17333 312 
17336 975 
17386 46 
17399 170 
17414 16 
17427 658 
17436 955 
17437 6 
17448 717 
17463 656 
17482 612 
17489 9402 
17497 85 
17499 639 
17519 158 
17545 135 
17575 434 
17575 549 
17592 6 
17592 403 
17599 52 
17623 61 
17666 318 
17711 79 
17718 59 
17727 2 
17733 117 
17735 519 
17748 217 
17752 123 
17783 34 
17783 307 
17784 519 
17788 188 
17815 488 
17854 17 
17860 523 
17866 9 
17884 81 
17888 61 
17899 18 
17905 20 
17910 214 
17916 171 
17942 345 
17950 19 
17955 222 
17967 31 
17972 443 
17984 126 
17986 134 
17999 91 
18013 213 
18035 135 
18050 24 
18053 1379 
18057 104 
18062 41 
18070 114 
18076 1147 
18099 245 
18106 194 
18112 6 
18118 458 
18123 14 
18133 39 
18144 50 
18174 267 
18181 3 
18196 158 
18217 46 
18228 143 
18228 21 
18232 123 
18234 98 
18257 114 
18269 335 
18280 473 
18285 348 
18305 16 
18306 1113 
18325 375 
18345 177 
18366 637 
18367 187 
18370 65 
18383 20 
18399 183 
18405 64 
18413 221 
18440 413 
18457 60 
18458 224 
18464 76 
18472 68 
18480 1029 
18484 22 
18493 6 
18500 48 
18547 13 
18552 139 
18556 74 
18560 135 
18566 18 
18566 230 
18576 1010 
18591 187 
18592 779 
18601 54 
18603 523 
18661 21 
18671 25 
18676 187 
18681 180 
18703 151 
18710 161 
18712 357 
18722 18 
18728 214 
18730 222 
18760 75 
18763 24 
18780 6 
18788 121 
18836 130 
18849 15 
18886 52 
18893 133 
18897 31 
18903 2 
18904 62 
18912 231 
18930 140 
18955 356 
18957 74 
18968 163 
18990 18 
18999 21 
19015 14 
19038 165 
19043 49 
19056 50 
19062 209 
19064 327 
19102 30 
19114 57 
19122 131 
19128 49 
19142 16 
19184 78 
19185 137 
19188 28 
19220 64 
19229 151 
19230 2219 
19246 149 
19255 130 
19269 223 
19272 100 
19272 239 
19273 173 
19276 125 
19303 74 
19313 433 
19340 56 
19344 453 
19356 170 
19356 19 
19367 2 
19374 95 
19381 14 
19389 45 
19417 58 
19431 62 
19448 673 
19481 62 
19485 915 
19500 90 
19505 837 
19529 53 
19534 36 
19568 6 
19568 36 
19569 45 
19584 128 
19592 240 
19592 12 
19595 103 
19604 33 
19605 15 
19605 52 
19616 26 
19628 284 
19644 5 
19689 425 
19690 6 
19695 25 
19699 110 
19701 81 
19720 859 
19728 81 
19734 125 
19759 34 
19764 67 
19776 69 
19778 398 
19790 94 
19793 243 
19794 11 
19796 361 
19800 662 
19812 55 
19813 277 
19814 262 
19829 531 
19839 666 
19860 330 
19862 118 
19885 97 
19887 297 
19911 90 
19914 157 
19922 27 
19937 35 
19940 70 
19947 104 
19955 68 
19970 117 
19999 24 
20027 115 
20046 184 
20057 74 
20063 511 
20066 113 
20066 35 
20068 458 
20082 97 
20082 18 
20092 45 
20094 31 
20102 172 
20126 202 
20127 27 
20142 481 
20148 178 
20148 162 
20156 217 
20161 251 
20173 257 
20198 28 
20209 57 
20219 27 
20220 14 
20229 415 
20233 261 
20257 33 
20260 191 
20278 297 
20278 3939 
20297 127 
20314 236 
20342 686 
20374 495 
20375 83 
20378 511 
20387 55 
20413 12 
20440 63 
20446 121 
20460 13 
20502 620 
20542 67 
20558 124 
20562 4 
20565 25 
20642 87 
20658 21 
20685 184 
20703 196 
20713 567 
20721 1242 
20723 10 
20729 1022 
20742 387 
20755 27 
20760 93 
20768 103 
20780 75 
20825 26 
20844 187 
20847 63 
20855 26 
20869 19 
20885 40 
20894 24 
20895 32 
20905 703 
20916 64 
20937 12 
20951 229 
20981 39 
20997 250 
21006 91 
21031 39 
21037 583 
21042 45 
21093 244 
21093 64 
21108 235 
21114 631 
21115 178 
21118 370 
21128 114 
21144 62 
21150 95 
21165 296 
21193 32 
21207 73 
21213 232 
21225 424 
21227 222 
21235 30 
21295 371 
21295 16 
21312 110 
21321 69 
21331 52 
21332 96 
21379 196 
21402 30 
21405 449 
21416 333 
21433 7 
21445 3542 
21451 43 
21452 62 
21454 2259 
21465 160 
21537 26 
21547 29 
21553 272 
21573 279 
21582 18 
21613 38 
21640 16 
21670 23 
21722 231 
21731 23 
21736 18 
21753 851 
21761 249 
21764 70 
21784 375 
21801 21 
21808 24 
21810 11 
21853 445 
21856 170 
21860 81 
21864 89 
21881 56 
21904 38 
21912 59 
21923 47 
21929 121 
21952 3768 
21956 183 
21961 54 
21977 78 
21980 349 
21988 765 
21989 389 
22009 47 
22009 112 
22030 22 
22050 62 
22056 53 
22066 4 
22091 60 
22095 175 
22097 11 
22104 65 
22122 197 
22124 398 
22162 72 
22173 58 
22189 4 
22204 267 
22213 130 
22232 330 
22233 234 
22236 10 
22247 11 
22255 70 
22255 113 
22267 16 
22307 37 
22325 246 
22338 78 
22360 217 
22377 723 
22390 65 
22391 42 
22394 431 
22465 77 
22479 609 
22510 16 
22515 218 
22520 97 
22526 50 
22535 268 
22556 53 
22567 72 
22578 704 
22583 134 
22614 470 
22614 621 
22615 435 
22634 411 
22637 86 
22643 925 
22788 35 
22803 44 
22813 221 
22821 304 
22827 131 
22859 135 
22873 48 
22928 24 
22933 162 
22953 3 
22967 304 
22975 365 
22976 262 
22979 101 
22986 116 
22986 54 
22999 2 
23012 603 
23016 92 
23016 781 
23024 148 
23042 193 
23050 90 
23074 61 
23106 644 
23112 117 
23112 37 
23115 225 
23140 74 
23149 50 
23158 2326 
23182 164 
23193 6 
23196 215 
23210 91 
23215 1459 
23240 128 
23256 1029 
23274 89 
23274 93 
23289 397 
23291 831 
23305 96 
23330 86 
23343 32 
23366 86 
23391 76 
23395 118 
23403 44 
23424 3276 
23431 29 
23445 255 
23453 1311 
23481 510 
23493 143 
23516 320 
23525 343 
23534 12 
23543 46 
23545 90 
23549 76 
23567 82 
23583 371 
23591 2 
23592 55 
23615 51 
23640 7229 
23671 99 
23690 171 
23700 106 
23714 59 
23721 156 
23741 185 
23772 46 
23775 92 
23848 90 
23856 231 
23862 62 
23864 75 
23877 163 
23923 37 
23941 37 
23956 65 
23962 108 
23976 13 
23978 32 
23986 156 
23990 46 
24007 562 
24018 55 
24026 219 
24043 1514 
24046 316 
24049 228 
24063 19 
24066 102 
24083 198 
24118 1100 
24138 129 
24148 384 
24164 9 
24180 329 
24197 34 
24200 31 
24235 82 
24253 16 
24286 121 
24289 65 
24294 2413 
24297 144 
24328 76 
24374 35 
24404 33 
24419 429 
24426 112 
24441 40 
24441 54 
24464 18 
24469 40 
24491 60 
24520 525 
24524 124 
24537 77 
24555 39 
24585 251 
24597 117 
24601 5 
24618 245 
24625 99 
24640 1 
24645 847 
24655 4772 
24656 46 
24669 184 
24687 357 
24702 39 
24710 33 
24732 38 
24738 98 
24821 47 
24833 59 
24895 33 
24977 48 
24988 49 
25000 659 
25018 52 
25036 14 
25056 15 
25057 263 
25070 2544 
25074 9 
25077 37 
25130 182 
25151 53 
25201 59 
25222 9 
25229 25 
25241 219 
25285 30 
25370 43 
25388 139 
25390 311 
25449 235 
25454 105 
25473 489 
25495 797 
25496 58 
25503 238 
25507 20 
25548 29 
25588 415 
25617 23 
25630 44 
25635 98 
25669 107 
25675 68 
25719 34 
25731 40 
25746 16 
25749 212 
25758 745 
25771 152 
25779 126 
25791 236 
25806 232 
25853 1039 
25873 343 
25880 2769 
25885 4 
25902 321 
25911 32 
25946 125 
25947 135 
25954 158 
25985 62 
26020 45 
26026 620 
26050 25 
26070 39 
26081 26 
26084 41 
26104 35 
26107 78 
26111 57 
26114 274 
26117 69 
26119 10 
26127 77 
26131 33 
26138 0 
26140 76 
26168 48 
26183 215 
26211 33 
26215 72 
26233 113 
26252 20 
26254 32 
26282 29 
26303 5 
26307 226 
26308 47 
26313 53 
26318 37 
26339 101 
26353 48 
26435 84 
26439 832 
26467 159 
26483 180 
26512 130 
26513 43 
26537 56 
26549 22 
26563 16 
26597 44 
26597 22 
26624 17 
26639 137 
26671 285 
26684 41 
26685 296 
26717 34 
26729 82 
26747 91 
26751 16 
26767 974 
26814 43 
26826 23 
26829 94 
26854 417 
26869 1180 
26904 6 
26911 31 
26916 55 
26933 33 
26943 49 
26956 469 
26974 1767 
26979 119 
27003 6015 
27009 27 
27012 220 
27026 378 
27026 160 
27030 41 
27038 15 
27068 7 
27087 76 
27108 54 
27108 929 
27123 62 
27149 33 
27170 44 
27170 1 
27180 33 
27199 184 
27201 353 
27204 31 
27245 175 
27255 7 
27274 56 
27315 67 
27328 387 
27331 382 
27339 61 
27341 230 
27344 27 
27372 1 
27386 56 
27458 254 
27488 4 
27489 11 
27511 3 
27538 40 
27547 181 
27549 81 
27571 36 
27583 638 
27592 31 
27606 30 
27630 70 
27633 100 
27634 26 
27652 61 
27674 30 
27685 60 
27701 69 
27703 87 
27744 149 
27747 135 
27772 83 
27827 56 
27844 42 
27851 64 
27869 257 
27880 77 
27889 86 
27896 221 
27955 39 
27957 212 
27982 33 
27983 70 
27990 86 
28024 708 
28029 372 
28064 62 
28075 107 
28145 65 
28230 385 
28251 290 
28261 171 
28273 47 
28291 235 
28300 213 
28308 599 
28313 194 
28354 1802 
28356 95 
28371 103 
28373 104 
28390 2 
28391 230 
28396 37 
28402 25 
28414 29 
28440 27 
28451 53 
28454 85 
28487 340 
28500 224 
28504 136 
28516 550 
28518 118 
28527 1846 
28543 742 
28554 17 
28611 274 
28619 169 
28637 5 
28644 30 
28664 111 
28678 15 
28708 286 
28708 324 
28741 13 
28786 96 
28816 169 
28839 389 
28844 355 
28854 31 
28871 254 
28915 270 
28931 3 
28954 55 
28967 29 
29029 347 
29051 83 
29093 31 
29093 151 
29099 94 
29125 42 
29142 36 
29168 16 
29170 120 
29175 44 
29223 130 
29247 179 
29260 57 
29283 254 
29288 389 
29316 98 
29338 205 
29366 3916 
29378 96 
29382 278 
29383 125 
29428 6 
29430 16 
29440 110 
29444 115 
29446 53 
29465 654 
29472 12 
29490 60 
29510 252 
29536 29 
29560 18 
29570 1945 
29574 74 
29576 32 
29656 243 
29683 165 
29744 97 
29747 6 
29753 55 
29761 89 
29776 22 
29807 58 
29811 144 
29819 20 
29826 388 
29829 47 
29851 4023 
29852 165 
29853 1477 
29906 8 
29928 1268 
29928 12 
29948 268 
29959 67 
29962 7352 
29964 37 
30022 2173 
30045 528 
30050 5 
30081 20 
30093 218 
30118 28 
30152 142 
30155 717 
30166 166 
30193 477 
30196 140 
30216 32 
30243 63 
30283 65 
30295 244 
30296 78 
30297 234 
30301 281 
30320 89 
30322 57 
30334 44 
30342 18 
30346 352 
30368 42 
30414 294 
30415 150 
30417 193 
30420 129 
30423 60 
30443 40 
30446 52 
30450 156 
30468 15 
30498 63 
30499 59 
30527 78 
30528 47 
30532 108 
30548 6 
30550 130 
30611 75 
30615 31 
30616 57 
30628 422 
30680 73 
30709 38 
30712 85 
30716 21 
30722 381 
30738 44 
30746 35 
30757 111 
30774 16 
30790 74 
30793 59 
30803 598 
30808 27 
30828 39 
30858 47 
30886 3 
30889 14 
30920 841 
30927 29 
30934 72 
30945 120 
30946 87 
30957 136 
30959 173 
30974 146 
30989 124 
30992 35 
31050 19 
31056 19 
31085 4 
31093 282 
31110 3 
31124 4 
31170 37 
31179 651 
31190 108 
31256 102 
31274 46 
31309 224 
31354 36 
31394 29 
31395 453 
31406 72 
31447 139 
31447 139 
31448 60 
31448 60 
31475 36 
31475 36 
31520 15 
31520 15 
31523 54 
31523 54 
31526 12 
31538 15 
31541 80 
31568 16 
31577 21 
31577 38 
31589 80 
31595 248 
31626 239 
31629 46 
31666 44 
31701 48 
31713 390 
31728 244 
31747 10 
31768 11 
31773 215 
31787 492 
31834 483 
31838 123 
31861 66 
31885 213 
31885 301 
31910 11 
31929 600 
31936 228 
31990 103 
31995 58 
31998 55 
32008 241 
32012 60 
32036 74 
32040 7 
32053 40 
32081 113 
32132 257 
32153 188 
32183 19 
32216 48 
32225 16 
32249 15 
32256 73 
32261 8 
32277 1086 
32279 11 
32287 17 
32299 94 
32318 16 
32337 1115 
32343 6 
32376 925 
32390 189 
32396 211 
32402 153 
32414 281 
32423 30 
32442 214 
32481 165 
32493 26 
32501 81 
32511 292 
32526 15 
32533 48 
32535 10 
32540 7 
32547 683 
32554 72 
32576 40 
32583 33 
32594 208 
32598 23 
32606 307 
32613 24 
32634 754 
32643 1420 
32679 90 
32684 135 
32755 423 
32765 172 
32779 47 
32788 30 
32799 163 
32844 2 
32846 90 
32846 143 
32864 191 
32941 15 
32942 68 
32963 208 
32975 107 
32998 74 
33013 92 
33043 82 
33055 301 
33055 446 
33059 56 
33072 58 
33081 15 
33118 846 
33145 185 
33158 57 
33158 40 
33229 12 
33238 9 
33240 184 
33293 60 
33312 127 
33333 8 
33345 276 
33358 155 
33380 77 
33390 85 
33391 103 
33399 71 
33419 11 
33423 210 
33427 285 
33443 5 
33447 15 
33479 5 
33482 44 
33495 33 
33505 188 
33521 28 
33522 4 
33529 541 
33530 4 
33536 545 
33537 30 
33548 1161 
33571 12 
33574 8 
33576 19 
33583 192 
33605 508 
33627 232 
33631 631 
33632 712 
33633 84 
33655 188 
33673 266 
33815 2683 
33825 10 
33832 139 
33834 43 
33845 6 
33856 26 
33857 46 
33891 115 
33910 34 
33959 181 
33978 666 
33980 114 
33984 252 
33995 145 
34009 490 
34031 58 
34069 206 
34070 70 
34073 254 
34093 54 
34112 61 
34123 35 
34127 85 
34130 19 
34171 28 
34254 4 
34257 18 
34296 31 
34299 2 
34353 63 
34363 651 
34379 201 
34440 25 
34442 101 
34443 59 
34446 28 
34448 117 
34500 102 
34519 344 
34519 686 
34520 60 
34604 148 
34606 97 
34628 135 
34635 112 
34635 20 
34653 44 
34656 46 
34676 11 
34685 0 
34691 571 
34695 106 
34718 824 
34735 337 
34762 80 
34773 130 
34780 141 
34782 430 
34844 32 
34865 16 
34874 29 
34882 145 
34913 8 
34917 45 
34928 694 
34934 604 
34959 52 
34962 109 
34965 47 
35005 174 
35024 7 
35029 124 
35063 54 
35064 8 
35093 120 
35099 128 
35132 229 
35159 172 
35191 141 
35193 96 
35213 292 
35225 40 
35254 9 
35275 428 
35308 196 
35318 203 
35320 27 
35325 31 
35327 18 
35327 7 
35338 192 
35353 25 
35368 473 
35417 1543 
35427 84 
35437 22 
35452 25 
35452 18 
35456 141 
35493 48 
35496 146 
35502 129 
35507 90 
35519 181 
35534 116 
35536 49 
35555 34 
35574 205 
35584 367 
35608 70 
35637 73 
35638 103 
35641 54 
35642 128 
35660 66 
35666 21 
35668 153 
35674 47 
35683 114 
35694 70 
35706 34 
35712 519 
35720 34 
35723 58 
35730 1005 
35753 99 
35758 141 
35768 283 
35774 41 
35775 126 
35796 25 
35797 64 
35818 72 
35828 581 
35839 11 
35880 112 
35886 148 
35889 164 
35897 129 
35899 97 
35908 97 
35939 34 
35968 28 
35977 42 
35997 575 
36010 288 
36042 50 
36057 152 
36063 61 
36110 91 
36111 24 
36133 58 
36138 29 
36141 14 
36178 28 
36178 28 
36180 3328 
36188 17 
36225 68 
36237 27 
36243 155 
36252 39 
36252 41 
36282 50 
36302 94 
36303 24 
36307 13 
36314 39 
36366 17 
36369 90 
36392 115 
36393 28 
36409 43 
36416 341 
36418 151 
36423 1 
36435 49 
36443 2 
36454 116 
36456 153 
36457 185 
36464 125 
36464 86 
36514 775 
36521 224 
36536 139 
36547 25 
36559 36 
36574 7 
36602 1048 
36606 95 
36629 104 
36642 7 
36656 633 
36679 171 
36685 177 
36701 26 
36709 931 
36716 1612 
36726 27 
36737 36 
36739 267 
36740 101 
36743 15 
36751 206 
36758 237 
36771 47 
36776 409 
36802 25 
36802 22 
36809 5 
36824 65 
36830 0 
36836 120 
36839 39 
36856 21 
36857 166 
36866 21 
36874 22 
36885 909 
36903 47 
36973 21 
36979 92 
36984 37 
36987 83 
36998 26 
37032 36 
37042 167 
37057 116 
37065 218 
37094 825 
37095 44 
37099 54 
37100 1423 
37108 26 
37113 14 
37129 54 
37131 12 
37159 65 
37169 106 
37209 132 
37218 31 
37232 149 
37233 45 
37249 64 
37258 17 
37261 232 
37276 1271 
37278 109 
37293 106 
37300 22 
37302 241 
37310 393 
37321 666 
37338 90 
37368 72 
37370 32 
37380 107 
37412 176 
37449 21 
37475 46 
37488 19 
37491 4219 
37493 128 
37499 71 
37504 553 
37510 287 
37513 478 
37531 21 
37538 291 
37547 73 
37550 6 
37559 113 
37581 59 
37593 136 
37613 233 
37619 111 
37632 185 
37643 27 
37656 41 
37658 29 
37665 280 
37674 11 
37712 180 
37717 802 
37726 24 
37734 231 
37754 63 
37755 363 
37757 39 
37760 21 
37771 44 
37784 523 
37811 251 
37813 211 
37814 198 
37814 910 
37814 77 
37820 72 
37828 882 
37831 200 
37844 47 
37846 172 
37886 178 
37894 91 
37922 801 
37922 109 
37922 73 
37926 163 
37930 12 
37943 24 
37960 48 
37962 5997 
37963 44 
37964 138 
37975 74 
37997 98 
38001 101 
38003 1 
38017 169 
38021 40 
38035 38 
38075 469 
38077 40 
38096 134 
38148 276 
38149 70 
38156 24 
38188 211 
38197 147 
38206 149 
38209 65 
38221 187 
38231 15 
38241 180 
38244 35 
38251 175 
38271 51 
38290 106 
38298 157 
38308 7 
38336 108 
38346 247 
38350 57 
38361 43 
38361 44 
38370 362 
38379 65 
38411 43 
38419 27 
38429 90 
38434 52 
38515 111 
38516 43 
38520 46 
38549 118 
38577 86 
38578 81 
38624 46 
38624 125 
38637 63 
38637 266 
38671 38 
38673 50 
38676 17 
38677 24 
38682 73 
38684 72 
38690 1037 
38709 83 
38728 59 
38732 225 
38740 155 
38751 62 
38780 192 
38801 40 
38825 157 
38826 150 
38828 107 
38836 75 
38863 28 
38876 76 
38882 67 
38883 142 
38891 149 
38899 338 
38906 763 
38906 38 
38907 6 
38921 663 
38925 91 
38933 131 
38945 61 
38957 314 
38966 38 
38978 139 
39007 761 
39015 76 
39017 1 
39018 115 
39019 183 
39048 135 
39060 18 
39062 205 
39099 102 
39099 68 
39101 102 
39103 86 
39106 374 
39114 70 
39134 22 
39145 31 
39146 395 
39159 41 
39164 73 
39169 255 
39194 139 
39237 658 
39255 47 
39287 315 
39309 16 
39325 32 
39342 2 
39346 88 
39348 20 
39358 203 
39381 32 
39391 909 
39397 343 
39403 263 
39426 77 
39435 380 
39440 72 
39442 214 
39444 128 
39481 346 
39483 54 
39489 11 
39489 65 
39499 349 
39504 84 
39530 82 
39530 57 
39530 41 
39539 493 
39547 177 
39555 213 
39583 83 
39584 394 
39590 1865 
39596 39 
39634 102 
39635 62 
39640 43 
39656 263 
39668 13 
39679 62 
39693 35 
39696 163 
39705 1095 
39709 67 
39710 1694 
39713 181 
39716 51926 
39724 41 
39728 17 
39733 141 
39753 846 
39753 112 
39759 585 
39759 7 
39777 30 
39786 192 
39788 237 
39795 558 
39803 90 
39815 146 
39825 2 
39844 765 
39848 29 
39857 121 
39866 14 
39868 134 
39873 694 
39878 357 
39882 565 
39885 12 
39889 137 
39905 46 
39914 74 
39918 119 
39928 156 
39953 43 
39981 63 
39983 139 
40000 174 
40002 15 
40013 36 
40035 31 
40040 45 
40041 408 
40044 40 
40044 57 
40078 64 
40089 82 
40113 47 
40142 13 
40147 21 
40155 128 
40173 144 
40184 445 
40188 308 
40211 68 
40220 288 
40247 29 
40256 709 
40258 69 
40259 30 
40280 95 
40290 973 
40328 64 
40344 193 
40358 77 
40366 110 
40385 431 
40388 237 
40390 82 
40394 357 
40395 41 
40422 20 
40427 504 
40428 114 
40450 11 
40478 21 
40478 42 
40478 13 
40493 213 
40520 213 
40522 120 
40542 42 
40543 127 
40549 115 
40561 108 
40564 400 
40567 138 
40581 444 
40582 291 
40585 371 
40614 154 
40620 53 
40626 4 
40629 313 
40663 84 
40668 23 
40670 31 
40709 36 
40710 35 
40726 88 
40741 65 
40757 159 
40764 70 
40780 48 
40781 103 
40784 75 
40823 354 
40837 84 
40842 329 
40847 117 
40852 131 
40894 139 
40915 35 
40952 916 
40953 504 
40954 57 
40958 12 
40971 40 
40982 206 
40991 408 
40992 90 
40993 77 
41006 12 
41012 8 
41019 76 
41035 557 
41041 16 
41047 89 
41050 208 
41080 217 
41081 265 
41109 70 
41112 115 
41117 5916 
41125 54 
41154 72 
41175 165 
41177 106 
41188 76 
41190 442 
41192 276 
41194 30 
41212 49 
41245 41 
41246 76 
41256 58 
41258 18 
41268 93 
41280 0 
41290 19 
41290 61 
41300 161 
41301 354 
41329 1081 
41337 105 
41349 463 
41358 912 
41360 68 
41385 926 
41387 37 
41391 10 
41392 68 
41395 13 
41399 79 
41410 5 
41434 49 
41443 239 
41467 144 
41474 41 
41484 17 
41500 83 
41501 142 
41508 356 
41511 112 
41528 31 
41544 46 
41547 71 
41553 669 
41555 1610 
41574 148 
41602 6 
41610 58 
41619 391 
41622 371 
41629 1426 
41647 66 
41647 73 
41656 50 
41659 249 
41704 32 
41711 860 
41712 78 
41752 112 
41765 97 
41767 164 
41785 412 
41795 36 
41812 81 
41819 78 
41834 79 
41837 52 
41839 47 
41863 121 
41881 128 
41883 148 
41884 30 
41885 1567 
41886 39 
41891 60 
41899 628 
41907 45 
41917 15 
41918 209 
41918 6 
41935 198 
41937 51 
41941 78 
41951 267 
41960 35 
41964 103 
41981 2 
41993 33 
41993 222 
42017 75 
42018 79 
42019 11 
42052 207 
42064 64 
42088 61 
42108 27 
42124 939 
42168 53 
42170 291 
42175 244 
42186 134 
42190 142 
42205 120 
42230 54 
42276 60 
42301 333 
42326 269 
42338 32 
42343 3653 
42346 231 
42359 54 
42360 30 
42362 126 
42374 604 
42391 225 
42399 226 
42409 5116 
42411 127 
42420 31 
42421 167 
42439 39 
42441 162 
42441 66 
42447 111 
42448 177 
42455 12 
42469 57 
42492 25 
42494 151 
42497 14 
42530 1020 
42531 186 
42554 269 
42558 6 
42587 14 
42672 86 
42679 103 
42716 84 
42765 43 
42770 46 
42781 34 
42783 94 
42787 54 
42790 416 
42805 141 
42838 73 
42850 35 
42868 78 
42869 656 
42878 2196 
42886 48581 
42907 199 
42907 325 
42918 216 
42931 130 
42970 4 
42985 290 
43001 152 
43002 714 
43038 19 
43042 6 
43042 8338 
43053 700 
43056 7 
43070 349 
43075 384 
43086 482 
43101 50 
43102 10 
43103 326 
43111 106 
43138 10 
43158 20 
43164 85 
43165 2068 
43185 11 
43197 107 
43221 213 
43224 58 
43225 559 
43241 20 
43247 27 
43256 206 
43261 80 
43271 88 
43283 384 
43298 1048 
43299 14 
43311 50 
43311 307 
43325 347 
43332 319 
43359 58 
43410 242 
43413 78 
43417 29 
43417 101 
43445 112 
43450 164 
43455 890 
43460 292 
43474 106 
43476 74 
43478 225 
43508 379 
43509 194 
43522 25 
43565 139 
43569 124 
43572 100 
43572 100 
43599 15 
43605 151 
43605 74 
43614 43 
43628 13 
43630 86 
43632 93 
43664 28 
43669 35 
43687 17 
43693 46 
43702 280 
43711 76 
43731 133 
43748 10 
43756 56 
43770 147 
43792 58 
43839 24 
43855 72 
43857 16089 
43873 70 
43873 52 
43883 119 
43884 227 
43887 120 
43894 247 
43894 56 
43897 321 
43899 249 
43919 467 
43926 72 
43930 382 
43942 35 
43964 34 
43967 39 
43986 11 
43993 189 
44000 147 
44008 79 
44010 129 
44027 67 
44043 2 
44086 211 
44086 11 
44094 401 
44120 14 
44144 35 
44145 105 
44145 655 
44157 45 
44164 156 
44199 39 
44205 51 
44206 292 
44227 395 
44232 594 
44252 18 
44258 35 
44262 129 
44263 143 
44280 191 
44290 237 
44306 18 
44309 27 
44322 38 
44334 299 
44349 96 
44352 169 
44355 169 
44376 141 
44382 216 
44382 7 
44427 42 
44430 47 
44439 447 
44441 1994 
44443 110 
44443 40 
44471 5 
44471 10137 
44476 284 
44484 605 
44487 6 
44507 11 
44515 24 
44515 186 
44529 20 
44530 55 
44558 1239 
44561 130 
44563 39 
44580 847 
44581 1449 
44582 45 
44584 133 
44589 14801 
44593 133 
44632 25 
44639 27 
44648 702 
44668 267 
44686 67 
44714 16 
44715 64 
44727 24 
44751 5315 
44752 149 
44761 69 
44762 50 
44770 138 
44776 133 
44806 9 
44816 82 
44846 13 
44847 1016 
44856 18 
44857 372 
44864 33 
44865 308 
44880 190 
44909 204 
44909 293 
44916 300 
44917 26 
44921 239 
44930 19 
44931 1058 
44955 397 
44963 1558 
44963 23 
44969 49 
44972 43 
44981 64 
44984 85 
45017 722 
45018 63 
45018 28 
45021 920 
45027 30 
45047 80 
45057 68 
45059 35 
45059 89 
45062 461 
45068 57 
45076 9 
45077 96 
45081 65 
45085 21 
45094 85 
45114 35 
45121 70 
45130 1718 
45144 6 
45155 285 
45173 86 
45204 80 
45234 152 
45236 171 
45239 48 
45243 251 
45270 292 
45291 16 
45307 516 
45309 117 
45311 41 
45323 79 
45332 14042 
45338 75 
45339 217 
45340 42 
45345 17 
45358 164 
45366 49 
45367 32 
45371 50 
45376 48 
45378 212 
45381 66 
45389 138 
45410 33 
45414 81 
45418 6194 
45427 351 
45428 167 
45428 48 
45459 284 
45502 217 
45509 328 
45534 17 
45535 68 
45536 114 
45571 19 
45575 46 
45578 74 
45596 62 
45601 33 
45619 69 
45623 121 
45633 19 
45636 111 
45646 124 
45647 36 
45670 19 
45671 38 
45730 30 
45733 18 
45736 24 
45746 71 
45749 139 
45750 98 
45754 178 
45762 342 
45780 125 
45799 2392 
45808 78 
45840 135 
45843 81 
45864 207 
45901 12 
45961 76 
45962 66 
45963 70 
45968 145 
46002 46 
46023 92 
46026 105 
46027 88 
46037 7 
46045 4404 
46049 283 
46063 77 
46068 113 
46073 52 
46081 77 
46128 626 
46129 208 
46132 21 
46145 19 
46159 162 
46206 68 
46234 28 
46261 307 
46281 18 
46285 26 
46328 70 
46359 179 
46365 111 
46382 40 
46392 72 
46394 59 
46422 185 
46436 108 
46448 101 
46456 4 
46475 683 
46482 33 
46499 33 
46544 276 
46578 85 
46581 168 
46592 8 
46610 45 
46620 9 
46637 136 
46648 45 
46657 58 
46680 37 
46686 190 
46697 435 
46716 352 
46736 37 
46737 73 
46777 40 
46777 40 
46814 149 
46814 149 
46819 326 
46819 326 
46895 13978 
46903 61 
46914 31 
46979 598 
47005 92 
47014 215 
47048 32 
47060 181 
47099 4 
47140 2527 
47159 78 
47167 113 
47172 72 
47181 86 
47190 481 
47209 53 
47219 74 
47239 64 
47248 82 
47282 147 
47324 117 
47349 30 
47390 116 
47406 81 
47412 72 
47438 52 
47438 96 
47522 86 
47570 141 
47575 96 
47584 14 
47646 4 
47651 295 
47664 42 
47664 18 
47700 731 
47721 138 
47735 13 
47769 19 
47787 59 
47794 29 
47797 75 
47850 112 
47885 144 
47890 224 
47891 199 
47892 291 
47900 46 
47951 112 
47970 86 
48013 66 
48028 857 
48033 93 
48036 18 
48130 17 
48136 60 
48136 73 
48151 411 
48193 9 
48196 140 
48244 74 
48244 23 
48262 337 
48270 29 
48284 117 
48327 70 
48336 34 
48358 192 
48365 4 
48371 204 
48392 151 
48420 374 
48425 32 
48428 133 
48460 30 
48471 10 
48472 20 
48491 223 
48493 48 
48541 66 
48560 23 
48572 31 
48575 49 
48607 23 
48622 19 
48626 1366 
48656 111 
48693 4491 
48701 13 
48732 91 
48748 109 
48761 29 
48780 61 
48793 25 
48805 20 
48829 1287 
48853 9 
48876 195 
48884 105 
48907 70 
48913 68 
48916 39 
48994 53 
49002 614 
49003 17 
49023 140 
49057 86 
49064 80 
49066 170 
49123 19 
49125 2 
49172 872 
49173 67 
49180 58 
49215 769 
49233 146 
49316 99 
49317 225 
49344 70 
49352 69 
49354 37 
49354 114 
49382 806 
49395 46 
49398 3 
49413 173 
49420 88 
49495 104 
49516 40 
49520 196 
49545 104 
49577 8 
49610 130 
49617 498 
49626 118 
49639 136 
49649 20 
49664 71 
49748 139 
49759 369 
49774 308 
49813 49 
49860 31 
49890 50 
49906 77 
49909 45 
49940 227 
49961 214 
49969 14 
49983 150 
50023 172 
50121 28 
50127 14 
50155 124 
50197 26 
50199 117 
50199 37 
50204 151 
50233 43 
50279 27 
50283 34 
50296 14 
50306 872 
50384 51 
50391 77 
50417 464 
50420 8 
50449 7 
50461 4 
50473 204 
50499 98 
50519 132 
50526 128 
50552 70 
50635 148 
50640 139 
50653 64 
50678 19 
50734 1117 
50805 85 
50827 233 
50829 30 
50836 6030 
50881 94 
50895 111 
50909 8 
50941 25 
50968 46 
50968 70 
51008 753 
51027 557 
51061 61 
51174 30 
51204 58 
51249 266 
51275 132 
51309 117 
51335 151 
51343 327 
51371 49 
51396 7 
51462 562 
51466 14 
51486 18 
51492 92 
51504 360 
51531 53 
51533 34 
51541 95 
51569 502 
51572 2682 
51584 1097 
51608 336 
51610 70 
51635 111 
51669 15 
51676 63 
51698 215 
51720 173 
51770 127 
51786 1795 
51789 200 
51835 50 
51839 104 
51848 281 
51874 76 
51928 1124 
51965 28 
51975 222 
51983 263 
51987 499 
52015 55 
52032 62 
52050 37 
52051 131 
52075 82 
52080 182 
52095 556 
52109 146 
52119 132 
52199 235 
52208 17 
52215 111 
52218 355 
52237 20 
52261 101 
52280 43 
52335 1127 
52345 106 
52360 188 
52363 150 
52367 138 
52417 375 
52418 169 
52429 90 
52485 70 
52551 1119 
52556 105 
52566 124 
52582 255 
52583 48 
52584 178 
52634 12 
52682 534 
52707 9 
52729 37 
52730 89 
52817 39 
52835 187 
52855 816 
52863 27 
52866 106 
52889 40 
52890 302 
52949 7 
52954 90 
52965 194 
52994 113 
53008 65 
53038 353 
53060 87 
53065 118 
53136 51 
53148 13 
53153 11 
53161 71 
53188 24 
53204 448 
53214 383 
53215 36 
53219 86 
53242 899 
53251 13 
53255 291 
53289 35 
53356 245 
53360 70 
53364 232 
53365 27 
53383 29 
53388 346 
53395 46 
53436 58 
53454 140 
53493 52 
53521 18 
53537 108 
53555 8 
53570 8 
53577 228 
53607 12 
53640 34 
53697 227 
53699 141 
53704 20 
53711 254 
53722 13 
53722 26 
53732 509 
53732 25 
53774 796 
53869 18 
53878 151 
53896 146 
53942 37 
53946 318 
53955 103 
53999 14 
54007 194 
54018 125 
54065 603 
54077 337 
54127 194 
54134 30 
54190 24 
54229 86 
54244 125 
54250 242 
54310 44 
54316 552 
54398 239 
54406 20 
54418 83 
54495 24 
54503 65 
54508 44 
54550 272 
54559 39 
54565 385 
54606 23 
54632 123 
54633 248 
54642 108 
54693 181 
54696 44 
54738 110 
54753 64 
54758 1428 
54760 55 
54775 175 
54791 31 
54895 123 
54920 66 
54926 28 
54926 4 
54956 7 
54980 55 
55004 54 
55009 45 
55015 71 
55063 28 
55068 102 
55071 35 
55095 9 
55112 11 
55143 162 
55208 103 
55224 24 
55248 10860 
55255 14 
55296 58 
55330 405 
55340 42 
55341 25 
55396 681 
55429 215 
55463 28 
55467 28 
55478 507 
55486 47 
55525 193 
55539 1062 
55539 315 
55544 137 
55553 15 
55555 86 
55557 21 
55581 41 
55669 101 
55689 55 
55712 87 
55738 58 
55770 317 
55775 166 
55847 193 
55852 237 
55885 1 
55887 46 
55950 7 
55951 79 
55962 31 
55983 330 
56006 89 
56022 48 
56036 49 
56092 98 
56117 79 
56186 91 
56191 34 
56195 106 
56196 111 
56207 144 
56257 78 
56261 11 
56276 59 
56286 16 
56375 25 
56378 199 
56423 127 
56469 42 
56502 16 
56509 141 
56536 58 
56549 151 
56568 127 
56592 15 
56598 7 
56672 85 
56673 19 
56684 28 
56697 5970 
56705 2 
56736 19 
56747 22 
56755 42585 
56760 13 
56769 521 
56772 420 
56884 48 
56888 3933 
56891 11 
56943 2384 
56969 149 
56973 91 
56980 26 
57058 36 
57069 2034 
57099 34 
57153 197 
57156 136 
57157 49 
57162 24 
57164 132 
57186 283 
57194 28 
57233 107 
57233 624 
57239 94 
57271 9 
57296 172 
57299 30 
57327 32 
57337 100 
57360 22 
57375 478 
57393 17 
57399 81 
57410 82 
57419 126 
57426 6 
57452 216 
57456 75 
57501 41 
57505 52 
57508 156 
57520 36 
57537 6 
57654 27 
57654 43 
57663 80 
57691 255 
57742 162 
57789 455 
57813 60 
57815 21 
57843 34 
57902 43 
57937 693 
57939 270 
57962 66 
57965 113 
58004 70 
58027 288 
58031 335 
58052 761 
58053 71 
58059 24 
58059 1231 
58065 352 
58074 33 
58110 257 
58114 14 
58146 9 
58175 43 
58180 36 
58189 65 
58193 41 
58217 499 
58222 32 
58229 45 
58251 57 
58261 1327 
58280 53 
58298 253 
58320 173 
58325 203 
58341 0 
58347 232 
58372 56 
58378 130 
58458 9 
58460 3877 
58491 59 
58505 82 
58523 83 
58558 20 
58573 68 
58574 33 
58588 286 
58594 741 
58596 385 
58633 12 
58648 123 
58669 16505 
58674 6028 
58679 190 
58686 4429 
58710 7 
58717 77 
58762 19 
58781 104 
58784 9 
58792 15 
58811 37 
58813 10 
58839 531 
58858 475 
58881 174 
58884 253 
58887 2733 
58892 67 
58900 605 
58909 371 
58923 46 
58987 141 
59004 54 
59016 70 
59031 275 
59037 440 
59083 171 
59083 150 
59098 19 
59125 66 
59137 185 
59138 110 
59180 515 
59254 14 
59324 65 
59372 10 
59386 69 
59394 72 
59441 302 
59500 59 
59528 4 
59575 405 
59576 24 
59607 223 
59628 153 
59654 155 
59659 43 
59663 217 
59677 36 
59678 121 
59691 283 
59696 276 
59701 35 
59728 332 
59779 201 
59795 18 
59850 152 
59877 194 
59940 74 
59951 31 
59976 285 
60041 215 
60052 123 
60061 22 
60088 290 
60098 278 
60105 114 
60106 48 
60109 116 
60113 5154 
60126 219 
60127 136 
60191 271 
60199 12 
60215 45 
60231 6 
60238 396 
60260 20 
60268 57 
60275 4 
60286 87 
60335 134 
60350 6 
60351 50 
60357 52 
60384 63 
60407 108 
60409 8 
60424 46 
60426 34 
60553 105 
60625 223 
60625 186 
60694 283 
60698 91 
60708 245 
60806 93 
60839 108 
60857 123 
60915 97 
60922 160 
60957 15 
60971 17 
60976 163 
60981 8 
60982 476 
60988 28 
61036 213 
61039 34 
61052 36 
61098 20 
61102 291 
61105 58 
61113 163 
61133 32 
61167 62 
61168 20 
61172 58 
61175 51 
61204 13 
61214 271 
61242 39 
61293 1458 
61310 43 
61317 197 
61402 27 
61416 158 
61441 28 
61454 13 
61464 31 
61532 1 
61554 1674282 
61573 12 
61575 238 
61579 375 
61598 121 
61605 96 
61605 57 
61607 5 
61617 37 
61621 87 
61622 21 
61628 49 
61628 705 
61632 13 
61633 62 
61636 169 
61637 140 
61644 425 
61646 451 
61646 133 
61647 48 
61647 92 
61654 59 
61655 355 
61657 134 
61662 189 
61667 8 
61668 452 
61669 277 
61672 131 
61674 41 
61678 49 
61683 211 
61683 245 
61684 164 
61691 217 
61692 4 
61695 51 
61696 52 
61700 20 
61700 101 
61701 4 
61707 545 
61711 396 
61714 200 
61716 275 
61727 559 
61732 43 
61738 31 
61750 187 
61761 160 
61765 54 
61781 143 
61793 124 
61798 70 
61800 825 
61814 133 
61824 115 
61831 179 
61831 744 
61836 167 
61837 99 
61839 210 
61839 49 
61842 54 
61843 233 
61844 73 
61853 67 
61853 126 
61856 65 
61864 79 
61864 33 
61871 3749 
61882 64 
61886 9 
61897 100 
61914 30 
61918 59 
61919 108 
61923 99 
61925 26 
61925 66 
61931 33 
61933 186 
61935 37 
61941 111 
61944 16 
61978 33 
61991 86 
61991 565 
62002 29 
62003 73 
62010 140 
62015 5 
62016 184 
62016 1 
62041 9 
62054 38 
62079 23 
62079 23 
62080 7 
62080 7 
62082 1374 
62082 1374 
62105 206 
62105 206 
62123 105 
62123 105 
62127 76 
62129 234 
62151 44 
62174 16 
62207 97 
62222 729 
62228 76 
62234 34 
62238 7 
62251 38 
62253 45 
62254 27 
62256 231 
62260 28 
62266 26 
62276 179 
62279 23 
62290 11 
62318 73 
62319 446 
62332 199 
62348 61 
62388 15 
62393 35 
62398 25 
62432 42 
62446 23 
62458 227 
62489 712 
62490 1068 
62491 140 
62505 32 
62520 109 
62520 29 
62526 114 
62538 188 
62542 14 
62560 46 
62574 24 
62576 497 
62585 44 
62619 161 
62636 30 
62637 74 
62637 28 
62648 268 
62651 60 
62656 12 
62666 6 
62688 342 
62699 412 
62746 77 
62750 18 
62756 55 
62807 92 
62845 35 
62850 199 
62851 72 
62862 15 
62862 66 
62867 31 
62928 31 
62935 63 
62953 163 
62963 44 
62972 156 
62987 44 
63005 79 
63007 5 
63012 67 
63032 1 
63035 76 
63050 87 
63055 46 
63072 3 
63073 134 
63075 8 
63085 47 
63095 228 
63095 37 
63113 91 
63122 37 
63127 94 
63128 62 
63136 20 
63146 12 
63153 37 
63217 41 
63246 63 
63254 230 
63274 44 
63275 887 
63284 62 
63321 22 
63331 23 
63332 50 
63343 28 
63356 21 
63383 31 
63404 14 
63405 101 
63412 34 
63464 9510 
63482 910 
63491 169 
63504 36 
63511 10 
63528 38 
63534 141 
63536 235 
63542 76 
63553 205 
63556 18 
63557 77 
63562 131 
63563 412 
63588 198 
63606 34 
63613 55 
63639 85 
63655 283 
63657 62 
63670 40 
63705 109 
63735 107 
63801 99 
63802 0 
63855 33 
63861 109 
63887 45 
63912 36 
63916 3 
63916 162 
63935 327 
63947 14 
63962 315 
63973 176 
63981 59 
64004 154 
64026 11 
64101 56 
64115 24 
64123 20 
64161 34 
64162 16 
64170 229 
64173 70 
64197 77 
64239 36 
64257 59 
64264 213 
64293 12 
64323 5255 
64361 51 
64372 0 
64376 24 
64398 25 
64408 98 
64462 60 
64480 80 
64482 60 
64493 31 
64506 11 
64511 37 
64514 183 
64531 45 
64563 52 
64578 5 
64592 13 
64616 152 
64640 47 
64665 25 
64677 47 
64678 1469 
64681 305 
64690 58 
64733 1173 
64743 15 
64759 123 
64764 27 
64774 40 
64833 4 
64838 17 
64850 41 
64949 79 
64951 35 
64955 40 
64956 21 
64994 88 
65008 77 
65011 10 
65031 910 
65032 11 
65046 486 
65067 187 
65083 34 
65091 7 
65132 6 
65179 50 
65200 197 
65205 196 
65259 57 
65301 10 
65336 366 
65386 4 
65399 37 
65437 10 
65460 25 
65462 17 
65471 2 
65474 91 
65536 407 
65566 26 
65567 404 
65573 1130 
65606 45 
65625 262 
65640 80 
65659 5 
65663 7 
65673 620 
65730 0 
65809 1093 
65818 40 
65832 7 
65836 57 
65840 123 
65860 51 
65879 303 
65920 188 
65921 280 
65940 187 
65964 113 
65967 453 
65971 72 
66010 9 
66089 2 
66092 77 
66092 11 
66108 514 
66142 104 
66148 102 
66154 24 
66155 38 
66156 252 
66160 49 
66168 90 
66211 53 
66214 50 
66218 13 
66218 48 
66251 13 
66293 44 
66300 76 
66315 9 
66318 28 
66322 340 
66331 2 
66356 162 
66405 311 
66408 24 
66415 80 
66481 31 
66482 32 
66557 62 
66571 72 
66584 19 
66686 47 
66687 179 
66703 62 
66791 129 
66795 1752 
66796 105 
66852 243 
66892 892 
66895 371 
66915 2 
66938 278 
66961 36 
67002 78 
67113 1548 
67131 731 
67159 108 
67186 40 
67238 7 
67290 131010 
67295 310 
67302 420 
67305 80 
67313 320 
67315 188 
67324 1294 
67335 71 
67337 778 
67342 195 
67348 404 
67353 407 
67353 103 
67354 424 
67356 134 
67364 31 
67388 62 
67416 2 
67423 26 
67429 134 
67430 16 
67436 392 
67447 416 
67475 27 
67481 533 
67485 25 
67493 4 
67495 83 
67509 982 
67524 142 
67524 56 
67525 605 
67530 1085 
67539 1281 
67568 676 
67572 19 
67583 13 
67605 200 
67616 47 
67646 174 
67691 14 
67710 82 
67723 11 
67763 31 
67765 1302 
67779 8 
67794 490 
67797 41 
67804 434 
67807 30 
67809 490 
67819 511 
67821 53 
67830 123 
67857 114 
67861 9 
67861 162 
67879 178 
67884 108 
67926 24 
67937 17 
67940 1181 
67946 245 
67957 305 
67979 159 
67979 203 
68010 420 
68015 117 
68021 48 
68038 318 
68050 137 
68054 181 
68059 1201 
68127 105 
68136 35 
68162 60 
68163 27 
68187 44 
68198 56 
68204 67 
68224 391 
68252 123 
68257 89 
68257 42 
68280 56 
68343 46 
68348 60 
68383 280 
68391 126 
68404 16 
68453 15 
68477 127 
68497 102 
68511 815 
68523 76 
68530 104 
68687 37 
68694 130 
68739 3 
68743 113 
68762 244 
68765 132 
68805 31 
68824 56 
68892 321 
68901 49 
68913 131 
68939 7 
68941 11 
68948 79 
68951 1 
69008 116 
69055 81 
69064 565 
69073 382 
69108 38 
69109 26 
69125 2501 
69149 80 
69175 35 
69194 28 
69205 43 
69288 42 
69308 66 
69335 35 
69400 56 
69417 28 
69456 312 
69478 68 
69512 56 
69625 113 
69633 186 
69650 217 
69676 204 
69691 640 
69700 14 
69703 155 
69713 7 
69720 161 
69789 88 
69820 15 
69835 103 
69870 45 
69873 296 
69895 429 
69901 292 
69963 1 
69973 11 
69977 19 
69986 39 
70055 65 
70109 247 
70199 4 
70213 8 
70291 33 
70310 64 
70353 83 
70369 0 
70409 12 
70414 14 
70426 171 
70448 26 
70472 31 
70502 6 
70537 37 
70580 50 
70646 38 
70714 1515 
70762 10 
70836 252 
70844 231 
70845 565 
70909 693 
70912 7 
70921 29 
71085 11 
71088 96 
71112 46 
71112 106 
71156 93 
71299 237 
71355 16 
71529 25 
71555 0 
71564 330 
71580 27 
71584 8 
71592 15 
71598 27 
71642 118 
71660 81 
71703 113 
71773 32 
71792 47 
71811 227 
71937 482 
71940 53 
71962 268 
71986 38 
71987 5 
72027 19 
72083 42 
72094 103 
72116 1989 
72139 24 
72141 1682 
72143 60 
72144 7 
72147 19 
72195 0 
72200 295 
72205 27 
72207 711 
72263 17 
72269 255 
72298 173 
72313 293 
72378 116 
72382 325 
72458 29 
72480 251 
72520 307 
72520 9 
72529 0 
72543 53 
72549 5 
72558 22 
72579 152 
72583 380 
72605 616 
72635 60 
72684 55 
72790 52 
72821 131 
72938 3 
72949 8 
72973 5 
72981 47 
72998 1 
73040 90 
73048 171 
73058 5908 
73086 35 
73185 108 
73225 34 
73237 19 
73270 35 
73329 364 
73407 441 
73489 17 
73495 30 
73660 11 
73678 817 
73682 90 
73686 28 
73713 183 
73727 3 
73746 1373 
73751 12 
73765 30 
73786 132 
73853 2179 
73879 32 
73924 99 
73927 26 
73949 63 
73964 63 
73992 34 
74039 99 
74060 25 
74128 154 
74295 7 
74355 657 
74364 27 
74384 143 
74565 27 
74766 15 
74771 35 
74806 14 
74868 31 
74878 23 
75062 120 
75087 32 
75112 66 
75141 6 
75167 414 
75184 73 
75262 115 
75404 31 
75489 45 
86211 69 
86217 48 
86400 123 
86517 5 
86545 184 
86622 35 
86680 86 
86744 43 
86790 281 
86845 214 
86850 41 
86958 68 
87070 107 
87221 91 
87272 69 
87449 21 
87563 327 
87589 479 
87625 205 
87699 25 
87702 39 
87930 297 
87955 68 
87984 96 
87987 150 
87998 6 
88018 851 
88030 428 
88034 49 
88046 54 
88084 82 
88103 11 
88120 397 
88152 46 
88152 619 
88166 13 
88194 198 
88194 37 
88503 49 
88505 303 
88740 192 
88760 10 
88817 140 
88840 30 
88863 216 
89000 20 
89095 203 
89097 78 
89256 6830 
89271 27 
89301 5 
89370 80 
89478 39 
89788 123 
89823 21 
89876 489 
89893 66 
89903 5 
90051 29 
90075 135 
90126 223 
90198 11 
90246 191 
90425 30 
90766 136 
90772 59 
90889 29 
90893 8 
90905 58 
91008 49 
91134 106 
91134 106 
91241 48 
91281 86 
91300 71 
91304 3 
91346 6 
91448 67 
91458 134 
91462 23 
91485 31 
91486 48 
91527 22 
91793 153 
91793 142 
91869 96 
91872 177 
91960 28 
92058 61 
92063 194 
92069 105 
92069 21 
92132 26 
92178 107 
92207 2 
92211 18 
92243 38 
92492 84 
92524 10 
92589 51 
92623 147 
92631 84 
92740 33 
92770 132 
92808 165 
92844 31 
92902 394 
92992 288 
93026 8 
93059 19 
93087 21433 
93117 174 
93158 282 
93230 83 
93242 133 
93254 43 
93260 84 
93312 91 
93377 20 
93381 337 
93430 35 
93510 168 
93533 41 
93626 254 
93627 768 
93631 254 
93653 179 
93655 73 
93715 90 
93848 28 
93868 302 
93897 72 
93993 38 
94022 30 
94697 22 
94940 26 
95005 12 
95026 313 
95104 16 
95111 658 
95187 16 
95227 308 
95322 133 
95433 149 
95507 152 
95619 554 
95659 234 
95695 58 
95752 597 
95952 76 
95999 150 
96018 137 
96029 177 
96061 105 
96175 60 
96205 76 
96212 39 
96222 216 
96244 29 
96271 26 
96393 349 
96402 215 
96414 237 
96446 5 
96483 154 
96496 843 
96591 62 
96626 33 
96686 28 
96709 35 
96779 139 
96929 392 
97136 87 
97185 54 
97194 770 
97470 223 
97480 74 
97520 284 
97530 23 
97597 260 
97612 240 
97687 45 
97884 33 
97932 124 
98027 1247 
98172 25 
98293 41 
98303 28 
98397 6 
98478 129 
98723 34 
98993 19 
98995 42 
99016 6 
99242 79 
99490 2 
99560 51 
99642 149 
99890 55 
99959 151 
100055 46 
100121 45 
100122 7 
100275 34 
100343 18 
100353 97 
100510 703 
100568 85 
100664 153 
100689 15473 
100801 19 
100917 100 
101004 22 
101007 108 
101289 136 
101363 19 
101406 24 
101503 154 
101521 328 
101550 794 
101582 88 
101593 22 
101604 32 
101625 23 
101910 306 
101988 887 
102086 67 
102291 143 
102346 158 
102466 226 
102511 7 
102565 63 
102650 29 
102762 26 
102808 4 
102835 55 
103059 30 
103085 123 
103112 154 
103300 410 
103557 64 
103858 3056 
103878 14 
103879 154 
103900 12 
104007 393 
104058 171 
104081 59 
104096 1649 
104107 376 
104129 31 
104163 177 
104179 546 
104196 308 
104201 63 
104225 334 
104338 5 
104367 24 
104369 25 
104404 1150 
104428 2 
104479 29 
104486 26 
104493 15 
104523 228 
104724 881 
104780 153 
104881 291 
104898 14 
104936 131 
104970 111 
104980 40 
104984 273 
105004 106 
105125 47 
105374 12 
105474 23 
105479 98 
105508 115 
105634 145 
105640 13 
105650 29 
105747 230 
105841 16 
105898 12 
105964 1440 
106049 60 
106061 65 
106159 75 
106357 476 
106357 476 
106558 406 
106582 69 
106700 182 
106814 42 
106921 9 
106941 129 
106962 7 
106975 29 
107120 11 
107131 1530 
107325 69 
107435 6 
107621 12 
107630 6 
107704 24 
107744 40 
107754 42 
107845 112 
107880 210 
108023 32 
108052 294 
108071 424 
108194 86 
108200 149 
108271 91 
108272 30 
108315 659 
108325 12 
108332 57 
108652 92 
108693 19 
108756 178 
108913 348 
109018 70 
109037 71 
109156 6 
109219 36 
109337 393 
109469 27 
109653 186 
109673 46 
109681 0 
109695 68 
109716 110 
109801 18 
109826 65 
109997 76 
110108 249 
110109 7 
110200 397 
110373 34 
110405 313 
110424 22 
110506 132 
110514 101 
110541 107 
110625 77 
110649 56 
110668 7926 
110715 77 
110773 1001 
110798 59 
110877 86 
110943 553 
111123 129 
111145 1 
111224 170 
111380 117 
111583 123 
111771 41 
111804 1286 
111857 6 
111958 114 
112234 99 
112253 27 
112320 1 
112395 275 
112488 122 
112702 80 
112727 22 
112940 1538 
113151 318 
113231 135 
113365 22 
113391 3 
113444 147 
113502 564 
113565 62 
113569 92 
113572 57 
113635 259 
113636 411 
113752 1511 
113759 7 
113814 3218 
113824 62 
113926 151 
113935 11 
113964 398 
114076 57 
114087 73 
114170 14 
114176 16 
114280 57 
114317 105 
114353 36 
114499 79 
114643 33 
114796 170 
114949 0 
114987 28 
115082 185 
115204 86 
115368 182 
115407 64 
115472 1063 
115510 10 
115537 8 
115549 152 
115595 369 
115598 420 
115605 128 
115706 402 
115799 89 
115839 24 
115879 72 
115964 27 
115985 4 
115988 26 
116082 573 
116288 39 
116710 56 
116750 438 
116822 108 
116865 45 
117000 5 
117061 1 
117085 862 
117108 154 
117222 66 
117273 33 
117310 159 
117337 600 
117405 76 
117477 941 
117518 176 
117518 94 
117580 105 
117814 642 
117838 24 
117921 440 
117972 0 
118051 142 
118123 15 
118273 380 
118361 229 
118377 15 
118391 75 
118403 437 
118586 89 
119425 49 
119470 17 
119527 211 
119961 96 
120079 57 
120166 95 
120251 347 
120306 17 
120437 45 
120490 40 
120514 126 
120777 72 
120913 2 
120970 101 
121155 32 
121170 8073 
121186 0 
121270 1063 
121283 3 
121334 30 
121334 30 
121605 5 
121723 69 
121804 28 
122141 38 
122224 34 
122415 10 
122557 17 
122703 17 
122724 9 
122966 10 
123052 20 
123095 6 
123166 19 
123190 6 
123442 20 
123486 16 
123571 51 
123623 26 
123785 184 
123843 18 
123944 4 
124244 23 
124277 21 
124304 49 
124698 23 
124795 164 
125576 96 
125954 194 
126071 1476 
126085 13 
126122 116 
127024 23 
127136 5 
128152 202 
128449 97 
128528 73 
128569 31 
128588 2 
128800 3 
128876 68 
128883 11 
129121 34 
129206 60 
129464 14 
129498 113 
129582 18 
129928 300 
130530 35 
130727 26 
131153 15 
131245 105 
131359 2913 
131423 521 
131424 25 
131453 705 
131790 1032 
131930 132 
132098 6 
132189 233 
132490 28 
132608 143 
132723 17 
132752 43 
132963 32 
132986 190 
133056 14 
133177 77 
133412 110 
133569 36 
133738 25 
134082 22 
134223 11 
134438 29 
134782 37 
134851 84 
135822 229 
135862 36 
135904 443 
135925 254 
136288 113 
136557 40 
137079 9 
137089 66 
137143 283 
137543 12 
138352 805 
138513 14 
138659 75 
138764 55 
139174 79 
139277 28 
139319 300 
139426 8 
139631 2 
139784 63 
140772 576 
140852 57 
140927 840 
141404 8 
141466 33 
141667 171 
142783 101 
143347 1 
143628 17 
143745 16 
143915 126 
144066 59 
144526 474 
144623 59 
144771 73 
145231 64 
145270 79 
146326 73 
147027 19 
147674 11 
147764 112 
147866 196 
148205 62 
148217 120 
148252 242 
149025 32 
149196 30 
150161 20 
151090 118 
151135 791 
151243 122 
151405 66 
151509 12 
151509 12 
152980 131 
154352 2735 
154403 166 
154654 610 
154717 1931 
154717 5360 
155489 42 
155797 26 
156388 96 
157699 4 
158099 285 
158389 74 
158497 115 
158736 37 
158789 39 
159046 18 
160045 16 
160503 48 
161473 449 
162193 8 
162557 29 
164928 29 
166838 185 
170372 14 
174210 5 
176196 446 
176311 69 
176390 280 
177345 36 
178579 755 
178640 11 
179353 122 
180907 16 
186426 101 
186523 23 
188695 1 
189339 349 
190332 111 
191316 11 
191610 25 
191674 147 
191709 188 
191945 77 
192751 59 
192884 109 
193724 58 
198280 27 
201130 378 
201806 145 
203788 108 
204949 129 
205637 123 
206114 0 
206844 92 
210845 107 
210947 45 
212861 47057 
213262 1762 
214756 575 
215129 196 
216039 97 
217464 36 
217635 30 
217686 29 
219236 152 
219730 323 
221335 78 
221471 18 
221916 253 
223060 160 
223871 150 
223918 37 
226043 8 
226537 125 
229977 28 
234499 16 
234959 17 
237993 9 
238906 15 
243411 5 
252995 29 
253016 880 
254302 1460 
258400 128 
258610 37 
259025 127 
264114 3 
265586 65 
269672 64 
277273 3 
284062 113 
288045 81 
295166 27 
297177 9 
304372 19 
305194 35 
307343 0 
308323 72 
334347 56 
335249 79 
336391 14 
351771 26 
352615 1052 
361575 40 
367029 14 
369752 956 
372709 79 
375868 154 
380486 18 
386304 213 
387961 54 
388087 36 
405932 11 
406825 69 
413264 9 
443027 1 
443605 105 
449010 246 
451002 4 
455121 28 
471496 2 
473492 17 
486689 23 
493577 26 
501062 17 
505997 96 
518304 17 
539140 45 
551122 54 
564359 8 
571876 166 
575427 142 
594960 11 
603487 14 
