2277 6.10167824074
0 7659937 
6 814 
9 396 
13 410 
16 168 
18 69 
18 5 
18 195 
21 6 
22 130 
22 200 
23 323 
26 67 
27 293 
27 356 
29 116 
29 69 
30 95 
30 1470 
31 30 
34 902 
35 359 
35 158 
37 164 
40 86 
40 3195 
41 73 
41 44 
42 115 
43 186 
45 454 
45 112 
46 1628 
49 35 
49 76 
51 47 
52 37 
52 305 
53 1111 
53 268 
54 133 
55 612 
55 396 
56 3526 
57 159 
58 114 
58 1244 
59 34 
60 152 
62 614 
63 1211 
64 13 
65 759 
65 89 
66 342 
66 34 
66 621 
68 149 
68 335 
68 1485 
69 52 
71 51 
72 42 
73 270 
74 56 
75 29 
76 56 
77 10 
79 126 
80 169 
82 606 
83 104 
84 89 
85 7 
85 78 
86 31 
86 128 
88 260 
88 175 
89 206 
91 75 
93 79 
93 41 
93 133 
94 77 
96 174 
98 24 
98 118 
99 326 
100 16 
100 61 
101 41 
101 653 
102 93 
102 71 
103 218 
103 197 
103 211 
104 48 
104 71 
105 991 
105 21 
106 128 
106 72 
106 308 
108 171 
108 13 
108 167 
109 86 
109 115 
110 68 
110 76 
111 26 
111 139 
113 41 
114 586 
114 122 
115 156 
117 186 
119 76 
119 1342 
120 56 
120 32 
121 18032 
122 598 
122 176 
124 487 
124 5245 
124 3 
124 360 
127 377 
127 366 
127 1 
127 133 
128 135 
129 389 
129 575 
129 43 
130 17 
131 731 
132 99 
136 530 
137 377 
137 930 
137 0 
139 149 
142 906 
143 744 
143 48 
143 153 
143 73 
144 3 
146 1683 
147 561 
149 666 
149 87 
149 71 
149 8 
153 524 
154 23 
154 1665 
154 131 
154 797 
155 1307 
156 3288 
158 169 
158 1948 
159 373 
159 54 
160 39 
160 1223 
160 2 
161 18718 
162 225 
163 55 
167 27 
167 246 
167 273 
169 820 
170 32 
174 651 
175 4486 
180 591 
181 59 
182 26 
182 30 
182 47 
183 184 
183 834 
183 354 
184 34 
184 1229 
186 105 
186 2 
188 54 
189 77 
192 618 
193 1635 
193 18 
193 155 
195 547 
197 18 
197 78 
200 43 
202 54 
202 660 
204 2627 
204 140 
205 254 
210 274 
212 20 
213 150 
216 58 
217 33 
218 3958 
218 8181 
218 237 
219 167 
221 50 
221 259 
223 31 
223 64 
225 2865 
225 75 
232 270 
232 81 
233 63 
233 157 
241 1341 
241 129 
243 54 
245 3431 
247 221 
249 184 
252 619 
253 8 
255 150 
257 285 
258 367 
258 789 
261 26 
265 195 
266 16 
269 141 
269 851 
274 135 
274 87 
276 37 
278 202 
279 82 
279 252 
282 490 
282 85 
282 100 
286 3473 
288 15 
288 4033 
288 101 
292 68 
294 56 
295 59 
298 32 
299 62 
305 229 
306 56 
309 21 
311 152 
316 95 
316 288 
322 1742 
324 260 
327 1764 
328 290 
328 76 
330 3789 
330 7423 
331 139 
334 11 
336 53 
341 23 
342 172 
343 29 
346 1625 
347 52 
351 1 
355 1038 
356 828 
359 174 
360 552 
363 2 
367 52 
370 31 
371 166 
374 12 
375 101 
376 1742 
376 16 
378 8736 
379 70 
379 31273 
383 4858 
384 1380 
389 40 
389 135 
394 98 
403 110 
406 5141 
409 560 
411 5724 
412 707 
412 1070 
413 255 
413 40 
416 63 
418 13 
420 1037 
424 52 
424 177 
430 131 
434 3496 
440 195 
449 716 
450 58 
454 130 
459 1069 
460 238 
461 143 
467 380 
468 316 
469 486 
474 1715 
479 3 
481 89 
482 162 
488 791 
489 1361 
503 145 
514 659 
515 30022 
520 152 
520 1380 
521 81 
523 1163 
527 745 
530 13 
532 1133 
534 94 
534 217 
537 36 
545 67 
552 4147 
553 1275 
557 1183 
559 233 
560 351 
564 68 
564 45 
571 9219 
575 1326 
578 169 
582 165 
593 4099 
594 275 
603 1 
604 1178 
613 41 
616 7386 
617 19527 
617 370 
619 5 
619 270 
620 1 
623 131 
627 163 
627 1742 
630 1 
636 359 
648 13 
662 330 
671 1 
678 19 
682 585 
684 112 
688 51 
693 346 
695 80 
696 49 
700 114 
701 443 
703 60 
706 111 
720 200 
729 442 
736 6 
740 118 
745 84 
753 168 
769 244 
773 56 
786 29 
790 89 
791 456 
801 133 
809 597 
815 126 
830 119 
830 533 
833 3985 
840 576 
842 980 
842 1263 
842 980 
848 108 
851 2080 
852 220 
875 108 
876 382 
881 74 
893 6 
896 31 
907 118 
908 754 
909 2 
948 34 
971 46 
978 1644 
986 24 
987 69 
1003 74 
1018 299 
1022 360 
1023 209 
1026 22 
1042 2780 
1062 12 
1062 60 
1063 67 
1079 197 
1108 751 
1124 135 
1135 126 
1135 325 
1151 89 
1155 19267 
1156 93 
1156 8 
1178 37 
1179 36 
1181 128 
1198 226 
1199 3406 
1226 208 
1230 2423 
1238 345 
1254 34 
1254 82 
1266 1101 
1273 117 
1274 41 
1279 10 
1281 19 
1282 179 
1284 10 
1312 1836 
1318 397 
1323 53 
1342 117 
1344 1332 
1358 97 
1364 154 
1366 164 
1373 128 
1378 47 
1378 205 
1385 1954 
1391 165 
1393 360 
1409 33 
1416 42 
1423 2307 
1442 244 
1447 1726 
1458 415 
1468 337 
1499 2266 
1525 678 
1551 712 
1564 280 
1564 449 
1576 44 
1577 498 
1578 1391 
1579 430 
1582 35 
1596 4055 
1599 69 
1604 571 
1612 156 
1626 742 
1630 3391 
1642 90 
1643 37 
1643 171 
1654 9 
1678 4687 
1681 6 
1691 328 
1698 58 
1703 3008 
1711 4352 
1717 1605 
1725 5663 
1730 784 
1745 447 
1750 13 
1776 202 
1787 54 
1790 5997 
1820 313 
1877 37 
1889 9 
1909 371 
1914 1 
1981 240 
1991 544 
1992 500 
2000 149 
2002 19 
2011 3 
2016 182 
2023 1749 
2026 26 
2042 1804 
2089 1055 
2094 21 
2104 1611 
2109 198 
2128 1358 
2133 1135 
2140 7 
2180 40 
2186 1 
2246 482 
2285 337 
2370 225 
2382 274 
2382 84 
2440 759 
2455 111 
2467 288 
2487 795 
2508 80 
2509 435 
2514 93 
2526 430 
2536 5 
2541 358 
2552 308 
2574 486 
2582 550 
2610 559 
2614 632 
2618 417 
2624 377 
2627 174 
2630 68 
2638 26 
2664 169 
2668 70 
2738 110 
2753 28741 
2765 105 
2786 4362 
2804 1480 
2824 242 
2828 4 
2856 314 
2897 612 
2914 3958 
2915 104 
3010 167 
3083 22 
3125 4 
3185 25 
3189 175 
3221 7 
3227 11 
3237 73 
3254 2023 
3260 369 
3324 99 
3332 251 
3345 27 
3387 32 
3405 245 
3410 43 
3432 304 
3494 27 
3496 111 
3510 44 
3565 1859 
3628 117 
3648 2134 
3702 562 
3718 3342 
3761 44 
3788 238 
3817 208 
3837 28 
3843 51 
3857 78 
3876 54 
3880 667 
3884 1192 
3935 1153 
3941 101 
3985 56 
3997 84 
4031 0 
4061 2288 
4061 105 
4098 38 
4104 324 
4172 194 
4191 412 
4200 647 
4220 77 
4264 139 
4406 26 
4436 803 
4481 274 
4605 34 
4618 19 
4642 996 
4645 92 
4656 975 
4724 147 
4751 70 
4753 67 
4759 394 
4760 71 
4790 2479 
4804 10474 
4810 214 
4831 724 
4857 668 
4904 5902 
4916 78 
4948 328 
4954 261 
4956 927 
4968 396 
4986 243 
5005 4 
5025 354 
5048 573 
5103 7 
5104 2654 
5115 77 
5147 766 
5239 45 
5249 1 
5271 101 
5296 1283 
5332 73 
5374 243 
5384 16 
5405 87 
5436 1 
5504 180 
5550 210 
5594 1266 
5615 874 
5630 440 
5635 15 
5657 3001 
5727 210 
5731 424 
5736 129 
5784 244 
5841 444 
5851 196 
5861 114 
6027 1462 
6077 71 
6092 25 
6093 7 
6093 150 
6101 411 
6134 1030 
6152 165 
6168 1238 
6193 6501 
6204 3 
6225 668 
6258 0 
6279 124 
6326 32 
6337 438 
6344 130 
6344 33 
6420 94 
6450 354 
6514 234 
6518 422 
6540 11393 
6641 4549 
6664 295 
6677 9343 
6697 213 
6739 821 
6808 881 
6826 238 
6903 279 
6913 73 
6921 918 
6923 2538 
6987 272 
7014 31 
7019 791 
7081 604 
7131 110 
7135 29 
7161 128 
7174 515 
7218 2 
7218 1078 
7220 174 
7252 63 
7294 281 
7322 4275 
7390 1599 
7394 728 
7662 1192 
7665 1079 
7705 11 
7729 194 
7770 3330 
7791 207 
7897 1341 
8150 360 
8245 26 
8269 215 
8347 158 
8394 1 
8468 560 
8568 390 
8728 80 
8957 0 
9000 659 
9157 81 
9163 2578 
9167 589 
9185 141 
9201 375 
9225 124 
9258 1398 
9276 13 
9295 1923 
9300 140 
9362 27 
9380 484 
9405 127 
9430 166 
9440 373 
9442 1015 
9550 6485 
9553 1292 
9661 2682 
9680 2497 
9743 55 
9857 177 
9987 503 
9997 881 
10040 201 
10159 336 
10197 990 
10246 255 
10276 888 
10341 100 
10367 709 
10424 11 
10533 1134 
10534 626 
10613 106 
10620 339 
10647 183 
10657 2050 
10756 40984 
10861 2709 
10895 763 
10897 1000 
10904 9 
10947 127 
11035 59 
11039 2 
11214 15 
11267 987 
11294 0 
11321 127 
11332 117 
11422 219 
11521 151 
11524 26 
11524 923 
11543 43 
11606 164 
11610 459 
11627 94 
11897 18811 
11905 828 
11999 148 
12118 693 
12302 743 
12360 276 
12380 1298 
12409 100 
12542 246 
12618 12 
12745 813 
12761 357 
12781 157 
12875 1069 
12883 10961 
12964 2539 
12991 2289 
13037 2289 
13171 1343 
13239 458 
13343 109 
13363 1127 
13548 73 
14087 22 
14092 504 
14114 4357 
14136 50 
14169 523 
14366 53 
14375 1114 
14498 27021 
14513 431 
14782 5 
15004 278 
15181 811 
15219 812 
15248 1667 
15390 195 
15496 37 
15654 2171 
15708 26 
15714 2864 
15812 260 
15851 1786 
16129 84 
16246 147 
16439 345 
16487 53 
16556 188 
16608 1408 
16749 10957 
17288 42 
17357 536 
17477 10767 
17548 353 
17566 1779 
17690 821 
17755 2494 
17830 167 
17853 0 
18058 23 
18064 158 
18133 14116 
18290 9516 
18543 1282 
18648 2450 
18728 716 
18744 424 
18898 337 
18920 145 
18975 506 
18996 704 
19046 106 
19149 8219 
19198 104 
19226 156 
19238 467 
19268 704 
19331 1507 
19524 20697 
19538 2 
19560 615 
19664 168 
20039 58 
20349 34 
20383 2865 
20388 352 
20532 256 
20564 30 
20574 457 
20908 27 
21030 453 
21169 2567 
21225 932 
21462 572 
21543 3496 
21574 651 
21614 1647 
21652 1127 
21746 455 
22056 3 
22143 11948 
22153 84 
22330 7 
22437 1769 
22662 926 
22680 721 
22692 211 
22793 565 
23168 818 
23186 3387 
23318 2 
23528 1635 
23588 215 
23609 2089 
23705 2326 
23819 64 
23870 199 
23980 266 
24013 285 
24066 1473 
24139 227 
24275 3437 
24289 13 
24354 1778 
24485 435 
24664 275 
24752 670 
24784 1488 
25027 702 
25089 1134 
25125 943 
25165 1235 
25231 240 
25300 1345 
25315 2 
25354 3493 
25393 2919 
25396 4971 
25412 323 
25456 2460 
25913 860 
26117 1031 
26320 640 
26373 364 
26390 2276 
26418 3 
26445 834 
26465 4557 
26562 1362 
26694 757 
26895 536 
27027 77 
27040 93 
27140 1045 
27251 339 
27252 5315 
27269 1109 
27274 144 
27312 860 
27421 356 
27638 170 
27941 84 
28013 515 
28022 121 
28133 68 
28220 1369 
28407 39 
28746 1262 
28769 25 
28793 117 
28808 233 
28834 5562 
28893 525 
29027 13 
29163 34 
29186 55 
29400 620 
29481 267 
29614 858 
29685 1164 
29814 932 
29814 100 
29898 1 
29905 43 
29926 770 
29969 1397 
30116 195 
30298 26 
30505 280 
30572 1544 
30578 472 
30596 472 
30605 1052 
30791 470 
30804 954 
30840 2293 
30893 1652 
31263 577 
31314 29 
31365 1172 
31539 235 
31560 3094 
31571 249 
31687 10 
31732 8 
31742 87 
31822 904 
31833 834 
31862 2591 
31872 3344 
31883 99 
32064 782 
32092 1188 
32103 598 
32262 2012 
32351 868 
32379 36 
32439 669 
32526 77 
32537 731 
32539 1816 
32668 223 
32707 862 
32773 9030 
32865 323 
32867 215 
32873 413 
32963 1684 
33070 1 
33110 1719 
33121 4494 
33160 519 
33173 24016 
33263 969 
33562 119 
33565 604 
33566 460 
33623 594 
33671 296 
33781 56 
33848 1286 
33867 367 
33867 384 
33885 324 
33894 94 
33922 179 
34109 906 
34121 630 
34137 4213 
34222 12 
34274 752 
34330 912 
34406 641 
34489 1323 
34533 3282 
34558 88 
34580 1214 
34590 3342 
34641 693 
34711 1865 
34794 57 
34799 2 
34852 218 
34919 988 
34958 1105 
34963 889 
34981 4530 
35010 1564 
35019 839 
35066 772 
35069 53 
35073 832 
35106 420 
35176 166 
35457 442 
35502 1490 
35617 833 
35629 7999 
35635 177 
35669 947 
35685 365 
35688 39 
35704 12125 
35747 158 
35789 388 
35834 1867 
35843 792 
35978 40 
35983 393 
35999 101 
36090 314 
36133 1121 
36162 1098 
36315 1433 
36364 2430 
36437 1 
36453 140 
36672 1117 
36709 974 
36747 288 
36758 67 
36821 300 
36928 1278 
36934 5080 
36993 1 
37140 776 
37242 2596 
37262 1242 
37271 2595 
37279 54 
37305 580 
37334 757 
37379 2087 
37402 748 
37407 917 
37464 542 
37569 465 
37579 1909 
37629 3685 
37642 0 
37716 1670 
37792 153 
37797 1988 
37844 231 
37878 159 
37941 452 
37960 2867 
38181 1663 
38225 9 
38232 1752 
38302 789 
38311 194 
38349 88 
38454 1048 
38504 194 
38578 1866 
38581 295 
38665 1415 
38721 525 
38736 1039 
38742 25237 
38787 9 
38865 7554 
38937 728 
38942 256 
38958 631 
39044 400 
39062 413 
39068 926 
39134 162 
39218 957 
39367 741 
39424 48 
39430 0 
39473 760 
39522 1328 
39525 1174 
39549 956 
39637 385 
39723 5504 
39770 17 
39955 856 
40054 15088 
40154 104 
40209 238 
40231 394 
40397 156 
40401 278 
40475 715 
40566 7824 
40582 209 
40811 31 
40859 2939 
41120 378 
41358 86 
41514 4070 
41518 85 
41549 888 
41637 195 
41647 1168 
41654 406 
41697 48 
41788 0 
41816 954 
41827 460 
41916 1013 
41925 81 
41975 5705 
41994 2807 
42103 577 
42120 10317 
42131 14 
42177 8 
42329 477 
42406 434 
42478 56 
42495 1556 
42511 3734 
42656 678 
42737 63 
42798 377 
42883 531 
42955 229 
42963 1510 
42982 26 
43005 942 
43051 2401 
43097 73 
43112 211 
43186 2 
43191 1627 
43229 960 
43308 263 
43380 572 
43394 5652 
43398 1044 
43418 8729 
43525 233 
43528 452 
43566 2 
43568 29 
43627 128 
43632 581 
43680 536 
43768 489 
43879 220 
44017 1157 
44064 14 
44177 107 
44281 2 
44301 3791 
44402 1 
44419 197 
44421 710 
44501 3101 
44568 74 
44574 741 
44654 1866 
44694 82 
44710 340 
44726 3348 
44751 261 
44767 1720 
44789 232 
44795 29 
44827 1089 
44912 237 
45076 607 
45103 1791 
45151 512 
45152 1108 
45396 4650 
45413 1405 
45572 330 
45688 10 
45806 10 
45853 279 
45874 59 
45878 292 
45922 290 
46052 2605 
46052 225 
46057 796 
46070 6002 
46131 952 
46140 1800 
46204 7 
46220 27318 
46255 1684 
46286 6038 
46368 327 
46675 2683 
46731 595 
46752 10 
46812 1391 
46820 1087 
46864 2029 
47073 1072 
47116 7347 
47164 762 
47433 798 
47448 132 
47482 277 
47627 760 
47672 399 
47681 853 
47700 483 
47716 932 
47764 3496 
47788 407 
47813 1956 
47898 11 
47909 3858 
48093 5226 
48121 94 
48131 107 
48192 2 
48221 210 
48244 74 
48255 393 
48275 50 
48298 1909 
48448 286 
48521 587 
48560 659 
48647 455 
48651 3851 
48654 637 
48666 752 
48689 8 
48731 337 
48791 492 
48797 4668 
48839 380 
48854 1213 
48978 1320 
49005 1044 
49005 1272 
49029 17 
49035 1803 
49240 537 
49379 331 
49398 300 
49450 1938 
49532 195 
49586 87 
49630 570 
49667 543 
49697 667 
49796 4280 
49842 969 
49919 2180 
49957 381 
49982 1637 
49986 39 
49986 147 
50012 941 
50025 745 
50087 32 
50090 145 
50123 302 
50178 5333 
50182 283 
50285 15 
50316 92 
50348 194 
50402 1875 
50431 14 
50443 270 
50530 1767 
50584 90 
50634 812 
50637 218 
50730 304 
50791 303 
50841 303 
50914 1373 
50955 224 
50955 101 
50957 2307 
50959 689 
50959 183 
51039 1898 
51071 960 
51110 218 
51135 145 
51220 37 
51229 521 
51240 2563 
51386 120 
51545 186 
51582 5538 
51591 185 
51708 1013 
51733 5 
51783 0 
51787 99 
51810 6 
51823 118 
51870 490 
51876 850 
51881 278 
52024 75 
52150 597 
52212 556 
52382 1032 
52428 505 
52442 206 
52541 15 
52689 726 
52728 277 
52764 972 
52806 1201 
52851 127 
53045 1679 
53105 169 
53254 69 
53265 1075 
53342 1048 
53406 1985 
53410 2681 
53430 1041 
53442 1431 
53460 626 
53464 1254 
53473 1481 
53567 484 
53568 555 
53588 28 
53594 1836 
53608 66 
53680 577 
53703 1954 
53716 9569 
53760 725 
53775 5572 
53784 3 
53819 589 
53836 625 
53844 191 
53844 1799 
53858 164 
53887 572 
53909 885 
53960 843 
53998 2399 
54009 11597 
54013 93 
54046 4 
54055 4112 
54057 1435 
54060 1458 
54060 197 
54074 342 
54090 201 
54098 260 
54165 105 
54183 1307 
54310 1762 
54343 45 
54365 815 
54420 2148 
54437 109 
54462 1245 
54556 41579 
54604 267 
54627 1 
54644 36 
54692 672 
54753 230 
54809 107 
54814 1661 
54859 513 
54923 640 
55015 91 
55102 97 
55122 679 
55206 54059 
55398 90 
55473 417 
55563 318 
55576 591 
55599 134 
55731 1668 
55746 1630 
55772 350 
55816 35 
55923 930 
55923 111 
55949 644 
56032 693 
56053 716 
56061 22 
56094 336 
56119 265 
56130 4629 
56157 2021 
56166 338 
56254 61 
56377 975 
56409 887 
56492 1069 
56496 3604 
56504 575 
56589 218 
56786 81 
56896 48 
56908 489 
56909 2340 
56977 317 
57026 1040 
57087 54 
57153 95 
57185 16427 
57305 356 
57377 0 
57405 4 
57407 9 
57408 846 
57441 267 
57515 456 
57632 7994 
57670 149 
57690 140 
57699 289 
57748 45 
57760 596 
57764 2494 
57807 1417 
57816 2723 
57818 899 
57835 2608 
57910 1188 
57920 317 
57943 120 
57956 1233 
57980 4423 
58071 931 
58146 940 
58194 35 
58319 282 
58546 1039 
58641 1792 
58660 836 
58696 176 
58764 7 
58852 51 
58893 2054 
58937 552 
58997 405 
59046 2356 
59102 457 
59128 122 
59169 146 
59245 752 
59248 28 
59263 3094 
59316 275 
59331 696 
59349 57 
59421 154 
59449 2701 
59469 217 
59485 664 
59672 98 
59813 57 
59888 1110 
59888 1110 
59902 7514 
59902 7514 
59921 244 
59921 244 
59960 366 
60119 59 
60184 227 
60196 1085 
60199 1570 
60205 454 
60205 364 
60312 128 
60353 3 
60453 335 
60597 795 
60674 88 
60685 3737 
60701 6551 
60721 349 
60721 766 
60734 38 
60822 3488 
60856 1047 
60958 60 
60958 1399 
61042 301 
61153 1204 
61159 3854 
61176 1003 
61180 1495 
61212 3264 
61261 0 
61301 309 
61450 10 
61509 1147 
61513 2215 
61529 307 
61531 385 
61534 1062 
61569 514 
61578 1184 
61689 2044 
61714 358 
61919 342 
61963 18 
62006 5486 
62039 628 
62083 485 
62088 3592 
62092 308 
62118 775 
62190 748 
62234 184 
62238 1147 
62495 1182 
62568 3078 
62587 566 
62772 1768 
62822 1084 
62824 1 
62836 2137 
62930 123 
62952 876 
62979 268 
63013 142 
63013 402 
63038 272 
63091 15 
63123 216 
63135 2278 
63152 222 
63193 2738 
63208 857 
63359 817 
63422 17 
63494 2261 
63595 786 
63624 910 
63748 1210 
63774 98 
63775 3699 
63792 9986 
63833 15 
63835 232 
63877 380 
63960 0 
64028 2140 
64079 420 
64083 0 
64115 1088 
64211 490 
64249 2935 
64270 501 
64279 635 
64329 1430 
64388 715 
64391 888 
64560 19 
64602 1 
64606 307 
64654 529 
64697 568 
64736 406 
64778 1087 
64792 203 
64873 244 
65160 749 
65166 1826 
65204 1490 
65238 574 
65262 1474 
65265 11850 
65324 406 
65331 1193 
65334 291 
65345 1216 
65357 280 
65367 1648 
65694 294 
65783 663 
65847 85 
65885 139 
65922 800 
65990 0 
65994 2348 
66180 884 
66189 131 
66326 8 
66449 355 
66477 621 
66517 132 
66621 1168 
66710 364 
66821 199 
66923 162 
66972 3 
67019 3 
67048 95 
67050 757 
67384 1785 
67494 1379 
67718 65 
67763 88 
67805 9262 
67822 823 
67831 1435 
67891 3 
67898 563 
67911 724 
67918 83 
68010 1055 
68040 19 
68086 128 
68120 1047 
68316 1749 
68430 65 
68453 130 
68465 11 
68468 489 
68512 1336 
68567 1664 
68599 213 
68700 928 
68853 16 
68874 5332 
68882 147 
68925 1309 
68937 1191 
68990 19 
69019 170 
69078 1327 
69289 4958 
69318 553 
69384 567 
69398 413 
69515 355 
69561 4266 
69578 919 
69593 5232 
69623 440 
69735 91 
69785 183 
69835 427 
69863 19 
70012 112 
70066 16 
70126 5947 
70131 703 
70147 493 
70206 254 
70211 499 
70228 3704 
70262 0 
70274 211 
70327 211 
70332 1364 
70376 287 
70392 1870 
70456 59 
70486 3125 
70493 798 
70543 901 
70609 3 
70711 1528 
70715 1778 
70717 340 
70782 2969 
70811 1558 
70853 5 
70860 937 
71021 1549 
71085 1275 
71088 246 
71164 2092 
71180 469 
71217 1554 
71235 18 
71293 209 
71450 1123 
71486 3079 
71495 4000 
71497 1253 
71504 1602 
71511 5356 
71536 63 
71558 547 
71562 164 
71692 388 
71726 216 
71892 56 
71895 342 
72162 92 
72182 1137 
72214 594 
72230 979 
72254 900 
72269 1496 
72372 174 
72383 303 
72406 1540 
72568 6916 
72582 231 
72587 39 
72732 590 
72786 1071 
72798 1348 
72811 127 
73006 26 
73053 30 
73107 684 
73212 6073 
73217 4234 
73272 544 
83860 445 
84117 174 
84273 1757 
84926 850 
85055 194 
85280 139 
85282 2769 
85317 207 
85328 89 
85364 131 
85383 1481 
85404 784 
85492 153 
85507 75 
85520 53 
85547 47 
85635 337 
85837 5689 
85869 729 
86053 5369 
86124 940 
86209 2026 
86233 316 
86414 585 
86419 2 
86427 172 
86480 28 
86889 2887 
86942 797 
87230 7 
87412 80 
87515 733 
87529 1481 
87547 2278 
87678 550 
87915 79 
88115 211 
88186 632 
88253 2512 
88299 1717 
88313 351 
88423 264 
88494 114 
88518 115 
89285 1492 
89306 551 
89407 254 
89421 976 
89471 62 
89557 304 
89833 167 
89965 844 
90025 131 
90226 45 
90717 2930 
90823 189 
90899 41 
91181 1427 
91502 132 
91615 1427 
91622 10225 
91767 19 
92429 108 
93287 1046 
93651 582 
94358 323 
94676 3124 
95007 22 
95527 1514 
95555 666 
95566 666 
96578 375 
97168 910 
97193 93 
97369 76 
97701 4164 
97823 142 
97865 1121 
98079 1832 
98772 4647 
98801 90 
98813 592 
98926 238 
99345 327 
99716 1381 
99762 250 
99899 156 
100180 865 
100497 2788 
100781 143 
100953 41025 
101031 336 
101032 203 
101076 1170 
101862 833 
102164 187 
103066 643 
103968 660 
103976 155 
104117 422 
104518 133 
104640 306 
104968 721 
105080 1273 
105627 1347 
105695 474 
106787 21 
107221 1271 
107522 441 
108846 8 
108979 1030 
110461 32 
111211 11 
111217 1626 
111554 214 
111941 291 
111987 8311 
112307 478 
112517 41 
113896 276 
115369 1474 
116179 487 
116218 509 
116335 1495 
117005 55 
117816 24 
118180 103 
118305 692 
118529 1324 
118588 48 
118912 454 
119920 769 
121160 157 
121803 39 
121955 426 
122048 74 
122065 1040 
122182 189 
122702 790 
123586 1573 
125874 318 
125943 391 
126050 6787 
126105 152 
126541 1127 
126768 859 
126825 8 
127131 933 
127321 122 
127579 102 
128969 3238 
129180 123 
129203 43 
129253 1479 
129575 363 
130980 934 
131295 749 
131300 1345 
131507 1757 
131699 491 
132208 1965 
132274 492 
133449 181 
133540 499 
134192 50 
134392 1103 
134414 138 
134491 939 
134516 258 
134516 258 
134591 12345 
135023 1232 
135423 1005 
135423 2835 
135451 3845 
135600 1870 
136511 143 
136518 1182 
137223 621 
137675 1878 
137998 397 
138144 1558 
138190 769 
138584 126 
138717 786 
139317 1905 
140310 241 
140393 436 
140873 3288 
141445 247 
141528 74 
142259 29 
142269 838 
142336 580 
142497 116 
142558 2200 
142796 84 
142966 6 
143033 577 
143344 136 
143737 702 
143908 4118 
143975 1137 
143989 200 
144400 7 
144585 175 
145028 40 
145219 547 
145403 850 
145899 972 
145920 266 
146102 38 
146202 268 
146865 1178 
147048 181 
147147 891 
147744 201 
147973 1092 
148134 653 
148215 280 
148228 1849 
148653 240 
148742 752 
148915 806 
149125 226 
149438 2015 
149642 645 
149669 25 
149797 743 
150030 1439 
150412 212 
150702 579 
150717 830 
150792 493 
151214 2035 
151506 197 
151587 475 
151813 1259 
151885 6622 
152296 690 
153122 1470 
153495 212 
153836 414 
154362 1824 
154753 532 
155157 7274 
155184 422 
155253 1326 
155464 33952 
155521 125 
156322 397 
156596 454 
156765 259 
156836 570 
157168 166 
157281 1155 
157923 107 
158483 7 
158747 833 
158901 1850 
159155 309 
159578 1561 
159671 916 
159750 1077 
159976 0 
160224 598 
161549 97 
161678 16 
162151 301 
162571 1738 
162977 7037 
163112 62 
163161 1300 
163474 834 
163724 361 
165628 3262 
165677 717 
165693 1098 
165880 35 
165883 987 
166243 14843 
166638 543 
167214 32 
167636 3694 
168067 365 
168377 5 
168664 390 
170419 537 
171092 115 
171569 69 
171871 140 
174265 0 
174492 3 
175350 68 
176705 2502 
177980 101 
178982 1445 
179343 5843 
179343 5843 
180228 218 
183856 3162 
184333 921 
184837 267 
186680 14669 
192059 169 
192745 230 
192906 470 
196790 398 
197654 744 
198067 249 
198336 238 
200526 859 
202405 0 
205508 74 
206807 48 
207498 971 
209961 1998 
209969 317 
210027 79 
212763 918 
213011 670 
216503 122 
216524 256 
218251 2328 
218894 1025 
219518 405 
221304 537 
221323 2844 
221526 1017 
221964 44 
224457 1174 
224837 853 
225015 1142 
225294 3000 
227590 1500 
228275 2816 
228481 88 
229488 335 
229737 79 
233085 96 
233214 1264 
235379 140 
236270 593 
238080 357 
238135 304 
239229 105 
239330 2067 
240302 623 
240603 462 
243301 2291 
244263 293 
244895 265 
245410 640 
246701 4255 
246735 1590 
246753 387 
246871 456 
247108 677 
247146 146 
249046 1855 
249381 2277 
249573 1685 
250276 488 
254174 400 
254751 159 
255713 550 
261082 586 
261327 317 
263871 1253 
264607 199 
264637 2958 
267470 11 
272411 1562 
275547 155 
275587 4 
281842 102 
286321 2182 
286557 187 
288346 134 
289164 399 
290350 551 
292895 843 
293265 520 
299527 268 
299887 105 
304313 9630 
307823 1008 
311777 1126 
312361 1022 
313031 636 
319049 154 
325920 1541 
329842 909 
331803 190 
332013 370 
333453 119 
334217 68 
334960 1039 
335211 2200 
339579 30 
342539 372 
343906 182 
349582 556 
372401 2035 
373207 735 
379836 1123 
381401 1588 
385697 1497 
385834 3 
387470 2150 
389139 893 
395485 6098 
400509 406 
401094 1141 
401542 680 
404889 70 
407083 2616 
409191 1121 
409954 641 
416800 540 
418607 1194 
419059 0 
419186 15 
420501 150 
422141 410 
422321 756 
424862 503 
426854 644 
431143 2373 
432385 283 
436929 783 
443081 529 
444569 650 
444920 395 
455623 735 
456343 40 
461669 242 
461673 201 
466212 1526 
467745 1949 
470903 106 
470950 1208 
471394 1317 
471905 182 
481105 1331 
482122 302 
483870 1488 
486828 290 
489448 43 
494248 995 
498988 454 
499439 1051 
508649 6 
538555 296 
540563 0 
542609 453 
544452 1245 
549825 643 
555141 15 
557328 3 
563183 1941 
571005 330 
573923 3385 
574308 1647 
576505 2651 
578612 703 
589672 1099 
