2150 160.627488
0.000000 503173 
0.000021 133 
0.000324 40 
0.000910 73 
0.003047 83 
0.003141 30 
0.003451 15 
0.003552 305 
0.003970 208 
0.006932 82 
0.006984 287 
0.007528 124 
0.007718 100 
0.008874 17 
0.008999 77 
0.009056 101 
0.009210 28 
0.009380 765 
0.009931 187 
0.010147 528 
0.010495 29 
0.010821 28 
0.011470 258 
0.011684 46 
0.012796 66 
0.016751 1504 
0.017100 86 
0.017467 132 
0.017829 607 
0.018050 367 
0.018096 95 
0.018131 46 
0.018192 245 
0.018497 46 
0.018544 41 
0.019843 38 
0.020495 1004 
0.022491 245 
0.022865 160 
0.023049 1129 
0.024078 5 
0.024592 102 
0.025990 39 
0.026709 39 
0.026858 1018 
0.027232 233 
0.027390 408 
0.027659 197 
0.027727 12 
0.029408 57 
0.030452 1613 
0.030976 1591 
0.031156 32 
0.031223 27 
0.033404 136 
0.034587 16 
0.035098 50 
0.035259 411 
0.035643 170 
0.035811 132 
0.036867 202 
0.037103 58 
0.037389 49 
0.040356 187 
0.040535 365 
0.040540 378 
0.041761 213 
0.042367 70 
0.043350 752 
0.043549 165 
0.044573 423 
0.044581 2678 
0.046983 1396 
0.048879 260 
0.049007 108 
0.049096 1521 
0.049429 315 
0.049595 408 
0.049978 434 
0.050291 531 
0.051259 306 
0.051659 983 
0.053395 869 
0.055071 770 
0.055706 268 
0.055974 433 
0.056040 556 
0.056269 80 
0.056489 17 
0.056699 159 
0.056828 92 
0.057068 266 
0.057447 2885 
0.058083 79 
0.058122 398 
0.058928 325 
0.059314 951 
0.059487 256 
0.060273 789 
0.060369 172 
0.060724 161 
0.060778 39 
0.061378 200 
0.061417 121 
0.061460 38 
0.061764 745 
0.063070 165 
0.063643 110 
0.064379 31 
0.065136 652 
0.065983 241 
0.069766 235 
0.069830 36 
0.070281 183 
0.070593 428 
0.071250 61 
0.071254 140 
0.071263 334 
0.071284 312 
0.071515 737 
0.071696 195 
0.072319 1384 
0.072687 224 
0.073421 35 
0.073608 668 
0.073750 92 
0.075172 170 
0.076025 431 
0.076924 39 
0.077191 203 
0.077372 91 
0.077474 336 
0.079728 63 
0.080633 575 
0.081061 85 
0.081610 336 
0.082219 67 
0.083782 153 
0.083937 212 
0.084455 479 
0.084681 118 
0.085023 282 
0.086747 205 
0.087444 415 
0.087465 54 
0.087507 114 
0.088086 250 
0.088374 406 
0.088720 1238 
0.088832 122 
0.088858 82 
0.090425 144 
0.090498 1287 
0.090851 176 
0.091864 166 
0.092806 342 
0.093026 723 
0.093351 360 
0.093689 5852 
0.093709 135 
0.094049 162 
0.095510 82 
0.096663 71 
0.098153 142 
0.099428 618 
0.099694 156 
0.099993 662 
0.100657 786 
0.101888 148 
0.102534 235 
0.102687 78 
0.103320 195 
0.103515 375 
0.104364 53 
0.104677 405 
0.104763 47 
0.105865 51 
0.106387 1226 
0.107949 1018 
0.109418 244 
0.111447 120 
0.113354 17 
0.113710 250 
0.114389 296 
0.114733 588 
0.114852 1061 
0.115059 87 
0.115077 84 
0.115267 31 
0.115318 128 
0.115551 334 
0.116613 8657 
0.116864 507 
0.117143 118 
0.117340 385 
0.117563 183 
0.118443 58 
0.118963 317 
0.119163 223 
0.119596 780 
0.119632 43 
0.121010 113 
0.121087 3910 
0.121309 174 
0.122290 327 
0.122657 115 
0.123266 108 
0.124897 27 
0.125379 620 
0.125404 288 
0.126063 39 
0.126489 156 
0.128286 16972 
0.129561 848 
0.131010 124 
0.133686 530 
0.134753 548 
0.135968 192 
0.136823 126 
0.138511 5 
0.138512 324 
0.139077 6186 
0.139870 10463 
0.141007 2021 
0.141835 323 
0.142593 330 
0.142656 6 
0.143238 154 
0.143650 78 
0.148156 192 
0.148613 238 
0.148829 838 
0.149190 248 
0.149740 154 
0.149905 1010 
0.149938 217 
0.150940 301 
0.151136 34 
0.152228 13 
0.155944 82970 
0.157657 126 
0.158469 184 
0.159337 4 
0.162306 105 
0.163665 939 
0.164273 1775 
0.164472 409 
0.164759 74 
0.165010 98 
0.165593 457 
0.165656 143 
0.165664 731 
0.165716 109 
0.166296 193 
0.166371 462 
0.167085 290 
0.167465 657 
0.167901 276 
0.168027 67 
0.168975 641 
0.169285 654 
0.169669 250 
0.169987 230 
0.170875 39 
0.171715 241 
0.172992 2920 
0.174746 939 
0.175704 1150 
0.176500 1027 
0.176979 78 
0.176986 36 
0.179746 291 
0.180013 477 
0.180090 1041 
0.180202 213 
0.181858 8 
0.181894 1124 
0.182533 31 
0.182637 232 
0.182751 205 
0.183561 727 
0.183921 1836 
0.184035 1612 
0.187059 56 
0.189088 41 
0.189865 159 
0.191385 293 
0.194106 154 
0.194305 398 
0.195210 396 
0.195374 14 
0.196800 552 
0.197119 45 
0.197228 734 
0.197455 202 
0.198657 362 
0.199498 3285 
0.200324 797 
0.201401 2495 
0.202287 320 
0.204288 19 
0.204943 102 
0.205594 863 
0.208533 388 
0.208910 993 
0.211274 169 
0.212774 86 
0.213095 352 
0.213595 723 
0.217967 37 
0.219045 63 
0.219894 1965 
0.221565 401 
0.223841 530 
0.224524 333 
0.225401 144 
0.225572 330 
0.226122 387 
0.226301 793 
0.226988 758 
0.230802 117 
0.235640 512 
0.237301 615 
0.238234 132 
0.238542 85 
0.240260 271 
0.241466 15 
0.241882 82 
0.243075 1165 
0.244163 289 
0.245969 370 
0.246897 21 
0.247005 12 
0.247122 236 
0.248042 284 
0.248430 191 
0.249802 230 
0.249854 167 
0.250325 342 
0.251913 53 
0.254172 418 
0.254759 51 
0.256102 855 
0.258877 132 
0.260842 105 
0.264106 2800 
0.264525 308 
0.264794 88 
0.265027 52 
0.266485 147 
0.266607 82 
0.267157 450 
0.271919 257 
0.273140 2460 
0.273858 336 
0.274391 247 
0.275317 82 
0.275559 1892 
0.277789 269 
0.277818 1245 
0.278028 2410 
0.279271 250 
0.279831 440 
0.281215 135 
0.284056 1377 
0.284826 664 
0.285054 1172 
0.285371 144 
0.285435 64 
0.286736 1425 
0.287855 790 
0.290121 14 
0.291447 229 
0.292165 617 
0.292892 90 
0.295137 174 
0.297804 736 
0.298957 41 
0.299189 185 
0.301324 268 
0.302205 74 
0.304867 287 
0.305055 132 
0.305400 415 
0.306142 144 
0.307371 108 
0.308306 628 
0.308463 441 
0.308594 678 
0.309506 348 
0.310342 706 
0.310467 4506 
0.311174 194 
0.311502 3268 
0.312031 202 
0.313002 519 
0.314957 31 
0.315615 51 
0.317828 167 
0.319970 128 
0.320168 186 
0.322940 80 
0.323529 144 
0.324647 1099 
0.325309 453 
0.325721 1123 
0.327333 462 
0.331637 1714 
0.331884 147 
0.333254 58 
0.333826 1671 
0.333977 346 
0.335760 107 
0.335763 1539 
0.336012 497 
0.336333 267 
0.336911 19 
0.337751 150 
0.339066 6 
0.339338 34 
0.340059 95 
0.340403 1160 
0.340420 110 
0.340750 2140 
0.340969 777 
0.341963 40 
0.342149 585 
0.343664 677 
0.345860 251 
0.346842 74 
0.351734 33 
0.352004 250 
0.353909 347 
0.354469 98 
0.354801 226 
0.355352 11 
0.355972 57 
0.358059 17 
0.359139 132 
0.359235 62 
0.361325 1030 
0.363635 107 
0.365572 224 
0.365952 411 
0.367608 372 
0.368369 169 
0.370933 228 
0.374672 108 
0.376496 912 
0.378783 530 
0.378932 212 
0.379034 1605 
0.384442 181 
0.385271 1089 
0.390275 810 
0.391656 158 
0.392712 56 
0.392994 309 
0.393759 1624 
0.395975 602 
0.396138 101 
0.396570 2044 
0.397499 10 
0.397675 39 
0.399301 336 
0.401077 227 
0.401866 960 
0.405905 297 
0.407542 150 
0.410365 295 
0.410721 648 
0.411270 1047 
0.411934 1329 
0.412085 542 
0.412415 148 
0.413423 5 
0.420537 48 
0.424664 303 
0.425838 288 
0.425924 264 
0.426227 940 
0.426345 177 
0.426392 989 
0.428129 1162 
0.430132 98 
0.430565 1098 
0.433312 1119 
0.433386 379 
0.433514 39 
0.435301 237 
0.437205 183 
0.437864 38 
0.438464 202 
0.438866 71 
0.439808 145 
0.444061 13 
0.445132 303 
0.451002 63 
0.451527 142 
0.452315 12 
0.453288 382 
0.456121 257 
0.456769 636 
0.457387 7124 
0.459358 162 
0.465768 193 
0.466090 1698 
0.466581 108 
0.467852 720 
0.468505 331 
0.468947 96 
0.471040 756 
0.471211 526 
0.472251 173 
0.474616 194 
0.477144 629 
0.477367 154 
0.479298 35 
0.482982 439 
0.483089 64 
0.483928 77 
0.483963 878 
0.487174 2132 
0.487540 1335 
0.488905 346 
0.489926 157 
0.496018 138 
0.497155 66 
0.498065 132 
0.499460 582 
0.505154 25 
0.506511 89 
0.512591 137 
0.512947 31 
0.514038 160 
0.514816 30 
0.515735 31 
0.516736 34 
0.516836 248 
0.520533 190 
0.522136 210 
0.522507 468 
0.524016 97 
0.524604 72 
0.528348 117 
0.529158 203 
0.529355 246 
0.533373 520 
0.535263 272 
0.542438 926 
0.545846 1122 
0.546777 26 
0.547093 50 
0.549552 38 
0.558052 599 
0.558290 154 
0.560096 40 
0.560322 12 
0.563021 560 
0.563918 8768 
0.573315 245 
0.574897 106 
0.577527 743 
0.580137 2907 
0.580249 41 
0.580926 2519 
0.583479 249 
0.584550 593 
0.586606 146 
0.587902 674 
0.587999 29 
0.589139 170 
0.593627 172 
0.594048 158 
0.594812 1841 
0.600089 192 
0.604489 551 
0.607439 1996 
0.609511 9454 
0.610955 613 
0.613880 74 
0.614310 27 
0.614839 91 
0.617804 628 
0.618915 56 
0.624198 58 
0.625131 106 
0.627602 91 
0.628544 204 
0.631416 54 
0.632327 567 
0.634533 108 
0.636762 983 
0.640511 1271 
0.641275 402 
0.641747 84 
0.641928 69 
0.643507 482 
0.647426 54 
0.648639 35 
0.652551 20 
0.654726 2433 
0.655108 149 
0.657151 23 
0.657338 141 
0.659734 5694 
0.660575 57 
0.661818 1884 
0.667185 302 
0.669277 153 
0.669463 153 
0.676383 86 
0.678709 338 
0.682194 450 
0.685844 253 
0.688406 73 
0.688603 232 
0.690324 93 
0.690873 2409 
0.693470 136 
0.695413 109 
0.695538 1399 
0.700582 1125 
0.707316 5787 
0.708172 478 
0.708346 488 
0.713824 273 
0.714892 348 
0.719723 543 
0.720645 1369 
0.721821 119 
0.729777 67 
0.730358 217 
0.730394 203 
0.732531 36 
0.735300 104 
0.743285 505 
0.747290 94 
0.748764 177 
0.750150 72 
0.753936 12 
0.755113 211 
0.763036 972 
0.763210 181 
0.770028 75 
0.773222 296 
0.774478 521 
0.776485 751 
0.778340 58 
0.781203 121 
0.781983 643 
0.785743 2020 
0.787016 296 
0.787255 545 
0.790520 648 
0.791129 979 
0.791829 911 
0.797975 1095 
0.803496 438 
0.806153 399 
0.807289 3361 
0.808526 127 
0.809668 98 
0.823851 700 
0.830257 203 
0.831106 166 
0.831649 126 
0.832571 271 
0.832751 2354 
0.833009 2797 
0.837552 3126 
0.839553 812 
0.840259 1171 
0.842167 71 
0.843589 461 
0.845309 40 
0.846236 556 
0.854452 219 
0.856585 314 
0.861039 37 
0.864365 325 
0.866192 122 
0.867104 1185 
0.869816 184 
0.871901 1082 
0.878211 273 
0.883016 716 
0.886878 176 
0.889409 1182 
0.893924 11 
0.898210 7 
0.898581 1334 
0.900293 638 
0.900495 77 
0.902034 367 
0.906483 174 
0.913921 170 
0.915919 1610 
0.918590 242 
0.919803 826 
0.920704 342 
0.923721 239 
0.925596 158 
0.930894 18 
0.931091 860 
0.933341 921 
0.937688 34 
0.942747 408 
0.942913 237 
0.944196 1135 
0.945379 1226 
0.946805 479 
0.947652 863 
0.949487 24 
0.951819 291 
0.952259 336 
0.955443 693 
0.960296 4916 
0.964484 238 
0.964816 592 
0.965983 631 
0.966507 76 
0.969720 181 
0.971240 345 
0.982910 2712 
0.983188 3598 
0.985632 54 
0.987760 466 
0.988625 571 
0.992171 157 
0.993703 905 
0.997351 6031 
1.000978 689 
1.002335 2900 
1.004872 60 
1.011857 804 
1.016321 254 
1.016410 1806 
1.017505 4587 
1.018728 27 
1.022038 36 
1.033826 463 
1.035535 11 
1.045790 344 
1.049973 27 
1.055265 11057 
1.057597 209 
1.058367 16 
1.059730 149 
1.063137 36 
1.066797 249 
1.074481 202 
1.079895 324 
1.080907 87 
1.088496 240 
1.088769 3051 
1.091397 381 
1.099395 864 
1.101178 65 
1.101768 5501 
1.105010 306 
1.105776 726 
1.106836 24 
1.108460 70 
1.111496 260 
1.114421 247 
1.117102 285 
1.119840 271 
1.124724 422 
1.126990 88 
1.137623 219 
1.139541 302 
1.149881 399 
1.150359 877 
1.150882 33 
1.154674 8386 
1.154759 557 
1.154908 519 
1.154945 1242 
1.160852 99 
1.180262 272 
1.185071 291 
1.188771 135 
1.193928 126 
1.194930 903 
1.200269 41 
1.203190 148 
1.208163 4 
1.212138 40 
1.212523 106 
1.229417 60 
1.237555 1562 
1.241365 1126 
1.242061 2549 
1.248163 111 
1.248431 85 
1.248553 288 
1.252489 133 
1.252551 610 
1.261125 150 
1.262257 189 
1.264527 1278 
1.266491 315 
1.269446 1110 
1.275717 1504 
1.283782 4111 
1.285606 412 
1.286490 1864 
1.288071 161 
1.291047 1299 
1.291270 1306 
1.293302 510 
1.299066 116 
1.300553 11 
1.305037 190 
1.306182 66 
1.306189 911 
1.311356 84 
1.311635 297 
1.313067 415 
1.322436 1774 
1.328007 2727 
1.328269 293 
1.331117 438 
1.331601 187 
1.332567 13361 
1.346231 112 
1.347134 48 
1.348443 642 
1.348934 177 
1.350816 103 
1.352441 154 
1.360135 141 
1.365619 226 
1.377651 758 
1.380640 873 
1.384774 909 
1.389397 359 
1.392011 93 
1.398455 128 
1.398716 152 
1.398951 103 
1.400955 149 
1.429534 172 
1.429971 359 
1.431602 2500 
1.442713 126 
1.442729 239 
1.447809 81 
1.448749 329 
1.452197 798 
1.454572 394 
1.457886 1050 
1.460538 300 
1.468431 117 
1.470885 327 
1.479612 238 
1.483464 422 
1.486435 1579 
1.490091 12843 
1.490824 372 
1.490840 1124 
1.490952 72 
1.492118 262 
1.498563 177 
1.512123 249 
1.519088 509 
1.521392 165 
1.523349 171 
1.527617 168 
1.529539 204 
1.530029 223 
1.535899 2428 
1.541157 2071 
1.549810 1552 
1.552453 58 
1.553274 887 
1.558262 1352 
1.559240 772 
1.562619 56 
1.565068 490 
1.565125 237 
1.566643 94 
1.566767 378 
1.576441 739 
1.576887 201 
1.588964 881 
1.598143 278 
1.600199 36 
1.604679 290 
1.609884 605 
1.610930 355 
1.616441 1472 
1.618717 1183 
1.622221 445 
1.627847 74 
1.628695 440 
1.631290 1568 
1.643606 4 
1.649956 3629 
1.658231 175 
1.660988 3498 
1.668364 13 
1.671685 472 
1.673165 1113 
1.673379 875 
1.674624 4329 
1.685760 1254 
1.686041 71 
1.686155 1069 
1.688329 115 
1.688518 150 
1.693366 1252 
1.693818 174 
1.729717 187 
1.733186 87 
1.742466 19 
1.748198 158 
1.757145 1 
1.759850 138 
1.762037 10533 
1.766847 539 
1.780566 2964 
1.795029 500 
1.809202 188 
1.822612 200 
1.844579 480 
1.844723 824 
1.846365 40 
1.847889 44 
1.866873 479 
1.879490 256 
1.887681 85 
1.888379 143 
1.888554 164 
1.888591 563 
1.895132 266 
1.902867 34 
1.913696 709 
1.915625 152 
1.917783 92 
1.928814 202 
1.934442 584 
1.955771 203 
1.958767 127 
1.960526 54 
1.961577 1299 
1.963262 510 
1.969083 1121 
1.976386 405 
1.996874 19 
1.998318 136 
2.014874 199 
2.054713 1859 
2.064967 503 
2.065436 2232 
2.068440 149 
2.075762 549 
2.076946 109 
2.079968 410 
2.083783 198 
2.090129 168 
2.090435 14 
2.091946 172 
2.128357 31 
2.144679 227 
2.150869 423 
2.155504 516 
2.166061 77 
2.173302 1451 
2.181274 297 
2.198864 176 
2.199300 680 
2.208424 191 
2.210023 53 
2.239411 862 
2.247423 887 
2.271722 7064 
2.281233 291 
2.281690 206 
2.282978 1451 
2.297067 15 
2.302166 1024 
2.312037 1461 
2.312844 26 
2.332928 303 
2.334861 30 
2.349164 64 
2.351890 186 
2.364191 131 
2.377988 7594 
2.389791 186 
2.389975 2012 
2.397251 2004 
2.400589 363 
2.423715 78 
2.435129 34 
2.436186 766 
2.442263 852 
2.489660 303 
2.496525 65 
2.498285 1622 
2.499491 22 
2.510253 229 
2.523605 708 
2.525318 462 
2.533010 725 
2.539347 10147 
2.552167 117 
2.566873 1779 
2.567618 64 
2.567674 302 
2.574837 217 
2.576288 934 
2.576641 158 
2.577481 2089 
2.578727 249 
2.581464 829 
2.594088 572 
2.604480 26 
2.610591 591 
2.638418 86 
2.649035 110 
2.649200 172 
2.658882 9 
2.663669 16 
2.667959 19 
2.668873 97 
2.677190 1629 
2.680438 65 
2.694935 151 
2.721915 3333 
2.726366 1416 
2.729791 855 
2.740878 602 
2.746002 164 
2.756679 83 
2.758661 499 
2.768103 1527 
2.771390 926 
2.775521 21 
2.775849 237 
2.790571 46 
2.795366 696 
2.818807 642 
2.824705 1096 
2.826300 526 
2.857868 283 
2.869431 99 
2.873079 2003 
2.874605 1051 
2.881504 81 
2.881557 71 
2.890144 147 
2.903820 9 
2.911784 74 
2.931888 913 
2.952560 1011 
2.967530 96 
2.970769 819 
2.976472 109 
2.976861 59 
2.979841 165 
2.986344 1297 
2.995477 156 
3.010054 31538 
3.011791 389 
3.026245 300 
3.040088 334 
3.042002 0 
3.048471 149 
3.051874 702 
3.059398 1 
3.061511 29705 
3.065881 146 
3.067298 61 
3.067318 1398 
3.077841 58 
3.081079 431 
3.091186 206 
3.092565 59 
3.092960 3537 
3.103327 171 
3.106182 1185 
3.108769 59 
3.110432 389 
3.115786 38 
3.118075 42 
3.125490 861 
3.127431 43 
3.129097 1679 
3.132664 582 
3.141238 936 
3.145298 74 
3.147755 79 
3.153287 192 
3.154213 88 
3.165094 72 
3.172681 1191 
3.173037 662 
3.175373 4305 
3.176869 207 
3.177978 308 
3.194700 115 
3.199831 111 
3.201731 60 
3.213774 63 
3.216664 6517 
3.224864 781 
3.225894 18 
3.226952 145 
3.231689 1155 
3.237266 3015 
3.237493 764 
3.266435 512 
3.272292 810 
3.276893 1751 
3.279934 189 
3.297247 453 
3.310504 138 
3.313481 9610 
3.322860 216 
3.336510 199 
3.357881 2433 
3.370281 211 
3.375020 426 
3.376027 280 
3.377909 568 
3.392256 846 
3.412757 70 
3.415883 1741 
3.421540 89 
3.427095 21 
3.436510 12 
3.445972 164 
3.446782 637 
3.453571 168 
3.456067 861 
3.470763 463 
3.493369 409 
3.508522 148 
3.514284 34 
3.518431 4 
3.519065 131 
3.553056 13879 
3.568022 182 
3.574972 9 
3.584567 997 
3.605311 371 
3.607143 79 
3.615186 49 
3.618922 224 
3.623950 1778 
3.677939 1296 
3.682309 1923 
3.693789 711 
3.707300 505 
3.715366 2111 
3.720137 2063 
3.722281 205 
3.727922 357 
3.765508 2370 
3.767828 1012 
3.780807 540 
3.782769 243 
3.786530 2494 
3.791383 81 
3.800654 1278 
3.827881 979 
3.827896 226 
3.832100 4471 
3.845926 722 
3.868923 554 
3.883215 341 
3.884261 248 
3.900141 528 
3.907948 733 
3.908953 84 
3.926778 90 
3.935926 58 
3.941552 582 
3.947659 286 
3.952476 356 
3.968429 267 
3.979143 81 
3.981986 717 
3.982861 248 
3.992367 141 
4.007690 235 
4.018625 228 
4.034733 255 
4.052927 9485 
4.075171 1087 
4.095587 48 
4.103807 589 
4.132708 335 
4.133619 975 
4.156921 123 
4.181319 6 
4.185964 850 
4.191412 186 
4.205959 2359 
4.239674 4149 
4.305734 237 
4.320485 165 
4.324099 773 
4.336326 574 
4.373337 993 
4.376856 135 
4.383684 1557 
4.396254 15 
4.406421 654 
4.416764 1244 
4.424045 2317 
4.430498 2171 
4.453932 20 
4.457131 245 
4.481094 682 
4.494408 682 
4.516461 229 
4.537607 2465 
4.618749 226 
4.620135 220 
4.632433 21 
4.647428 1734 
4.659624 206 
4.680657 201 
4.702585 161 
4.702822 1150 
4.717358 720 
4.722965 291 
4.730653 307 
4.735030 1377 
4.759345 124 
4.783833 946 
4.790225 65 
4.824009 536 
4.827733 261 
4.865440 21 
4.866499 754 
4.873515 69 
4.919093 42 
4.922869 104 
4.924552 550 
4.937997 158 
4.960087 9402 
4.973991 193 
4.980053 473 
5.003098 545 
5.066791 971 
5.067821 768 
5.067893 1153 
5.072422 119 
5.072616 3301 
5.084587 1460 
5.119375 152 
5.132993 594 
5.138260 804 
5.145140 67 
5.147497 125 
5.152356 864 
5.160740 287 
5.184345 52 
5.205861 0 
5.209541 153 
5.229599 5781 
5.276379 3639 
5.278874 168 
5.293371 2409 
5.322824 209 
5.435059 61 
5.445843 4382 
5.467409 1277 
5.488318 17 
5.506316 1412 
5.520380 1229 
5.545673 116 
5.562067 181 
5.698800 75 
5.756883 1114 
5.796147 151 
5.806059 199 
5.824369 871 
5.835920 929 
5.842705 2170 
5.847208 186 
5.909389 538 
5.921840 663 
5.930169 382 
5.940632 443 
5.955699 202 
6.066000 1103 
6.126782 119 
6.170573 68 
6.188887 123 
6.255232 545 
6.373732 94 
6.374692 204 
6.453520 824 
6.454338 2826 
6.474124 3869 
6.519875 610 
6.541224 4428 
6.550375 511 
6.588561 653 
6.658220 1256 
6.679407 373 
6.738017 1 
6.788990 133 
6.790248 7759 
6.826162 1021 
6.827810 351 
6.854304 71 
7.034961 44 
7.096983 23 
7.206339 4 
7.206708 836 
7.253776 827 
7.288262 953 
7.363237 1038 
7.370069 88 
7.508658 7190 
7.516580 204 
7.551444 319 
7.554829 1085 
7.579583 1460 
7.584597 2764 
7.619605 1708 
7.651312 147 
7.670324 136 
7.673865 485 
7.763699 307 
7.960512 1564 
8.019868 5332 
8.043698 59 
8.047575 53 
8.106809 898 
8.138059 529 
8.151350 50 
8.217660 3636 
8.349597 1936 
8.398934 904 
8.661850 976 
8.694409 809 
8.884721 254 
9.050062 828 
9.114123 15 
9.163018 166 
9.273058 781 
9.326969 834 
9.343580 704 
9.376801 1049 
9.461494 93 
9.519486 2817 
9.640949 65 
9.673870 652 
9.788485 293 
10.119084 1676 
10.262900 610 
10.423269 1131 
10.998174 233 
11.304237 926 
11.327616 3396 
11.369502 12 
11.384909 504 
11.537474 2907 
11.548418 709 
11.715892 96 
11.720759 1226 
11.827751 3232 
11.978203 2475 
11.997240 66 
12.103238 993 
12.181809 142 
12.217700 23 
12.241830 30 
12.376728 1156 
12.732407 95 
12.969021 966 
13.004726 369 
13.014109 17 
13.097581 1590 
13.105357 288 
13.167631 483 
13.169029 674 
13.198241 27 
13.436305 154 
13.546578 118 
13.623253 327 
13.646282 1879 
13.707272 1363 
13.707305 72 
13.972189 200 
14.176440 273 
14.302448 12079 
14.395968 509 
14.493697 1071 
14.650660 888 
14.690928 9 
14.819869 52 
14.850274 488 
14.925480 350 
15.123587 3573 
15.155113 2077 
15.430504 44 
15.504493 608 
15.505254 573 
15.621725 193 
15.696414 1429 
15.704227 20 
15.857826 6703 
15.867930 624 
15.962386 10 
15.970709 220 
16.074121 693 
16.088543 170 
16.107704 134 
16.280202 1230 
16.282304 2090 
16.386115 2548 
16.402212 65 
16.416159 61 
16.465054 117 
16.471446 317 
16.691253 2496 
16.868591 136 
16.885215 923 
17.375722 2794 
17.402529 793 
17.417845 807 
17.597315 123 
17.679956 1120 
17.788239 1595 
17.810212 185 
17.926494 623 
17.945376 244 
18.139553 5195 
18.147861 342 
18.152069 578 
18.239587 1389 
18.469993 529 
18.529260 143 
19.136978 122 
19.164723 454 
19.177234 173 
19.221051 1381 
19.366679 205 
19.431814 146 
19.439637 154 
19.452946 234 
19.512382 1357 
19.533820 574 
19.549001 2423 
19.584312 2338 
20.325875 1174 
20.491047 470 
20.598465 2121 
20.672216 459 
20.683242 1013 
20.960432 1285 
21.073377 1138 
21.261567 101 
21.461429 1836 
21.492339 131 
21.623854 2 
21.834000 419 
22.145142 666 
22.381243 3862 
22.395955 273 
22.464775 1087 
22.492048 1340 
22.496090 188 
22.551850 810 
22.585478 1112 
22.587388 511 
22.652437 330 
22.681584 69 
22.786847 211671 
22.787119 154 
22.789843 190 
22.792567 151 
22.792785 28 
22.794364 352 
22.797873 1121 
22.805985 444 
22.809907 83 
22.812556 143 
22.812643 175 
22.813182 1492 
22.814051 1408 
22.814430 602 
22.816314 14 
22.817079 1727 
22.818659 1581 
22.819083 1553 
22.820845 110 
22.821166 457 
22.831208 2031 
22.831217 109 
22.833936 690 
22.841073 247 
22.845029 3090 
22.846552 4167 
22.846792 2508 
22.849334 76 
22.849824 12 
22.853390 62 
22.854021 110 
22.856840 1101 
22.861860 3 
22.862180 2166 
22.862928 118 
22.863013 772 
22.863043 2280 
22.864274 887 
22.864467 24 
22.865922 1178 
22.866150 679 
22.873598 246 
22.877846 761 
22.878485 1625 
22.880497 1006 
22.882531 62 
22.883658 119 
22.892353 1099 
22.894672 311 
22.901996 1375 
22.902974 56 
22.904714 130 
22.911831 1140 
22.914408 79 
22.916870 1332 
22.918094 53 
22.922662 1274 
22.930504 169 
22.932966 679 
22.934001 589 
22.935606 742 
22.935951 344 
22.940555 280 
22.945797 2751 
22.950885 1571 
22.951634 236 
22.952897 596 
22.953361 281 
22.954587 13535 
22.955951 1141 
22.958673 785 
22.960593 932 
22.960626 1623 
22.960770 558 
22.964390 2114 
22.970668 21 
22.973696 160 
22.975764 590 
22.988520 4647 
22.989038 346 
22.989443 122 
22.991991 1256 
22.997752 479 
22.998969 86 
23.000308 64 
23.003239 1294 
23.010007 888 
23.010897 596 
23.011354 834 
23.018949 579 
23.019195 2029 
23.053799 202 
23.057637 12807 
23.077426 35 
23.084247 652 
23.085903 357 
23.087655 1507 
23.094055 1016 
23.099548 767 
23.111594 97 
23.128807 83 
23.130357 731 
23.136725 728 
23.140457 364 
23.140741 646 
23.143048 45 
23.147421 3212 
23.149895 2739 
23.152183 708 
23.160579 890 
23.161835 3164 
23.165710 562 
23.170468 135 
23.172453 207 
23.175878 34 
23.184025 432 
23.200137 6391 
23.203290 15 
23.205660 1691 
23.208816 22 
23.212588 555 
23.217118 2438 
23.223847 630 
23.228923 213 
23.230552 3469 
23.230573 158 
23.238423 71 
23.239823 513 
23.252113 1487 
23.273512 318 
23.278799 62 
23.282704 3919 
23.292390 71 
23.305766 467 
23.308540 147 
23.316077 1232 
23.321001 790 
23.323682 735 
23.327512 99 
23.332627 5027 
23.334416 61 
23.337109 3938 
23.344942 588 
23.346213 346 
23.349085 115 
23.352811 958 
23.381574 384 
23.382926 99 
23.399868 3272 
23.401193 1675 
23.409375 1139 
23.415777 175 
23.417543 1234 
23.432737 14 
23.436765 1162 
23.437342 1251 
23.440925 108 
23.466329 5 
23.469479 3168 
23.481011 3152 
23.484053 1048 
23.492394 109 
23.497553 511 
23.510521 228 
23.511394 20 
23.520191 31 
23.544166 607 
23.580019 384 
23.585206 34 
23.585938 224 
23.599014 420 
23.602460 1218 
23.617022 274 
23.642839 1098 
23.651253 124 
23.663524 4517 
23.663778 1070 
23.678124 2774 
23.683974 223 
23.690277 307 
23.695770 76 
23.702400 1231 
23.716920 5327 
23.736678 408 
23.739975 730 
23.775468 94 
23.778052 3325 
23.788000 1074 
23.790046 829 
23.790364 21580 
23.796774 397 
23.819117 350 
23.820995 1720 
23.824543 143 
23.829773 1893 
23.834076 11964 
23.841710 29 
23.843620 444 
23.850761 4113 
23.851538 110 
23.858437 222 
23.859875 62 
23.861246 248 
23.880517 1946 
23.886542 901 
23.886777 1092 
23.892631 2317 
23.899970 517 
23.903009 132 
23.904044 784 
23.905643 168 
23.909843 1154 
23.911863 263 
23.913910 164 
23.919491 729 
23.920612 1246 
23.925481 695 
23.925851 503 
23.927418 112799 
23.932956 395 
23.936928 915 
23.942646 18659 
23.944237 729 
23.951546 1630 
23.953475 457 
23.953520 509 
23.954490 719 
23.954840 10 
23.956617 474 
23.959780 770 
23.964097 424 
23.964197 847 
23.964905 805 
23.965034 258 
23.966040 381 
23.970294 4290 
23.973376 1048 
23.980466 753 
23.988302 188 
23.991522 115 
23.996013 57 
23.997006 1077 
23.997266 20534 
23.999671 977 
24.004971 1708 
24.005504 2564 
24.007230 1226 
24.008080 285 
24.008943 1054 
24.010901 1125 
24.011841 366 
24.012878 1120 
24.014349 98 
24.018202 1348 
24.019786 241 
24.020477 4342 
24.022525 276 
24.023250 883 
24.024146 275 
24.024254 1363 
24.027078 43 
24.029698 241 
24.032059 1179 
24.041444 1122 
24.042657 262 
24.044184 1658 
24.046891 964 
24.049241 417 
24.051363 300 
24.054592 417 
24.058829 538 
24.065133 53 
24.071218 113 
24.071387 771 
24.073571 3966 
24.074451 71 
24.078035 17 
24.093796 1359 
24.095442 333 
24.098979 400 
24.100487 151 
24.101073 545 
24.109291 238 
24.111255 69 
24.113281 394 
24.115746 127 
24.118781 2622 
24.118910 17 
24.125524 2003 
24.127805 831 
24.129650 43 
24.144096 2190 
24.145970 2569 
24.146707 41 
24.150623 752 
24.154154 583 
24.164997 1422 
24.167429 711 
24.168045 1133 
24.175166 1376 
24.186117 1886 
24.194054 12 
24.196010 774 
24.197518 83 
24.199763 273 
24.203496 167 
24.209291 436 
24.211540 13 
24.214492 8 
24.216613 561 
24.227602 81 
24.229739 549 
24.231832 242 
24.232227 34 
24.233253 798 
24.242811 40 
24.243105 130 
24.252381 363 
24.261462 535 
24.292050 1141 
24.300265 223 
24.309364 186 
24.313200 1132 
24.319866 20 
24.332386 165 
24.339570 664 
24.354297 128 
24.355780 676 
24.371344 343 
24.374580 248 
24.376998 97 
24.414386 29 
24.433143 69 
24.469193 1447 
24.471437 2006 
24.503708 5110 
24.507741 1165 
24.515448 2180 
24.517535 1060 
24.527203 2315 
24.561614 1745 
24.576041 2322 
24.579199 14 
24.584797 382 
24.586098 87 
24.588928 3174 
24.609710 3744 
24.609967 7044 
24.612377 2435 
24.646798 1043 
24.649996 1103 
24.655928 38 
24.684680 2015 
24.703947 10656 
24.724851 580 
24.729043 1799 
24.741257 493 
24.758228 442 
24.763872 4215 
24.764476 907 
24.768485 232 
24.771579 1580 
24.783593 176 
24.797112 3693 
24.825801 2723 
24.829418 121 
24.835476 141 
24.842023 50 
24.843388 279 
24.843708 209 
24.846223 295 
24.859311 116 
24.863079 3410 
24.865606 62 
24.870565 396 
24.872387 355 
24.873095 1347 
24.877218 220 
24.916004 673 
24.933884 376 
24.975747 1105 
24.976566 8822 
24.984016 211 
24.986398 492 
24.994554 1699 
25.001787 2026 
25.010374 262 
25.011533 1016 
25.012869 2379 
25.017251 59 
25.029213 1707 
25.041083 737 
25.054715 124 
25.058160 338 
25.060666 199 
25.062585 1257 
25.064672 87 
25.078308 617 
25.080557 193 
25.085273 234 
25.100673 2831 
25.110774 20 
25.119350 200 
25.127044 34 
25.134055 850 
25.146346 124 
25.161190 316 
25.165524 1418 
25.166345 121 
25.172661 230 
25.179085 370 
25.182833 634 
25.195174 919 
25.205201 1993 
25.213582 1998 
25.214472 1170 
25.223936 298 
25.229347 199 
25.238813 854 
25.245999 197 
25.286829 25 
25.289808 861 
25.295143 612 
25.317352 774 
25.382569 1452 
25.386944 143 
25.396227 1183 
25.403073 212 
25.410480 97 
25.415570 323 
25.417537 111 
25.424266 329 
25.460343 1549 
25.466035 526 
25.479645 70 
25.487324 111 
25.494899 1880 
25.501418 741 
25.550601 3452 
25.575754 1233 
25.606434 92 
25.607753 4 
25.619706 716 
25.626800 382 
25.634056 14324 
25.666210 5548 
25.683925 568 
25.699040 495 
25.700124 160 
25.718028 698 
25.735682 1507 
25.740737 2436 
25.746152 430 
25.750588 5219 
25.752624 1445 
25.756209 66 
25.804694 960 
25.811740 1686 
25.812791 180 
25.844654 736 
25.853063 274 
25.854100 750 
25.878086 852 
25.887998 411 
25.921729 438 
25.926689 1413 
25.946380 1174 
25.975877 268 
25.976237 413 
25.982358 493 
25.985810 276 
25.992699 802 
25.999361 1292 
26.010472 27 
26.041156 631 
26.054618 61 
26.065957 1779 
26.069490 1204 
26.099504 58 
26.112176 1126 
26.116331 1339 
26.136099 1043 
26.147557 34 
26.153989 263 
26.186198 441 
26.195374 158 
26.449840 2402 
26.469747 1517 
26.485633 244 
26.641544 743 
26.645512 765 
26.651657 20 
26.660300 932 
26.668062 1225 
26.698819 2461 
26.753353 2795 
26.782001 293 
26.794416 1251 
26.796344 5322 
26.851841 1339 
26.859009 84428 
26.875798 1023 
26.877405 429 
26.881839 7 
26.899939 370 
26.900949 5421 
26.911097 1358 
26.923223 589 
26.930545 300 
26.937057 565 
26.939890 1500 
26.942070 230 
26.942139 143 
26.942177 460 
26.943721 1222 
26.951156 391 
26.951438 676 
26.956864 947 
26.966774 1876 
26.969886 2941 
27.000721 152 
27.028381 344 
27.045447 1098 
27.062767 432 
27.066510 106 
27.076080 89 
27.078109 274 
27.089821 786 
27.092063 1345 
27.095682 358 
27.102502 127 
27.127070 1738 
27.135842 216 
27.146774 265 
27.161019 925 
27.198123 6 
27.221439 173 
27.241573 577 
27.260496 79 
27.300712 110 
27.326707 1024 
27.356212 103 
27.360980 379 
27.387201 495 
27.390581 35 
27.424127 46 
27.430858 256 
27.444094 919 
27.560396 1463 
27.571190 3185 
27.692982 2113 
27.704680 208 
27.708715 176 
27.735223 1452 
27.749275 1751 
27.764742 225 
27.809227 170 
27.816832 3657 
27.852053 445 
27.854338 797 
27.889649 1757 
27.907431 385 
27.940495 56 
27.988412 572 
28.009968 210 
28.097537 304 
28.186209 35 
28.305634 119 
28.369781 73 
28.381479 1432 
28.416104 212 
28.423566 676 
28.424550 410 
28.480207 490 
28.560928 6245 
28.587148 1752 
28.626498 2133 
28.631780 1560 
28.678200 271 
28.684513 949 
28.704474 42 
28.717187 638 
28.761394 3464 
28.988353 1110 
29.088984 2586 
29.126897 2626 
29.347077 950 
29.388977 1505 
29.474830 263 
29.500694 1053 
29.509303 98 
29.818120 523 
29.921746 929 
30.003624 966 
30.266296 1309 
30.562896 905 
30.922078 94 
30.938125 59 
30.942874 189 
31.087627 741 
31.268055 404 
31.364905 106 
31.404469 595 
31.440607 843 
31.462111 6495 
31.480584 851 
32.232543 34 
32.250523 587 
33.246526 266 
34.381529 836 
34.484680 779 
34.671182 138 
34.893515 56 
35.147141 688 
36.190077 509 
36.767608 999 
37.589142 5141 
37.590750 861 
38.257657 163 
39.294053 246 
39.439859 1127 
39.766163 437 
40.476517 848 
40.603911 1309 
40.669092 321 
40.716722 39 
41.109206 329 
41.373231 105 
41.679221 953 
41.808155 376 
41.877613 188 
41.893416 188 
42.530491 91 
42.998650 91 
43.336733 504 
43.338564 504 
43.646033 260 
43.677919 260 
44.138362 338 
44.651396 338 
44.654203 375 
44.667865 328 
44.781180 85 
44.995191 1381 
45.254045 602 
45.321844 5572 
45.344072 5322 
45.698661 502 
46.457222 1558 
46.724698 1526 
46.767636 2491 
46.824187 1896 
46.825898 1656 
47.045501 75 
47.145610 326 
47.438804 1278 
48.160262 602 
48.198822 278 
48.353860 307 
48.782896 358 
49.536749 1361 
49.935205 1257 
51.261212 42 
51.532059 192 
52.533266 745 
52.696931 30 
53.744960 146 
54.675978 9 
59.524109 689 
65.498254 1618 
67.461536 715 
69.041974 1843 
72.415503 25 
